
1.5123365  -0.5096905  -0.49398628 -0.6079346  -0.32333195  1.0187787
 -0.61439586 -0.54912    -0.6142801  -0.26398224 -0.61774826  0.43956044
 -0.5280546  -0.6199772  -0.6190481   0.94743806 -0.38283825  1.4047315
 -0.616471   -0.6314301  -0.54568464  0.23541124 -0.6113654   0.59741914
 -0.0748712  -0.51011735  3.3381476   3.3371713  -0.616652   -0.3262488
 -0.6179282   2.8830009   3.2818997   1.2527202  -0.33494794 -0.6143247
 -0.5051578  -0.6091605   0.95222884 -0.61780244 -0.6221703  -0.62846005
 -0.5172656  -0.57401675 -0.61506504 -0.56231755 -0.5899672  -0.61440474
  3.3392894   3.339325   -0.48544115 -0.6178671  -0.6169937  -0.0803718
 -0.6097426  -0.6120083   0.87241346 -0.5354342   2.8830009  -0.5476421
 -0.61023515 -0.61719453  0.6004173  -0.609206   -0.5497974   1.0952729
  0.9435023   0.21058731 -0.2558494   1.484308   -0.62024945 -0.6133528
  3.3393068  -0.6232296  -0.60745543 -0.14115499 -0.54897577  3.3385923
 -0.32541496 -0.59692925 -0.26398197 -0.52546626 -0.6108117  -0.6186788
 -0.6171278  -0.39935637 -0.60922676  0.67207897 -0.00812303 -0.6192918
 -0.6121563  -0.31795257 -0.6114391   3.338433   -0.56013936 -0.18009582
 -0.40540808 -0.53225356 -0.60250443  1.5193053

-0.30596748 -0.7517721  -0.75981474 -0.75319475 -0.755177   -0.75357
  0.87532043 -0.75814205  1.0307119  -0.7626795  -0.7539045  -0.3101747
  3.0076482  -0.66065985  1.2883192   1.0617852  -0.11787307 -0.76198083
 -0.76032025 -0.39980483  1.2295139  -0.7162305  -0.01810874 -0.21048851
 -0.33384258  1.0617852   1.6023619  -0.11223642 -0.75997233 -0.76216614
 -0.7601024  -0.14355324  0.58926964 -0.6378739  -0.7536569  -0.11787297
 -0.7605179   2.7492013  -0.7550738   1.1075708  -0.6717095   0.86070526
 -0.7224456   1.4117539   0.43717065 -0.5401857  -0.754291   -0.7912411
 -0.76033413 -0.76006323 -0.6878903  -0.76129186 -0.756395    1.6023619
 -0.7588371   0.86496246 -0.595636   -0.7588521   0.4371709  -0.757164
 -0.11787274  1.2295139   1.6396856  -0.7161711  -0.6620571  -0.7241713
 -0.7611122   3.0072892  -0.6077681   3.0063133  -0.75777525 -0.75250536
  3.5586243  -0.75657547  2.6218572  -0.76439875  3.0023563   3.00921
 -0.00996482 -0.7628065  -0.7704162   3.009458   -0.7548495   1.1131971
 -0.7598968  -0.764274    0.9581691   1.5094798  -0.7176911  -0.7538781
 -0.7497363  -0.661108    2.7492013   1.0617853  -0.77638936  1.2295139
  3.0008864   3.8313727  -0.7646463   0.24980672

-0.6578917  -0.648876   -0.42652538 -0.5157149  -0.53715545 -0.50860894
 -0.6554131   1.1741384   1.0869075  -0.28338665  2.8773544  -0.6569574
  2.875866   -0.43043947 -0.57533675  0.00780951 -0.11969627 -0.6455548
 -0.6536347  -0.65392745 -0.65488726 -0.19191667 -0.63585526 -0.5468135
 -0.64925027  2.0413957  -0.69710624  2.878359    1.6297781  -0.5969439
  1.5269916  -0.54028195 -0.6486999  -0.40154028 -0.64845675 -0.65662473
 -0.6569288   2.860953   -0.65233123 -0.6546681  -0.2460876   0.17999989
  1.3512723  -0.12808508  0.06895214  1.0063041  -0.6569535   2.8775537
 -0.6493751  -0.5694538  -0.56435865 -0.52983093 -0.6682952  -0.12808508
  0.0499977   0.04898353 -0.21604608  1.2562807  -0.48732263 -0.6624742
 -0.58289087  1.7680274  -0.6182964  -0.55013525 -0.6546756   2.7652535
 -0.6592962  -0.6548059   2.877907    1.1022694  -0.65658194 -0.6502607
 -0.21257147 -0.49567643  1.6717608  -0.6555056  -0.65013325 -0.06841477
  1.5348873  -0.52399933  0.46915495  0.24492317 -0.47533098  2.877797
  2.863105    2.877797   -0.6364083   1.1853261  -0.65589106 -0.65003645
 -0.6549811   2.877907   -0.6536014  -0.6566345  -0.6478468  -0.65407616
 -0.65574765 -0.6532764  -0.65607625 -0.5871259

0.471303   -0.6970004   2.536974    3.0103688  -0.67907727 -0.69569695
  2.2998905  -0.6086445  -0.686703    2.6746066  -0.68745476 -0.69247997
 -0.529266   -0.68884915  2.722712    2.216013   -0.69375896 -0.6941677
 -0.614221    2.54282    -0.69443846 -0.6897703  -0.169783    2.9678743
 -0.22389433  0.53496706 -0.6028368  -0.11640211  0.9468176  -0.6875549
 -0.68493736 -0.6959641  -0.48733696 -0.6561498  -0.36182478 -0.6879829
 -0.68387145 -0.6943062   0.18394798  1.2656937  -0.6928613  -0.64699495
 -0.68669033  3.0108106   0.9270477   1.5035485   0.04341366 -0.6926312
 -0.6915892  -0.68820935 -0.63264513 -0.5470225  -0.6934094  -0.6866556
  0.9928893  -0.68977374  0.1541327   3.0103936  -0.6955946  -0.68395144
 -0.6937844  -0.69220597 -0.6929949  -0.16629201 -0.43949342 -0.6856789
  0.5349672  -0.38424975 -0.69043607 -0.69209605  0.9928893  -0.5879311
  3.0109997  -0.6923523  -0.69268537 -0.64978504  2.54282    -0.68548703
  1.0177939  -0.6923466  -0.58335686  0.5275649  -0.5843072   2.4179082
 -0.64295846  0.36248747 -0.693389   -0.68920934 -0.6887871  -0.69373286
 -0.6892168   2.7981296  -0.53382564 -0.70472103  3.0107458   3.0104442
 -0.09702461 -0.6618765   3.0105217   3.0110643

-0.7007257  -0.67961067 -0.70862937 -0.59033674  2.8370137  -0.1164276
 -0.21862715  1.1121343   2.8392148   0.8582347  -0.62090945  1.0530154
 -0.66768736 -0.70770615 -0.7026343  -0.7076267  -0.57925475 -0.7035965
 -0.70871645 -0.26915026  2.7295372  -0.70313543 -0.7109343  -0.7025078
  2.7982802  -0.70361936 -0.70458114 -0.7084741  -0.55698353 -0.70823914
 -0.4238521  -0.7112258   2.8377416  -0.64725274  0.42534035 -0.6343979
  0.89741683  1.6148586   0.6883291  -0.7083355   1.6148585   1.042968
  0.566877   -0.7069197  -0.7070699  -0.7086818  -0.70885515 -0.6795804
 -0.09008951 -0.51230884  2.83782     0.83119935 -0.64835286 -0.709553
  2.8372915  -0.7057032   2.839564   -0.7081289   1.2860067  -0.7068661
 -0.48008433 -0.63397384  0.81781197 -0.26915038 -0.7084817  -0.71007454
  2.839575    0.9804596   2.8389194   2.8378463  -0.69847137 -0.7094419
  1.6148586  -0.70945525 -0.35901195 -0.70430166 -0.2186273  -0.7047547
 -0.7118665  -0.63397384 -0.61018866  0.60546285 -0.6244234   1.848777
 -0.5982418   0.89341676 -0.70614636  0.16010287  0.96411645  2.839785
 -0.7122741  -0.68545085 -0.13063416 -0.6410767  -0.70709413 -0.7094355
 -0.7022475   2.7295372  -0.70631474 -0.71146077

3.4777691   0.3828773  -0.6521482  -0.6449722  -0.65148085 -0.10985188
 -0.57092154  2.2253177   1.4093094  -0.64607656  0.9656303  -0.6429745
  0.03962539 -0.5988281  -0.64557815  0.26761657  3.4776475  -0.23389503
 -0.03429898 -0.5132406  -0.6471237  -0.555625   -0.6182268  -0.6500719
 -0.53917205 -0.6425713   1.5000007  -0.5842568  -0.6606423  -0.3859546
  1.3180854   0.75236577 -0.6112087   3.4013364  -0.5951009  -0.64902693
  1.5000007   1.5031296   1.1286108  -0.65112364 -0.65195674 -0.36506543
  3.478025   -0.4725816  -0.4999438  -0.65090185 -0.65057063 -0.6514414
 -0.61432433 -0.6525473  -0.5084785   1.6368909  -0.64890224  3.4774063
 -0.62271494 -0.64694244 -0.64865583  0.280357    0.99091285  1.0546341
  1.4142795   1.6045115  -0.6486344  -0.6611965   0.0599362  -0.6461567
 -0.6462987   1.3132472  -0.24424453 -0.6505759  -0.31698665 -0.65148073
 -0.503552   -0.64619243  3.4777691  -0.64379334  1.4093091  -0.5526945
 -0.6415779   0.17181703  1.6384624  -0.5306119  -0.6489512   3.4775534
 -0.64774686 -0.23389515  0.28035694 -0.58720636 -0.5221319  -0.6457854
 -0.63276595 -0.03429898 -0.6442544  -0.24406193 -0.6484888  -0.49573863
  3.477705   -0.6361161  -0.6444041  -0.6480558

-6.6720980e-01 -5.2143896e-01 -6.7082983e-01  8.9221013e-01
  2.7544608e+00 -6.6688061e-01 -6.7146760e-01 -4.3788505e-01
  3.4401219e+00 -6.5597153e-01 -3.8853040e-01 -6.6158670e-01
 -6.7195928e-01 -6.8769443e-01  3.4399557e+00 -4.3168309e-01
 -6.6854107e-01 -6.7365265e-01 -6.6483366e-01 -6.6902256e-01
  3.4396901e+00 -4.6166605e-01 -6.7298257e-01  8.9070469e-01
 -6.4183134e-01 -6.6727388e-01 -6.3019894e-02 -6.7200321e-01
  2.4990079e-01  1.2629237e+00 -6.6353488e-01  3.1166353e+00
  1.0621780e+00 -6.7758328e-01 -6.7189807e-01 -6.6542006e-01
 -5.3211731e-01 -6.7531580e-01 -6.7460930e-01 -1.9217214e-01
 -6.6128540e-01 -5.9403968e-01 -4.1114874e-03 -6.6232836e-01
 -2.2882260e-03  8.9221013e-01 -6.7102462e-01  3.7659636e-01
  3.0615270e-01 -6.7070061e-01 -1.2600687e-01  2.7277727e+00
 -6.6638041e-01  4.6966314e-01  9.0164888e-01  3.2770340e+00
 -6.6842991e-01 -6.7375547e-01 -6.7282820e-01  1.2178141e-01
 -6.6682941e-01  1.1125134e+00 -6.6642392e-01 -6.7299604e-01
 -6.6096550e-01 -6.6565104e-02 -6.6308957e-01  2.1348394e-01
 -6.7345130e-01 -6.6265005e-01 -6.7272431e-01 -6.1003423e-01
 -6.0284734e-01  2.8558741e+00  4.8391286e-01  3.1166353e+00
 -4.4961069e-02 -6.6579109e-01 -1.9346207e-01  3.1166353e+00
 -6.7615902e-01  1.1125131e+00 -4.3620586e-01 -6.3508356e-01
 -5.0114894e-01 -5.3429109e-01 -3.2329109e-01 -6.0108918e-01
 -5.9990221e-01  1.1924449e+00  1.6802669e+00 -3.7987214e-01
  2.1913983e-01 -5.9544569e-01  3.4403858e+00 -6.7235035e-01
  3.3207867e+00  1.5483308e+00 -6.5966427e-01 -6.6213095e-01

-6.77190006e-01 -6.83861077e-01 -6.27434731e-01  1.94208264e+00
 -6.56820774e-01  9.93098617e-01  1.57741964e-01  3.02836657e+00
 -5.30641675e-01  9.93098617e-01 -6.75956249e-01  1.88952357e-01
  3.01734352e+00 -6.80619419e-01 -5.68051815e-01 -6.76306903e-01
 -6.85678244e-01 -6.55660629e-01  3.02748895e+00 -6.84048235e-01
  3.02718902e+00 -1.28111094e-01  2.94620097e-01 -6.72435403e-01
 -6.87137008e-01 -6.61766469e-01  2.94620007e-01 -7.00645447e-01
 -5.79677165e-01  2.59454906e-01  3.02764511e+00  1.45092154e+00
 -6.84998393e-01  1.05733418e+00  8.94876361e-01  1.46436691e-03
  2.43567324e+00  1.11393936e-01 -6.83476925e-01 -6.04315281e-01
 -5.16150594e-01 -6.84688568e-01 -6.84838474e-01  1.73584974e+00
  3.02741146e+00 -9.92923230e-02 -6.13027036e-01 -6.69648468e-01
 -1.81510881e-01  1.23534703e+00  8.21450651e-02 -6.55150056e-01
 -6.84651434e-01 -2.74621427e-01 -6.43817008e-01  1.14012051e+00
  7.39996016e-01 -6.83279395e-01 -6.75702333e-01 -1.73074648e-01
 -6.82450593e-01 -6.78003490e-01  3.02829504e+00 -6.85191751e-01
 -6.83281302e-01 -6.85081601e-01 -6.83143556e-01  1.11393876e-01
 -2.72286117e-01 -6.35502279e-01 -6.83482528e-01 -6.35560930e-01
  5.14967203e-01 -5.39691567e-01  1.05559003e+00 -7.01266408e-01
 -6.83634400e-01 -3.03862244e-01  5.22541165e-01  1.61751914e+00
 -5.53595483e-01 -6.84264421e-01  3.02748895e+00  1.33328855e+00
  3.02767396e+00 -6.84312880e-01 -6.71046317e-01 -6.77255630e-01
  3.02851415e+00 -6.84049249e-01 -6.84327722e-01  1.22234201e+00
 -6.80403352e-01 -6.80503488e-01 -6.57244802e-01 -6.85678422e-01
 -6.87688589e-01 -4.65547502e-01 -6.79497123e-01  1.57741606e-01

-0.7288849  -0.7271963   2.88451    -0.6394408  -0.7282643  -0.42645547
  2.1596985   1.015831   -0.10693155  0.11893271  2.884494    2.7452173
 -0.684923   -0.72651374  2.755381   -0.6740482  -0.7271757   1.1620667
  2.3636017  -0.7477749  -0.7101061  -0.7237483   2.1324801  -0.7230346
  2.6121647  -0.07072458 -0.6288544  -0.6799417   2.8843257  -0.7277868
 -0.7270038  -0.73074275 -0.7307367  -0.7244936   1.7669109   1.4303331
  0.42441565  2.4828663  -0.6795447  -0.7112      2.9134722  -0.7258865
 -0.7287731  -0.7224948   2.8835728  -0.7222708  -0.7267236  -0.7378363
 -0.7185534   2.6022348   2.2341287  -0.5954478   2.8842735   2.234128
  2.4828663  -0.7205549  -0.71966815 -0.4293419   0.42441583 -0.7353309
 -0.6068342   2.355156   -0.7190212  -0.27272063 -0.7078013  -0.63323075
 -0.697037   -0.73050874 -0.7303279   2.8844357  -0.54907507  2.6121647
 -0.7158592  -0.72431463 -0.73453337 -0.7411491  -0.7916949  -0.7284751
 -0.7245247  -0.58200705 -0.5863515   2.13248    -0.7475517   2.2475078
  2.4828663  -0.72750115 -0.7265941  -0.72537714 -0.7205201  -0.72863615
  0.9738928   2.6181731  -0.25007665 -0.7276294  -0.7280023  -0.72788405
  1.2711444   0.16632065 -0.6502069  -0.72746915

1.2279974  -0.4122147  -0.7142812   2.9491277   1.1490693  -0.7148542
  2.2176547  -0.7028616  -0.70949715  1.1799916  -0.61742693 -0.636473
 -0.35646635  1.9592738  -0.45176926 -0.72938734 -0.7035751   2.011177
 -0.68405026 -0.7058782  -0.14958021 -0.71528095 -0.70851576 -0.6675821
  1.7883855  -0.69984245 -0.6551542  -0.58563805 -0.5643693  -0.46255693
 -0.61033046  1.1474166   2.1505585   2.3529115  -0.7090808   0.96951383
  1.0408654  -0.08694878 -0.6796769  -0.45370048  0.4539791   2.9531417
  0.32785723 -0.7100731  -0.7102121  -0.24427523 -0.6140859  -0.60492635
 -0.7050589  -0.71085215 -0.7040709  -0.6329268  -0.70407236 -0.62610596
 -0.45702252 -0.7086364  -0.70858335 -0.7360155   2.9313583  -0.10992435
  1.1370205  -0.71029377 -0.7040727  -0.5972837   0.16178723 -0.2620166
 -0.671985   -0.6833923   2.8456302  -0.70968515  1.2613571   1.74893
  1.2721779   2.8954194   2.8998444   1.5145314  -0.7049108  -0.664773
 -0.6026771   1.3167288  -0.70786846  1.3167288  -0.6252357  -0.70767283
  1.065974   -0.7136877  -0.7089681  -0.558172    2.3710878  -0.70945805
  0.39757085 -0.71044993 -0.7030296   0.02373214 -0.70890325  1.2279174
 -0.4538364  -0.7129778  -0.7002525   1.3216413
