graph size: 86.0 [86.0, 86.0, 85.0, 86.0, 86.0, 86.0, 82.0, 86.0, 86.0, 86.0]
graph size: 86.0 [85.0, 83.0, 85.0, 84.0, 83.0, 86.0, 84.0, 86.0, 86.0, 86.0]
graph size: 86.0 [84.0, 84.0, 86.0, 86.0, 84.0, 86.0, 86.0, 86.0, 84.0, 86.0]
graph size: 85.0 [83.0, 84.0, 84.0, 83.0, 82.0, 81.0, 83.0, 82.0, 83.0, 85.0]
graph size: 85.0 [85.0, 83.0, 82.0, 82.0, 83.0, 83.0, 83.0, 83.0, 85.0, 85.0]
graph size: 86.0 [83.0, 84.0, 83.0, 83.0, 83.0, 84.0, 86.0, 86.0, 86.0, 86.0]
graph size: 85.0 [85.0, 85.0, 84.0, 84.0, 85.0, 85.0, 84.0, 85.0, 85.0, 83.0]
graph size: 84.0 [82.0, 82.0, 82.0, 82.0, 81.0, 84.0, 82.0, 82.0, 82.0, 83.0]
graph size: 85.0 [84.0, 84.0, 83.0, 83.0, 83.0, 83.0, 83.0, 85.0, 85.0, 85.0]
graph size: 86.0 [83.0, 83.0, 86.0, 86.0, 86.0, 86.0, 86.0, 86.0, 86.0, 86.0]
