data/random_10_25_0
(0, 1, 3, 8, 9)

data/random_10_25_1
(0, 2, 5, 9)
(0, 5, 7, 9)
(0, 2, 6, 9)

data/random_10_25_2
(0, 3, 4, 5)
(0, 4, 5, 7)

data/random_10_25_3
(0, 2, 3, 8, 9)

data/random_10_25_4
(0, 2, 7)
(0, 2, 8)
(2, 3, 7)
(3, 6, 7)
(2, 5, 7)
(4, 5, 7)
(4, 6, 7)
(4, 6, 8)

data/random_10_25_5
(2, 3, 4, 9)
(2, 3, 6, 9)

data/random_10_25_6
(0, 1, 2, 7)
(0, 2, 7, 9)

data/random_10_25_7
(1, 2, 4, 7)
(1, 2, 6, 7)

data/random_10_25_8
(0, 2, 4, 6)
(0, 2, 5, 6)
(1, 2, 4, 6)

data/random_10_25_9
(0, 3, 4, 7)
(1, 3, 4, 7)

data/random/50_100_0: 21
(0, 3, 5, 6, 7, 8, 9, 10, 11, 17, 20, 24, 25, 27, 28, 30, 33, 36, 37, 47, 49)
(0, 3, 5, 6, 7, 8, 9, 10, 17, 20, 24, 25, 27, 28, 30, 33, 36, 37, 47, 48, 49)
(0, 3, 5, 6, 7, 8, 9, 10, 11, 17, 20, 24, 25, 27, 30, 33, 36, 37, 46, 47, 49)
(0, 3, 5, 6, 7, 8, 9, 10, 17, 20, 24, 25, 27, 30, 33, 36, 37, 46, 47, 48, 49)
(0, 5, 6, 7, 8, 9, 10, 11, 17, 20, 24, 25, 27, 28, 30, 33, 36, 37, 41, 47, 49)
(0, 5, 6, 7, 8, 9, 10, 17, 20, 24, 25, 27, 28, 30, 33, 36, 37, 41, 47, 48, 49)
(0, 5, 6, 7, 8, 9, 10, 11, 17, 20, 24, 25, 27, 30, 33, 36, 37, 41, 46, 47, 49)
(0, 5, 6, 7, 8, 9, 10, 17, 20, 24, 25, 27, 30, 33, 36, 37, 41, 46, 47, 48, 49)
(0, 3, 5, 6, 7, 8, 10, 11, 17, 20, 24, 25, 27, 28, 29, 30, 33, 36, 37, 47, 49)
(0, 3, 5, 6, 7, 8, 10, 17, 20, 24, 25, 27, 28, 29, 30, 33, 36, 37, 47, 48, 49)

data/random/50_100_1: 24
(0, 5, 8, 10, 13, 17, 18, 19, 22, 25, 26, 27, 29, 30, 31, 32, 34, 35, 38, 41, 42, 44, 46, 49)
(0, 5, 8, 13, 17, 18, 19, 22, 25, 26, 27, 29, 30, 31, 32, 34, 35, 38, 41, 42, 44, 46, 47, 49)
(5, 8, 10, 13, 17, 18, 19, 22, 25, 26, 27, 29, 30, 31, 32, 34, 35, 38, 41, 42, 43, 44, 46, 49)
(5, 8, 13, 17, 18, 19, 22, 25, 26, 27, 29, 30, 31, 32, 34, 35, 38, 41, 42, 43, 44, 46, 47, 49)
(0, 5, 8, 10, 13, 18, 19, 21, 22, 24, 26, 27, 29, 30, 31, 32, 34, 35, 38, 41, 42, 44, 46, 49)
(0, 5, 8, 13, 18, 19, 21, 22, 24, 26, 27, 29, 30, 31, 32, 34, 35, 38, 41, 42, 44, 46, 47, 49)
(5, 8, 10, 13, 18, 19, 21, 22, 24, 26, 27, 29, 30, 31, 32, 34, 35, 38, 41, 42, 43, 44, 46, 49)
(5, 8, 13, 18, 19, 21, 22, 24, 26, 27, 29, 30, 31, 32, 34, 35, 38, 41, 42, 43, 44, 46, 47, 49)
(0, 5, 8, 10, 13, 18, 19, 21, 22, 24, 26, 27, 29, 30, 31, 32, 34, 36, 38, 41, 42, 44, 46, 49)
(0, 5, 8, 13, 18, 19, 21, 22, 24, 26, 27, 29, 30, 31, 32, 34, 36, 38, 41, 42, 44, 46, 47, 49)

data/random/50_100_2: 22
(0, 1, 5, 6, 8, 9, 11, 12, 15, 16, 21, 22, 24, 26, 28, 29, 30, 32, 39, 40, 44, 46)
(0, 1, 5, 6, 8, 9, 11, 12, 15, 16, 22, 24, 26, 28, 29, 30, 32, 39, 40, 44, 45, 46)
(0, 1, 5, 6, 8, 9, 11, 15, 16, 17, 21, 22, 24, 26, 28, 29, 30, 32, 39, 40, 44, 46)
(0, 1, 5, 6, 8, 9, 11, 15, 16, 17, 22, 24, 26, 28, 29, 30, 32, 39, 40, 44, 45, 46)

data/random/50_100_3: 22
(0, 5, 6, 7, 8, 9, 11, 14, 16, 22, 25, 26, 27, 31, 32, 34, 36, 38, 41, 43, 46, 47)
(0, 5, 6, 7, 8, 9, 11, 14, 22, 25, 26, 27, 28, 31, 32, 34, 36, 38, 41, 43, 46, 47)
(0, 5, 6, 7, 8, 9, 14, 16, 19, 22, 25, 26, 27, 29, 31, 32, 33, 36, 38, 43, 46, 47)
(0, 5, 6, 7, 8, 9, 14, 16, 22, 25, 26, 27, 29, 31, 32, 33, 34, 36, 38, 43, 46, 47)
(0, 5, 6, 7, 8, 9, 14, 16, 22, 25, 26, 27, 31, 32, 33, 34, 36, 38, 41, 43, 46, 47)
(0, 5, 6, 7, 8, 9, 14, 19, 22, 25, 26, 27, 28, 29, 31, 32, 33, 36, 38, 43, 46, 47)
(0, 5, 6, 7, 8, 9, 14, 22, 25, 26, 27, 28, 29, 31, 32, 33, 34, 36, 38, 43, 46, 47)
(0, 5, 6, 7, 8, 9, 14, 22, 25, 26, 27, 28, 31, 32, 33, 34, 36, 38, 41, 43, 46, 47)
(1, 2, 5, 6, 7, 8, 11, 12, 14, 16, 20, 21, 25, 27, 31, 32, 34, 36, 38, 41, 46, 47)
(1, 2, 5, 6, 7, 8, 11, 12, 14, 16, 20, 21, 25, 27, 31, 34, 36, 38, 41, 46, 47, 49)

data/random/50_100_4: 24
(1, 2, 3, 4, 5, 10, 12, 15, 16, 20, 21, 23, 24, 26, 29, 32, 34, 35, 39, 40, 41, 43, 45, 49)
(1, 2, 3, 4, 5, 10, 12, 15, 16, 20, 21, 23, 24, 26, 32, 34, 35, 39, 40, 41, 43, 45, 48, 49)
(1, 2, 3, 4, 5, 10, 12, 16, 20, 21, 23, 24, 26, 29, 32, 34, 35, 39, 40, 41, 43, 45, 46, 49)
(1, 2, 3, 4, 5, 10, 12, 16, 20, 21, 23, 24, 26, 32, 34, 35, 39, 40, 41, 43, 45, 46, 48, 49)
(1, 2, 3, 4, 10, 12, 15, 16, 20, 21, 23, 24, 25, 26, 29, 32, 34, 35, 39, 40, 41, 43, 45, 49)
(1, 2, 3, 4, 10, 12, 15, 16, 20, 21, 23, 24, 25, 26, 32, 34, 35, 39, 40, 41, 43, 45, 48, 49)
(1, 2, 3, 4, 10, 12, 16, 20, 21, 23, 24, 25, 26, 29, 32, 34, 35, 39, 40, 41, 43, 45, 46, 49)
(1, 2, 3, 4, 10, 12, 16, 20, 21, 23, 24, 25, 26, 32, 34, 35, 39, 40, 41, 43, 45, 46, 48, 49)

data/random/50_100_5: 23
(0, 2, 4, 5, 6, 7, 8, 9, 11, 15, 16, 17, 21, 22, 27, 29, 31, 34, 37, 43, 46, 47, 48)
(0, 2, 4, 5, 6, 7, 9, 11, 15, 16, 17, 21, 22, 27, 29, 31, 33, 34, 37, 43, 46, 47, 48)
(0, 2, 4, 5, 6, 8, 9, 11, 15, 16, 17, 21, 22, 27, 28, 29, 31, 34, 37, 43, 46, 47, 48)
(0, 2, 4, 5, 6, 8, 9, 11, 15, 16, 21, 22, 27, 28, 29, 31, 34, 37, 38, 43, 46, 47, 48)
(0, 2, 4, 5, 6, 8, 9, 11, 16, 17, 21, 22, 27, 28, 29, 31, 34, 35, 37, 43, 46, 47, 48)
(0, 2, 4, 5, 6, 8, 9, 11, 16, 21, 22, 27, 28, 29, 31, 34, 35, 37, 38, 43, 46, 47, 48)
(0, 2, 4, 5, 6, 9, 11, 15, 16, 17, 21, 22, 27, 28, 29, 31, 33, 34, 37, 43, 46, 47, 48)
(0, 2, 4, 5, 6, 9, 11, 15, 16, 21, 22, 27, 28, 29, 31, 33, 34, 37, 38, 43, 46, 47, 48)
(0, 2, 4, 5, 6, 11, 15, 16, 21, 22, 27, 28, 29, 31, 33, 34, 37, 38, 39, 43, 46, 47, 48)
(0, 2, 4, 5, 6, 9, 11, 16, 17, 21, 22, 27, 28, 29, 31, 33, 34, 35, 37, 43, 46, 47, 48)

data/random/50_100_6: 23
(1, 3, 5, 6, 7, 9, 16, 19, 21, 22, 26, 27, 29, 33, 34, 36, 38, 39, 41, 42, 44, 46, 49)
(1, 3, 5, 6, 7, 9, 16, 19, 21, 22, 26, 27, 29, 33, 34, 36, 38, 41, 42, 44, 46, 47, 49)
(1, 3, 5, 6, 7, 9, 10, 16, 19, 21, 22, 26, 27, 29, 31, 34, 36, 39, 41, 42, 44, 46, 49)
(1, 3, 5, 6, 7, 9, 10, 16, 19, 21, 22, 26, 27, 29, 31, 34, 36, 41, 42, 44, 46, 47, 49)
(1, 3, 5, 6, 7, 9, 16, 19, 21, 22, 26, 27, 29, 31, 34, 36, 38, 39, 41, 42, 44, 46, 49)
(1, 3, 5, 6, 7, 9, 16, 19, 21, 22, 26, 27, 29, 31, 34, 36, 38, 41, 42, 44, 46, 47, 49)
(3, 5, 6, 7, 9, 10, 16, 18, 19, 21, 22, 26, 27, 29, 31, 34, 36, 39, 41, 42, 44, 46, 49)
(3, 5, 6, 7, 9, 10, 16, 18, 19, 21, 22, 26, 27, 29, 31, 34, 36, 41, 42, 44, 46, 47, 49)
(3, 5, 6, 7, 9, 16, 18, 19, 21, 22, 26, 27, 29, 31, 34, 36, 38, 39, 41, 42, 44, 46, 49)
(3, 5, 6, 7, 9, 16, 18, 19, 21, 22, 26, 27, 29, 31, 34, 36, 38, 41, 42, 44, 46, 47, 49)

data/random/50_100_7: 23
(0, 4, 6, 7, 9, 10, 11, 17, 18, 21, 22, 23, 24, 25, 27, 29, 35, 36, 38, 43, 45, 46, 49)
(0, 4, 6, 9, 10, 11, 17, 18, 21, 22, 23, 24, 25, 27, 29, 35, 36, 38, 41, 43, 45, 46, 49)
(0, 4, 6, 7, 9, 10, 11, 17, 21, 22, 23, 24, 25, 27, 29, 35, 36, 38, 39, 43, 45, 46, 49)
(0, 4, 6, 7, 9, 10, 11, 17, 18, 21, 22, 23, 25, 27, 29, 34, 35, 36, 38, 43, 45, 46, 49)
(0, 4, 6, 9, 10, 11, 17, 18, 21, 22, 23, 25, 27, 29, 34, 35, 36, 38, 41, 43, 45, 46, 49)
(0, 4, 6, 7, 9, 10, 11, 17, 21, 22, 23, 25, 27, 29, 34, 35, 36, 38, 39, 43, 45, 46, 49)
(0, 4, 6, 7, 9, 10, 11, 18, 19, 21, 22, 23, 24, 25, 27, 29, 35, 36, 38, 40, 43, 45, 46)
(0, 4, 6, 7, 9, 10, 11, 18, 19, 21, 22, 23, 24, 25, 27, 29, 35, 36, 38, 43, 45, 46, 49)
(0, 4, 6, 9, 10, 11, 18, 19, 21, 22, 23, 24, 25, 27, 29, 35, 36, 38, 40, 41, 43, 45, 46)
(0, 4, 6, 9, 10, 11, 18, 19, 21, 22, 23, 24, 25, 27, 29, 35, 36, 38, 41, 43, 45, 46, 49)

data/random/50_100_8: 22
(3, 5, 6, 8, 10, 12, 14, 19, 21, 22, 28, 30, 31, 33, 35, 37, 39, 41, 42, 43, 47, 49)
(3, 6, 8, 10, 12, 14, 19, 21, 22, 28, 30, 31, 33, 35, 37, 39, 41, 42, 43, 44, 47, 49)
(5, 6, 8, 10, 12, 14, 17, 19, 21, 22, 28, 30, 31, 33, 35, 37, 39, 41, 42, 43, 47, 49)
(6, 8, 10, 12, 14, 17, 19, 21, 22, 28, 30, 31, 33, 35, 37, 39, 41, 42, 43, 44, 47, 49)

data/random/50_100_9: 22
(0, 1, 3, 4, 5, 6, 8, 9, 10, 11, 13, 17, 18, 21, 23, 27, 28, 31, 34, 38, 41, 43)
(0, 1, 3, 4, 6, 8, 9, 10, 11, 13, 17, 18, 21, 23, 27, 28, 31, 34, 38, 40, 41, 43)
(0, 1, 3, 4, 6, 8, 9, 10, 11, 17, 18, 21, 23, 27, 28, 31, 34, 38, 40, 41, 43, 48)
(0, 1, 3, 4, 5, 6, 8, 9, 10, 11, 17, 18, 21, 23, 27, 28, 31, 34, 38, 39, 41, 43)
(0, 1, 3, 4, 5, 6, 8, 9, 10, 11, 17, 18, 21, 23, 27, 28, 31, 34, 38, 41, 43, 48)
(0, 1, 3, 4, 5, 6, 8, 9, 10, 11, 13, 17, 18, 21, 27, 28, 31, 34, 37, 38, 41, 43)
(0, 1, 3, 4, 5, 6, 8, 9, 10, 11, 17, 18, 21, 27, 28, 31, 34, 37, 38, 41, 43, 48)
(0, 1, 3, 4, 6, 8, 9, 10, 11, 13, 17, 18, 21, 27, 28, 31, 34, 37, 38, 40, 41, 43)
(0, 1, 3, 4, 6, 8, 9, 10, 11, 17, 18, 21, 27, 28, 31, 34, 37, 38, 40, 41, 43, 48)
(0, 1, 3, 4, 5, 6, 8, 10, 11, 13, 17, 18, 21, 23, 27, 28, 31, 34, 35, 38, 41, 43)

data/random/50_300_0: 13
(6, 8, 10, 16, 17, 20, 22, 23, 39, 40, 42, 44, 46)
(6, 8, 10, 13, 18, 23, 24, 25, 26, 27, 31, 36, 43)
(6, 10, 17, 19, 20, 22, 23, 29, 31, 40, 42, 44, 46)

data/random/50_300_1: 13
(1, 2, 5, 9, 10, 13, 20, 21, 30, 32, 34, 46, 49)
(1, 5, 9, 10, 13, 20, 21, 30, 32, 34, 42, 46, 49)
(2, 4, 5, 7, 9, 10, 11, 13, 21, 30, 32, 46, 49)
(4, 5, 7, 9, 10, 11, 13, 21, 30, 32, 42, 46, 49)

data/random/50_300_2: 13
(0, 1, 3, 4, 6, 9, 10, 11, 18, 25, 37, 38, 39)
(0, 1, 3, 4, 6, 9, 10, 11, 18, 37, 38, 39, 42)
(0, 3, 4, 6, 9, 10, 11, 18, 25, 28, 37, 38, 39)
(1, 3, 4, 5, 6, 9, 10, 11, 21, 29, 31, 39, 42)
(1, 3, 4, 5, 9, 10, 11, 21, 29, 31, 39, 42, 43)
(1, 3, 5, 6, 9, 10, 11, 18, 21, 27, 35, 39, 42)
(1, 3, 5, 6, 9, 10, 11, 21, 27, 31, 35, 39, 42)
(1, 3, 5, 9, 10, 11, 21, 27, 31, 35, 39, 42, 43)
(1, 3, 5, 10, 11, 21, 27, 31, 35, 39, 42, 43, 49)
(1, 5, 9, 10, 11, 20, 21, 27, 31, 35, 39, 42, 43)

data/random/50_300_3: 13
(1, 5, 6, 9, 19, 23, 29, 30, 33, 35, 39, 41, 42)
(1, 5, 6, 9, 19, 23, 29, 30, 33, 37, 39, 41, 42)
(1, 5, 9, 19, 23, 26, 29, 30, 33, 35, 39, 41, 42)
(1, 5, 9, 23, 26, 29, 30, 33, 35, 39, 40, 41, 42)
(1, 5, 9, 19, 23, 26, 29, 30, 33, 37, 39, 41, 42)
(1, 5, 9, 23, 26, 29, 30, 33, 37, 39, 40, 41, 42)

data/random/50_300_4: 13
(0, 4, 8, 9, 10, 11, 15, 19, 30, 37, 39, 43, 46)
(4, 5, 8, 10, 11, 15, 19, 21, 30, 31, 39, 43, 45)

data/random/50_300_5: 13
(0, 1, 3, 7, 13, 17, 19, 25, 37, 39, 40, 41, 48)
(1, 3, 7, 13, 17, 19, 25, 35, 37, 39, 40, 41, 48)
(7, 10, 13, 19, 21, 27, 30, 32, 33, 35, 37, 39, 41)

data/random/50_300_6: 13
(2, 6, 8, 18, 23, 25, 26, 29, 39, 41, 43, 45, 48)
(2, 6, 8, 18, 23, 25, 26, 29, 38, 40, 41, 45, 48)
(2, 6, 8, 18, 23, 25, 26, 29, 40, 41, 43, 45, 48)
(2, 8, 18, 23, 25, 26, 29, 31, 38, 40, 41, 45, 48)
(2, 6, 8, 10, 18, 25, 26, 29, 39, 41, 43, 45, 48)
(2, 6, 8, 10, 18, 25, 29, 30, 39, 41, 43, 45, 48)
(2, 6, 7, 8, 11, 18, 23, 25, 29, 30, 39, 43, 48)
(2, 6, 8, 18, 23, 25, 29, 30, 39, 41, 43, 45, 48)

data/random/50_300_7: 13
(3, 6, 11, 17, 24, 27, 29, 30, 40, 44, 45, 46, 47)
(3, 6, 11, 17, 24, 27, 29, 30, 40, 44, 45, 47, 49)
(3, 6, 11, 17, 27, 29, 30, 35, 40, 44, 45, 46, 47)
(3, 6, 11, 17, 27, 29, 30, 35, 40, 44, 45, 47, 49)
(6, 11, 17, 24, 27, 29, 30, 34, 40, 44, 45, 46, 47)
(6, 11, 17, 27, 29, 30, 34, 35, 40, 44, 45, 46, 47)
(3, 11, 17, 22, 24, 27, 29, 30, 40, 44, 45, 47, 49)
(3, 11, 17, 22, 27, 29, 30, 35, 40, 44, 45, 47, 49)

data/random/50_300_8: 13
(5, 6, 8, 9, 15, 17, 20, 22, 26, 35, 37, 47, 49)

data/random/50_300_9: 14
(0, 1, 4, 5, 7, 8, 10, 12, 22, 29, 32, 37, 41, 42)
(0, 1, 4, 5, 7, 8, 10, 12, 22, 29, 32, 38, 41, 42)
(0, 1, 4, 5, 7, 8, 10, 12, 22, 32, 38, 40, 41, 42)
(0, 1, 4, 5, 7, 9, 10, 12, 22, 29, 32, 37, 41, 42)
(0, 1, 4, 5, 7, 9, 10, 12, 22, 29, 32, 38, 41, 42)
(0, 1, 4, 5, 7, 9, 10, 12, 22, 32, 38, 40, 41, 42)
(1, 3, 4, 5, 7, 8, 10, 12, 22, 29, 32, 37, 41, 42)
(1, 3, 4, 5, 7, 8, 10, 12, 22, 29, 32, 38, 41, 42)
(1, 3, 4, 5, 7, 9, 10, 12, 22, 29, 32, 37, 41, 42)
(1, 3, 4, 5, 7, 9, 10, 12, 22, 29, 32, 38, 41, 42)

data/random/50_500_0: 9
(2, 6, 16, 35, 39, 45, 46, 47, 48)

data/random/50_500_1: 9
(0, 5, 7, 9, 10, 17, 31, 42, 46)
(1, 5, 7, 9, 17, 31, 42, 44, 46)
(1, 5, 7, 16, 17, 31, 42, 44, 46)

data/random/50_500_2: 9
(4, 7, 13, 17, 26, 36, 38, 39, 47)
(4, 6, 7, 9, 19, 33, 36, 39, 47)
(4, 7, 9, 19, 26, 33, 36, 39, 47)
(4, 7, 9, 17, 26, 36, 38, 39, 47)
(3, 5, 10, 14, 28, 29, 33, 36, 44)
(5, 9, 18, 19, 26, 33, 34, 36, 40)
(4, 9, 19, 26, 33, 34, 36, 39, 40)
(4, 9, 19, 26, 33, 36, 39, 40, 47)

data/random/50_500_3: 8
(2, 3, 4, 10, 14, 25, 30, 41)
(2, 3, 10, 14, 25, 30, 34, 41)
(2, 3, 14, 25, 30, 34, 41, 46)
(2, 3, 10, 14, 25, 34, 41, 43)
(2, 3, 14, 25, 34, 41, 43, 46)
(2, 3, 4, 10, 23, 25, 30, 41)
(3, 4, 10, 23, 25, 30, 41, 47)
(2, 3, 10, 23, 25, 30, 34, 41)
(3, 10, 23, 25, 30, 34, 41, 47)
(2, 3, 23, 25, 30, 34, 41, 46)

data/random/50_500_4: 8
(0, 1, 5, 9, 19, 30, 31, 43)
(0, 1, 5, 9, 19, 30, 43, 47)
(0, 9, 19, 25, 28, 31, 32, 49)
(1, 5, 9, 15, 19, 30, 31, 43)
(1, 5, 9, 15, 19, 30, 43, 47)
(1, 5, 9, 15, 19, 31, 43, 46)
(1, 5, 9, 15, 19, 43, 46, 47)
(1, 5, 9, 15, 19, 30, 42, 47)
(1, 5, 9, 15, 19, 31, 39, 46)
(1, 9, 15, 19, 28, 30, 42, 47)

data/random/50_500_5: 8
(1, 12, 14, 22, 36, 38, 40, 48)
(1, 14, 22, 36, 38, 40, 43, 48)
(1, 14, 20, 22, 26, 40, 43, 46)
(1, 14, 20, 22, 26, 43, 46, 47)
(12, 21, 22, 24, 37, 38, 41, 45)
(1, 3, 6, 7, 22, 25, 32, 34)
(3, 7, 21, 22, 31, 37, 41, 45)
(3, 21, 22, 24, 37, 38, 41, 45)
(1, 6, 7, 8, 22, 34, 36, 40)
(1, 6, 7, 8, 22, 36, 40, 48)

data/random/50_500_6: 9
(0, 20, 23, 28, 30, 32, 46, 47, 49)

data/random/50_500_7: 9
(1, 2, 8, 9, 14, 24, 30, 37, 41)
(0, 2, 4, 8, 17, 35, 42, 43, 44)
(2, 4, 8, 17, 28, 30, 35, 42, 43)
(2, 4, 5, 6, 10, 23, 33, 38, 42)

data/random/50_500_8: 9
(2, 3, 5, 13, 20, 22, 34, 41, 42)
(2, 5, 8, 13, 20, 22, 34, 41, 42)
(2, 5, 13, 20, 22, 34, 36, 41, 42)
(2, 13, 20, 22, 29, 34, 36, 41, 42)

data/random/50_500_9: 9
(0, 13, 17, 22, 29, 35, 41, 44, 45)
(0, 3, 4, 14, 15, 23, 31, 37, 44)
(0, 3, 4, 14, 15, 23, 31, 40, 44)
(11, 23, 25, 27, 28, 31, 35, 38, 49)
(11, 23, 25, 27, 28, 31, 37, 38, 49)

data/random/50_700_0: 6
(0, 1, 5, 20, 42, 47)
(0, 1, 5, 23, 29, 30)
(0, 1, 23, 34, 44, 47)
(0, 1, 20, 34, 39, 42)
(0, 1, 20, 34, 42, 47)
(0, 1, 34, 42, 44, 47)
(0, 1, 22, 23, 44, 47)
(0, 1, 23, 27, 44, 47)
(11, 34, 38, 42, 43, 44)
(0, 11, 19, 34, 43, 44)

data/random/50_700_1: 7
(3, 15, 18, 20, 30, 45, 47)
(3, 15, 18, 20, 43, 45, 47)

data/random/50_700_2: 6
(0, 1, 20, 26, 33, 47)
(24, 33, 34, 41, 43, 46)
(1, 13, 20, 26, 33, 47)
(15, 17, 18, 21, 41, 42)
(5, 7, 19, 22, 39, 48)
(5, 7, 22, 28, 39, 48)
(9, 13, 20, 26, 33, 47)
(11, 12, 21, 34, 38, 41)
(2, 5, 13, 38, 41, 47)
(5, 13, 23, 38, 41, 47)

data/random/50_700_3: 6
(10, 29, 36, 39, 40, 44)
(3, 14, 17, 25, 33, 43)
(3, 31, 33, 34, 43, 45)
(3, 10, 16, 31, 46, 47)
(3, 10, 16, 39, 46, 47)
(3, 16, 31, 33, 43, 45)
(3, 16, 31, 33, 45, 47)
(10, 21, 36, 39, 40, 44)
(8, 17, 29, 30, 43, 46)
(8, 17, 29, 31, 43, 46)

data/random/50_700_4: 7
(3, 5, 13, 24, 25, 27, 44)

data/random/50_700_5: 6
(0, 4, 9, 11, 25, 46)
(0, 8, 9, 28, 29, 44)
(0, 9, 10, 11, 14, 25)
(0, 9, 11, 14, 25, 46)
(1, 2, 6, 10, 21, 30)
(2, 6, 10, 21, 30, 47)
(1, 6, 10, 21, 30, 40)
(1, 6, 10, 14, 24, 29)
(1, 6, 14, 24, 29, 48)
(1, 2, 6, 13, 21, 48)

data/random/50_700_6: 7
(0, 9, 11, 12, 13, 15, 37)
(2, 7, 10, 22, 26, 41, 49)

data/random/50_700_7: 6
(0, 1, 7, 17, 34, 45)
(1, 7, 13, 17, 34, 45)
(0, 7, 12, 17, 34, 45)
(3, 8, 20, 23, 31, 46)
(3, 10, 12, 38, 40, 48)
(3, 11, 12, 18, 21, 38)
(3, 20, 22, 23, 29, 46)
(1, 5, 6, 8, 20, 34)
(1, 5, 6, 20, 34, 45)
(5, 6, 12, 16, 34, 45)

data/random/50_700_8: 6
(1, 11, 21, 28, 32, 49)
(11, 21, 28, 32, 48, 49)
(1, 6, 11, 28, 32, 49)
(6, 11, 28, 32, 48, 49)
(6, 12, 18, 31, 35, 45)
(6, 12, 28, 32, 48, 49)
(15, 16, 28, 38, 41, 47)
(1, 4, 8, 13, 38, 47)
(4, 8, 13, 36, 38, 40)
(4, 8, 13, 38, 40, 47)

data/random/50_700_9: 7
(6, 15, 24, 27, 31, 33, 42)

data/random/50_900_0: 5
(12, 27, 36, 39, 43)
(12, 27, 32, 39, 43)
(12, 32, 39, 40, 43)
(2, 3, 26, 34, 36)
(3, 8, 26, 34, 36)

data/random/50_900_1: 5
(21, 24, 25, 34, 47)
(1, 19, 31, 36, 37)
(1, 19, 36, 37, 46)
(6, 17, 29, 38, 42)
(9, 26, 34, 36, 39)

data/random/50_900_2: 5
(3, 6, 12, 25, 39)
(6, 12, 23, 25, 39)
(3, 7, 12, 25, 39)
(21, 22, 37, 38, 43)

data/random/50_900_3: 5
(0, 1, 8, 20, 33)
(1, 8, 20, 33, 46)
(0, 8, 20, 26, 33)
(0, 1, 16, 20, 33)
(1, 16, 20, 33, 42)
(0, 16, 20, 26, 33)
(16, 36, 42, 48, 49)
(0, 16, 20, 33, 34)
(16, 36, 45, 48, 49)

data/random/50_900_4: 6
(4, 8, 21, 30, 33, 43)

data/random/50_900_5: 5
(3, 4, 12, 21, 46)
(4, 12, 21, 39, 46)
(3, 4, 12, 35, 46)
(4, 12, 35, 39, 46)
(13, 17, 23, 33, 41)

data/random/50_900_6: 5
(13, 20, 31, 35, 38)

data/random/50_900_7: 5
(0, 24, 34, 36, 49)
(2, 19, 23, 29, 30)

data/random/50_900_8: 5
(5, 6, 23, 30, 43)
(6, 23, 30, 40, 43)
(10, 13, 26, 30, 32)
(10, 16, 19, 26, 30)

data/random/50_900_9: 5
(7, 17, 21, 35, 43)

