100 300
0 56
0 53
0 96
0 37
0 7
1 35
1 4
1 70
1 39
1 40
1 71
1 10
1 43
1 27
1 31
2 7
2 46
2 78
2 54
2 23
2 28
2 63
3 84
3 87
3 88
3 90
3 91
3 29
4 69
4 39
4 8
4 80
4 29
4 61
5 70
5 47
5 48
5 84
5 85
5 23
5 57
5 31
6 68
6 38
6 41
6 73
6 74
6 48
6 49
6 81
6 21
6 54
6 25
6 62
7 73
7 67
8 44
8 46
8 84
8 52
8 24
9 66
9 28
9 38
10 36
10 69
10 11
10 45
10 49
11 56
11 41
11 75
11 93
12 77
12 53
13 40
13 83
13 84
13 55
14 17
15 16
15 69
15 94
16 75
16 49
16 20
16 21
16 29
17 64
17 49
17 42
17 76
18 41
18 43
18 52
18 25
18 91
18 95
18 57
19 97
19 76
19 44
19 23
19 25
19 29
20 27
20 86
21 35
21 38
21 79
21 84
21 53
21 27
22 64
22 67
22 77
22 55
22 25
22 27
23 36
23 54
24 68
24 40
24 74
24 76
24 53
24 55
24 94
25 36
25 77
25 81
25 90
25 29
25 30
26 71
26 74
26 47
26 85
26 56
26 89
26 61
26 95
27 34
27 67
27 98
27 69
27 41
27 80
27 50
27 51
28 48
28 96
28 29
29 35
29 99
29 40
29 45
29 85
29 61
29 95
30 69
30 40
30 77
30 87
30 31
31 38
31 45
31 80
31 51
31 88
32 65
32 92
32 54
33 34
33 82
33 70
34 67
34 59
34 76
34 79
34 53
34 95
35 64
35 97
35 45
35 54
36 97
36 76
36 47
36 92
36 93
36 94
37 81
37 77
38 64
38 96
38 73
38 85
38 55
38 62
39 69
40 99
40 70
40 41
40 47
40 81
40 50
40 84
40 62
40 88
40 60
41 99
41 76
42 75
42 85
42 47
43 91
43 87
43 47
44 68
44 76
44 50
44 51
44 85
44 57
45 57
46 84
47 96
47 82
48 70
48 77
48 92
49 50
49 80
49 81
49 83
49 90
49 62
50 59
50 54
51 99
51 97
52 94
53 73
53 55
53 62
55 64
55 75
55 77
56 97
57 66
57 72
57 63
58 91
59 66
59 90
59 91
59 63
60 88
60 96
61 72
61 94
62 68
62 72
62 77
62 91
63 88
63 74
64 99
64 70
64 81
65 91
65 88
66 78
66 79
66 86
67 87
68 75
68 83
68 94
70 94
71 73
71 75
72 88
72 85
75 80
79 83
80 83
80 93
80 94
82 91
82 85
84 91
85 86
85 94
86 98
89 90
91 94
94 97
95 98
