100 1000
0 32
0 66
0 99
0 69
0 8
0 75
0 44
0 45
0 46
0 76
0 17
0 51
0 94
0 54
0 55
0 24
0 86
0 90
0 30
0 31
1 9
1 20
1 24
1 27
1 29
1 36
1 39
1 44
1 51
1 53
1 55
1 57
1 59
1 64
1 65
1 69
1 70
1 73
1 76
1 77
1 78
1 83
1 98
2 33
2 3
2 8
2 72
2 10
2 78
2 48
2 80
2 18
2 84
2 56
2 25
2 26
2 61
2 95
2 31
3 96
3 97
3 69
3 38
3 70
3 42
3 75
3 45
3 17
3 18
3 22
3 55
3 56
3 91
3 92
3 62
4 67
4 99
4 5
4 38
4 7
4 39
4 41
4 10
4 44
4 15
4 48
4 19
4 84
4 56
4 91
5 34
5 66
5 37
5 6
5 11
5 77
5 47
5 16
5 49
5 79
5 80
5 52
5 53
5 81
5 55
5 56
5 63
6 8
6 11
6 14
6 17
6 22
6 28
6 31
6 37
6 38
6 52
6 57
6 59
6 64
6 65
6 66
6 69
6 73
6 76
6 86
6 87
6 94
6 96
6 98
7 32
7 66
7 35
7 40
7 15
7 79
7 17
7 81
7 19
7 82
7 21
7 83
7 57
7 92
7 95
8 67
8 71
8 40
8 88
8 13
8 77
8 79
8 80
8 81
8 19
8 51
8 52
8 83
8 85
8 87
8 27
8 29
9 23
9 27
9 30
9 31
9 33
9 34
9 37
9 42
9 43
9 44
9 53
9 55
9 61
9 62
9 63
9 64
9 65
9 67
9 73
9 74
9 78
9 90
9 97
10 89
10 66
10 37
10 71
10 79
10 80
10 17
10 18
10 51
10 82
10 83
10 86
10 23
10 25
10 95
11 17
11 19
11 22
11 23
11 24
11 25
11 26
11 32
11 43
11 48
11 51
11 53
11 58
11 62
11 66
11 69
11 72
11 77
11 82
11 86
11 89
11 93
11 95
12 36
12 90
12 42
12 43
12 75
12 14
12 79
12 16
12 18
12 84
12 57
12 58
12 93
13 99
13 41
13 73
13 46
13 81
13 18
13 82
13 84
13 85
13 22
13 89
13 26
14 34
14 35
14 37
14 41
14 42
14 15
14 85
14 56
14 89
14 88
15 16
15 19
15 20
15 23
15 27
15 31
15 32
15 33
15 36
15 37
15 47
15 49
15 50
15 59
15 60
15 62
15 70
15 72
15 75
15 77
15 79
15 84
15 92
15 94
15 97
16 19
16 28
16 34
16 35
16 39
16 42
16 50
16 62
16 63
16 65
16 67
16 72
16 73
16 77
16 78
16 81
16 83
16 84
16 85
16 87
16 92
16 99
17 19
17 25
17 28
17 36
17 38
17 41
17 45
17 46
17 54
17 74
17 81
17 84
17 85
17 91
17 93
17 94
18 22
18 24
18 26
18 30
18 33
18 35
18 42
18 43
18 46
18 52
18 55
18 62
18 65
18 66
18 69
18 79
18 81
18 82
18 84
18 85
18 96
18 97
19 96
19 66
19 68
19 41
19 73
19 74
19 49
19 50
19 80
19 21
19 54
19 58
19 30
19 95
20 32
20 33
20 35
20 99
20 41
20 43
20 48
20 92
20 83
20 85
20 94
20 60
20 62
21 67
21 36
21 37
21 38
21 39
21 40
21 70
21 48
21 84
21 53
21 22
21 86
21 61
21 62
21 95
22 99
22 37
22 69
22 91
22 76
22 77
22 47
22 48
22 52
22 24
22 57
22 59
22 95
22 63
23 35
23 90
23 40
23 43
23 75
23 48
23 82
23 85
23 89
23 26
24 33
24 97
24 98
24 40
24 72
24 44
24 45
24 75
24 81
24 82
24 83
24 86
24 56
24 25
24 95
24 63
25 35
25 40
25 46
25 48
25 92
25 62
25 63
26 33
26 35
26 43
26 45
26 75
26 76
26 52
26 84
26 86
26 57
26 91
26 92
26 94
26 95
27 97
27 37
27 41
27 73
27 76
27 45
27 47
27 49
27 80
27 61
27 52
27 53
27 82
27 87
27 93
27 29
28 89
28 98
28 35
28 99
28 39
28 72
28 41
28 73
28 74
28 45
28 78
28 50
28 84
28 57
28 91
28 92
28 29
28 95
29 98
29 72
29 43
29 44
29 75
29 49
29 83
29 84
29 53
29 86
29 55
29 88
29 62
29 31
30 33
30 64
30 37
30 73
30 75
30 44
30 76
30 49
30 52
30 81
30 82
30 57
30 60
30 95
31 33
31 96
31 36
31 70
31 72
31 47
31 51
31 93
31 55
31 91
31 95
31 63
32 97
32 67
32 36
32 70
32 39
32 41
32 45
32 78
32 92
32 51
32 85
32 55
32 56
32 60
32 93
33 40
33 42
33 45
33 59
33 60
33 61
33 65
33 67
33 68
33 69
33 73
33 77
33 86
33 88
33 89
33 95
33 96
33 99
34 38
34 73
34 75
34 77
34 81
34 50
34 51
34 84
34 85
34 54
34 86
34 87
34 58
34 61
35 97
35 66
35 49
35 50
35 61
36 96
36 69
36 38
36 42
36 74
36 75
36 78
36 50
36 86
36 87
37 97
37 98
37 68
37 71
37 91
37 45
37 79
37 60
38 97
38 39
38 70
38 71
38 98
38 78
38 48
38 50
38 81
38 83
38 90
38 61
39 64
39 41
39 74
39 43
39 46
39 80
39 81
39 82
39 84
40 89
40 69
40 42
40 43
40 44
40 75
40 47
40 48
40 85
40 86
40 59
40 95
40 63
41 66
41 88
41 59
41 73
41 46
41 49
41 50
41 84
41 55
41 86
41 89
42 43
42 46
42 47
42 50
42 51
42 54
42 63
42 65
42 71
42 75
42 76
42 77
42 80
42 94
42 99
43 45
43 46
43 47
43 48
43 64
43 65
43 66
43 67
43 70
43 80
43 87
43 92
43 95
43 98
44 71
44 72
44 74
44 46
44 84
44 89
44 88
45 48
45 50
45 61
45 63
45 68
45 73
45 78
45 79
45 80
45 85
45 86
45 95
46 47
46 50
46 52
46 60
46 61
46 64
46 66
46 67
46 68
46 73
46 80
46 84
46 88
46 94
46 95
46 96
46 98
47 51
47 55
47 57
47 61
47 62
47 65
47 67
47 69
47 74
47 79
47 83
47 85
47 89
48 54
48 57
48 58
48 61
48 62
48 65
48 67
48 71
48 78
48 81
48 86
48 88
48 89
48 91
48 96
49 51
49 54
49 55
49 56
49 62
49 63
49 66
49 67
49 69
49 79
49 83
49 87
49 89
49 90
49 95
50 57
50 59
50 60
50 64
50 66
50 73
50 74
50 77
50 78
50 81
50 87
50 94
50 97
51 67
51 69
51 75
51 54
51 95
51 92
51 93
51 62
52 99
52 70
52 78
52 79
52 82
52 85
52 92
52 63
53 72
53 73
53 79
53 87
53 88
53 90
53 95
54 68
54 69
54 70
54 71
54 72
54 77
54 85
54 55
54 58
54 93
55 64
55 71
55 78
55 80
55 61
55 93
55 90
56 97
56 66
56 69
56 99
56 82
56 83
56 86
56 57
56 91
56 92
56 95
57 68
57 90
57 72
57 60
57 81
57 84
57 62
58 66
58 73
58 81
58 91
58 94
58 95
59 68
59 78
59 79
59 82
59 91
60 64
60 67
60 98
60 70
60 75
60 85
60 94
60 62
60 88
60 95
61 63
61 64
61 67
61 68
61 70
61 71
61 76
61 83
61 97
62 66
62 99
62 85
62 90
63 96
63 67
63 70
63 72
63 84
64 96
64 97
64 67
64 69
64 70
64 71
64 72
64 92
64 84
64 86
65 98
65 99
65 75
65 76
65 77
65 84
66 67
66 68
66 74
66 79
66 81
66 83
66 92
67 70
67 73
67 75
67 77
67 80
67 84
67 92
67 97
67 99
68 89
68 91
68 79
68 81
68 84
68 86
69 72
69 80
69 84
69 86
69 88
69 89
69 92
70 72
70 77
70 78
70 82
70 86
70 87
70 89
70 94
70 97
71 78
71 82
71 86
71 89
71 90
71 92
72 78
72 82
72 83
72 84
72 87
72 92
72 93
73 74
73 77
73 85
73 90
73 91
73 95
73 98
74 76
74 92
74 83
74 87
74 88
74 90
75 98
75 77
75 94
76 99
76 80
76 81
76 87
77 97
77 80
77 83
77 94
78 79
78 81
78 89
78 91
78 92
78 93
78 96
79 81
79 82
79 92
80 83
80 87
80 90
80 94
80 95
81 83
81 86
81 94
81 97
82 83
82 84
82 85
82 90
82 91
82 93
82 96
82 97
83 94
84 87
84 90
84 92
84 93
85 89
85 94
85 96
85 98
86 89
86 98
87 96
87 97
88 97
88 95
89 92
89 96
90 98
90 91
90 93
91 96
91 92
91 95
92 97
92 98
93 95
95 97
96 98
96 99
