100 300
0 51
0 74
0 11
0 70
1 48
1 10
1 77
1 70
2 97
2 8
2 43
2 81
2 82
2 22
2 26
3 73
3 74
3 82
3 20
3 88
3 28
3 63
4 49
4 10
4 53
4 68
4 13
5 97
5 34
5 67
5 68
5 12
5 14
5 48
5 18
5 85
5 26
5 27
6 72
6 77
6 14
6 19
6 21
6 57
7 73
7 11
7 94
7 39
8 77
9 16
9 41
9 83
9 19
9 70
10 36
10 87
10 58
10 28
10 30
10 63
11 69
11 78
11 82
11 25
12 18
12 29
12 77
13 71
13 73
13 46
13 57
13 91
14 34
14 66
14 15
14 24
14 88
14 92
14 93
15 41
15 90
15 99
15 55
16 67
16 35
16 44
17 65
17 49
17 20
17 38
18 71
18 48
18 85
18 95
19 66
19 35
19 37
19 39
19 69
19 77
19 23
20 65
20 42
20 22
21 33
21 76
21 49
21 90
21 59
22 99
22 93
22 79
23 68
23 49
23 86
23 30
23 62
23 95
24 32
24 62
24 91
25 98
25 50
25 55
25 93
25 95
26 80
26 49
26 74
27 53
27 78
28 40
28 83
28 85
28 53
29 32
29 33
29 37
29 74
29 78
29 55
30 69
30 74
30 42
30 61
31 48
31 73
31 84
32 94
32 62
32 79
33 88
33 51
33 93
34 35
34 73
34 76
34 46
34 50
34 90
34 60
35 81
35 83
35 55
36 90
36 50
36 58
37 74
38 88
38 42
38 53
39 44
39 81
39 83
39 54
40 98
40 74
40 46
40 79
40 56
40 88
41 98
41 49
41 84
41 57
41 91
42 67
42 77
42 45
43 81
43 55
43 97
43 47
44 64
44 98
44 49
44 85
45 97
45 99
45 72
45 76
45 50
45 57
45 60
45 95
46 97
46 55
47 76
47 53
47 86
47 57
47 93
48 65
48 86
50 72
50 76
50 83
50 60
51 61
51 53
51 78
52 64
52 80
52 60
52 55
53 65
53 74
53 91
53 85
54 96
54 90
54 71
54 62
55 98
55 71
55 94
56 66
57 98
57 99
57 71
57 72
59 80
59 94
59 77
59 70
60 88
60 61
60 95
61 73
61 75
61 91
61 95
62 89
63 99
63 73
63 69
64 80
64 98
65 66
66 76
66 88
66 93
67 85
69 84
70 72
70 76
71 76
71 79
71 91
71 95
72 84
73 83
73 93
73 87
74 98
74 93
74 91
75 97
76 87
77 79
77 81
78 86
79 84
80 98
80 86
80 95
83 88
84 93
84 95
87 98
87 88
87 89
87 91
88 95
89 96
89 95
91 99
94 96
96 98
97 99
