100 2000
0 7
0 11
0 12
0 18
0 19
0 22
0 23
0 27
0 34
0 36
0 38
0 41
0 42
0 44
0 48
0 49
0 53
0 54
0 55
0 57
0 59
0 60
0 61
0 63
0 65
0 68
0 69
0 72
0 75
0 76
0 78
0 81
0 83
0 87
0 89
0 90
0 91
0 92
0 93
0 96
0 98
1 2
1 4
1 7
1 16
1 21
1 22
1 23
1 24
1 26
1 29
1 31
1 32
1 34
1 36
1 37
1 38
1 44
1 49
1 51
1 52
1 58
1 59
1 61
1 62
1 63
1 66
1 68
1 70
1 72
1 73
1 74
1 76
1 78
1 79
1 80
1 81
1 83
1 84
1 86
1 87
1 88
1 89
1 91
1 92
2 4
2 7
2 8
2 10
2 14
2 18
2 19
2 20
2 30
2 31
2 32
2 33
2 34
2 38
2 43
2 46
2 48
2 52
2 54
2 57
2 60
2 64
2 66
2 69
2 70
2 74
2 75
2 77
2 80
2 81
2 86
2 88
2 91
2 93
2 94
2 95
2 96
2 99
3 5
3 8
3 10
3 11
3 14
3 15
3 17
3 19
3 21
3 25
3 27
3 29
3 31
3 32
3 36
3 43
3 46
3 47
3 52
3 53
3 54
3 57
3 58
3 63
3 67
3 71
3 72
3 73
3 74
3 77
3 79
3 80
3 82
3 87
3 88
3 96
4 5
4 10
4 12
4 14
4 19
4 21
4 22
4 23
4 24
4 26
4 29
4 33
4 35
4 43
4 46
4 49
4 50
4 51
4 52
4 55
4 56
4 63
4 67
4 70
4 72
4 83
4 84
4 85
4 87
4 88
4 89
4 93
4 94
4 97
4 98
4 99
5 7
5 11
5 14
5 18
5 21
5 23
5 24
5 27
5 32
5 34
5 37
5 39
5 40
5 42
5 43
5 45
5 48
5 49
5 56
5 62
5 64
5 72
5 73
5 75
5 77
5 79
5 81
5 82
5 83
5 84
5 85
5 86
5 88
5 89
5 90
5 91
5 97
5 98
5 99
6 8
6 14
6 16
6 17
6 19
6 21
6 22
6 23
6 24
6 25
6 27
6 28
6 29
6 31
6 32
6 33
6 34
6 35
6 36
6 37
6 39
6 42
6 45
6 47
6 50
6 52
6 53
6 54
6 63
6 64
6 65
6 66
6 68
6 76
6 81
6 83
6 84
6 86
6 88
6 91
6 92
6 94
6 96
7 8
7 11
7 12
7 13
7 14
7 15
7 16
7 18
7 20
7 21
7 22
7 24
7 27
7 28
7 30
7 31
7 34
7 36
7 38
7 42
7 43
7 44
7 46
7 51
7 54
7 59
7 62
7 63
7 64
7 67
7 69
7 70
7 72
7 79
7 80
7 81
7 83
7 85
7 87
7 90
7 92
7 99
8 11
8 13
8 21
8 22
8 24
8 26
8 27
8 28
8 29
8 32
8 37
8 38
8 40
8 41
8 42
8 44
8 45
8 46
8 47
8 49
8 52
8 53
8 55
8 56
8 57
8 59
8 62
8 63
8 65
8 68
8 70
8 71
8 74
8 75
8 76
8 77
8 80
8 83
8 84
8 88
8 90
8 93
8 98
9 11
9 12
9 13
9 14
9 16
9 17
9 20
9 21
9 23
9 24
9 25
9 27
9 28
9 29
9 36
9 40
9 42
9 46
9 50
9 51
9 53
9 54
9 55
9 56
9 57
9 59
9 61
9 63
9 67
9 69
9 70
9 73
9 77
9 78
9 79
9 82
9 84
9 85
9 86
9 88
9 89
9 90
9 95
10 11
10 12
10 13
10 14
10 15
10 19
10 20
10 23
10 28
10 35
10 39
10 42
10 43
10 48
10 50
10 54
10 58
10 59
10 61
10 64
10 66
10 68
10 74
10 76
10 77
10 78
10 81
10 87
10 89
10 90
10 91
10 94
10 98
10 99
11 12
11 13
11 14
11 17
11 18
11 23
11 24
11 25
11 26
11 27
11 28
11 29
11 32
11 34
11 37
11 39
11 45
11 47
11 48
11 49
11 50
11 52
11 54
11 55
11 58
11 61
11 64
11 66
11 67
11 72
11 73
11 74
11 75
11 76
11 78
11 80
11 83
11 90
11 96
12 16
12 17
12 20
12 25
12 26
12 27
12 29
12 31
12 32
12 34
12 36
12 37
12 38
12 39
12 41
12 42
12 43
12 45
12 47
12 49
12 50
12 53
12 55
12 56
12 62
12 66
12 71
12 76
12 81
12 86
12 87
12 89
12 91
12 92
12 93
12 96
13 14
13 17
13 18
13 21
13 22
13 24
13 26
13 27
13 28
13 30
13 34
13 36
13 38
13 39
13 40
13 41
13 43
13 45
13 46
13 49
13 53
13 55
13 56
13 57
13 59
13 64
13 65
13 68
13 69
13 71
13 72
13 82
13 87
13 88
13 89
13 91
13 92
13 95
13 99
14 15
14 20
14 26
14 27
14 30
14 32
14 36
14 39
14 40
14 41
14 44
14 48
14 49
14 50
14 51
14 54
14 55
14 58
14 59
14 61
14 64
14 65
14 66
14 72
14 74
14 76
14 80
14 81
14 82
14 84
14 86
14 88
14 92
14 93
14 95
14 96
15 17
15 18
15 23
15 26
15 32
15 33
15 34
15 38
15 39
15 48
15 51
15 54
15 58
15 62
15 66
15 67
15 68
15 69
15 70
15 74
15 75
15 76
15 77
15 78
15 79
15 80
15 85
15 87
15 88
15 89
15 90
15 91
15 94
15 96
15 99
16 18
16 31
16 34
16 36
16 38
16 41
16 42
16 48
16 51
16 53
16 58
16 62
16 63
16 67
16 68
16 71
16 75
16 78
16 79
16 80
16 81
16 83
16 84
16 85
16 88
16 90
16 91
16 99
17 21
17 23
17 25
17 26
17 27
17 28
17 31
17 36
17 37
17 39
17 41
17 42
17 43
17 44
17 48
17 49
17 50
17 52
17 54
17 58
17 59
17 61
17 62
17 64
17 69
17 74
17 78
17 80
17 81
17 83
17 85
17 88
17 91
17 96
17 98
18 19
18 21
18 24
18 28
18 29
18 38
18 40
18 44
18 45
18 46
18 52
18 56
18 58
18 59
18 66
18 67
18 69
18 70
18 74
18 77
18 83
18 84
18 86
18 87
18 93
18 94
18 95
18 99
19 21
19 26
19 28
19 31
19 38
19 39
19 43
19 47
19 52
19 53
19 54
19 55
19 57
19 60
19 61
19 62
19 64
19 66
19 67
19 70
19 74
19 76
19 80
19 82
19 83
19 84
19 91
19 98
20 24
20 28
20 30
20 33
20 36
20 38
20 39
20 40
20 42
20 46
20 56
20 57
20 60
20 64
20 67
20 70
20 72
20 73
20 74
20 78
20 84
20 87
20 89
20 93
20 94
20 96
20 97
20 99
21 22
21 24
21 28
21 30
21 32
21 36
21 39
21 40
21 46
21 48
21 50
21 52
21 54
21 57
21 58
21 61
21 64
21 67
21 70
21 72
21 73
21 75
21 78
21 81
21 82
21 90
21 91
21 94
21 95
21 96
21 99
22 23
22 26
22 29
22 30
22 33
22 34
22 38
22 39
22 47
22 49
22 50
22 52
22 53
22 54
22 55
22 57
22 61
22 63
22 69
22 71
22 72
22 73
22 75
22 76
22 77
22 78
22 80
22 81
22 82
22 84
22 85
22 86
22 87
22 93
22 94
22 95
22 97
23 25
23 27
23 29
23 30
23 31
23 32
23 34
23 35
23 39
23 40
23 42
23 43
23 45
23 46
23 47
23 53
23 54
23 55
23 58
23 60
23 63
23 64
23 66
23 70
23 74
23 77
23 82
23 86
23 87
23 88
23 89
23 94
23 96
23 97
24 25
24 30
24 31
24 33
24 36
24 38
24 41
24 45
24 47
24 50
24 51
24 52
24 54
24 56
24 58
24 61
24 62
24 63
24 67
24 69
24 70
24 72
24 73
24 74
24 80
24 83
24 84
24 87
24 88
24 89
24 91
24 92
24 93
24 96
24 98
25 26
25 29
25 30
25 31
25 35
25 39
25 40
25 46
25 50
25 57
25 58
25 61
25 72
25 73
25 77
25 82
25 84
25 85
25 86
25 87
25 91
25 96
26 27
26 28
26 29
26 34
26 38
26 42
26 46
26 47
26 51
26 52
26 53
26 55
26 56
26 58
26 59
26 64
26 65
26 67
26 69
26 73
26 74
26 75
26 76
26 79
26 83
26 85
26 87
26 88
26 94
26 99
27 28
27 31
27 32
27 36
27 37
27 41
27 42
27 45
27 46
27 48
27 49
27 51
27 55
27 57
27 60
27 61
27 62
27 66
27 69
27 71
27 75
27 78
27 82
27 85
27 90
27 92
27 94
27 95
27 96
27 98
27 99
28 32
28 36
28 37
28 38
28 39
28 43
28 44
28 51
28 52
28 53
28 55
28 56
28 59
28 62
28 64
28 65
28 67
28 70
28 73
28 74
28 75
28 76
28 77
28 78
28 79
28 80
28 84
28 85
28 91
28 92
28 93
28 94
28 95
28 96
28 97
29 35
29 37
29 43
29 48
29 51
29 54
29 55
29 60
29 61
29 63
29 67
29 68
29 69
29 71
29 76
29 79
29 81
29 82
29 84
29 87
29 88
29 90
29 98
29 99
30 31
30 35
30 36
30 37
30 42
30 48
30 50
30 51
30 52
30 55
30 56
30 57
30 58
30 60
30 69
30 70
30 72
30 76
30 77
30 80
30 81
30 82
30 84
30 85
30 87
30 89
30 90
30 93
30 94
30 97
30 99
31 34
31 38
31 39
31 41
31 42
31 43
31 47
31 49
31 50
31 53
31 57
31 59
31 60
31 61
31 62
31 64
31 65
31 68
31 70
31 71
31 73
31 75
31 78
31 80
31 81
31 82
31 85
31 87
31 88
31 90
31 91
32 33
32 34
32 36
32 38
32 46
32 48
32 51
32 52
32 53
32 55
32 59
32 60
32 66
32 68
32 70
32 74
32 77
32 78
32 79
32 80
32 81
32 82
32 84
32 87
32 88
32 90
32 91
32 92
32 96
32 97
32 99
33 34
33 36
33 42
33 45
33 48
33 53
33 59
33 64
33 65
33 66
33 67
33 70
33 72
33 78
33 79
33 80
33 83
33 84
33 85
33 87
33 89
33 95
33 96
34 37
34 38
34 39
34 40
34 53
34 56
34 58
34 60
34 61
34 62
34 64
34 65
34 68
34 71
34 73
34 75
34 76
34 77
34 79
34 85
34 90
34 91
34 93
35 39
35 42
35 46
35 54
35 61
35 64
35 66
35 68
35 69
35 73
35 74
35 78
35 79
35 85
35 87
35 89
35 91
35 92
35 95
35 96
35 97
35 99
36 45
36 47
36 48
36 50
36 51
36 52
36 54
36 56
36 59
36 61
36 62
36 64
36 67
36 70
36 75
36 76
36 77
36 78
36 79
36 80
36 82
36 86
36 87
36 90
36 92
36 93
36 96
36 98
37 38
37 39
37 40
37 42
37 43
37 44
37 48
37 50
37 53
37 54
37 57
37 63
37 64
37 66
37 72
37 73
37 74
37 75
37 78
37 80
37 82
37 84
37 86
37 90
37 95
37 97
37 98
38 39
38 40
38 43
38 45
38 46
38 47
38 48
38 49
38 51
38 52
38 53
38 58
38 59
38 61
38 62
38 63
38 64
38 70
38 75
38 77
38 79
38 84
38 91
38 93
38 94
38 96
38 98
39 41
39 44
39 45
39 47
39 48
39 51
39 54
39 55
39 58
39 61
39 64
39 65
39 73
39 77
39 79
39 80
39 81
39 83
39 86
39 87
39 91
39 92
39 96
39 99
40 41
40 45
40 47
40 48
40 49
40 52
40 53
40 55
40 58
40 59
40 62
40 64
40 65
40 66
40 70
40 72
40 73
40 74
40 75
40 76
40 78
40 79
40 81
40 83
40 84
40 85
40 87
40 90
40 91
41 43
41 44
41 46
41 51
41 52
41 54
41 59
41 60
41 61
41 63
41 70
41 73
41 74
41 77
41 79
41 83
41 85
41 90
42 43
42 45
42 50
42 53
42 56
42 57
42 58
42 63
42 65
42 67
42 69
42 71
42 72
42 76
42 80
42 81
42 83
42 92
42 99
43 44
43 46
43 50
43 51
43 52
43 53
43 54
43 55
43 56
43 58
43 61
43 63
43 64
43 65
43 66
43 69
43 72
43 73
43 79
43 83
43 84
43 86
43 87
43 88
43 89
43 92
43 93
43 97
43 98
43 99
44 48
44 51
44 53
44 57
44 60
44 61
44 62
44 63
44 69
44 72
44 73
44 76
44 78
44 83
44 84
44 85
44 87
44 89
44 90
44 99
45 52
45 53
45 54
45 59
45 61
45 64
45 67
45 68
45 70
45 72
45 79
45 80
45 82
45 83
45 84
45 86
45 87
45 88
45 90
45 92
45 93
45 95
46 51
46 53
46 54
46 56
46 57
46 65
46 69
46 70
46 72
46 76
46 78
46 81
46 85
46 88
46 92
46 96
46 97
46 99
47 48
47 50
47 64
47 67
47 68
47 70
47 84
47 86
47 87
47 90
47 93
47 94
47 96
48 49
48 51
48 52
48 53
48 59
48 60
48 64
48 67
48 68
48 70
48 74
48 75
48 76
48 77
48 78
48 81
48 87
48 88
48 90
48 91
48 92
48 93
48 96
48 98
49 52
49 66
49 68
49 69
49 72
49 73
49 78
49 79
49 81
49 82
49 88
49 89
49 93
49 94
49 95
49 96
49 98
50 51
50 54
50 55
50 58
50 63
50 65
50 69
50 72
50 74
50 75
50 76
50 77
50 78
50 79
50 80
50 81
50 84
50 87
50 89
50 95
50 96
50 98
50 99
51 56
51 59
51 62
51 65
51 69
51 71
51 76
51 79
51 84
51 85
51 90
51 96
52 53
52 54
52 55
52 58
52 61
52 62
52 66
52 67
52 70
52 72
52 73
52 74
52 75
52 78
52 83
52 86
52 87
52 91
52 93
52 94
52 97
52 98
53 58
53 60
53 63
53 66
53 67
53 70
53 72
53 73
53 77
53 86
53 91
53 92
53 94
53 97
53 98
54 57
54 61
54 62
54 65
54 68
54 69
54 72
54 73
54 74
54 75
54 79
54 80
54 87
54 92
54 93
55 56
55 59
55 61
55 66
55 70
55 71
55 73
55 76
55 77
55 80
55 81
55 82
55 84
55 90
55 93
55 94
55 95
55 96
55 98
56 60
56 61
56 68
56 73
56 77
56 80
56 81
56 82
56 84
56 85
56 86
56 93
57 66
57 68
57 69
57 70
57 71
57 72
57 74
57 80
57 89
57 90
57 91
57 92
57 93
57 94
58 66
58 68
58 70
58 71
58 72
58 73
58 75
58 77
58 78
58 79
58 80
58 83
58 86
58 87
58 90
58 91
58 94
58 96
58 99
59 64
59 69
59 77
59 81
59 82
59 86
59 88
59 90
59 94
59 95
59 96
59 97
59 98
60 63
60 64
60 65
60 69
60 76
60 78
60 80
60 85
60 87
60 89
60 94
60 95
61 63
61 66
61 68
61 75
61 77
61 78
61 80
61 84
61 85
61 86
61 87
61 88
61 90
61 95
62 68
62 69
62 73
62 75
62 79
62 80
62 81
62 84
62 85
62 86
62 98
62 99
63 67
63 69
63 72
63 74
63 75
63 77
63 79
63 80
63 82
63 83
63 84
63 85
63 87
63 89
63 91
63 95
63 97
63 98
63 99
64 68
64 69
64 71
64 72
64 79
64 80
64 83
64 85
64 88
64 90
64 93
64 96
65 69
65 72
65 74
65 79
65 80
65 83
65 94
65 96
65 97
65 99
66 69
66 70
66 71
66 72
66 77
66 78
66 79
66 82
66 85
66 87
66 89
66 94
67 70
67 75
67 79
67 83
67 84
67 86
67 90
67 91
67 92
67 94
67 96
67 98
67 99
68 69
68 70
68 71
68 73
68 74
68 77
68 78
68 79
68 80
68 81
68 82
68 83
68 85
68 86
68 88
68 89
68 91
68 93
68 94
68 95
68 99
69 72
69 74
69 76
69 81
69 83
69 86
69 89
69 92
69 93
69 94
69 95
69 98
69 99
70 75
70 77
70 78
70 83
70 85
70 86
70 87
70 89
70 91
70 92
70 96
70 99
71 72
71 78
71 80
71 81
71 83
71 85
71 89
71 91
71 92
71 95
72 73
72 76
72 78
72 79
72 82
72 84
72 86
72 87
72 88
72 90
72 92
72 93
72 94
72 96
72 98
73 74
73 80
73 81
73 83
73 84
73 85
73 88
73 92
73 93
73 94
73 95
73 97
73 99
74 75
74 79
74 80
74 81
74 84
74 91
74 96
75 76
75 85
75 91
75 93
75 95
75 96
75 97
76 77
76 82
76 83
76 89
76 91
76 93
76 94
76 95
76 96
77 78
77 79
77 81
77 82
77 83
77 89
77 90
77 91
77 93
77 97
77 98
78 80
78 87
78 89
78 91
78 94
78 95
78 99
79 80
79 81
79 82
79 85
79 87
79 88
79 89
79 91
79 94
79 95
79 97
79 98
80 82
80 83
80 84
80 85
80 87
80 90
80 91
80 92
80 94
80 96
80 98
80 99
81 83
81 86
81 89
81 91
81 98
82 84
82 86
82 88
82 93
82 97
82 99
83 88
83 89
83 96
83 97
83 98
84 87
84 88
84 93
84 94
84 95
84 97
84 99
85 88
85 91
85 95
85 97
85 98
86 88
86 89
86 93
86 95
86 99
87 93
87 97
87 98
87 99
88 89
88 97
88 98
89 93
90 91
90 92
90 95
90 97
90 99
91 94
91 95
91 96
91 99
92 95
92 97
93 95
93 96
93 97
93 98
