100 300
0 8
0 80
0 63
1 71
1 7
1 43
1 11
1 49
1 28
1 95
2 32
2 9
2 59
2 13
2 55
3 64
3 69
3 13
3 17
3 82
3 85
3 93
3 63
4 73
4 48
4 85
4 60
4 61
4 94
5 64
5 6
5 8
5 74
5 50
5 91
6 39
6 40
6 42
6 17
6 23
6 91
6 29
6 31
7 35
7 43
7 46
7 81
7 20
7 93
7 61
8 11
8 89
8 26
8 93
9 85
9 43
9 34
9 69
10 56
10 33
10 86
11 35
11 47
11 18
11 91
11 28
11 63
12 35
12 67
12 99
12 85
12 55
12 57
12 27
12 95
12 31
13 17
13 52
13 97
14 42
14 90
14 74
14 22
14 30
15 32
15 79
15 49
15 19
15 56
15 89
15 58
16 98
16 38
16 73
16 23
16 56
16 63
17 84
17 21
17 22
17 86
17 92
18 34
18 67
18 36
18 68
18 98
18 19
18 56
18 58
18 63
18 31
19 35
19 68
19 22
19 25
19 28
20 92
20 77
21 49
21 77
21 38
21 39
22 69
22 81
22 51
22 82
22 56
22 92
22 29
23 65
23 69
23 70
23 43
23 86
23 57
23 58
23 28
23 94
23 31
24 65
25 72
25 36
25 46
26 96
26 35
26 72
26 50
26 29
27 43
27 84
27 54
27 55
27 90
27 30
28 40
28 48
28 95
29 71
29 72
29 49
29 91
29 60
30 99
31 97
31 67
31 68
32 35
32 92
33 72
33 73
33 48
33 49
33 57
34 68
34 49
34 56
34 88
35 68
35 52
36 72
36 49
36 47
37 40
37 54
37 56
37 46
37 62
38 40
38 68
38 70
39 97
39 98
39 67
39 69
39 57
39 59
39 61
40 57
40 95
41 67
41 72
41 47
41 51
41 62
41 95
42 54
42 82
43 66
43 98
43 87
43 56
44 57
44 52
45 67
45 51
45 53
45 46
46 64
46 99
46 49
47 67
47 99
47 86
47 87
47 57
48 96
48 55
48 88
48 93
49 68
49 91
50 91
50 76
51 85
52 97
52 92
52 93
53 82
53 59
55 98
55 75
56 76
57 96
57 98
57 59
57 93
58 69
58 71
58 84
58 61
59 97
59 98
59 72
60 88
60 68
60 63
61 96
61 70
61 87
61 62
62 96
62 98
62 73
62 94
63 66
63 92
63 80
64 97
64 68
64 72
65 85
66 80
66 83
67 77
67 94
68 82
68 91
69 99
69 90
69 75
70 86
71 79
73 76
73 91
74 96
74 99
74 84
76 94
78 99
78 89
78 83
80 91
81 98
81 84
81 95
82 92
85 90
86 92
98 99
