100 2000
0 2
0 3
0 7
0 9
0 16
0 19
0 23
0 24
0 27
0 29
0 33
0 36
0 37
0 41
0 44
0 47
0 48
0 49
0 50
0 51
0 52
0 53
0 55
0 57
0 58
0 60
0 62
0 63
0 64
0 66
0 71
0 74
0 76
0 78
0 79
0 81
0 82
0 86
0 87
0 93
0 94
0 97
0 98
1 3
1 5
1 8
1 11
1 13
1 16
1 18
1 19
1 20
1 25
1 26
1 27
1 32
1 36
1 38
1 45
1 48
1 52
1 56
1 61
1 63
1 64
1 66
1 67
1 76
1 78
1 79
1 81
1 86
1 88
1 90
1 94
1 96
1 97
1 98
2 5
2 6
2 7
2 12
2 14
2 16
2 18
2 20
2 25
2 26
2 29
2 31
2 32
2 33
2 37
2 40
2 41
2 43
2 45
2 52
2 53
2 54
2 57
2 59
2 61
2 62
2 64
2 67
2 68
2 70
2 71
2 73
2 74
2 76
2 78
2 80
2 81
2 85
2 86
2 87
2 89
2 90
2 91
2 93
2 94
2 98
3 4
3 6
3 11
3 12
3 14
3 15
3 20
3 21
3 22
3 26
3 27
3 28
3 29
3 30
3 33
3 36
3 40
3 41
3 42
3 44
3 45
3 47
3 50
3 51
3 52
3 55
3 57
3 61
3 62
3 63
3 64
3 66
3 77
3 78
3 80
3 85
3 86
3 88
3 89
3 94
3 95
3 96
3 97
4 6
4 9
4 12
4 13
4 14
4 16
4 21
4 23
4 24
4 25
4 28
4 29
4 31
4 32
4 33
4 35
4 37
4 38
4 43
4 46
4 47
4 48
4 49
4 50
4 51
4 55
4 56
4 57
4 58
4 60
4 68
4 69
4 71
4 72
4 73
4 75
4 77
4 78
4 84
4 88
4 92
4 94
4 95
4 96
4 97
4 98
4 99
5 6
5 7
5 9
5 10
5 11
5 12
5 13
5 16
5 19
5 20
5 23
5 25
5 26
5 27
5 28
5 30
5 32
5 36
5 38
5 40
5 42
5 48
5 54
5 57
5 58
5 60
5 67
5 69
5 72
5 74
5 78
5 79
5 80
5 81
5 82
5 86
5 90
5 92
5 93
5 95
5 96
6 7
6 11
6 22
6 24
6 30
6 31
6 32
6 34
6 35
6 37
6 42
6 44
6 45
6 46
6 51
6 56
6 57
6 58
6 60
6 63
6 64
6 65
6 70
6 76
6 78
6 79
6 81
6 82
6 88
6 93
6 95
6 96
6 97
6 98
6 99
7 10
7 11
7 12
7 14
7 15
7 19
7 20
7 21
7 25
7 27
7 31
7 32
7 33
7 36
7 37
7 40
7 44
7 48
7 49
7 53
7 54
7 56
7 58
7 60
7 66
7 69
7 71
7 72
7 74
7 76
7 81
7 82
7 85
7 86
7 90
7 91
7 94
7 95
7 96
7 99
8 9
8 10
8 13
8 14
8 17
8 21
8 22
8 24
8 25
8 26
8 28
8 29
8 30
8 33
8 35
8 40
8 41
8 46
8 47
8 49
8 50
8 54
8 61
8 63
8 64
8 65
8 66
8 68
8 69
8 75
8 78
8 81
8 84
8 87
8 88
8 89
8 92
8 97
9 10
9 14
9 15
9 16
9 17
9 18
9 23
9 25
9 26
9 31
9 34
9 36
9 38
9 39
9 41
9 45
9 48
9 49
9 51
9 53
9 54
9 55
9 57
9 61
9 63
9 65
9 67
9 68
9 70
9 71
9 75
9 77
9 78
9 81
9 82
9 87
9 89
9 92
9 93
9 94
9 96
9 98
10 17
10 18
10 24
10 25
10 33
10 36
10 39
10 42
10 45
10 46
10 48
10 49
10 50
10 52
10 54
10 57
10 59
10 61
10 62
10 67
10 68
10 72
10 75
10 79
10 82
10 86
10 93
10 95
11 15
11 19
11 22
11 23
11 25
11 29
11 30
11 31
11 33
11 37
11 38
11 39
11 50
11 52
11 53
11 54
11 56
11 57
11 59
11 62
11 65
11 66
11 67
11 76
11 79
11 80
11 81
11 82
11 84
11 86
11 89
11 90
11 92
11 94
11 95
11 97
11 98
12 13
12 14
12 18
12 19
12 20
12 21
12 24
12 27
12 30
12 42
12 43
12 44
12 46
12 50
12 52
12 53
12 56
12 57
12 58
12 62
12 64
12 75
12 76
12 82
12 84
12 87
12 93
12 94
12 95
12 98
13 14
13 15
13 17
13 19
13 22
13 24
13 26
13 33
13 36
13 37
13 40
13 43
13 46
13 48
13 49
13 55
13 56
13 60
13 61
13 62
13 66
13 67
13 69
13 74
13 78
13 79
13 80
13 82
13 84
13 87
13 93
13 94
13 95
13 96
13 98
14 15
14 19
14 24
14 26
14 28
14 29
14 30
14 33
14 41
14 42
14 46
14 47
14 50
14 51
14 52
14 58
14 67
14 68
14 72
14 73
14 74
14 79
14 81
14 82
14 83
14 86
14 87
14 88
14 89
14 93
14 94
14 99
15 17
15 19
15 22
15 23
15 25
15 26
15 29
15 38
15 39
15 41
15 42
15 46
15 48
15 49
15 50
15 51
15 52
15 60
15 61
15 62
15 65
15 68
15 69
15 71
15 72
15 75
15 78
15 79
15 83
15 85
15 90
15 93
15 97
16 17
16 22
16 24
16 29
16 30
16 31
16 32
16 38
16 39
16 40
16 41
16 44
16 46
16 53
16 54
16 56
16 58
16 60
16 61
16 63
16 64
16 65
16 66
16 67
16 71
16 74
16 80
16 83
16 85
16 86
16 88
16 89
16 92
16 93
16 94
16 95
16 97
16 98
16 99
17 21
17 22
17 23
17 24
17 26
17 27
17 28
17 29
17 31
17 33
17 38
17 42
17 47
17 48
17 49
17 61
17 62
17 65
17 66
17 77
17 79
17 80
17 81
17 82
17 84
17 86
17 87
17 88
17 90
17 91
17 93
17 95
17 99
18 20
18 23
18 25
18 26
18 28
18 29
18 31
18 32
18 34
18 41
18 47
18 56
18 61
18 65
18 66
18 68
18 71
18 75
18 77
18 81
18 83
18 86
18 88
18 89
18 92
18 93
18 94
18 95
18 97
19 20
19 21
19 26
19 27
19 28
19 32
19 37
19 42
19 44
19 47
19 49
19 50
19 51
19 52
19 54
19 56
19 58
19 61
19 62
19 63
19 66
19 67
19 69
19 71
19 73
19 75
19 76
19 78
19 86
19 89
19 91
19 95
19 98
20 21
20 23
20 24
20 26
20 30
20 31
20 33
20 34
20 35
20 36
20 39
20 40
20 43
20 49
20 50
20 52
20 53
20 54
20 56
20 57
20 66
20 68
20 69
20 73
20 84
20 85
20 89
20 93
20 95
20 98
20 99
21 22
21 23
21 24
21 26
21 30
21 31
21 32
21 34
21 38
21 40
21 41
21 43
21 44
21 45
21 46
21 53
21 55
21 59
21 62
21 64
21 67
21 68
21 71
21 76
21 77
21 78
21 80
21 81
21 85
21 87
21 89
21 91
21 92
21 94
21 95
21 98
21 99
22 23
22 26
22 27
22 29
22 34
22 36
22 38
22 43
22 48
22 49
22 50
22 51
22 55
22 56
22 57
22 60
22 62
22 63
22 64
22 66
22 67
22 73
22 75
22 76
22 78
22 79
22 80
22 81
22 84
22 85
22 88
22 89
22 97
23 29
23 33
23 34
23 39
23 45
23 51
23 59
23 61
23 62
23 67
23 70
23 73
23 74
23 75
23 79
23 80
23 81
23 90
23 93
23 95
23 96
23 97
24 27
24 28
24 36
24 38
24 39
24 43
24 45
24 46
24 47
24 48
24 50
24 53
24 58
24 62
24 63
24 64
24 66
24 69
24 78
24 79
24 80
24 81
24 86
24 88
24 90
24 92
24 93
24 95
24 99
25 26
25 28
25 32
25 35
25 36
25 37
25 46
25 47
25 48
25 49
25 51
25 55
25 57
25 62
25 63
25 66
25 69
25 73
25 75
25 76
25 82
25 84
25 85
25 87
25 89
25 90
25 91
25 93
25 95
25 97
25 98
25 99
26 27
26 28
26 42
26 43
26 49
26 50
26 54
26 55
26 58
26 59
26 60
26 68
26 70
26 74
26 78
26 79
26 80
26 84
26 85
26 90
26 91
26 93
26 94
26 95
26 97
26 98
26 99
27 30
27 31
27 35
27 38
27 41
27 42
27 43
27 44
27 45
27 46
27 48
27 49
27 52
27 57
27 58
27 61
27 62
27 65
27 66
27 67
27 69
27 70
27 71
27 73
27 84
27 87
27 90
27 98
28 29
28 30
28 33
28 37
28 39
28 41
28 42
28 46
28 47
28 51
28 56
28 58
28 59
28 60
28 62
28 63
28 65
28 67
28 70
28 75
28 77
28 78
28 81
28 83
28 84
28 86
28 94
28 98
29 30
29 35
29 38
29 40
29 41
29 42
29 44
29 45
29 46
29 47
29 49
29 50
29 52
29 53
29 56
29 63
29 67
29 82
29 84
29 85
29 92
29 94
29 95
29 96
29 97
29 98
30 31
30 32
30 33
30 35
30 36
30 37
30 38
30 42
30 44
30 46
30 49
30 51
30 54
30 55
30 60
30 61
30 64
30 71
30 73
30 74
30 77
30 78
30 81
30 82
30 85
30 86
30 96
30 97
30 98
31 33
31 40
31 41
31 43
31 45
31 48
31 49
31 50
31 56
31 58
31 62
31 64
31 65
31 70
31 71
31 74
31 76
31 79
31 80
31 89
31 91
31 95
31 97
32 38
32 44
32 45
32 47
32 48
32 50
32 52
32 55
32 56
32 64
32 68
32 69
32 70
32 73
32 75
32 80
32 83
32 91
32 96
33 34
33 35
33 37
33 39
33 40
33 42
33 43
33 45
33 48
33 49
33 55
33 56
33 59
33 60
33 61
33 63
33 64
33 67
33 70
33 73
33 77
33 80
33 81
33 87
33 88
33 89
33 93
33 97
34 36
34 41
34 42
34 43
34 47
34 50
34 53
34 55
34 56
34 57
34 58
34 59
34 62
34 66
34 67
34 74
34 79
34 80
34 81
34 83
34 84
34 85
34 93
34 95
34 99
35 38
35 41
35 45
35 47
35 50
35 53
35 54
35 56
35 58
35 60
35 62
35 64
35 65
35 66
35 67
35 71
35 72
35 73
35 74
35 78
35 79
35 84
35 89
35 93
35 94
35 99
36 38
36 40
36 43
36 47
36 48
36 49
36 50
36 53
36 58
36 61
36 62
36 66
36 69
36 77
36 80
36 85
36 86
36 88
36 93
36 99
37 38
37 39
37 43
37 45
37 47
37 49
37 50
37 51
37 55
37 58
37 61
37 63
37 67
37 71
37 73
37 78
37 79
37 81
37 82
37 84
37 86
37 87
37 93
37 95
37 97
38 40
38 41
38 42
38 43
38 45
38 47
38 51
38 54
38 56
38 57
38 62
38 64
38 65
38 66
38 67
38 68
38 69
38 72
38 73
38 74
38 80
38 82
38 84
38 85
38 86
38 94
38 96
38 97
39 40
39 43
39 44
39 45
39 46
39 48
39 50
39 51
39 54
39 56
39 58
39 60
39 62
39 63
39 66
39 67
39 71
39 72
39 73
39 74
39 80
39 81
39 83
39 84
39 85
39 87
39 90
39 92
39 94
39 95
40 45
40 49
40 54
40 57
40 59
40 60
40 62
40 70
40 71
40 74
40 76
40 78
40 79
40 81
40 82
40 83
40 85
40 86
40 89
40 91
40 92
40 94
40 96
41 46
41 48
41 53
41 61
41 62
41 66
41 67
41 70
41 72
41 74
41 75
41 76
41 77
41 83
41 84
41 85
41 88
41 94
41 96
41 97
41 98
42 43
42 44
42 45
42 46
42 47
42 49
42 52
42 55
42 57
42 58
42 59
42 63
42 71
42 76
42 77
42 78
42 79
42 82
42 84
42 88
42 92
42 93
42 94
42 95
42 97
42 98
42 99
43 48
43 51
43 53
43 55
43 56
43 62
43 63
43 64
43 65
43 67
43 72
43 74
43 75
43 76
43 78
43 83
43 86
43 87
43 90
43 91
43 92
43 95
43 99
44 45
44 47
44 49
44 56
44 57
44 58
44 59
44 62
44 66
44 69
44 70
44 72
44 74
44 78
44 81
44 88
44 89
44 90
44 92
44 93
44 95
44 97
44 98
45 46
45 48
45 58
45 59
45 60
45 62
45 65
45 69
45 70
45 71
45 73
45 74
45 76
45 77
45 79
45 81
45 84
45 93
45 94
45 95
46 47
46 48
46 54
46 56
46 57
46 58
46 59
46 60
46 64
46 65
46 68
46 71
46 72
46 74
46 78
46 84
46 86
46 87
46 92
46 93
46 94
47 48
47 50
47 51
47 57
47 59
47 60
47 61
47 62
47 64
47 65
47 67
47 70
47 72
47 75
47 77
47 80
47 81
47 82
47 88
47 92
47 97
48 50
48 55
48 58
48 59
48 60
48 62
48 64
48 68
48 69
48 70
48 71
48 73
48 75
48 77
48 79
48 80
48 84
48 86
48 89
48 91
48 94
48 95
48 96
49 53
49 55
49 56
49 58
49 59
49 66
49 68
49 74
49 75
49 78
49 79
49 83
49 84
49 88
49 89
49 93
49 94
49 95
49 96
50 51
50 52
50 58
50 62
50 64
50 67
50 69
50 70
50 71
50 73
50 74
50 78
50 81
50 82
50 85
50 88
50 90
51 53
51 54
51 56
51 58
51 59
51 64
51 65
51 68
51 69
51 74
51 75
51 76
51 77
51 83
51 91
51 93
51 95
51 97
51 99
52 53
52 55
52 58
52 59
52 60
52 64
52 65
52 66
52 69
52 70
52 72
52 74
52 75
52 76
52 77
52 78
52 80
52 82
52 84
52 87
52 88
53 54
53 55
53 58
53 62
53 65
53 67
53 68
53 70
53 71
53 72
53 76
53 77
53 78
53 81
53 84
53 85
53 87
53 88
53 90
53 97
54 55
54 56
54 57
54 58
54 69
54 75
54 77
54 78
54 79
54 81
54 84
54 85
54 87
54 88
54 90
54 92
55 56
55 57
55 58
55 60
55 65
55 79
55 85
55 90
55 91
55 92
56 58
56 59
56 62
56 64
56 66
56 68
56 69
56 75
56 81
56 86
56 87
56 88
56 92
56 93
56 96
56 97
57 62
57 64
57 69
57 74
57 79
57 80
57 81
57 85
57 86
57 88
57 91
57 93
57 94
57 97
57 98
58 59
58 64
58 66
58 68
58 70
58 75
58 76
58 77
58 78
58 80
58 83
58 85
58 93
58 96
58 98
59 61
59 62
59 64
59 68
59 70
59 72
59 74
59 75
59 78
59 80
59 82
59 87
59 88
59 90
59 92
59 93
59 95
59 98
60 64
60 66
60 67
60 68
60 69
60 72
60 73
60 74
60 76
60 84
60 85
60 86
60 87
60 92
60 93
60 94
60 95
60 96
60 98
60 99
61 62
61 63
61 64
61 67
61 70
61 74
61 78
61 79
61 81
61 85
61 87
61 90
61 92
61 95
61 99
62 63
62 65
62 67
62 68
62 70
62 82
62 83
62 85
62 86
62 87
62 88
62 89
62 92
62 95
62 98
63 64
63 65
63 67
63 69
63 73
63 75
63 76
63 77
63 81
63 82
63 83
63 85
63 86
63 87
63 90
63 91
63 94
63 95
63 96
63 97
63 99
64 65
64 66
64 69
64 70
64 72
64 74
64 75
64 76
64 79
64 80
64 81
64 82
64 85
64 86
64 89
64 90
64 91
64 92
64 93
64 94
64 98
65 67
65 69
65 70
65 71
65 78
65 79
65 80
65 81
65 83
65 86
65 88
65 89
65 92
65 93
65 94
65 95
65 96
65 99
66 71
66 72
66 73
66 75
66 76
66 77
66 78
66 81
66 82
66 83
66 86
66 87
66 89
66 91
66 92
66 93
66 95
66 96
66 97
67 69
67 74
67 76
67 82
67 84
67 85
67 88
67 91
67 95
67 96
67 97
68 70
68 73
68 76
68 85
68 86
68 87
68 90
68 91
68 92
68 94
68 95
69 76
69 78
69 84
69 86
69 87
69 88
69 89
69 90
69 91
69 98
69 99
70 74
70 76
70 79
70 80
70 81
70 86
70 88
70 92
70 97
70 99
71 77
71 78
71 79
71 87
71 88
71 91
71 95
71 97
72 73
72 75
72 78
72 81
72 82
72 84
72 86
72 87
72 88
72 89
72 90
72 91
72 94
72 96
72 98
73 74
73 85
73 88
73 89
73 93
73 94
74 79
74 80
74 87
74 89
74 91
74 93
74 95
74 96
74 97
74 99
75 77
75 78
75 79
75 80
75 88
75 90
75 92
75 93
75 95
76 77
76 79
76 80
76 84
76 87
76 91
76 93
76 94
76 98
77 78
77 79
77 80
77 83
77 85
77 86
77 88
77 89
77 90
77 93
77 94
77 95
77 96
77 97
77 98
77 99
78 80
78 83
78 84
78 85
78 87
78 93
78 94
78 97
78 99
79 82
79 85
79 86
79 87
79 90
79 96
79 97
80 82
80 87
80 92
80 94
80 96
80 97
80 99
81 82
81 85
81 89
81 92
81 93
81 94
81 96
81 97
81 98
82 89
82 91
82 95
82 97
82 98
82 99
83 85
83 86
83 88
83 89
83 98
84 94
84 97
85 86
85 88
85 92
85 97
86 87
86 91
86 92
86 94
86 97
86 99
87 88
87 90
87 92
87 94
87 96
87 98
88 89
88 90
88 91
88 93
88 95
88 97
89 96
89 97
90 92
90 98
90 99
91 92
91 93
91 97
92 96
92 97
93 94
93 99
94 97
97 98
97 99
