100 1000
0 32
0 65
0 3
0 4
0 40
0 73
0 45
0 14
0 16
0 48
0 18
0 49
0 53
0 94
0 91
0 60
0 62
1 96
1 65
1 37
1 90
1 73
1 45
1 47
1 79
1 80
1 82
1 84
1 22
1 62
1 26
1 92
1 30
1 63
2 10
2 12
2 22
2 25
2 27
2 28
2 31
2 40
2 49
2 51
2 60
2 66
2 69
2 70
2 72
2 74
2 77
2 83
2 84
2 86
2 91
2 97
3 13
3 19
3 20
3 24
3 27
3 34
3 36
3 42
3 50
3 53
3 58
3 61
3 62
3 69
3 71
3 72
3 82
3 86
3 87
3 89
3 90
3 91
4 15
4 19
4 26
4 27
4 29
4 34
4 47
4 56
4 62
4 65
4 67
4 72
4 74
4 76
4 77
4 79
4 81
4 91
4 93
4 98
4 99
5 98
5 37
5 71
5 72
5 41
5 73
5 43
5 74
5 13
5 77
5 16
5 20
5 87
5 88
5 59
5 94
5 95
6 96
6 97
6 66
6 69
6 70
6 7
6 8
6 73
6 12
6 76
6 48
6 17
6 50
6 85
6 22
6 54
6 57
6 58
6 60
6 63
6 31
7 64
7 34
7 69
7 41
7 11
7 13
7 79
7 48
7 19
7 20
7 21
7 52
7 95
7 56
7 57
7 90
7 29
7 30
7 63
8 65
8 70
8 71
8 73
8 74
8 75
8 12
8 76
8 15
8 50
8 51
8 20
8 21
8 84
8 87
8 90
8 59
9 15
9 16
9 21
9 24
9 38
9 46
9 48
9 53
9 55
9 59
9 64
9 70
9 71
9 73
9 76
9 83
9 85
9 87
9 88
9 91
9 95
9 99
10 13
10 14
10 20
10 21
10 25
10 27
10 32
10 36
10 39
10 41
10 44
10 52
10 65
10 68
10 69
10 73
10 74
10 75
10 80
10 81
10 99
11 99
11 37
11 40
11 41
11 72
11 75
11 12
11 78
11 80
11 18
11 82
11 83
11 56
11 25
11 90
11 29
11 94
12 32
12 96
12 34
12 37
12 71
12 41
12 44
12 13
12 48
12 81
12 20
12 22
12 25
12 58
12 27
12 31
13 19
13 25
13 35
13 50
13 52
13 53
13 54
13 56
13 62
13 66
13 70
13 71
13 76
13 85
13 86
13 87
13 91
13 93
14 42
14 75
14 77
14 48
14 81
14 21
14 86
14 57
14 58
14 93
14 62
14 63
15 33
15 66
15 98
15 68
15 72
15 43
15 79
15 80
15 17
15 49
15 51
15 82
15 83
15 84
15 87
15 60
15 94
15 95
16 33
16 97
16 40
16 75
16 44
16 80
16 81
16 18
16 61
16 93
16 54
16 89
16 29
16 63
17 19
17 22
17 24
17 25
17 26
17 36
17 47
17 48
17 49
17 50
17 52
17 54
17 58
17 61
17 63
17 67
17 70
17 78
17 82
17 84
17 87
17 96
18 32
18 68
18 37
18 38
18 74
18 83
18 93
18 62
18 31
19 25
19 26
19 29
19 34
19 35
19 42
19 50
19 52
19 53
19 61
19 66
19 69
19 76
19 83
19 88
19 92
19 95
20 21
20 22
20 29
20 35
20 41
20 47
20 55
20 57
20 64
20 71
20 75
20 76
20 78
20 81
20 83
20 84
20 85
20 91
20 95
20 99
21 22
21 32
21 34
21 39
21 41
21 42
21 46
21 48
21 59
21 66
21 72
21 74
21 77
21 78
21 85
21 91
21 93
21 94
21 96
22 96
22 35
22 69
22 39
22 72
22 41
22 44
22 80
22 82
22 51
22 88
22 25
22 26
22 60
23 98
23 68
23 90
23 71
23 42
23 46
23 78
23 49
23 84
23 86
23 56
23 58
23 60
23 62
24 32
24 70
24 76
24 49
24 51
24 54
24 25
24 90
24 59
24 57
24 31
25 32
25 33
25 64
25 96
25 71
25 72
25 41
25 91
25 84
25 90
25 27
25 62
26 96
26 33
26 66
26 37
26 40
26 75
26 44
26 76
26 79
26 49
26 81
26 88
26 27
27 96
27 36
27 37
27 67
27 68
27 41
27 71
27 45
27 46
27 86
27 56
27 29
28 32
28 97
28 38
28 74
28 91
28 44
28 76
28 82
28 84
28 56
28 89
28 58
28 59
28 95
29 37
29 68
29 69
29 42
29 75
29 79
29 82
29 51
29 54
29 57
29 90
29 30
30 34
30 67
30 70
30 73
30 75
30 49
30 83
30 52
30 53
30 54
30 93
30 88
30 90
30 91
31 32
31 65
31 98
31 72
31 47
31 81
31 50
31 51
31 54
31 90
31 61
32 42
32 44
32 52
32 55
32 56
32 57
32 60
32 63
32 65
32 72
32 73
32 78
32 84
32 89
32 91
32 96
33 97
33 38
33 70
33 73
33 74
33 75
33 45
33 79
33 81
33 86
33 55
33 56
33 88
33 92
33 61
33 95
34 64
34 97
34 66
34 35
34 99
34 73
34 44
34 80
34 83
34 53
34 54
34 57
34 92
35 37
35 38
35 43
35 75
35 77
35 79
35 55
35 87
36 98
36 38
36 74
36 75
36 45
36 77
36 78
36 91
36 49
36 84
36 86
36 88
36 57
36 60
36 61
36 62
37 43
37 50
37 51
37 56
37 58
37 62
37 69
37 73
37 74
37 80
37 81
37 85
37 86
37 88
37 91
38 99
38 71
38 41
38 73
38 44
38 45
38 48
38 57
38 90
38 91
39 73
39 74
39 80
39 52
39 55
39 56
39 88
39 92
39 62
40 89
40 96
40 74
40 44
40 83
40 84
40 86
40 88
40 57
40 93
41 43
41 48
41 50
41 58
41 66
41 72
41 73
41 74
41 76
41 78
41 86
41 88
41 89
41 95
41 99
42 66
42 47
42 80
42 93
42 53
42 55
42 56
42 60
42 94
43 64
43 96
43 69
43 71
43 45
43 47
43 50
43 83
43 52
43 85
43 88
43 89
43 60
43 94
44 45
44 55
44 63
44 66
44 67
44 69
44 72
44 73
44 79
44 84
44 91
44 92
44 96
44 98
45 70
45 73
45 75
45 76
45 50
45 51
45 52
45 83
45 58
46 68
46 73
46 75
46 76
46 78
46 47
46 83
46 85
46 90
46 62
47 48
47 49
47 56
47 58
47 62
47 65
47 66
47 70
47 72
47 74
47 76
47 78
47 79
47 80
47 88
47 92
47 96
47 98
48 76
48 80
48 82
48 52
48 53
48 88
48 93
49 65
49 66
49 67
49 70
49 79
49 82
49 84
49 85
49 88
49 96
49 97
49 99
50 65
50 68
50 70
50 71
50 74
50 77
50 83
50 84
50 86
50 88
50 92
50 97
50 99
51 64
51 97
51 67
51 70
51 71
51 72
51 76
51 81
51 83
51 85
51 90
52 54
52 57
52 58
52 60
52 63
52 69
52 71
52 77
52 89
52 91
52 97
53 66
53 67
53 99
53 76
53 80
53 86
53 62
53 94
53 92
54 64
54 65
54 67
54 68
54 92
54 84
54 93
54 87
54 94
54 59
54 60
55 96
55 67
55 68
55 98
55 72
55 74
55 89
55 92
56 98
56 67
56 99
56 71
56 74
56 57
56 94
56 63
57 64
57 72
57 77
57 78
57 61
57 91
58 60
58 63
58 66
58 73
58 75
58 76
58 83
58 84
58 86
58 91
58 99
59 89
59 99
59 90
59 75
59 79
59 83
59 85
59 86
59 87
59 95
59 63
60 65
60 68
60 71
60 97
60 77
60 91
60 92
61 66
61 71
61 90
61 93
61 95
62 70
62 76
62 82
62 85
62 86
63 96
63 67
63 97
63 98
63 72
63 75
63 77
63 81
63 85
64 69
64 74
64 75
64 78
64 80
64 85
64 87
65 67
65 96
65 70
65 73
65 74
65 77
65 79
65 80
65 86
66 67
66 72
66 73
66 78
66 79
66 93
67 69
67 73
67 74
67 75
67 77
67 85
67 89
67 90
67 91
68 98
68 70
68 91
68 78
68 80
68 81
68 84
68 89
68 90
69 75
69 80
69 83
69 91
69 95
70 75
70 79
70 86
70 87
70 88
70 89
70 90
70 94
70 96
71 80
71 82
71 92
71 93
71 94
72 74
72 76
72 86
72 91
72 92
73 80
73 94
73 96
74 85
74 87
74 90
74 93
75 81
75 83
75 94
75 96
76 78
76 93
76 97
77 97
77 92
77 82
77 93
78 89
78 79
78 91
78 92
79 86
79 93
79 94
79 95
79 98
79 99
80 90
80 94
80 98
81 86
81 91
81 95
82 98
82 83
82 94
82 85
82 86
82 89
83 84
83 85
83 89
83 91
83 99
84 88
85 88
85 91
85 95
85 97
85 99
86 87
86 89
86 91
86 98
86 99
88 91
88 93
88 97
90 96
91 97
92 97
92 93
93 96
96 97
