100 2000
0 2
0 3
0 5
0 6
0 9
0 10
0 11
0 13
0 15
0 21
0 22
0 24
0 26
0 27
0 28
0 29
0 31
0 32
0 33
0 36
0 37
0 38
0 39
0 41
0 48
0 56
0 57
0 59
0 61
0 63
0 69
0 70
0 74
0 76
0 78
0 79
0 80
0 82
0 83
0 84
0 85
0 88
0 89
0 92
0 93
0 95
0 98
1 3
1 10
1 11
1 14
1 16
1 17
1 18
1 20
1 21
1 23
1 24
1 26
1 27
1 29
1 36
1 38
1 39
1 43
1 44
1 47
1 49
1 51
1 52
1 53
1 55
1 56
1 58
1 59
1 61
1 64
1 68
1 70
1 72
1 81
1 82
1 84
1 85
1 86
1 87
1 91
1 92
1 94
1 95
1 96
2 3
2 4
2 5
2 7
2 10
2 12
2 17
2 28
2 32
2 33
2 35
2 38
2 40
2 45
2 46
2 47
2 48
2 49
2 50
2 53
2 55
2 57
2 60
2 62
2 63
2 64
2 68
2 69
2 74
2 75
2 76
2 77
2 78
2 81
2 85
2 86
2 88
2 93
2 95
2 99
3 4
3 7
3 8
3 12
3 15
3 17
3 18
3 21
3 22
3 23
3 24
3 29
3 31
3 35
3 36
3 38
3 41
3 44
3 49
3 53
3 56
3 61
3 62
3 66
3 68
3 69
3 70
3 73
3 75
3 77
3 78
3 80
3 81
3 83
3 84
3 85
3 86
3 88
3 91
3 95
4 6
4 7
4 11
4 15
4 16
4 17
4 18
4 21
4 22
4 26
4 29
4 31
4 32
4 33
4 34
4 35
4 36
4 37
4 39
4 44
4 46
4 48
4 49
4 52
4 54
4 55
4 58
4 59
4 61
4 62
4 66
4 67
4 68
4 71
4 78
4 79
4 80
4 81
4 86
4 87
4 89
4 90
4 91
5 9
5 13
5 14
5 18
5 20
5 22
5 23
5 24
5 31
5 32
5 33
5 36
5 44
5 46
5 48
5 52
5 54
5 55
5 58
5 62
5 68
5 71
5 72
5 73
5 80
5 81
5 83
5 85
5 90
5 93
5 99
6 7
6 11
6 14
6 15
6 16
6 18
6 19
6 20
6 21
6 22
6 25
6 28
6 29
6 31
6 32
6 37
6 40
6 43
6 46
6 47
6 49
6 50
6 52
6 53
6 55
6 60
6 62
6 63
6 66
6 67
6 71
6 76
6 78
6 81
6 84
6 85
6 87
6 91
6 92
6 94
6 96
6 97
7 15
7 19
7 22
7 23
7 24
7 25
7 30
7 35
7 36
7 37
7 40
7 41
7 44
7 45
7 46
7 47
7 50
7 51
7 53
7 55
7 56
7 58
7 62
7 63
7 66
7 68
7 71
7 75
7 76
7 82
7 85
7 88
7 89
7 90
7 93
7 96
7 97
7 99
8 9
8 13
8 19
8 24
8 26
8 30
8 32
8 33
8 34
8 37
8 39
8 40
8 41
8 43
8 47
8 48
8 49
8 50
8 51
8 53
8 54
8 57
8 58
8 60
8 62
8 63
8 65
8 67
8 69
8 70
8 73
8 76
8 78
8 80
8 81
8 82
8 84
8 85
8 86
8 87
8 91
8 94
8 98
9 11
9 12
9 14
9 16
9 19
9 22
9 23
9 24
9 26
9 32
9 39
9 40
9 42
9 44
9 45
9 46
9 49
9 58
9 59
9 61
9 64
9 69
9 73
9 74
9 75
9 79
9 85
9 91
9 93
9 94
9 97
9 98
10 12
10 16
10 22
10 24
10 25
10 27
10 32
10 36
10 38
10 39
10 40
10 41
10 44
10 52
10 54
10 58
10 60
10 62
10 64
10 66
10 67
10 68
10 70
10 72
10 75
10 81
10 84
10 89
10 90
10 91
10 92
10 93
10 95
10 96
10 98
11 14
11 18
11 20
11 26
11 28
11 29
11 31
11 32
11 43
11 44
11 45
11 48
11 50
11 51
11 53
11 57
11 59
11 60
11 61
11 62
11 64
11 65
11 68
11 70
11 71
11 72
11 75
11 78
11 81
11 85
11 86
11 88
11 89
11 90
11 96
12 16
12 20
12 21
12 23
12 26
12 30
12 35
12 36
12 37
12 43
12 44
12 46
12 48
12 49
12 53
12 57
12 59
12 64
12 66
12 67
12 71
12 74
12 75
12 80
12 81
12 82
12 86
12 88
12 90
12 93
12 95
13 19
13 20
13 21
13 22
13 23
13 24
13 29
13 31
13 34
13 41
13 46
13 47
13 48
13 49
13 53
13 55
13 57
13 58
13 59
13 60
13 62
13 63
13 70
13 71
13 72
13 73
13 75
13 77
13 82
13 85
13 86
13 87
13 89
13 90
13 94
13 98
14 16
14 20
14 24
14 27
14 30
14 31
14 33
14 34
14 35
14 37
14 38
14 39
14 41
14 43
14 45
14 50
14 51
14 52
14 53
14 54
14 56
14 57
14 60
14 66
14 67
14 71
14 74
14 78
14 79
14 80
14 81
14 82
14 86
14 90
14 92
14 93
14 95
14 96
14 97
14 98
15 16
15 20
15 22
15 23
15 24
15 25
15 29
15 30
15 33
15 35
15 39
15 41
15 43
15 44
15 46
15 50
15 51
15 52
15 54
15 55
15 59
15 61
15 65
15 66
15 71
15 72
15 74
15 78
15 79
15 81
15 83
15 84
15 86
15 87
15 89
15 91
15 94
15 98
15 99
16 17
16 18
16 20
16 21
16 25
16 30
16 33
16 35
16 38
16 42
16 43
16 45
16 47
16 51
16 55
16 57
16 64
16 66
16 68
16 72
16 73
16 74
16 77
16 80
16 82
16 84
16 85
16 86
16 88
16 89
16 92
16 94
16 99
17 21
17 23
17 25
17 27
17 33
17 36
17 37
17 50
17 54
17 56
17 64
17 65
17 67
17 69
17 70
17 74
17 75
17 80
17 81
17 83
17 85
17 87
17 88
17 92
17 93
17 95
18 20
18 26
18 27
18 28
18 30
18 31
18 33
18 35
18 38
18 39
18 40
18 41
18 42
18 48
18 49
18 51
18 52
18 53
18 54
18 56
18 58
18 59
18 60
18 64
18 67
18 74
18 75
18 79
18 84
18 86
18 87
18 89
18 91
18 92
18 94
19 24
19 29
19 32
19 34
19 36
19 43
19 45
19 47
19 49
19 52
19 54
19 60
19 63
19 66
19 67
19 72
19 73
19 74
19 78
19 80
19 81
19 83
19 84
19 87
19 88
19 89
19 91
19 97
19 99
20 21
20 23
20 25
20 27
20 28
20 29
20 30
20 38
20 40
20 43
20 45
20 47
20 48
20 52
20 55
20 56
20 57
20 63
20 64
20 66
20 73
20 74
20 76
20 77
20 78
20 79
20 81
20 84
20 89
20 90
20 92
20 93
20 94
20 95
20 98
20 99
21 22
21 24
21 26
21 28
21 29
21 30
21 33
21 35
21 38
21 39
21 44
21 47
21 48
21 49
21 52
21 54
21 55
21 56
21 58
21 59
21 60
21 62
21 63
21 64
21 65
21 67
21 68
21 72
21 73
21 77
21 79
21 80
21 82
21 86
21 90
21 91
21 93
21 98
21 99
22 23
22 24
22 25
22 36
22 40
22 42
22 46
22 47
22 51
22 53
22 55
22 56
22 61
22 62
22 67
22 70
22 71
22 72
22 77
22 79
22 80
22 81
22 83
22 84
22 87
22 89
22 93
22 94
22 95
22 96
23 25
23 34
23 37
23 40
23 44
23 45
23 46
23 47
23 51
23 57
23 59
23 60
23 61
23 64
23 65
23 66
23 67
23 71
23 72
23 75
23 77
23 78
23 83
23 84
23 88
23 90
23 91
23 93
23 95
23 96
23 97
24 27
24 30
24 32
24 33
24 34
24 35
24 38
24 42
24 45
24 47
24 50
24 51
24 56
24 57
24 58
24 63
24 64
24 65
24 73
24 77
24 78
24 83
24 84
24 93
24 95
25 27
25 28
25 29
25 31
25 33
25 34
25 35
25 36
25 37
25 41
25 42
25 45
25 46
25 47
25 50
25 55
25 56
25 57
25 59
25 60
25 62
25 69
25 70
25 72
25 74
25 75
25 76
25 78
25 79
25 81
25 82
25 89
25 95
25 96
25 99
26 31
26 32
26 33
26 34
26 37
26 42
26 43
26 44
26 46
26 49
26 50
26 53
26 54
26 59
26 63
26 65
26 66
26 68
26 70
26 71
26 74
26 75
26 78
26 80
26 81
26 82
26 84
26 90
26 91
26 92
26 99
27 30
27 32
27 34
27 39
27 41
27 44
27 48
27 51
27 54
27 57
27 59
27 61
27 62
27 68
27 69
27 72
27 74
27 79
27 80
27 81
27 83
27 84
27 94
27 95
27 97
28 31
28 34
28 37
28 43
28 54
28 55
28 66
28 68
28 70
28 71
28 74
28 76
28 81
28 84
28 85
28 87
28 88
28 90
29 37
29 38
29 41
29 43
29 45
29 46
29 47
29 48
29 55
29 60
29 61
29 62
29 64
29 66
29 74
29 75
29 76
29 84
29 87
29 90
29 91
29 97
29 99
30 34
30 37
30 39
30 45
30 47
30 49
30 51
30 52
30 53
30 54
30 55
30 56
30 60
30 61
30 62
30 65
30 66
30 70
30 74
30 75
30 76
30 77
30 79
30 84
30 85
30 86
30 87
30 90
30 97
30 98
31 32
31 33
31 35
31 42
31 44
31 45
31 46
31 51
31 55
31 57
31 58
31 61
31 64
31 65
31 67
31 69
31 80
31 81
31 82
31 87
31 88
31 90
31 92
31 94
31 95
31 96
31 97
31 99
32 33
32 35
32 37
32 38
32 41
32 44
32 45
32 47
32 48
32 49
32 52
32 54
32 56
32 57
32 63
32 69
32 70
32 76
32 78
32 81
32 89
32 90
32 93
32 94
32 96
32 98
33 35
33 39
33 46
33 49
33 54
33 60
33 64
33 66
33 68
33 74
33 78
33 79
33 84
33 87
33 89
33 91
33 94
33 95
33 96
33 98
33 99
34 35
34 37
34 39
34 41
34 44
34 45
34 47
34 54
34 55
34 59
34 60
34 65
34 67
34 68
34 69
34 70
34 71
34 73
34 76
34 77
34 80
34 84
34 86
34 88
34 90
34 93
34 98
34 99
35 36
35 41
35 43
35 45
35 46
35 51
35 52
35 53
35 54
35 57
35 58
35 63
35 66
35 67
35 68
35 69
35 71
35 72
35 75
35 79
35 83
35 84
35 87
35 90
35 91
35 92
35 96
35 99
36 38
36 39
36 41
36 44
36 47
36 48
36 54
36 56
36 57
36 62
36 63
36 64
36 66
36 68
36 70
36 75
36 81
36 83
36 85
36 86
36 87
36 88
36 89
36 93
36 94
37 40
37 43
37 50
37 51
37 55
37 57
37 59
37 64
37 66
37 67
37 68
37 71
37 72
37 74
37 81
37 86
37 87
37 88
37 91
37 95
38 41
38 42
38 45
38 48
38 49
38 52
38 53
38 55
38 58
38 59
38 62
38 63
38 65
38 67
38 69
38 70
38 71
38 73
38 75
38 77
38 80
38 81
38 84
38 85
38 92
38 94
38 95
38 98
39 40
39 42
39 44
39 49
39 50
39 51
39 52
39 54
39 55
39 56
39 60
39 61
39 64
39 69
39 73
39 75
39 80
39 88
39 90
39 91
39 92
39 93
39 94
39 97
39 99
40 41
40 43
40 44
40 46
40 50
40 51
40 57
40 58
40 64
40 65
40 73
40 77
40 78
40 80
40 85
40 87
40 93
40 94
40 98
40 99
41 44
41 48
41 49
41 50
41 53
41 56
41 57
41 58
41 60
41 65
41 69
41 70
41 71
41 73
41 74
41 76
41 78
41 80
41 93
41 96
41 98
42 46
42 47
42 50
42 54
42 58
42 63
42 65
42 67
42 68
42 69
42 71
42 72
42 77
42 79
42 80
42 83
42 85
42 88
42 90
42 91
42 92
42 93
42 96
42 98
42 99
43 45
43 47
43 52
43 53
43 59
43 61
43 63
43 65
43 66
43 69
43 70
43 75
43 76
43 77
43 80
43 82
43 83
43 85
43 88
43 89
43 91
43 92
43 96
43 97
43 98
43 99
44 47
44 49
44 57
44 61
44 62
44 70
44 71
44 74
44 78
44 81
44 82
44 87
44 89
44 91
44 92
44 95
44 98
45 46
45 47
45 51
45 52
45 55
45 56
45 58
45 65
45 66
45 69
45 72
45 73
45 78
45 79
45 82
45 86
45 89
45 90
45 92
45 95
45 99
46 48
46 53
46 59
46 61
46 62
46 64
46 69
46 74
46 82
46 85
46 86
46 87
46 88
46 89
46 93
46 94
46 96
47 48
47 51
47 59
47 61
47 62
47 70
47 71
47 72
47 78
47 79
47 80
47 83
47 84
47 85
47 88
47 89
47 90
47 91
47 92
47 97
47 98
48 51
48 53
48 54
48 55
48 57
48 58
48 59
48 62
48 63
48 64
48 67
48 68
48 72
48 74
48 75
48 80
48 86
48 87
48 89
48 93
48 95
48 96
48 97
48 98
49 52
49 53
49 54
49 55
49 64
49 65
49 67
49 68
49 71
49 74
49 77
49 78
49 81
49 82
49 84
49 85
49 87
49 90
49 92
49 94
49 97
49 98
49 99
50 54
50 55
50 60
50 62
50 64
50 66
50 71
50 75
50 76
50 78
50 79
50 82
50 83
50 85
50 86
50 93
51 52
51 54
51 55
51 60
51 61
51 62
51 63
51 64
51 66
51 76
51 77
51 78
51 83
51 88
51 90
51 92
51 93
51 95
51 96
51 97
52 58
52 60
52 64
52 65
52 67
52 68
52 70
52 71
52 77
52 78
52 85
52 87
52 88
52 90
52 91
52 93
52 95
52 97
53 54
53 56
53 57
53 63
53 66
53 71
53 72
53 73
53 74
53 77
53 80
53 81
53 82
53 84
53 89
53 95
53 97
53 98
54 56
54 57
54 62
54 65
54 70
54 71
54 72
54 73
54 74
54 76
54 79
54 80
54 82
54 86
54 91
54 95
54 97
54 98
54 99
55 56
55 61
55 62
55 64
55 72
55 77
55 80
55 82
55 84
55 86
55 92
55 93
55 94
55 97
56 57
56 58
56 59
56 62
56 67
56 68
56 71
56 76
56 78
56 79
56 85
56 87
56 89
56 92
56 94
56 96
56 98
56 99
57 61
57 62
57 65
57 72
57 74
57 78
57 82
57 84
57 86
57 88
57 91
57 93
57 95
57 97
57 99
58 60
58 62
58 63
58 66
58 67
58 68
58 71
58 74
58 75
58 80
58 81
58 86
58 87
58 88
58 92
58 93
58 97
59 61
59 62
59 69
59 71
59 74
59 75
59 76
59 77
59 79
59 81
59 82
59 84
59 86
59 87
59 88
59 90
59 91
59 92
59 94
59 96
59 97
59 99
60 61
60 62
60 67
60 68
60 69
60 70
60 71
60 72
60 73
60 76
60 77
60 82
60 84
60 85
60 87
60 91
60 95
60 96
60 98
60 99
61 63
61 64
61 66
61 67
61 72
61 75
61 78
61 81
61 82
61 83
61 84
61 91
61 92
61 94
62 63
62 64
62 72
62 73
62 74
62 75
62 78
62 82
62 84
62 85
62 86
62 87
62 89
62 90
62 92
62 93
62 94
63 65
63 66
63 76
63 79
63 81
63 82
63 85
63 86
63 88
63 90
63 91
63 93
63 95
63 97
64 65
64 71
64 72
64 75
64 76
64 77
64 86
64 88
64 89
64 90
64 92
64 96
64 97
65 66
65 68
65 70
65 74
65 77
65 83
65 84
65 87
65 93
65 94
65 95
65 97
65 98
65 99
66 67
66 68
66 73
66 75
66 77
66 78
66 79
66 84
66 93
66 95
66 97
67 69
67 70
67 74
67 75
67 79
67 81
67 85
67 91
67 92
67 94
67 95
67 96
67 97
68 72
68 75
68 76
68 77
68 78
68 79
68 82
68 83
68 84
68 89
68 91
68 92
68 94
68 95
68 96
68 97
69 75
69 81
69 82
69 85
69 87
69 89
69 90
69 91
69 92
69 95
69 97
69 99
70 72
70 78
70 79
70 80
70 81
70 84
70 85
70 87
70 89
70 90
70 98
70 99
71 72
71 74
71 79
71 83
71 85
71 88
71 89
71 91
71 93
71 94
72 73
72 74
72 76
72 79
72 84
72 85
72 86
72 88
72 93
72 94
72 95
72 96
73 74
73 80
73 81
73 88
73 90
73 94
73 95
73 96
73 98
73 99
74 76
74 85
74 88
74 89
74 91
74 92
74 94
74 96
74 97
75 76
75 80
75 81
75 86
75 93
75 95
76 77
76 79
76 80
76 81
76 82
76 84
76 86
76 87
76 88
76 91
76 96
76 99
77 78
77 80
77 84
77 85
77 86
77 89
77 90
77 93
77 94
77 96
77 98
78 79
78 87
78 89
78 90
78 95
78 96
78 97
79 82
79 83
79 86
79 87
79 90
79 94
79 96
79 97
80 82
80 83
80 84
80 86
80 89
80 93
80 94
80 97
80 98
81 82
81 83
81 88
81 90
81 97
82 83
82 85
82 86
82 91
82 93
82 94
82 95
82 96
82 97
82 98
83 86
83 88
83 93
83 98
84 86
84 91
84 93
84 96
85 86
85 87
85 89
85 98
86 87
86 92
86 94
86 97
87 88
87 89
87 90
87 91
87 92
87 93
87 94
87 95
87 97
87 98
88 91
88 92
88 93
88 94
88 96
88 97
88 98
89 91
89 94
89 97
90 95
90 96
90 97
90 98
91 95
91 97
92 95
92 97
93 98
93 99
94 95
94 98
95 96
95 98
97 98
97 99
