100 300
0 33
0 97
0 98
0 12
0 49
0 55
0 62
1 65
1 11
1 44
1 17
1 18
1 82
1 24
2 98
2 59
2 23
3 32
3 65
3 50
3 59
3 94
4 82
4 37
4 20
4 13
5 35
5 68
5 74
5 13
5 48
5 53
5 61
5 94
6 36
6 30
7 66
7 51
7 38
7 95
8 32
8 64
8 65
8 44
8 13
8 15
8 21
8 85
8 86
8 93
9 74
9 44
9 71
9 63
10 99
10 73
10 42
10 85
10 21
10 31
11 24
11 13
11 73
12 38
12 86
12 22
12 54
13 35
13 69
13 82
13 26
13 60
14 66
14 99
14 36
14 72
14 45
14 19
14 28
14 93
15 67
15 74
15 49
15 19
15 54
15 86
15 59
15 62
15 31
16 62
16 99
16 36
16 52
16 87
17 72
17 42
17 20
17 24
17 25
17 62
17 57
18 64
18 81
18 49
18 58
18 61
19 97
19 79
19 22
19 24
19 95
20 64
20 99
20 56
20 92
21 86
21 62
21 63
22 56
22 85
23 70
23 38
23 83
23 85
23 89
23 26
24 25
24 62
24 63
25 64
25 33
25 96
25 38
25 73
25 57
26 68
26 60
27 41
27 79
27 78
27 63
28 32
28 42
28 45
28 78
28 58
29 71
29 79
29 86
29 55
29 89
29 90
29 94
29 95
30 96
30 44
30 76
30 52
30 91
31 48
31 99
31 70
32 66
32 47
33 68
33 57
34 40
34 44
34 79
35 76
35 79
36 96
36 87
36 88
36 95
37 70
37 45
37 54
37 63
38 56
39 72
39 96
39 94
39 71
40 42
40 77
41 61
41 44
41 53
42 88
42 90
43 96
43 99
43 44
43 85
44 83
44 53
45 69
45 72
45 55
45 88
45 93
46 70
46 54
48 73
48 59
49 64
49 73
49 75
49 82
50 68
50 73
50 82
50 51
50 83
50 60
51 99
51 60
51 82
52 71
52 92
52 80
52 59
52 60
52 63
54 91
54 62
55 89
56 76
56 78
56 59
57 89
57 97
57 99
57 69
57 78
57 80
57 95
58 97
58 95
59 91
59 95
59 63
60 96
60 70
60 74
60 91
61 62
62 72
62 83
62 93
62 87
62 94
63 72
63 78
65 97
65 68
65 98
65 80
65 95
66 71
66 77
66 80
66 92
68 70
68 90
69 96
69 79
70 90
71 74
71 81
71 93
72 79
72 86
72 90
73 97
73 78
74 77
74 85
74 94
75 96
75 85
76 87
77 88
79 99
79 82
80 81
80 82
80 86
82 91
83 87
84 87
85 95
86 93
86 95
87 91
88 98
89 90
91 94
92 93
