100 1000
0 96
0 1
0 33
0 3
0 97
0 40
0 10
0 75
0 12
0 44
0 18
0 50
0 82
0 21
0 54
0 57
0 90
0 27
0 60
0 30
0 95
1 33
1 97
1 3
1 36
1 69
1 98
1 7
1 46
1 15
1 78
1 63
1 83
1 20
1 53
1 55
1 61
1 31
2 65
2 34
2 67
2 5
2 38
2 40
2 72
2 73
2 91
2 13
2 77
2 79
2 22
2 87
2 90
2 27
2 28
2 29
2 31
3 97
3 98
3 7
3 72
3 11
3 12
3 14
3 46
3 78
3 81
3 61
3 84
3 93
3 22
3 23
3 24
3 59
3 29
4 32
4 34
4 5
4 37
4 72
4 59
4 12
4 13
4 46
4 47
4 50
4 82
4 84
4 55
4 57
4 27
4 93
4 94
5 8
5 13
5 16
5 18
5 20
5 26
5 30
5 32
5 42
5 48
5 54
5 60
5 66
5 78
5 79
5 83
5 86
5 92
5 93
5 98
5 99
6 34
6 98
6 69
6 39
6 8
6 71
6 42
6 11
6 44
6 45
6 16
6 50
6 82
6 52
6 86
6 24
6 91
6 92
6 61
6 62
6 95
7 64
7 34
7 66
7 67
7 38
7 70
7 40
7 97
7 74
7 16
7 48
7 18
7 21
7 86
7 87
7 56
7 58
8 10
8 12
8 13
8 16
8 20
8 26
8 36
8 42
8 61
8 64
8 69
8 70
8 75
8 79
8 83
8 86
8 87
8 89
8 91
8 95
8 97
8 99
9 70
9 39
9 72
9 42
9 76
9 13
9 14
9 15
9 79
9 81
9 82
9 19
9 51
9 83
9 31
10 32
10 58
10 38
10 40
10 44
10 13
10 78
10 20
10 89
10 26
10 28
11 13
11 16
11 20
11 28
11 30
11 40
11 45
11 51
11 59
11 61
11 62
11 64
11 66
11 67
11 79
11 80
11 83
11 87
11 89
11 95
11 96
11 99
12 14
12 15
12 16
12 21
12 23
12 28
12 40
12 41
12 48
12 54
12 56
12 61
12 64
12 69
12 74
12 92
12 93
12 96
13 15
13 16
13 19
13 39
13 42
13 47
13 48
13 51
13 52
13 53
13 57
13 59
13 64
13 77
13 79
13 84
13 89
13 96
13 98
14 96
14 33
14 98
14 74
14 44
14 77
14 82
14 20
14 23
14 25
14 58
14 27
14 93
14 63
15 21
15 24
15 25
15 29
15 30
15 32
15 39
15 41
15 46
15 54
15 58
15 62
15 73
15 75
15 76
15 78
15 81
15 83
15 88
15 93
15 98
16 22
16 24
16 30
16 36
16 38
16 42
16 49
16 54
16 65
16 74
16 77
16 79
16 85
16 93
16 97
17 33
17 66
17 98
17 36
17 68
17 42
17 75
17 77
17 19
17 85
17 24
17 89
17 59
17 92
17 62
17 31
18 64
18 34
18 67
18 37
18 70
18 73
18 46
18 81
18 50
18 84
18 21
18 22
18 55
18 25
18 26
18 59
18 63
19 24
19 33
19 37
19 53
19 56
19 64
19 65
19 67
19 72
19 74
19 77
19 80
19 81
19 82
19 83
19 95
19 96
19 97
19 99
20 21
20 22
20 27
20 33
20 34
20 38
20 39
20 42
20 45
20 53
20 54
20 58
20 61
20 62
20 66
20 69
20 78
20 81
20 86
20 87
20 90
20 98
21 64
21 34
21 35
21 89
21 69
21 98
21 72
21 42
21 43
21 44
21 23
21 88
21 25
21 92
21 29
22 65
22 66
22 40
22 74
22 51
22 55
22 54
22 23
22 87
22 58
22 93
23 33
23 34
23 37
23 38
23 40
23 45
23 50
23 53
23 58
23 63
23 69
23 73
23 76
23 79
23 81
23 86
23 93
23 95
24 28
24 29
24 40
24 42
24 47
24 49
24 55
24 59
24 60
24 64
24 67
24 71
24 72
24 74
24 82
24 85
24 87
24 88
25 28
25 31
25 37
25 39
25 41
25 42
25 43
25 44
25 49
25 50
25 54
25 55
25 66
25 68
25 77
25 79
25 84
25 93
25 94
25 96
25 99
26 33
26 37
26 43
26 75
26 61
26 53
26 59
26 60
26 29
27 96
27 97
27 39
27 91
27 43
27 75
27 47
27 84
27 85
27 57
27 59
28 34
28 36
28 99
28 44
28 75
28 77
28 79
28 52
28 95
28 94
28 62
28 57
29 64
29 65
29 68
29 98
29 39
29 75
29 78
29 80
29 51
29 52
29 89
29 59
29 93
29 94
29 95
30 38
30 70
30 73
30 42
30 44
30 45
30 76
30 49
30 63
30 84
30 93
30 61
30 31
31 32
31 34
31 35
31 37
31 72
31 43
31 76
31 47
31 79
31 52
31 87
31 88
31 91
32 96
32 65
32 35
32 67
32 69
32 71
32 41
32 45
32 47
32 82
32 52
32 56
32 91
32 61
32 94
33 36
33 37
33 51
33 53
33 54
33 60
33 62
33 63
33 64
33 65
33 66
33 71
33 82
33 83
33 85
33 88
33 92
33 95
34 36
34 41
34 44
34 47
34 57
34 60
34 63
34 68
34 70
34 74
34 77
34 84
34 85
34 89
35 66
35 98
35 99
35 43
35 81
35 95
35 94
36 65
36 68
36 98
36 99
36 72
36 42
36 43
36 44
36 75
36 50
36 85
36 91
36 61
37 39
37 45
37 47
37 49
37 52
37 54
37 61
37 67
37 69
37 70
37 76
37 77
37 82
37 84
37 86
37 87
37 95
37 97
38 69
38 45
38 78
38 48
38 81
38 51
38 82
38 83
38 87
38 57
38 91
39 41
39 45
39 46
39 56
39 66
39 70
39 72
39 75
39 87
39 89
39 91
39 95
39 99
40 66
40 98
40 43
40 45
40 85
40 61
40 94
41 67
41 68
41 69
41 70
41 99
41 42
41 74
41 76
41 77
41 78
41 79
41 51
41 53
41 55
42 53
42 56
42 64
42 66
42 68
42 93
42 96
42 99
43 65
43 98
43 70
43 45
43 50
43 51
43 53
43 55
43 86
43 63
44 45
44 51
44 53
44 56
44 57
44 64
44 66
44 71
44 76
44 80
44 82
44 86
44 94
44 96
44 97
44 98
44 99
45 51
45 52
45 53
45 62
45 63
45 68
45 69
45 72
45 74
45 94
45 99
46 66
46 67
46 72
46 78
46 57
46 93
47 67
47 70
47 73
47 91
47 77
47 86
47 90
47 62
48 97
48 68
48 91
48 78
48 49
48 50
48 81
48 83
48 85
48 54
48 87
48 59
48 63
49 96
49 70
49 73
49 74
49 75
49 91
49 62
49 59
49 60
49 63
50 64
50 65
50 66
50 96
50 76
50 80
50 81
50 84
50 85
50 94
50 57
51 53
51 60
51 65
51 68
51 71
51 77
51 80
51 83
51 86
51 93
51 97
52 53
52 57
52 59
52 61
52 63
52 65
52 73
52 75
52 83
52 87
52 88
52 94
52 97
52 99
53 59
53 62
53 67
53 68
53 72
53 82
53 84
53 85
53 88
53 89
53 97
53 98
54 65
54 70
54 90
54 75
54 58
54 61
55 66
55 73
55 75
55 80
55 81
55 60
55 95
56 71
56 72
56 73
56 74
56 76
56 77
56 60
56 93
56 62
57 96
57 67
57 68
57 98
57 74
57 93
58 89
58 98
58 69
58 77
58 83
58 87
58 91
58 61
59 62
59 68
59 74
59 80
59 85
59 87
59 90
59 94
59 95
59 97
59 99
60 67
60 69
60 82
60 87
60 94
60 92
60 62
61 63
61 66
61 70
61 72
61 73
61 74
61 95
61 98
62 74
62 79
62 84
62 63
63 65
63 66
63 68
63 74
63 76
63 78
63 83
63 86
63 92
63 97
63 98
64 66
64 68
64 70
64 73
64 78
64 91
64 92
64 93
64 98
65 97
65 75
65 77
66 67
66 76
66 86
66 89
66 96
66 99
67 98
67 78
67 80
67 87
68 75
68 82
68 84
68 88
68 90
69 72
69 78
69 82
69 87
69 94
70 98
70 74
70 81
71 74
71 79
71 81
71 82
71 83
71 86
71 91
72 78
72 81
72 88
72 90
72 91
72 92
72 93
72 94
72 99
73 94
74 76
74 82
74 89
74 95
74 98
75 98
75 91
75 89
76 97
76 91
76 79
76 85
76 88
76 92
77 87
77 88
77 95
78 81
78 84
78 86
78 87
78 93
79 96
79 99
79 95
79 88
79 90
80 81
80 82
80 92
81 84
81 86
81 94
82 84
82 85
82 96
82 97
83 84
83 85
83 89
83 92
83 95
84 85
84 87
84 91
84 92
84 98
84 99
85 89
85 93
86 96
86 98
86 89
87 88
87 97
88 97
88 98
89 95
90 97
90 91
90 92
91 95
91 96
92 97
92 99
92 95
93 97
93 98
94 96
95 98
96 98
