100 300
0 65
0 45
0 84
0 89
0 27
0 60
1 71
1 9
1 15
1 81
1 18
1 53
1 93
2 99
2 3
2 12
2 45
2 78
2 89
3 68
3 47
3 52
3 55
3 58
3 92
3 29
4 80
4 25
4 53
4 37
4 31
5 8
5 49
5 27
5 28
5 80
6 41
6 12
6 44
6 79
6 82
6 54
6 57
6 60
7 10
7 14
7 47
7 48
7 49
7 52
7 59
8 66
8 71
8 75
8 78
8 31
9 48
9 41
9 54
9 23
10 41
10 35
10 22
11 38
11 13
11 16
11 18
11 19
11 50
11 26
11 91
11 28
12 34
12 37
12 41
12 47
12 49
12 61
13 38
13 73
13 77
13 80
13 85
13 62
14 83
14 20
14 52
15 76
15 51
15 52
15 23
15 58
15 92
15 62
16 34
16 45
16 78
16 81
16 55
16 56
16 88
17 97
17 51
17 69
18 58
18 27
18 92
18 93
19 35
19 68
19 45
19 54
19 55
19 56
19 25
19 95
20 98
20 39
20 44
20 52
20 91
21 82
21 35
22 94
23 52
23 78
24 96
24 68
24 73
24 80
24 57
24 30
24 63
25 64
25 97
25 34
25 98
25 79
25 52
25 57
25 61
25 94
26 99
26 33
26 67
27 38
27 39
27 47
27 49
27 59
28 39
28 76
28 45
28 82
28 83
29 34
29 44
29 78
29 76
32 62
32 81
32 46
33 83
33 59
33 53
34 99
34 58
34 94
35 98
35 67
35 41
35 54
35 55
36 67
36 75
36 42
36 43
37 77
37 45
37 79
37 95
38 69
38 40
38 47
38 80
38 52
38 94
39 60
39 82
39 50
40 67
40 69
40 79
40 57
40 91
40 60
40 63
41 64
41 68
41 45
42 81
42 98
42 84
42 79
43 45
43 81
43 57
43 60
43 62
44 97
44 84
45 66
45 98
45 71
45 53
45 88
45 94
45 62
46 48
46 87
47 97
47 66
47 59
47 82
48 84
48 90
48 94
49 72
49 87
49 63
50 97
50 99
50 59
50 92
51 93
51 53
52 89
52 65
52 72
52 80
52 84
53 74
55 86
56 76
56 90
56 59
56 92
57 60
57 94
57 95
58 77
58 83
59 70
60 72
60 77
60 86
61 81
61 89
62 84
62 85
63 96
63 65
64 66
64 84
65 94
66 98
66 68
66 89
67 68
67 95
68 70
69 76
69 80
69 94
70 78
71 98
71 76
71 83
72 73
72 74
72 76
74 76
74 79
75 95
76 91
77 79
78 93
78 90
78 91
80 97
81 99
85 91
86 92
87 92
89 98
89 90
89 92
90 93
91 97
94 96
