100 300
0 66
0 5
0 42
0 47
0 16
0 56
1 38
1 47
1 50
1 55
1 28
1 31
2 34
2 72
2 12
2 18
2 55
2 95
3 99
3 75
3 79
3 21
3 56
3 63
4 33
4 41
4 77
4 17
4 83
4 26
4 62
5 69
5 13
5 48
5 87
5 62
6 46
6 56
6 68
6 22
6 23
7 40
7 49
7 42
8 56
8 26
8 91
9 96
9 25
9 58
9 92
9 49
10 32
10 98
10 19
10 86
10 24
10 93
11 51
11 74
11 43
11 36
11 38
12 70
13 32
13 38
13 77
13 81
13 22
13 57
14 66
14 70
14 74
14 16
14 91
14 94
14 31
15 98
15 70
15 18
15 60
15 93
15 95
16 96
16 75
16 78
16 47
16 82
16 55
16 90
17 65
17 57
17 70
17 81
18 24
18 36
18 70
19 64
19 65
19 90
19 82
19 85
19 26
20 97
20 39
21 65
21 35
21 41
21 51
21 83
21 22
21 90
21 59
22 81
22 23
22 89
23 96
23 33
23 66
23 39
23 44
23 54
23 56
23 27
25 37
26 69
26 41
26 53
27 77
27 46
27 80
27 49
27 50
27 81
27 83
27 88
27 94
28 66
28 46
28 49
29 41
29 91
29 46
30 64
31 69
31 79
31 86
31 56
32 70
32 72
32 42
32 44
32 45
32 77
32 56
32 93
32 95
33 47
33 52
34 65
34 85
34 55
34 90
34 92
35 68
35 71
35 42
35 47
35 95
36 99
36 47
36 51
36 54
36 91
36 93
37 88
37 44
38 72
38 51
38 53
38 61
39 96
39 74
39 83
39 89
39 62
40 64
40 46
40 83
40 51
40 94
41 68
41 44
41 94
41 62
42 68
42 78
42 80
42 93
42 95
43 96
43 73
44 96
44 70
44 54
44 56
44 89
44 60
44 61
45 98
45 53
45 71
46 99
46 91
46 87
46 94
47 96
47 73
47 81
47 52
47 89
47 90
48 95
48 71
48 63
49 70
49 50
49 84
50 54
51 83
51 63
52 97
53 70
53 78
53 83
54 99
54 91
55 66
55 65
55 73
55 85
56 82
56 84
56 91
57 75
58 88
58 78
59 80
60 73
60 76
60 70
61 89
61 99
62 67
62 71
62 76
62 92
63 70
63 87
64 76
64 77
65 68
67 88
67 83
68 97
68 78
68 83
71 74
71 86
71 95
73 97
73 86
74 96
74 99
75 89
75 97
75 79
75 95
76 89
76 98
77 84
77 93
78 96
78 81
78 84
79 87
82 97
82 84
82 88
82 91
83 91
84 92
85 93
85 87
86 95
86 88
86 91
86 94
88 98
96 98
