100 1000
0 32
0 65
0 69
0 70
0 39
0 91
0 45
0 60
0 77
0 17
0 50
0 82
0 52
0 53
0 84
0 90
0 59
0 28
1 32
1 2
1 35
1 38
1 76
1 14
1 46
1 18
1 19
1 83
1 22
1 23
1 88
1 26
1 28
1 95
2 3
2 5
2 9
2 14
2 22
2 27
2 34
2 38
2 40
2 41
2 45
2 47
2 48
2 50
2 55
2 57
2 66
2 67
2 76
2 79
2 82
2 89
2 90
2 92
3 64
3 97
3 34
3 4
3 35
3 36
3 7
3 41
3 11
3 77
3 47
3 48
3 82
3 83
3 20
3 84
3 22
3 87
3 28
4 33
4 35
4 5
4 40
4 41
4 42
4 11
4 12
4 79
4 80
4 85
4 25
4 26
4 61
4 31
5 12
5 13
5 16
5 17
5 22
5 28
5 36
5 48
5 53
5 54
5 57
5 69
5 74
5 75
5 77
5 78
5 82
5 83
5 84
5 86
5 87
5 93
6 96
6 97
6 7
6 8
6 39
6 42
6 75
6 12
6 76
6 14
6 46
6 60
6 78
6 21
6 55
6 24
6 25
6 57
6 93
6 95
6 31
7 33
7 98
7 36
7 37
7 41
7 43
7 15
7 82
7 93
7 86
7 88
7 57
7 61
8 32
8 64
8 74
8 11
8 43
8 44
8 77
8 79
8 49
8 81
8 20
8 84
8 87
8 25
8 90
8 28
8 93
9 64
9 65
9 66
9 69
9 39
9 40
9 10
9 43
9 13
9 14
9 15
9 79
9 80
9 18
9 19
9 52
9 55
9 28
9 29
9 62
10 33
10 37
10 40
10 42
10 72
10 74
10 45
10 75
10 15
10 92
10 49
10 81
10 21
10 24
10 60
10 30
10 63
11 34
11 67
11 40
11 12
11 13
11 78
11 47
11 18
11 50
11 20
11 55
11 87
11 23
11 58
11 27
11 63
11 31
12 35
12 67
12 69
12 41
12 42
12 44
12 71
12 46
12 73
12 16
12 77
12 79
12 51
12 83
12 27
12 30
12 63
13 97
13 67
13 71
13 74
13 76
13 17
13 20
13 53
13 56
13 57
13 58
13 60
14 96
14 66
14 36
14 98
14 42
14 73
14 16
14 80
14 81
14 86
14 87
14 25
14 91
14 92
14 61
14 57
15 17
15 20
15 28
15 30
15 32
15 34
15 36
15 40
15 44
15 46
15 52
15 58
15 69
15 70
15 72
15 73
15 78
15 79
15 80
15 87
16 17
16 26
16 27
16 35
16 37
16 38
16 41
16 54
16 55
16 60
16 61
16 64
16 66
16 71
16 81
16 83
16 87
16 89
16 90
16 96
17 18
17 19
17 26
17 28
17 42
17 45
17 47
17 52
17 53
17 54
17 62
17 63
17 66
17 68
17 75
17 84
17 85
17 89
17 93
17 95
17 96
17 99
18 21
18 24
18 34
18 37
18 39
18 41
18 49
18 51
18 52
18 56
18 60
18 62
18 70
18 72
18 79
18 93
18 95
18 99
19 21
19 22
19 28
19 30
19 36
19 55
19 60
19 65
19 67
19 73
19 74
19 77
19 80
19 81
19 83
19 85
19 87
19 95
19 96
19 99
20 65
20 34
20 69
20 76
20 78
20 85
20 22
20 24
20 88
20 95
21 23
21 24
21 31
21 33
21 41
21 48
21 49
21 55
21 64
21 65
21 67
21 69
21 73
21 81
21 82
21 85
21 86
21 87
21 95
21 99
22 23
22 29
22 31
22 36
22 42
22 46
22 53
22 55
22 64
22 66
22 69
22 71
22 74
22 79
22 86
22 93
22 97
22 98
23 96
23 67
23 37
23 39
23 71
23 78
23 50
23 85
23 89
23 28
23 62
24 32
24 35
24 37
24 74
24 75
24 77
24 78
24 79
24 81
24 51
24 82
24 84
24 90
24 93
24 30
24 95
25 35
25 39
25 45
25 77
25 79
25 93
25 85
25 58
25 27
25 29
26 99
26 37
26 41
26 42
26 77
26 46
26 55
26 59
26 95
27 35
27 39
27 40
27 42
27 43
27 45
27 53
27 61
27 62
27 69
27 71
27 73
27 76
27 77
27 80
27 82
27 86
27 96
27 97
28 30
28 35
28 42
28 51
28 57
28 58
28 66
28 68
28 72
28 75
28 85
28 92
28 95
28 99
29 33
29 34
29 35
29 39
29 46
29 50
29 53
29 54
29 62
29 68
29 72
29 75
29 77
29 84
29 86
29 87
29 94
29 95
29 96
29 97
29 99
30 96
30 35
30 69
30 70
30 40
30 91
30 60
30 78
30 52
30 53
30 84
30 59
30 94
31 32
31 33
31 69
31 39
31 72
31 73
31 74
31 76
31 49
31 51
31 52
31 86
31 91
31 95
31 63
32 66
32 96
32 36
32 43
32 44
32 45
32 77
32 50
32 82
32 59
32 61
33 65
33 67
33 69
33 99
33 73
33 42
33 77
33 49
33 61
33 52
33 53
33 59
33 94
34 97
34 67
34 38
34 43
34 44
34 76
34 48
34 49
34 83
34 58
34 62
35 37
35 75
35 44
35 78
35 82
35 62
35 53
35 55
35 56
35 63
36 41
36 46
36 51
36 52
36 56
36 60
36 62
36 64
36 66
36 70
36 79
36 81
36 87
36 91
36 94
36 95
36 98
37 42
37 43
37 47
37 51
37 54
37 55
37 59
37 60
37 69
37 75
37 79
37 84
37 87
37 90
37 92
37 93
37 95
38 97
38 69
38 70
38 75
38 45
38 48
38 49
38 51
38 52
38 93
38 56
38 57
38 92
38 61
39 96
39 66
39 71
39 40
39 44
39 76
39 48
39 80
39 50
39 55
39 87
40 89
40 67
40 99
40 78
40 48
40 49
40 82
40 85
40 87
40 57
40 95
41 96
41 66
41 67
41 72
41 42
41 91
41 98
41 51
41 52
41 59
41 61
42 47
42 55
42 63
42 69
42 83
42 87
42 88
42 90
42 95
42 96
43 44
43 45
43 46
43 52
43 56
43 57
43 64
43 65
43 69
43 71
43 84
43 87
43 88
43 93
43 95
43 96
44 46
44 47
44 48
44 54
44 55
44 58
44 61
44 66
44 69
44 73
44 74
44 75
44 77
44 84
44 85
44 92
45 89
45 96
45 69
45 74
45 91
45 81
45 51
45 84
45 87
45 88
45 60
45 63
46 47
46 50
46 52
46 57
46 61
46 62
46 70
46 79
46 85
46 89
46 90
46 94
46 96
47 97
47 66
47 77
47 49
47 50
47 54
47 55
47 94
48 60
48 63
49 71
49 52
49 54
49 84
49 87
49 91
49 62
50 81
50 61
50 52
50 93
50 90
50 92
50 94
51 98
51 69
51 72
51 75
51 77
51 52
51 84
51 87
51 93
52 56
52 59
52 61
52 70
52 71
52 76
52 78
52 79
52 80
52 81
52 84
52 87
52 91
52 95
52 98
53 54
53 57
53 63
53 65
53 72
53 75
53 78
53 83
53 86
53 94
53 95
53 98
54 69
54 70
54 72
54 73
54 75
54 77
54 78
54 81
54 83
54 84
54 89
55 56
55 64
55 69
55 71
55 78
55 90
55 98
56 97
56 66
56 72
56 73
56 74
56 77
56 80
56 82
56 85
56 58
56 93
57 59
57 65
57 67
57 73
57 75
57 77
57 83
57 84
57 86
57 88
57 90
57 99
58 96
58 66
58 69
58 74
58 82
58 84
58 86
58 94
58 95
59 66
59 70
59 71
59 72
59 77
59 60
59 61
60 97
60 68
60 69
60 75
60 78
60 81
60 84
61 62
61 67
61 72
61 75
61 76
61 80
61 86
61 88
61 89
61 91
61 97
62 65
62 71
62 72
62 75
62 81
62 89
62 90
62 92
62 94
63 96
63 97
63 69
63 72
63 74
63 89
64 65
64 97
64 72
65 67
65 74
65 77
65 79
65 82
65 91
65 93
65 95
66 69
66 76
66 89
66 91
66 96
66 98
66 99
67 73
67 75
67 76
67 82
67 86
67 90
67 94
68 99
68 72
68 74
68 77
68 93
68 86
68 94
69 84
69 93
70 71
70 78
70 83
70 87
70 88
70 94
70 95
71 75
71 87
71 89
71 94
72 78
72 85
72 88
72 91
72 95
72 96
72 98
73 74
73 75
73 90
74 75
74 81
74 93
74 94
75 79
75 80
75 82
75 87
75 90
75 92
75 96
75 98
76 92
77 87
77 88
77 95
78 81
78 84
78 90
78 91
78 94
78 95
78 97
79 89
79 80
79 81
79 87
79 93
80 97
80 85
80 86
81 92
81 84
81 91
82 91
82 96
82 85
82 87
82 94
83 88
83 92
83 94
84 90
85 98
85 92
85 86
86 96
86 98
87 92
87 97
88 92
88 95
89 96
89 93
90 98
91 98
91 92
93 95
94 95
95 98
96 97
96 99
