100 200
0 2
0 68
1 57
1 51
1 20
1 71
2 32
2 17
2 52
2 56
2 27
2 62
3 19
3 92
3 61
3 86
3 39
4 48
4 9
5 71
6 81
7 44
7 77
7 94
8 58
9 89
9 49
9 79
9 23
10 12
10 70
10 79
11 56
11 73
11 74
11 77
12 80
12 62
13 19
13 15
13 71
14 80
14 74
14 87
14 94
14 63
15 72
15 49
15 82
16 24
16 91
16 43
17 18
17 58
17 53
17 63
18 82
18 54
18 47
19 57
19 58
19 71
20 68
20 29
20 57
21 36
21 38
21 70
21 72
21 40
21 75
21 85
21 60
21 93
22 65
22 89
22 41
23 82
23 60
24 41
24 98
24 32
24 61
25 72
25 44
25 79
25 87
25 89
25 61
26 69
27 72
28 81
28 99
28 30
29 72
29 89
29 44
29 81
30 80
30 98
30 62
31 92
31 70
33 99
33 73
33 91
33 83
33 50
34 81
35 67
35 43
35 76
35 78
35 79
36 84
37 46
37 87
37 55
37 71
37 47
38 71
38 80
38 56
38 57
38 58
39 56
39 74
40 81
40 87
41 43
42 96
42 91
42 67
42 70
42 95
43 90
43 48
44 77
44 50
44 52
44 53
44 88
45 58
45 46
46 86
47 81
47 70
47 55
48 58
49 63
49 86
50 53
51 94
52 61
54 88
54 69
54 62
55 93
56 59
56 91
56 61
57 91
57 60
58 90
59 81
60 77
61 89
62 76
62 82
62 88
62 93
63 64
63 85
64 88
64 78
65 78
66 73
67 94
70 99
71 75
71 88
72 97
73 90
73 94
74 98
75 98
75 77
76 83
77 78
79 92
80 99
80 95
81 82
83 94
84 86
84 87
86 95
89 91
89 94
90 97
