100 300
0 32
0 43
0 46
0 79
0 81
0 85
0 55
1 33
1 70
1 41
1 16
1 23
1 57
2 90
2 83
2 14
2 7
3 99
3 7
3 10
3 16
3 50
3 23
4 66
4 68
4 14
4 80
4 81
4 62
4 31
5 69
5 13
5 54
5 84
6 88
6 73
6 62
7 36
7 37
7 80
7 92
7 63
8 99
8 43
8 84
8 13
9 25
9 26
9 49
10 43
10 19
10 51
10 23
10 89
10 94
11 16
11 99
11 82
11 64
11 71
12 64
12 75
12 27
12 92
12 37
13 98
13 47
13 15
13 81
13 57
13 31
14 64
14 21
14 85
14 86
14 56
14 62
15 53
15 41
15 45
15 79
16 33
16 34
16 37
16 98
16 40
16 72
16 46
16 21
16 87
16 23
16 31
17 40
17 41
17 83
17 23
17 86
17 54
17 87
17 89
18 52
18 94
19 90
19 66
20 88
20 98
20 29
20 94
20 63
21 66
21 45
21 48
21 63
22 40
22 41
22 50
22 28
23 99
23 43
23 57
23 94
23 63
24 40
24 25
24 35
24 36
24 89
25 64
25 44
25 78
25 47
25 81
25 50
25 83
25 54
25 90
25 28
26 27
26 59
26 57
27 66
27 68
27 69
27 41
27 74
27 75
27 30
28 65
28 67
28 81
28 30
28 95
29 48
29 33
29 84
30 97
30 71
30 60
30 87
30 89
30 62
30 63
31 45
31 78
32 66
32 42
32 43
32 80
32 81
32 82
33 98
33 72
33 43
33 59
34 36
34 37
34 40
34 79
34 81
34 92
34 63
35 98
35 71
35 84
35 87
35 61
36 64
36 40
36 71
36 46
36 81
36 51
36 61
37 65
37 53
38 89
38 69
39 97
39 85
40 81
41 54
41 86
41 60
42 70
42 78
42 79
42 55
42 61
43 69
43 92
44 56
44 84
44 55
45 67
45 86
45 62
46 81
47 99
47 91
48 68
48 77
48 50
48 91
48 92
49 91
49 94
49 97
50 96
50 55
50 94
51 64
51 66
51 76
51 84
51 94
51 62
52 71
52 76
52 79
52 90
52 91
53 73
53 57
53 92
54 58
55 77
55 85
55 59
56 81
56 65
56 66
57 78
57 85
57 92
58 80
58 77
58 95
59 96
59 87
60 94
61 87
64 73
64 76
66 69
66 89
66 90
67 95
68 75
68 78
69 76
69 79
71 81
71 83
71 86
73 96
73 77
73 82
73 88
74 82
75 97
75 78
75 91
76 98
76 91
76 95
77 82
78 96
78 95
79 85
79 88
81 88
82 84
82 92
83 92
86 87
86 90
86 92
88 89
89 92
93 98
