100 300
0 4
0 9
0 47
0 53
0 90
0 94
1 80
1 28
2 78
2 77
2 14
2 87
3 99
3 33
3 75
3 77
3 97
4 17
4 75
4 52
4 55
5 65
5 41
5 34
5 80
5 22
6 65
6 67
6 70
6 74
6 14
6 85
6 86
6 56
6 28
7 48
7 49
7 26
7 34
7 62
8 87
8 92
8 70
8 55
9 43
9 47
9 83
9 20
9 52
9 56
9 57
9 91
10 99
10 61
10 93
10 29
11 40
11 57
11 88
11 46
11 89
12 72
12 34
12 44
12 92
13 97
13 38
13 73
13 20
13 21
13 57
13 91
14 67
14 38
14 72
14 74
14 48
14 26
15 69
15 71
15 78
15 25
15 90
15 91
15 63
16 37
16 65
16 35
16 21
17 33
17 18
18 73
18 85
18 31
19 33
19 34
19 69
19 82
19 52
19 54
19 55
19 58
20 34
20 66
20 41
20 75
20 48
20 83
20 86
20 23
20 89
20 93
20 30
21 69
21 43
21 47
21 48
21 80
21 91
21 92
21 61
22 65
22 43
22 44
22 49
22 88
22 92
22 30
23 65
23 99
23 48
23 84
23 55
23 88
23 58
23 60
24 93
24 95
25 99
25 58
25 69
25 53
25 26
25 63
26 89
26 42
26 44
26 78
26 50
27 56
27 73
27 35
27 77
27 63
28 89
28 65
28 44
28 45
28 48
28 87
28 57
29 73
29 49
29 37
30 79
30 52
31 72
31 75
31 92
31 77
32 70
32 82
32 60
32 90
32 46
33 97
33 98
33 56
33 88
34 96
34 97
34 70
34 45
34 51
35 87
35 78
35 47
36 81
36 42
36 45
36 78
37 45
37 79
37 87
37 89
38 48
38 61
39 88
39 66
39 67
39 79
40 70
40 82
40 83
40 51
40 88
41 77
41 47
41 81
41 90
42 94
42 86
42 47
43 79
43 57
44 60
44 92
44 51
44 83
45 86
46 49
46 56
46 57
47 68
47 53
48 66
48 72
48 81
48 51
49 66
49 71
49 89
50 65
50 59
50 71
51 78
52 64
52 85
53 62
54 73
54 70
55 65
55 79
55 60
56 74
56 87
56 95
57 73
57 59
58 69
58 63
60 74
60 79
61 81
62 64
62 97
62 90
63 99
63 71
63 74
64 82
65 83
65 85
65 94
66 89
66 93
67 82
67 90
68 97
68 76
69 83
69 86
70 82
71 83
71 94
72 83
73 76
73 90
74 98
74 82
75 97
75 81
75 84
76 96
76 94
77 93
78 81
79 81
79 83
80 81
80 93
81 83
81 89
82 84
82 85
83 96
85 95
86 87
88 93
90 98
