100 2000
0 1
0 2
0 3
0 4
0 7
0 9
0 12
0 19
0 20
0 24
0 25
0 30
0 33
0 34
0 35
0 36
0 37
0 38
0 40
0 41
0 43
0 49
0 51
0 54
0 55
0 57
0 58
0 59
0 60
0 62
0 64
0 67
0 69
0 70
0 72
0 74
0 77
0 82
0 84
0 87
0 92
0 94
0 99
1 4
1 6
1 10
1 12
1 13
1 15
1 27
1 31
1 32
1 34
1 35
1 36
1 37
1 39
1 44
1 46
1 47
1 48
1 49
1 50
1 61
1 66
1 67
1 68
1 69
1 72
1 75
1 76
1 78
1 80
1 88
1 90
1 91
1 92
1 94
1 97
1 99
2 4
2 6
2 8
2 11
2 12
2 13
2 15
2 16
2 18
2 22
2 23
2 33
2 35
2 37
2 38
2 40
2 42
2 45
2 46
2 49
2 56
2 57
2 60
2 63
2 67
2 69
2 71
2 72
2 74
2 76
2 78
2 81
2 85
2 94
2 95
2 98
3 5
3 6
3 9
3 12
3 14
3 17
3 18
3 24
3 26
3 27
3 29
3 31
3 32
3 36
3 37
3 38
3 39
3 40
3 43
3 47
3 48
3 50
3 53
3 54
3 58
3 60
3 61
3 62
3 63
3 67
3 70
3 72
3 78
3 79
3 83
3 86
3 87
3 89
3 90
3 92
3 93
3 96
3 98
3 99
4 7
4 10
4 11
4 12
4 13
4 18
4 20
4 24
4 25
4 26
4 27
4 28
4 30
4 33
4 38
4 40
4 41
4 43
4 44
4 45
4 46
4 50
4 51
4 52
4 54
4 58
4 59
4 65
4 67
4 68
4 75
4 78
4 79
4 80
4 81
4 87
4 96
4 98
4 99
5 6
5 7
5 11
5 13
5 15
5 17
5 21
5 23
5 24
5 29
5 32
5 33
5 34
5 35
5 38
5 43
5 47
5 48
5 49
5 52
5 53
5 57
5 64
5 65
5 66
5 70
5 72
5 74
5 80
5 84
5 85
5 89
5 94
5 97
6 8
6 13
6 16
6 21
6 23
6 24
6 25
6 27
6 29
6 34
6 38
6 39
6 40
6 41
6 42
6 48
6 58
6 60
6 64
6 67
6 68
6 72
6 76
6 79
6 82
6 89
6 90
6 94
6 95
6 96
6 98
6 99
7 10
7 13
7 16
7 17
7 20
7 21
7 22
7 28
7 31
7 33
7 35
7 46
7 47
7 49
7 56
7 58
7 60
7 61
7 62
7 63
7 67
7 68
7 70
7 74
7 77
7 86
7 88
7 90
7 91
7 92
7 94
7 95
7 96
7 97
8 11
8 12
8 16
8 19
8 22
8 24
8 25
8 29
8 32
8 35
8 36
8 37
8 39
8 40
8 42
8 44
8 50
8 52
8 57
8 59
8 64
8 67
8 73
8 75
8 76
8 78
8 80
8 86
8 87
8 88
8 89
8 90
8 94
8 97
8 98
8 99
9 16
9 17
9 18
9 20
9 21
9 25
9 26
9 28
9 31
9 33
9 35
9 37
9 38
9 40
9 41
9 43
9 45
9 49
9 51
9 58
9 60
9 62
9 65
9 66
9 70
9 72
9 77
9 80
9 82
9 84
9 88
9 92
9 95
9 97
9 98
9 99
10 12
10 14
10 21
10 23
10 30
10 31
10 32
10 34
10 35
10 38
10 40
10 42
10 43
10 45
10 47
10 53
10 59
10 60
10 61
10 62
10 63
10 66
10 67
10 69
10 71
10 76
10 77
10 79
10 81
10 83
10 85
10 86
10 87
10 90
10 91
10 94
10 98
11 14
11 15
11 16
11 19
11 24
11 26
11 29
11 33
11 34
11 35
11 38
11 39
11 42
11 43
11 49
11 51
11 54
11 55
11 62
11 63
11 65
11 67
11 70
11 74
11 76
11 77
11 80
11 86
11 88
11 89
11 91
11 93
11 94
11 96
11 97
11 99
12 15
12 18
12 21
12 22
12 23
12 24
12 35
12 38
12 40
12 41
12 42
12 43
12 44
12 45
12 46
12 47
12 48
12 50
12 53
12 55
12 57
12 58
12 59
12 62
12 63
12 67
12 68
12 78
12 86
12 88
12 91
12 92
12 93
12 94
13 14
13 15
13 16
13 18
13 22
13 23
13 24
13 29
13 32
13 35
13 39
13 42
13 45
13 46
13 47
13 48
13 51
13 53
13 54
13 56
13 57
13 63
13 66
13 67
13 68
13 70
13 76
13 77
13 78
13 83
13 87
13 88
13 90
13 92
13 94
13 95
13 96
13 98
13 99
14 16
14 17
14 22
14 23
14 27
14 30
14 32
14 34
14 37
14 38
14 39
14 40
14 42
14 47
14 48
14 50
14 53
14 56
14 58
14 62
14 64
14 66
14 67
14 68
14 69
14 71
14 75
14 76
14 77
14 78
14 79
14 84
14 85
14 86
14 92
14 94
14 97
15 16
15 22
15 25
15 31
15 32
15 34
15 36
15 37
15 39
15 40
15 42
15 45
15 48
15 49
15 51
15 52
15 53
15 55
15 60
15 61
15 62
15 66
15 67
15 68
15 69
15 70
15 71
15 72
15 76
15 79
15 83
15 91
15 93
15 94
15 97
16 26
16 27
16 28
16 29
16 34
16 37
16 40
16 44
16 48
16 49
16 52
16 56
16 63
16 65
16 66
16 67
16 71
16 74
16 83
16 86
16 87
16 88
16 92
16 94
16 95
16 97
17 21
17 22
17 23
17 24
17 25
17 27
17 28
17 29
17 30
17 31
17 33
17 35
17 36
17 37
17 39
17 44
17 46
17 47
17 49
17 55
17 57
17 58
17 60
17 69
17 71
17 72
17 73
17 74
17 75
17 80
17 81
17 85
17 89
17 91
17 93
17 97
17 98
18 20
18 22
18 24
18 30
18 31
18 32
18 33
18 34
18 35
18 36
18 38
18 42
18 47
18 49
18 52
18 54
18 59
18 61
18 64
18 69
18 71
18 72
18 79
18 82
18 83
18 84
18 86
18 87
18 88
18 90
18 92
18 93
18 94
18 95
18 96
18 97
18 98
19 23
19 25
19 28
19 31
19 33
19 34
19 37
19 39
19 40
19 41
19 42
19 45
19 49
19 52
19 56
19 57
19 63
19 64
19 70
19 73
19 74
19 83
19 87
19 88
19 91
19 93
20 22
20 24
20 26
20 27
20 28
20 29
20 35
20 36
20 40
20 43
20 48
20 52
20 54
20 55
20 57
20 64
20 72
20 73
20 79
20 82
20 88
20 91
20 92
20 96
21 24
21 25
21 27
21 30
21 31
21 33
21 35
21 40
21 41
21 42
21 43
21 45
21 46
21 47
21 48
21 52
21 58
21 62
21 70
21 77
21 80
21 82
21 84
21 85
21 86
21 87
21 90
21 92
21 94
21 95
21 97
21 99
22 23
22 26
22 29
22 37
22 38
22 40
22 43
22 45
22 46
22 47
22 48
22 50
22 57
22 61
22 63
22 68
22 71
22 78
22 79
22 80
22 81
22 84
22 87
22 91
22 92
22 93
23 24
23 25
23 35
23 36
23 37
23 39
23 40
23 45
23 46
23 50
23 52
23 54
23 55
23 60
23 64
23 65
23 69
23 71
23 73
23 74
23 75
23 77
23 78
23 79
23 84
23 85
23 87
23 89
23 92
23 94
23 97
24 27
24 28
24 29
24 32
24 35
24 38
24 40
24 41
24 43
24 47
24 48
24 54
24 57
24 58
24 59
24 61
24 63
24 66
24 67
24 70
24 71
24 72
24 73
24 74
24 80
24 81
24 82
24 83
24 84
24 85
24 87
24 89
24 90
24 92
24 94
25 29
25 30
25 34
25 35
25 37
25 45
25 47
25 51
25 52
25 57
25 61
25 62
25 63
25 64
25 67
25 69
25 72
25 73
25 77
25 78
25 81
25 84
25 86
25 93
25 96
25 97
26 28
26 29
26 31
26 34
26 37
26 39
26 42
26 45
26 54
26 55
26 56
26 58
26 60
26 64
26 66
26 72
26 73
26 74
26 75
26 76
26 79
26 80
26 82
26 86
26 91
26 92
26 95
26 98
27 28
27 33
27 35
27 36
27 37
27 39
27 41
27 49
27 54
27 56
27 57
27 59
27 60
27 62
27 63
27 65
27 71
27 73
27 75
27 76
27 78
27 79
27 82
27 83
27 89
27 93
27 97
28 30
28 33
28 39
28 40
28 41
28 42
28 43
28 45
28 46
28 48
28 53
28 54
28 55
28 57
28 61
28 62
28 63
28 69
28 70
28 73
28 74
28 77
28 81
28 84
28 86
28 87
28 89
28 90
28 92
28 93
28 95
28 96
28 97
29 32
29 34
29 39
29 49
29 50
29 53
29 54
29 55
29 56
29 57
29 58
29 60
29 64
29 65
29 69
29 70
29 73
29 74
29 75
29 77
29 78
29 82
29 83
29 84
29 87
29 88
29 93
29 98
30 32
30 33
30 37
30 39
30 43
30 45
30 46
30 49
30 51
30 57
30 59
30 60
30 61
30 63
30 67
30 68
30 69
30 74
30 75
30 76
30 79
30 86
30 89
30 90
30 97
31 32
31 34
31 35
31 40
31 41
31 43
31 44
31 51
31 52
31 55
31 57
31 58
31 66
31 72
31 73
31 75
31 76
31 78
31 79
31 81
31 87
31 90
31 95
31 97
31 98
32 34
32 36
32 38
32 39
32 42
32 43
32 46
32 50
32 51
32 53
32 54
32 56
32 57
32 60
32 62
32 63
32 66
32 67
32 69
32 70
32 74
32 75
32 78
32 79
32 88
32 89
32 97
33 37
33 39
33 40
33 46
33 48
33 49
33 51
33 53
33 54
33 55
33 57
33 58
33 59
33 60
33 61
33 62
33 63
33 73
33 75
33 79
33 80
33 85
33 87
33 89
33 91
33 93
34 37
34 40
34 42
34 43
34 46
34 49
34 53
34 56
34 57
34 61
34 63
34 64
34 65
34 66
34 67
34 69
34 75
34 76
34 79
34 82
34 85
34 86
34 91
34 93
34 95
34 97
34 99
35 36
35 37
35 40
35 42
35 49
35 50
35 56
35 58
35 61
35 62
35 64
35 66
35 68
35 69
35 70
35 72
35 74
35 76
35 79
35 80
35 81
35 82
35 83
35 84
35 85
35 87
35 89
35 90
35 93
36 37
36 38
36 45
36 47
36 50
36 51
36 52
36 58
36 68
36 69
36 70
36 72
36 76
36 78
36 82
36 83
36 87
36 88
36 89
36 91
36 92
36 95
36 97
37 39
37 42
37 43
37 45
37 48
37 50
37 51
37 53
37 60
37 65
37 67
37 68
37 70
37 71
37 74
37 76
37 78
37 80
37 81
37 82
37 90
37 91
37 92
37 94
37 95
37 97
37 98
37 99
38 44
38 47
38 48
38 49
38 50
38 53
38 61
38 63
38 64
38 65
38 66
38 67
38 68
38 69
38 70
38 74
38 75
38 76
38 77
38 78
38 83
38 85
38 88
38 95
38 96
39 42
39 43
39 44
39 46
39 47
39 48
39 49
39 50
39 54
39 57
39 60
39 72
39 73
39 74
39 75
39 77
39 82
39 85
39 86
39 94
39 95
39 97
40 44
40 46
40 49
40 50
40 53
40 54
40 59
40 61
40 62
40 64
40 68
40 69
40 70
40 72
40 75
40 76
40 77
40 78
40 79
40 81
40 82
40 83
40 85
40 92
40 95
41 42
41 45
41 49
41 51
41 54
41 55
41 56
41 58
41 63
41 65
41 69
41 70
41 73
41 74
41 75
41 76
41 77
41 78
41 82
41 88
41 91
41 92
41 93
41 95
41 97
41 99
42 44
42 47
42 50
42 51
42 58
42 63
42 66
42 69
42 70
42 72
42 77
42 79
42 83
42 84
42 85
42 90
42 94
42 96
42 97
43 44
43 47
43 49
43 54
43 55
43 56
43 58
43 62
43 63
43 64
43 67
43 73
43 76
43 78
43 80
43 81
43 83
43 84
43 88
43 90
43 93
43 95
44 47
44 51
44 54
44 55
44 56
44 60
44 63
44 64
44 65
44 67
44 70
44 73
44 74
44 76
44 78
44 79
44 80
44 82
44 83
44 85
44 86
44 88
44 90
44 94
44 98
44 99
45 49
45 51
45 54
45 57
45 60
45 61
45 66
45 67
45 69
45 70
45 75
45 76
45 89
45 94
45 96
45 97
45 99
46 49
46 52
46 53
46 54
46 55
46 59
46 61
46 62
46 68
46 70
46 73
46 75
46 76
46 78
46 79
46 80
46 82
46 85
46 86
46 87
46 88
46 90
46 91
46 95
46 96
46 99
47 48
47 56
47 57
47 61
47 66
47 67
47 69
47 70
47 71
47 72
47 73
47 74
47 76
47 79
47 80
47 84
47 86
47 90
47 93
47 95
47 96
47 97
47 99
48 49
48 51
48 54
48 56
48 59
48 62
48 63
48 64
48 65
48 66
48 72
48 73
48 74
48 75
48 77
48 78
48 80
48 83
48 88
48 89
48 92
48 93
48 95
48 97
48 98
48 99
49 52
49 58
49 62
49 64
49 69
49 71
49 72
49 73
49 75
49 76
49 77
49 80
49 85
49 86
49 88
49 90
49 93
49 94
49 96
50 51
50 53
50 56
50 58
50 59
50 60
50 65
50 66
50 70
50 71
50 73
50 80
50 81
50 82
50 85
50 86
50 90
50 91
50 92
50 93
50 95
50 96
50 99
51 52
51 55
51 58
51 61
51 65
51 66
51 68
51 71
51 72
51 78
51 80
51 84
51 86
51 87
51 88
51 89
51 91
51 95
51 99
52 56
52 57
52 59
52 60
52 61
52 62
52 66
52 69
52 70
52 73
52 74
52 76
52 77
52 78
52 81
52 84
52 87
52 92
52 93
52 98
53 55
53 57
53 58
53 59
53 60
53 64
53 75
53 79
53 81
53 89
53 90
53 91
53 92
53 93
53 95
54 55
54 60
54 63
54 65
54 69
54 74
54 75
54 76
54 79
54 83
54 84
54 88
54 93
54 96
54 98
54 99
55 58
55 59
55 60
55 61
55 64
55 65
55 71
55 74
55 76
55 79
55 81
55 86
55 87
55 89
55 91
55 96
55 98
55 99
56 57
56 58
56 60
56 63
56 66
56 67
56 69
56 70
56 71
56 72
56 73
56 74
56 75
56 76
56 78
56 79
56 81
56 87
56 89
56 90
56 91
56 95
56 96
56 98
57 58
57 59
57 60
57 64
57 65
57 68
57 71
57 72
57 75
57 76
57 79
57 83
57 89
57 90
57 94
57 96
58 61
58 62
58 63
58 66
58 68
58 69
58 72
58 74
58 77
58 82
58 87
58 90
58 91
58 93
58 94
58 96
58 97
59 60
59 61
59 66
59 72
59 73
59 76
59 78
59 83
59 84
59 89
59 90
59 94
59 96
59 97
60 61
60 65
60 66
60 67
60 68
60 73
60 77
60 79
60 84
60 86
60 88
60 89
60 93
60 95
60 97
61 62
61 63
61 65
61 66
61 69
61 71
61 73
61 77
61 78
61 79
61 80
61 81
61 82
61 83
61 84
61 85
61 87
61 90
61 95
61 98
62 63
62 64
62 66
62 67
62 69
62 70
62 71
62 77
62 78
62 80
62 82
62 83
62 86
62 89
62 91
62 95
62 97
62 98
63 66
63 69
63 70
63 71
63 79
63 80
63 81
63 82
63 83
63 85
63 88
63 89
63 91
63 92
63 93
63 97
63 99
64 67
64 70
64 71
64 74
64 76
64 77
64 80
64 82
64 91
64 95
64 99
65 66
65 67
65 72
65 77
65 78
65 80
65 82
65 83
65 85
65 90
65 91
65 97
65 98
66 69
66 72
66 74
66 77
66 78
66 83
66 85
66 89
66 90
66 92
66 93
67 68
67 70
67 72
67 73
67 76
67 78
67 81
67 83
67 89
67 95
67 97
67 98
68 73
68 74
68 76
68 77
68 80
68 81
68 82
68 83
68 84
68 85
68 86
68 87
68 88
68 91
68 93
68 94
68 96
68 97
69 74
69 77
69 80
69 81
69 86
69 87
69 91
69 92
69 94
69 97
70 71
70 72
70 74
70 79
70 81
70 82
70 83
70 84
70 87
70 88
70 89
70 96
71 75
71 76
71 79
71 81
71 82
71 83
71 84
71 85
71 93
71 95
72 77
72 79
72 81
72 83
72 85
72 86
72 90
72 96
72 98
73 77
73 81
73 88
73 93
73 95
73 96
73 97
73 98
73 99
74 76
74 77
74 79
74 89
74 91
74 92
74 94
74 95
74 96
74 97
75 76
75 77
75 79
75 81
75 82
75 84
75 86
75 91
75 94
75 96
75 97
75 98
75 99
76 79
76 81
76 85
76 86
76 87
76 88
76 91
76 92
76 96
76 97
76 98
76 99
77 78
77 80
77 83
77 85
77 86
77 87
77 89
77 90
77 91
77 92
77 93
77 97
77 98
77 99
78 80
78 82
78 88
78 90
78 91
78 97
78 98
78 99
79 85
79 86
79 89
79 91
79 93
79 95
79 98
79 99
80 81
80 83
80 86
80 87
80 90
80 91
80 94
80 95
80 96
81 82
81 83
81 84
81 85
81 87
81 91
81 92
81 93
81 94
81 95
81 97
81 99
82 83
82 86
82 87
82 89
82 91
82 92
82 94
82 96
82 97
83 89
83 91
83 92
83 94
83 97
84 88
84 97
84 98
85 86
85 87
85 88
85 90
85 93
85 95
85 98
86 89
86 90
86 92
86 96
86 99
87 89
87 90
87 91
87 92
87 94
88 93
88 94
88 96
88 97
89 90
89 93
89 95
89 96
89 99
90 93
90 98
91 98
92 93
92 95
92 96
92 98
94 95
94 96
94 97
95 98
97 99
98 99
