100 1000
0 10
0 12
0 13
0 14
0 15
0 24
0 32
0 36
0 37
0 38
0 41
0 42
0 43
0 46
0 58
0 66
0 69
0 75
0 78
0 86
0 89
0 93
0 94
0 96
0 99
1 2
1 17
1 27
1 31
1 33
1 34
1 36
1 44
1 45
1 47
1 51
1 53
1 54
1 60
1 61
1 62
1 66
1 74
1 76
1 83
1 84
1 87
1 90
1 91
1 97
2 5
2 6
2 7
2 17
2 18
2 19
2 24
2 29
2 36
2 44
2 48
2 51
2 54
2 58
2 69
2 73
2 75
2 82
2 84
2 86
2 88
2 90
2 94
3 32
3 89
3 35
3 10
3 42
3 12
3 13
3 14
3 44
3 47
3 76
3 78
3 51
3 79
3 21
3 22
3 25
3 58
3 92
3 62
3 95
4 7
4 8
4 11
4 20
4 23
4 29
4 30
4 33
4 37
4 42
4 43
4 44
4 55
4 56
4 61
4 64
4 66
4 67
4 74
4 78
4 80
4 84
4 99
5 23
5 24
5 25
5 28
5 31
5 37
5 39
5 41
5 43
5 46
5 49
5 52
5 66
5 67
5 72
5 74
5 75
5 80
5 84
5 85
5 90
5 93
5 98
6 99
6 37
6 72
6 44
6 76
6 14
6 79
6 48
6 49
6 19
6 53
6 54
6 23
6 86
6 89
7 96
7 97
7 66
7 36
7 98
7 11
7 80
7 19
7 52
7 23
7 88
7 92
7 93
7 95
8 89
8 99
8 38
8 73
8 42
8 43
8 77
8 18
8 19
8 22
8 23
8 24
8 87
8 90
8 27
8 93
9 65
9 37
9 70
9 72
9 76
9 60
9 79
9 16
9 17
9 50
9 21
9 22
9 24
9 56
9 28
9 31
10 15
10 17
10 20
10 23
10 27
10 28
10 29
10 30
10 33
10 37
10 41
10 42
10 43
10 45
10 46
10 47
10 54
10 63
10 64
10 71
10 74
10 75
10 79
10 84
10 89
10 91
10 95
10 97
11 16
11 19
11 21
11 26
11 27
11 35
11 36
11 40
11 41
11 43
11 48
11 50
11 51
11 55
11 57
11 58
11 59
11 67
11 70
11 71
11 73
11 74
11 78
11 81
11 82
11 83
11 95
11 97
12 33
12 97
12 35
12 36
12 38
12 67
12 68
12 70
12 75
12 13
12 78
12 15
12 47
12 91
12 28
12 29
13 64
13 96
13 70
13 75
13 47
13 79
13 17
13 49
13 50
13 87
13 31
14 32
14 34
14 35
14 69
14 38
14 99
14 43
14 18
14 82
14 22
14 56
14 89
14 88
14 93
14 63
15 33
15 34
15 67
15 97
15 99
15 42
15 45
15 76
15 78
15 80
15 81
15 91
15 84
15 25
15 59
15 60
15 61
16 19
16 28
16 32
16 34
16 45
16 48
16 54
16 56
16 66
16 68
16 70
16 71
16 72
16 74
16 78
16 85
16 90
16 91
16 93
16 96
17 89
17 35
17 90
17 44
17 18
17 51
17 53
17 22
17 54
17 85
17 25
17 87
17 28
17 93
17 95
17 31
18 19
18 21
18 36
18 41
18 43
18 48
18 55
18 62
18 66
18 68
18 72
18 75
18 82
18 83
18 86
18 88
18 91
18 98
19 23
19 40
19 42
19 50
19 52
19 60
19 61
19 63
19 75
19 77
19 83
19 86
19 89
19 94
19 97
19 98
20 89
20 66
20 98
20 74
20 44
20 79
20 81
20 24
20 25
20 88
20 92
20 93
20 62
20 95
21 32
21 97
21 68
21 37
21 75
21 45
21 46
21 78
21 86
21 87
21 90
21 28
21 61
22 97
22 36
22 69
22 70
22 42
22 74
22 76
22 48
22 49
22 88
22 89
22 92
22 94
23 34
23 39
23 40
23 41
23 73
23 46
23 79
23 83
23 53
23 85
23 89
23 93
23 95
23 31
24 29
24 35
24 36
24 38
24 39
24 40
24 43
24 46
24 48
24 61
24 65
24 70
24 85
24 86
24 90
24 91
24 97
25 66
25 67
25 38
25 99
25 72
25 47
25 49
25 79
25 52
25 54
25 81
25 86
25 59
26 32
26 98
26 35
26 67
26 48
26 80
26 83
26 62
26 94
26 90
26 30
27 98
27 36
27 37
27 69
27 41
27 45
27 78
27 79
27 49
27 50
27 51
27 84
27 59
27 92
27 93
27 94
28 64
28 40
28 72
28 75
28 81
28 52
28 85
28 58
28 92
28 29
28 30
28 63
29 32
29 33
29 67
29 39
29 41
29 74
29 60
29 89
29 61
30 32
30 65
30 98
30 58
30 72
30 43
30 47
30 50
30 82
30 83
30 53
30 55
30 93
31 32
31 33
31 36
31 41
31 55
31 57
31 58
31 59
31 60
31 61
31 73
31 74
31 83
31 86
31 90
31 91
31 92
31 93
31 95
31 96
31 99
32 64
32 97
32 67
32 69
32 40
32 43
32 61
32 53
32 54
32 85
32 94
32 88
33 96
33 97
33 71
33 85
33 90
33 59
34 64
34 65
34 68
34 38
34 73
34 75
34 87
34 94
34 90
34 62
35 36
35 52
35 59
35 61
35 62
35 63
35 65
35 67
35 72
35 77
35 78
35 80
35 83
35 85
35 92
35 96
36 44
36 47
36 48
36 58
36 60
36 66
36 70
36 74
36 77
36 80
36 82
36 91
36 98
36 99
37 40
37 41
37 43
37 49
37 52
37 63
37 68
37 81
37 83
37 85
37 89
37 92
37 95
37 97
38 64
38 97
38 41
38 72
38 47
38 49
38 82
38 51
38 84
38 63
39 65
39 69
39 41
39 42
39 46
39 78
39 49
39 85
39 86
39 87
39 59
39 62
40 66
40 98
40 99
40 41
40 75
40 46
40 49
40 82
40 52
40 55
40 54
40 83
40 88
41 46
41 47
41 50
41 55
41 56
41 61
41 74
41 86
41 91
41 92
42 64
42 97
42 98
42 70
42 76
42 77
42 53
42 55
42 85
42 87
42 59
42 94
43 44
43 45
43 46
43 53
43 65
43 66
43 69
43 72
43 87
43 89
43 98
44 49
44 50
44 54
44 55
44 60
44 61
44 65
44 70
44 71
44 75
44 78
44 91
44 98
45 66
45 67
45 68
45 98
45 99
45 59
45 48
45 51
45 84
45 54
45 93
45 95
46 64
46 96
46 67
46 98
46 78
46 47
46 48
46 49
46 51
46 86
46 94
47 57
47 60
47 61
47 67
47 70
47 73
47 77
47 78
47 86
47 94
47 98
48 65
48 73
48 94
48 55
48 57
48 59
48 87
48 61
48 62
49 53
49 60
49 62
49 63
49 68
49 71
49 79
49 85
49 88
49 91
49 92
49 97
50 68
50 74
50 76
50 91
50 54
50 88
50 58
50 93
50 63
51 64
51 66
51 91
51 80
51 53
51 90
51 60
51 62
52 67
52 75
52 60
52 82
52 87
52 90
52 61
52 94
53 78
53 80
53 86
53 62
53 58
53 95
54 65
54 96
54 69
54 97
54 92
54 95
55 62
55 63
55 67
55 69
55 73
55 74
55 82
55 85
55 86
55 87
55 97
55 99
56 65
56 97
56 98
56 74
56 77
56 92
56 57
56 60
57 96
57 67
57 70
57 72
57 75
57 78
57 81
57 84
57 86
57 87
57 92
57 93
58 64
58 97
58 70
58 91
58 76
58 59
59 65
59 97
59 71
59 91
59 87
59 93
59 95
60 97
60 98
60 68
60 75
60 84
60 89
60 62
61 63
61 64
61 66
61 68
61 73
61 79
61 80
61 89
61 98
62 90
62 99
62 73
62 89
63 65
63 66
63 97
63 69
63 72
63 93
63 85
63 91
64 65
64 71
64 72
64 73
64 76
64 77
64 81
64 85
64 95
65 67
65 81
65 84
66 68
66 73
66 74
66 75
66 84
66 89
66 96
66 97
67 72
67 73
67 80
67 82
67 91
67 92
67 95
68 97
68 98
68 75
68 78
68 79
68 92
68 93
68 88
69 88
69 76
69 78
69 79
69 82
69 84
69 85
69 90
69 93
69 95
70 96
70 71
70 72
70 77
70 86
70 92
71 96
71 97
71 99
71 77
71 78
71 79
71 80
71 93
71 94
72 79
72 88
72 90
73 96
73 80
73 88
73 89
74 96
74 80
74 87
75 76
75 78
75 82
75 84
76 96
76 81
76 82
77 80
77 83
77 84
78 81
78 84
78 93
78 98
79 96
79 97
79 99
79 82
79 88
79 94
80 98
80 99
80 83
80 85
80 89
81 89
81 99
81 93
81 95
82 97
82 83
82 84
82 88
82 90
83 90
83 84
83 88
83 94
84 86
84 93
85 97
85 99
85 86
86 91
86 95
86 96
86 97
86 99
88 90
88 95
89 92
89 93
89 98
90 96
90 98
91 99
91 94
92 99
93 96
97 99
