100 1000
0 89
0 33
0 2
0 98
0 4
0 37
0 69
0 39
0 72
0 76
0 47
0 48
0 18
0 19
0 50
0 51
0 85
0 23
0 87
0 57
0 58
1 34
1 35
1 4
1 68
1 70
1 75
1 16
1 17
1 51
1 22
1 57
1 27
1 95
1 63
2 32
2 36
2 68
2 39
2 8
2 11
2 12
2 44
2 60
2 80
2 20
2 24
2 28
3 5
3 9
3 12
3 22
3 34
3 36
3 40
3 41
3 46
3 49
3 50
3 54
3 57
3 66
3 67
3 73
3 79
3 80
3 82
3 85
3 88
3 91
3 92
4 96
4 97
4 71
4 41
4 81
4 84
4 22
4 55
4 24
4 25
4 59
4 30
4 31
5 10
5 15
5 25
5 28
5 29
5 34
5 38
5 41
5 48
5 49
5 50
5 57
5 71
5 74
5 78
5 82
5 84
5 85
5 86
5 90
5 96
5 97
5 98
6 65
6 34
6 67
6 68
6 98
6 38
6 70
6 41
6 10
6 12
6 76
6 46
6 83
6 21
6 86
6 23
6 87
6 88
6 30
6 63
7 64
7 34
7 98
7 38
7 39
7 72
7 41
7 79
7 83
7 86
7 90
8 97
8 11
8 75
8 14
8 16
8 17
8 18
8 48
8 85
8 86
8 90
8 30
9 15
9 17
9 19
9 22
9 24
9 28
9 37
9 50
9 51
9 52
9 54
9 57
9 58
9 60
9 61
9 62
9 73
9 83
9 89
9 90
9 95
10 64
10 33
10 65
10 66
10 36
10 38
10 40
10 67
10 71
10 73
10 79
10 51
10 52
10 83
10 55
10 24
10 58
10 91
11 33
11 68
11 37
11 69
11 70
11 40
11 90
11 43
11 44
11 45
11 14
11 76
11 19
11 53
11 94
11 58
11 93
11 30
12 64
12 97
12 98
12 40
12 15
12 80
12 18
12 50
12 83
12 55
12 22
12 23
12 25
12 26
12 60
12 94
13 64
13 65
13 98
13 99
13 71
13 72
13 44
13 77
13 46
13 14
13 48
13 60
13 50
13 51
13 54
13 90
13 28
13 29
13 63
14 33
14 40
14 16
14 49
14 80
14 61
14 52
14 88
14 57
14 29
14 94
14 63
15 16
15 20
15 21
15 22
15 25
15 26
15 27
15 28
15 30
15 31
15 35
15 37
15 43
15 47
15 50
15 58
15 71
15 72
15 73
15 78
15 84
15 86
15 88
15 93
15 94
15 96
16 34
16 36
16 37
16 70
16 39
16 40
16 77
16 46
16 17
16 19
16 21
16 89
16 90
16 28
16 95
17 20
17 24
17 30
17 31
17 32
17 35
17 39
17 43
17 45
17 48
17 49
17 57
17 58
17 62
17 64
17 66
17 69
17 82
17 84
17 89
17 98
18 99
18 37
18 41
18 42
18 73
18 74
18 76
18 81
18 82
18 83
18 52
18 21
18 85
18 86
18 57
18 91
18 61
19 30
19 33
19 37
19 43
19 44
19 47
19 51
19 55
19 57
19 61
19 66
19 77
19 80
19 87
19 88
19 91
19 93
19 98
19 99
20 96
20 65
20 66
20 98
20 99
20 39
20 41
20 46
20 82
20 83
20 21
20 53
20 54
20 55
20 85
20 26
21 96
21 33
21 66
21 36
21 70
21 41
21 45
21 80
21 50
21 55
21 58
21 27
21 63
21 31
22 35
22 76
22 50
22 53
22 85
22 25
22 90
23 65
23 35
23 68
23 38
23 39
23 73
23 47
23 81
23 63
23 82
23 87
23 25
23 92
23 29
23 31
24 26
24 27
24 30
24 31
24 39
24 41
24 49
24 54
24 57
24 59
24 63
24 74
24 76
24 77
24 78
24 82
24 85
24 89
24 92
24 95
25 31
25 33
25 36
25 38
25 41
25 42
25 46
25 47
25 54
25 55
25 61
25 63
25 64
25 69
25 75
25 81
25 88
25 94
25 99
26 29
26 32
26 37
26 42
26 44
26 45
26 46
26 50
26 52
26 55
26 62
26 64
26 72
26 73
26 75
26 76
26 79
26 82
26 83
26 86
26 87
26 89
26 93
27 28
27 30
27 31
27 32
27 39
27 42
27 45
27 53
27 56
27 58
27 61
27 64
27 72
27 74
27 88
27 94
27 96
27 97
28 32
28 65
28 68
28 70
28 40
28 46
28 48
28 85
28 87
28 57
28 58
28 60
28 61
29 39
29 42
29 43
29 49
29 50
29 59
29 60
29 63
29 67
29 74
29 78
29 82
29 83
29 90
29 91
29 92
29 95
30 33
30 40
30 47
30 51
30 57
30 58
30 63
30 68
30 76
30 78
30 80
30 84
30 87
30 90
30 92
30 96
30 97
30 98
31 37
31 40
31 41
31 42
31 50
31 53
31 60
31 64
31 65
31 66
31 68
31 71
31 79
31 82
31 87
31 88
31 90
31 91
31 92
31 98
32 37
32 38
32 69
32 90
32 75
32 44
32 60
32 92
32 80
32 83
32 52
32 84
32 87
32 55
32 93
32 63
33 35
33 36
33 43
33 47
33 49
33 51
33 52
33 53
33 65
33 67
33 79
33 83
33 89
33 90
33 91
33 93
34 66
34 35
34 38
34 68
34 73
34 43
34 45
34 98
34 79
34 49
34 52
34 85
34 90
34 91
34 92
35 68
35 40
35 88
35 74
35 76
35 80
35 50
35 51
35 52
35 82
35 54
35 59
36 66
36 68
36 72
36 42
36 47
36 86
36 87
36 59
36 93
37 39
37 43
37 45
37 46
37 47
37 54
37 58
37 65
37 67
37 69
37 71
37 78
37 83
37 84
37 89
37 90
38 89
38 70
38 42
38 78
38 47
38 83
38 86
38 94
39 65
39 96
39 88
39 59
39 45
39 79
39 83
39 58
39 60
39 63
40 68
40 45
40 60
40 49
40 79
40 81
40 83
40 53
41 43
41 44
41 51
41 56
41 64
41 68
41 72
41 73
41 86
41 88
41 93
41 98
42 89
42 99
42 70
42 71
42 88
42 44
42 45
42 46
42 81
42 85
42 56
42 92
43 65
43 66
43 67
43 69
43 71
43 72
43 75
43 48
43 52
43 57
43 60
43 63
44 66
44 69
44 70
44 90
44 49
44 50
44 51
44 53
44 87
44 94
45 65
45 58
45 76
45 77
45 85
45 57
46 65
46 67
46 69
46 71
46 47
46 81
46 92
46 83
46 53
46 85
46 95
47 49
47 51
47 67
47 71
47 72
47 74
47 79
47 80
47 84
47 93
47 98
48 64
48 97
48 53
48 54
48 88
48 90
48 95
48 63
49 65
49 69
49 73
49 76
49 82
49 87
49 58
49 92
49 94
50 58
50 69
50 61
50 83
50 84
50 59
50 62
51 58
51 67
51 68
51 73
51 80
51 86
51 87
51 90
51 93
51 98
52 58
52 66
52 74
52 80
52 62
52 95
53 64
53 96
53 72
53 77
53 83
53 87
53 88
53 60
54 55
54 61
54 62
54 64
54 65
54 68
54 75
54 79
54 80
54 81
54 83
54 92
54 97
54 99
55 65
55 96
55 69
55 79
55 80
55 81
55 83
55 93
55 95
56 64
56 65
56 67
56 99
56 70
56 76
56 80
56 82
56 86
56 92
56 63
57 58
57 60
57 70
57 72
57 73
57 77
57 84
57 86
57 89
57 92
58 65
58 77
58 88
58 91
58 92
58 97
58 99
59 97
59 99
59 78
59 82
59 84
59 93
59 86
59 87
59 92
60 70
60 79
60 81
60 83
61 66
61 73
61 74
61 75
61 78
61 79
61 83
61 84
61 89
61 94
61 95
61 97
61 98
62 65
62 71
62 74
62 80
62 81
63 73
63 74
63 79
63 95
64 99
64 73
64 82
64 95
64 87
64 92
64 94
65 66
65 69
65 79
65 81
65 94
65 96
66 67
66 73
66 82
66 87
66 89
67 96
67 69
67 71
67 75
67 77
67 78
67 90
67 88
68 70
68 80
68 84
68 87
68 89
68 91
68 95
68 98
69 72
69 78
69 80
69 82
69 87
69 89
69 97
69 98
70 96
70 98
70 76
70 77
70 78
70 93
70 95
71 72
71 73
71 74
71 76
71 83
71 91
72 89
72 90
72 74
72 91
72 85
72 88
73 78
73 82
74 75
74 77
74 78
74 80
74 95
75 76
75 85
75 87
76 78
76 79
76 80
76 83
76 92
76 95
77 98
77 90
77 78
77 80
77 85
77 91
78 79
78 80
78 83
78 85
78 94
79 80
79 83
79 84
79 88
79 95
79 97
79 99
80 82
80 83
80 84
80 96
81 82
81 85
81 87
81 93
82 83
82 84
82 89
83 85
83 94
84 94
84 90
84 92
84 95
85 88
85 93
86 96
86 99
86 87
86 93
87 98
88 89
88 90
90 92
90 95
91 99
92 95
92 96
92 97
93 97
95 98
96 97
