100 2000
0 3
0 5
0 6
0 9
0 10
0 12
0 14
0 17
0 18
0 24
0 27
0 28
0 32
0 33
0 34
0 36
0 38
0 43
0 46
0 49
0 50
0 54
0 56
0 59
0 67
0 68
0 69
0 73
0 75
0 76
0 77
0 78
0 79
0 81
0 82
0 83
0 85
0 88
0 90
0 91
0 94
0 95
0 96
0 98
1 4
1 5
1 7
1 10
1 11
1 12
1 13
1 17
1 20
1 23
1 26
1 28
1 30
1 31
1 32
1 35
1 37
1 39
1 40
1 42
1 44
1 46
1 47
1 48
1 49
1 50
1 51
1 57
1 58
1 59
1 62
1 64
1 67
1 68
1 76
1 78
1 81
1 83
1 85
1 86
1 88
1 90
1 92
1 96
1 99
2 7
2 8
2 9
2 10
2 12
2 13
2 14
2 15
2 16
2 17
2 19
2 20
2 24
2 27
2 29
2 30
2 32
2 33
2 34
2 38
2 40
2 42
2 43
2 44
2 46
2 49
2 52
2 53
2 54
2 55
2 59
2 61
2 63
2 64
2 65
2 68
2 71
2 72
2 73
2 74
2 75
2 77
2 78
2 81
2 86
2 93
2 96
2 97
2 99
3 8
3 15
3 17
3 20
3 22
3 23
3 24
3 26
3 29
3 30
3 34
3 36
3 37
3 38
3 40
3 42
3 45
3 48
3 50
3 67
3 71
3 73
3 75
3 76
3 78
3 79
3 80
3 85
3 87
3 92
3 95
3 97
3 98
4 6
4 8
4 10
4 13
4 16
4 17
4 18
4 19
4 20
4 22
4 23
4 24
4 26
4 29
4 34
4 35
4 38
4 41
4 43
4 48
4 51
4 54
4 55
4 59
4 60
4 63
4 65
4 66
4 75
4 79
4 81
4 82
4 83
4 94
4 96
4 98
4 99
5 9
5 10
5 11
5 12
5 14
5 16
5 18
5 19
5 20
5 21
5 22
5 24
5 25
5 26
5 28
5 29
5 33
5 35
5 41
5 42
5 43
5 48
5 50
5 55
5 56
5 59
5 60
5 61
5 63
5 64
5 75
5 76
5 78
5 79
5 88
5 90
5 93
5 95
5 98
5 99
6 7
6 10
6 13
6 17
6 19
6 22
6 24
6 25
6 26
6 28
6 29
6 30
6 37
6 40
6 44
6 46
6 49
6 51
6 52
6 55
6 58
6 59
6 61
6 67
6 71
6 72
6 74
6 77
6 78
6 80
6 86
6 88
6 90
6 92
6 94
6 96
6 99
7 10
7 15
7 16
7 19
7 20
7 21
7 23
7 24
7 25
7 30
7 34
7 36
7 37
7 43
7 44
7 47
7 55
7 57
7 60
7 63
7 66
7 71
7 73
7 74
7 77
7 79
7 81
7 84
7 87
7 88
7 91
7 97
7 99
8 12
8 14
8 15
8 16
8 23
8 24
8 26
8 27
8 28
8 32
8 35
8 40
8 41
8 43
8 47
8 49
8 52
8 56
8 57
8 58
8 59
8 60
8 62
8 65
8 68
8 71
8 72
8 73
8 74
8 75
8 80
8 84
8 85
8 86
8 89
8 90
8 94
9 11
9 12
9 13
9 17
9 21
9 22
9 24
9 26
9 27
9 28
9 33
9 38
9 42
9 44
9 45
9 46
9 57
9 60
9 61
9 66
9 67
9 68
9 69
9 71
9 72
9 75
9 76
9 78
9 83
9 84
9 85
9 86
9 87
9 89
9 93
9 95
9 99
10 18
10 19
10 20
10 21
10 24
10 29
10 31
10 38
10 39
10 42
10 43
10 49
10 50
10 52
10 59
10 60
10 63
10 64
10 67
10 68
10 74
10 78
10 80
10 82
10 86
10 87
10 88
10 90
10 91
10 93
11 12
11 14
11 16
11 17
11 19
11 21
11 23
11 28
11 34
11 35
11 36
11 41
11 42
11 43
11 45
11 49
11 52
11 54
11 56
11 58
11 62
11 64
11 65
11 66
11 72
11 73
11 77
11 81
11 88
11 90
11 91
11 93
11 94
12 13
12 14
12 16
12 17
12 18
12 20
12 29
12 31
12 33
12 35
12 38
12 39
12 47
12 49
12 50
12 51
12 54
12 56
12 60
12 61
12 63
12 66
12 68
12 72
12 74
12 75
12 77
12 78
12 79
12 82
12 83
12 84
12 88
12 89
12 90
12 91
12 92
12 93
12 95
12 98
13 21
13 27
13 31
13 34
13 41
13 46
13 47
13 48
13 52
13 54
13 62
13 63
13 66
13 69
13 70
13 77
13 83
13 84
13 87
13 90
13 97
13 99
14 17
14 19
14 22
14 23
14 30
14 35
14 40
14 41
14 42
14 46
14 47
14 49
14 51
14 52
14 54
14 57
14 59
14 60
14 62
14 66
14 71
14 76
14 77
14 78
14 79
14 80
14 85
14 86
14 87
14 89
14 95
14 96
14 99
15 19
15 20
15 24
15 26
15 31
15 35
15 36
15 39
15 40
15 41
15 46
15 48
15 50
15 55
15 58
15 59
15 61
15 64
15 66
15 67
15 68
15 71
15 72
15 73
15 74
15 75
15 81
15 84
15 85
15 87
15 88
15 89
15 90
15 92
15 93
15 95
15 98
16 17
16 20
16 21
16 35
16 36
16 39
16 45
16 47
16 48
16 52
16 53
16 58
16 59
16 60
16 61
16 62
16 63
16 65
16 66
16 67
16 68
16 70
16 72
16 73
16 74
16 75
16 76
16 79
16 80
16 86
16 89
16 90
16 93
16 99
17 19
17 21
17 24
17 29
17 30
17 32
17 34
17 35
17 37
17 38
17 39
17 41
17 42
17 43
17 46
17 52
17 57
17 59
17 63
17 67
17 68
17 75
17 77
17 79
17 82
17 86
17 89
17 95
17 96
17 99
18 20
18 21
18 22
18 25
18 26
18 28
18 29
18 30
18 31
18 34
18 38
18 39
18 41
18 42
18 47
18 54
18 59
18 60
18 64
18 66
18 70
18 71
18 72
18 73
18 74
18 79
18 85
18 86
18 88
18 89
18 92
18 93
18 94
18 98
19 20
19 22
19 26
19 29
19 35
19 39
19 41
19 43
19 46
19 47
19 50
19 51
19 53
19 56
19 57
19 58
19 61
19 66
19 67
19 68
19 70
19 72
19 74
19 83
19 84
19 86
19 87
19 91
19 93
19 97
20 28
20 36
20 37
20 38
20 40
20 44
20 45
20 46
20 49
20 50
20 52
20 55
20 57
20 62
20 63
20 66
20 69
20 70
20 71
20 73
20 74
20 75
20 79
20 80
20 81
20 82
20 84
20 85
20 87
20 88
20 90
20 94
20 95
21 22
21 24
21 33
21 35
21 36
21 41
21 43
21 49
21 50
21 51
21 52
21 53
21 55
21 57
21 58
21 59
21 63
21 64
21 68
21 69
21 70
21 73
21 75
21 76
21 78
21 79
21 80
21 82
21 85
21 86
21 88
21 93
21 96
21 97
21 98
22 24
22 27
22 31
22 32
22 41
22 42
22 43
22 46
22 47
22 51
22 53
22 56
22 59
22 67
22 69
22 74
22 76
22 77
22 81
22 87
22 91
22 93
22 96
22 97
23 26
23 28
23 30
23 32
23 33
23 35
23 40
23 44
23 51
23 60
23 64
23 65
23 69
23 70
23 72
23 73
23 74
23 75
23 78
23 79
23 83
23 90
23 91
23 92
23 93
23 96
24 27
24 28
24 32
24 34
24 35
24 38
24 43
24 45
24 46
24 47
24 48
24 52
24 53
24 54
24 56
24 59
24 60
24 62
24 63
24 65
24 66
24 67
24 70
24 72
24 74
24 78
24 82
24 86
24 87
24 88
24 93
24 94
24 95
25 27
25 28
25 30
25 31
25 33
25 34
25 36
25 38
25 40
25 42
25 43
25 46
25 47
25 48
25 49
25 50
25 52
25 54
25 61
25 66
25 67
25 68
25 69
25 70
25 71
25 72
25 77
25 78
25 79
25 80
25 83
25 84
25 86
25 88
25 90
25 91
25 93
25 95
26 28
26 29
26 30
26 32
26 33
26 34
26 39
26 40
26 41
26 42
26 45
26 47
26 49
26 55
26 57
26 59
26 60
26 61
26 62
26 64
26 67
26 71
26 75
26 76
26 77
26 80
26 83
26 90
26 91
26 92
26 93
26 94
26 97
27 28
27 36
27 38
27 40
27 43
27 46
27 47
27 50
27 57
27 58
27 65
27 67
27 71
27 73
27 76
27 78
27 81
27 82
27 84
27 85
27 86
27 89
27 90
27 91
27 92
27 96
27 97
28 34
28 35
28 36
28 37
28 38
28 40
28 44
28 46
28 47
28 53
28 55
28 58
28 63
28 67
28 68
28 76
28 77
28 78
28 79
28 81
28 83
28 86
28 87
28 88
28 90
28 95
29 33
29 34
29 35
29 38
29 43
29 44
29 45
29 46
29 48
29 51
29 53
29 58
29 60
29 61
29 62
29 63
29 64
29 65
29 68
29 70
29 72
29 73
29 75
29 79
29 80
29 82
29 86
29 91
29 93
29 94
29 97
29 99
30 31
30 32
30 33
30 34
30 38
30 39
30 41
30 43
30 44
30 45
30 47
30 49
30 50
30 51
30 53
30 55
30 56
30 57
30 60
30 63
30 66
30 70
30 71
30 82
30 85
30 86
30 90
30 91
30 93
30 94
30 98
31 35
31 36
31 40
31 41
31 44
31 46
31 49
31 51
31 53
31 54
31 56
31 58
31 59
31 60
31 61
31 62
31 66
31 68
31 69
31 71
31 72
31 76
31 80
31 81
31 85
31 86
31 87
31 92
31 94
31 96
31 98
32 34
32 36
32 37
32 43
32 48
32 49
32 50
32 51
32 53
32 54
32 60
32 69
32 71
32 73
32 75
32 76
32 78
32 80
32 85
32 89
32 91
32 94
32 95
33 35
33 36
33 38
33 39
33 43
33 44
33 46
33 47
33 49
33 50
33 52
33 53
33 54
33 56
33 61
33 64
33 68
33 72
33 73
33 79
33 80
33 81
33 88
33 90
33 91
33 96
33 97
33 98
33 99
34 37
34 38
34 39
34 42
34 43
34 44
34 46
34 47
34 49
34 50
34 53
34 54
34 58
34 59
34 60
34 61
34 62
34 63
34 65
34 68
34 79
34 80
34 82
34 83
34 86
34 88
34 89
34 92
34 93
34 94
35 39
35 40
35 41
35 42
35 43
35 47
35 48
35 51
35 53
35 55
35 57
35 61
35 63
35 65
35 67
35 68
35 69
35 70
35 77
35 81
35 85
35 88
35 89
35 91
35 92
35 95
35 97
35 98
36 40
36 44
36 46
36 51
36 52
36 53
36 55
36 58
36 61
36 64
36 65
36 66
36 67
36 69
36 71
36 72
36 74
36 78
36 80
36 88
36 91
36 93
37 38
37 40
37 41
37 43
37 44
37 48
37 55
37 59
37 62
37 63
37 64
37 65
37 68
37 69
37 70
37 71
37 75
37 76
37 77
37 80
37 83
37 86
37 87
37 92
37 93
37 95
38 42
38 43
38 45
38 46
38 48
38 49
38 50
38 53
38 58
38 59
38 63
38 66
38 68
38 71
38 76
38 79
38 92
38 93
38 94
38 95
38 96
38 97
39 41
39 45
39 46
39 48
39 49
39 54
39 58
39 59
39 60
39 65
39 66
39 67
39 69
39 70
39 71
39 74
39 75
39 76
39 77
39 81
39 82
39 88
39 89
39 91
39 93
39 94
39 98
40 42
40 47
40 48
40 49
40 50
40 51
40 52
40 56
40 60
40 62
40 64
40 69
40 71
40 76
40 77
40 78
40 80
40 83
40 90
40 92
40 98
40 99
41 43
41 45
41 50
41 54
41 56
41 57
41 59
41 60
41 67
41 75
41 90
41 91
41 96
41 97
41 98
41 99
42 43
42 46
42 47
42 48
42 50
42 55
42 56
42 57
42 62
42 66
42 70
42 79
42 81
42 83
42 84
42 87
42 92
42 93
42 94
42 96
42 97
43 50
43 51
43 53
43 58
43 59
43 60
43 65
43 66
43 68
43 70
43 75
43 79
43 80
43 82
43 83
43 84
43 86
43 87
43 89
43 91
43 93
43 98
44 45
44 46
44 51
44 52
44 55
44 57
44 62
44 63
44 66
44 67
44 71
44 73
44 76
44 77
44 80
44 81
44 83
44 86
44 87
44 89
44 93
44 95
44 96
44 98
45 48
45 51
45 53
45 56
45 57
45 58
45 60
45 63
45 66
45 72
45 76
45 78
45 79
45 80
45 81
45 83
45 84
45 85
45 86
45 93
45 96
46 50
46 51
46 52
46 60
46 64
46 70
46 71
46 72
46 74
46 77
46 81
46 86
46 87
46 89
46 90
46 91
46 92
46 93
46 94
46 95
46 98
47 48
47 50
47 51
47 52
47 53
47 57
47 58
47 61
47 63
47 64
47 65
47 68
47 74
47 78
47 81
47 83
47 85
47 86
47 87
47 89
47 92
47 98
47 99
48 49
48 55
48 58
48 59
48 62
48 65
48 67
48 70
48 71
48 72
48 75
48 77
48 78
48 79
48 83
48 84
48 90
48 94
48 96
48 97
48 98
48 99
49 53
49 54
49 55
49 56
49 61
49 62
49 63
49 64
49 70
49 71
49 72
49 74
49 76
49 81
49 82
49 83
49 89
49 91
49 93
50 52
50 54
50 55
50 59
50 61
50 67
50 68
50 71
50 72
50 73
50 77
50 79
50 80
50 81
50 83
50 85
50 89
50 95
50 98
51 53
51 59
51 61
51 62
51 63
51 66
51 67
51 68
51 69
51 71
51 79
51 81
51 83
51 84
51 85
51 89
51 91
51 94
51 95
51 98
52 53
52 56
52 58
52 59
52 62
52 63
52 68
52 71
52 76
52 80
52 84
52 85
52 86
52 90
52 93
52 95
52 96
53 55
53 57
53 58
53 60
53 66
53 67
53 69
53 73
53 75
53 77
53 78
53 80
53 82
53 84
53 85
53 90
53 91
54 57
54 60
54 61
54 65
54 67
54 68
54 69
54 71
54 72
54 73
54 74
54 75
54 76
54 80
54 81
54 82
54 84
54 86
54 87
54 88
54 91
54 92
54 96
54 97
55 57
55 58
55 59
55 61
55 63
55 64
55 67
55 69
55 70
55 71
55 73
55 77
55 78
55 82
55 83
55 86
55 87
55 91
55 92
55 93
55 94
55 96
56 58
56 61
56 64
56 65
56 69
56 74
56 75
56 76
56 81
56 83
56 85
56 86
56 87
56 88
56 89
56 90
56 92
56 95
57 60
57 62
57 66
57 67
57 72
57 76
57 78
57 83
57 86
57 88
57 96
58 61
58 63
58 64
58 66
58 72
58 73
58 75
58 77
58 81
58 82
58 86
58 87
58 89
58 90
58 93
58 94
58 96
58 99
59 62
59 66
59 68
59 69
59 70
59 71
59 72
59 73
59 74
59 78
59 81
59 82
59 84
59 87
59 94
59 97
60 61
60 63
60 66
60 67
60 68
60 70
60 71
60 74
60 75
60 80
60 85
60 86
60 91
60 96
60 97
61 62
61 63
61 74
61 82
61 83
61 87
61 88
61 95
61 96
61 99
62 63
62 73
62 74
62 75
62 78
62 79
62 80
62 82
62 83
62 85
62 89
62 90
62 93
62 94
62 98
62 99
63 64
63 65
63 68
63 71
63 72
63 73
63 76
63 78
63 79
63 80
63 81
63 82
63 98
64 66
64 67
64 74
64 78
64 80
64 81
64 87
64 91
64 92
65 73
65 74
65 77
65 78
65 80
65 81
65 82
65 83
65 85
65 87
65 90
65 91
65 93
65 96
66 68
66 71
66 74
66 76
66 78
66 79
66 80
66 81
66 84
66 88
66 91
66 94
66 95
66 97
66 98
67 69
67 71
67 75
67 77
67 78
67 80
67 81
67 84
67 85
67 91
67 93
67 96
67 98
68 69
68 72
68 74
68 78
68 79
68 80
68 82
68 84
68 88
68 89
68 90
68 91
68 92
68 96
69 72
69 73
69 74
69 81
69 83
69 85
69 87
69 90
69 95
69 96
69 98
70 71
70 72
70 74
70 75
70 76
70 77
70 78
70 79
70 80
70 83
70 85
70 88
70 91
70 92
70 94
70 97
70 98
70 99
71 72
71 74
71 75
71 77
71 78
71 80
71 85
71 86
71 88
71 89
71 90
71 92
71 98
71 99
72 73
72 75
72 78
72 80
72 83
72 85
72 87
72 88
72 90
72 91
72 97
73 81
73 82
73 91
73 94
73 96
74 78
74 79
74 80
74 81
74 84
74 85
74 86
74 89
74 91
74 93
75 82
75 85
75 86
75 88
75 91
75 95
75 96
75 98
75 99
76 77
76 79
76 81
76 84
76 90
76 92
76 93
76 94
76 96
77 80
77 82
77 84
77 89
77 90
77 92
77 94
78 81
78 83
78 89
78 90
78 93
78 95
78 97
78 98
79 81
79 82
79 84
79 86
79 88
79 92
79 95
79 97
80 82
80 83
80 87
80 89
80 91
80 94
80 95
80 97
81 85
81 87
81 88
81 89
81 90
81 95
81 96
81 97
81 99
82 86
82 91
82 94
82 97
83 86
83 87
83 88
83 90
83 93
83 95
83 96
83 97
83 98
83 99
84 86
84 87
84 89
84 90
84 94
84 95
84 96
84 97
84 99
85 89
85 91
85 94
86 87
86 88
86 89
86 94
86 97
86 99
87 89
87 94
87 95
87 96
87 98
87 99
88 90
88 92
88 95
88 98
89 90
89 93
89 94
89 98
90 92
90 93
90 96
90 97
90 99
91 93
91 97
91 99
92 94
92 95
92 97
92 98
92 99
93 95
93 96
93 97
93 98
93 99
94 95
94 96
95 96
95 97
96 97
96 98
