100 1000
0 1
0 3
0 72
0 41
0 10
0 12
0 44
0 16
0 80
0 83
0 86
0 62
0 91
0 30
0 95
1 8
1 12
1 13
1 21
1 25
1 29
1 31
1 35
1 36
1 38
1 40
1 43
1 46
1 48
1 49
1 50
1 51
1 64
1 70
1 71
1 72
1 74
1 76
1 93
1 99
2 72
2 41
2 11
2 43
2 13
2 45
2 76
2 79
2 19
2 20
2 84
2 86
2 23
2 58
2 27
2 60
2 93
2 95
3 89
3 96
3 43
3 44
3 14
3 47
3 79
3 82
3 83
3 85
3 86
3 94
3 24
3 57
3 58
3 91
3 61
3 62
4 96
4 7
4 72
4 42
4 43
4 45
4 47
4 17
4 50
4 81
4 84
4 85
4 87
4 28
4 95
5 32
5 97
5 66
5 39
5 72
5 73
5 12
5 77
5 46
5 81
5 50
5 82
5 53
5 22
5 23
5 54
5 55
5 56
5 95
6 8
6 12
6 19
6 20
6 26
6 28
6 31
6 37
6 41
6 44
6 48
6 50
6 54
6 58
6 60
6 61
6 64
6 68
6 73
6 78
6 79
6 85
6 86
6 87
6 92
6 99
7 64
7 97
7 98
7 68
7 8
7 10
7 75
7 12
7 82
7 19
7 85
7 23
7 56
7 62
7 26
7 30
7 63
8 98
8 37
8 39
8 46
8 17
8 18
8 19
8 82
8 53
8 54
8 86
8 95
8 25
8 90
8 28
8 29
8 30
8 31
9 96
9 98
9 70
9 71
9 74
9 91
9 12
9 45
9 76
9 51
9 21
9 53
9 87
9 56
9 62
9 90
9 27
9 61
9 30
10 13
10 21
10 22
10 23
10 26
10 33
10 37
10 40
10 42
10 45
10 49
10 50
10 51
10 55
10 56
10 60
10 63
10 79
10 90
10 92
10 93
10 94
10 95
10 97
11 64
11 97
11 38
11 71
11 73
11 44
11 45
11 80
11 51
11 83
11 84
11 89
11 90
11 92
11 61
12 99
12 39
12 42
12 73
12 47
12 48
12 51
12 20
12 55
12 24
12 25
12 26
12 28
12 61
12 63
13 99
13 68
13 40
13 42
13 43
13 44
13 75
13 15
13 19
13 20
13 86
13 87
13 56
13 57
13 88
13 28
13 30
13 95
14 32
14 97
14 70
14 81
14 19
14 21
14 22
14 53
14 24
14 85
14 56
14 27
14 87
14 95
14 31
15 65
15 34
15 67
15 68
15 37
15 69
15 70
15 40
15 42
15 75
15 77
15 18
15 50
15 82
15 86
15 60
15 62
15 63
16 64
16 42
16 78
16 80
16 84
16 87
16 55
16 25
16 26
16 28
16 61
16 30
17 35
17 39
17 40
17 42
17 44
17 50
17 52
17 54
17 64
17 67
17 68
17 73
17 75
17 78
17 81
17 83
17 85
17 93
17 95
17 96
18 32
18 33
18 37
18 38
18 39
18 74
18 76
18 45
18 50
18 52
18 87
18 88
18 25
18 90
18 28
18 93
18 57
19 21
19 30
19 34
19 42
19 43
19 45
19 46
19 61
19 62
19 69
19 74
19 75
19 77
19 78
19 80
19 82
19 84
20 65
20 78
20 79
20 49
20 82
20 83
20 84
20 86
20 87
20 56
20 92
20 95
21 97
21 69
21 41
21 45
21 47
21 48
21 85
21 54
21 87
21 89
21 95
22 33
22 34
22 35
22 98
22 99
22 42
22 44
22 75
22 46
22 47
22 49
22 76
22 85
22 24
22 89
22 28
22 95
23 27
23 28
23 31
23 32
23 36
23 38
23 41
23 42
23 46
23 47
23 48
23 72
23 76
23 78
23 84
23 88
23 90
23 92
23 93
23 96
24 25
24 30
24 33
24 34
24 35
24 39
24 45
24 48
24 51
24 52
24 57
24 60
24 61
24 69
24 70
24 72
24 73
24 75
24 80
24 81
24 88
24 95
24 99
25 26
25 36
25 45
25 49
25 56
25 66
25 68
25 75
25 78
25 82
25 88
25 90
25 91
25 93
25 95
25 99
26 27
26 33
26 36
26 37
26 38
26 40
26 42
26 43
26 44
26 53
26 64
26 66
26 70
26 81
26 82
26 94
27 32
27 64
27 66
27 58
27 68
27 99
27 44
27 76
27 78
27 83
27 92
28 65
28 66
28 42
28 43
28 74
28 49
28 61
28 52
28 56
28 60
28 29
29 96
29 33
29 35
29 68
29 37
29 42
29 74
29 44
29 77
29 49
29 82
29 55
29 56
29 57
29 58
29 59
30 32
30 33
30 36
30 47
30 51
30 62
30 68
30 80
30 81
30 84
30 85
30 88
30 90
30 91
30 92
30 93
30 95
30 97
31 97
31 69
31 71
31 41
31 42
31 43
31 72
31 73
31 74
31 78
31 80
31 57
31 91
31 63
32 96
32 33
32 67
32 69
32 43
32 76
32 45
32 51
32 53
32 55
32 85
32 58
32 63
33 96
33 34
33 68
33 37
33 69
33 39
33 70
33 71
33 74
33 90
33 80
33 84
33 91
34 65
34 70
34 88
34 45
34 48
34 83
34 53
34 54
34 55
34 56
34 85
34 86
34 63
35 64
35 66
35 97
35 68
35 44
35 76
35 77
35 48
35 50
35 93
35 85
35 90
35 60
36 41
36 43
36 44
36 46
36 60
36 62
36 63
36 64
36 65
36 66
36 69
36 71
36 72
36 81
36 87
36 89
36 90
36 95
37 41
37 44
37 47
37 48
37 83
37 52
37 84
37 94
37 62
38 64
38 97
38 90
38 75
38 78
38 59
38 92
38 62
39 99
39 70
39 42
39 44
39 54
40 65
40 97
40 69
40 41
40 44
40 77
40 48
40 50
40 51
40 92
40 89
40 60
40 93
40 63
41 64
41 73
41 74
41 75
41 45
41 79
41 80
41 53
41 87
41 60
41 93
42 44
42 55
42 59
42 64
42 70
42 84
42 93
42 96
42 98
43 49
43 59
43 70
43 74
43 76
43 78
43 82
43 86
43 93
43 95
43 99
44 46
44 49
44 50
44 51
44 64
44 68
44 75
44 76
44 97
45 65
45 67
45 97
45 99
45 76
45 50
45 54
46 64
46 65
46 96
46 74
46 77
46 83
46 57
46 58
46 91
46 60
46 94
46 63
47 65
47 66
47 97
47 73
47 48
47 55
47 62
47 56
47 88
47 61
48 49
48 50
48 51
48 52
48 58
48 62
48 63
48 67
48 69
48 96
48 97
48 98
49 65
49 70
49 75
49 78
49 79
49 50
49 53
49 93
49 56
49 88
50 57
50 62
50 63
50 69
50 74
50 77
50 81
50 86
50 87
50 89
50 98
51 89
51 71
51 72
51 76
51 94
51 87
51 57
51 90
51 63
52 66
52 67
52 68
52 69
52 72
52 60
52 78
52 81
52 83
52 88
53 96
53 66
53 68
53 90
53 98
53 72
53 86
53 56
53 88
53 60
53 95
54 96
54 97
54 67
54 68
54 72
54 98
54 99
54 76
54 79
54 86
54 88
54 93
55 64
55 97
55 68
55 99
55 73
55 76
55 84
55 86
55 56
56 58
56 59
56 60
56 62
56 80
56 84
56 91
56 92
56 93
56 95
57 64
57 65
57 66
57 97
57 69
57 73
57 77
57 82
57 87
58 96
58 69
58 72
58 73
58 77
58 79
58 81
58 86
58 92
59 97
59 99
59 72
59 73
59 74
59 78
59 93
59 87
59 61
60 66
60 67
60 71
60 74
60 98
60 86
61 67
61 68
61 75
61 76
61 77
61 82
61 84
61 87
61 93
61 94
61 97
61 99
62 65
62 97
62 67
62 76
62 77
62 93
62 63
63 70
63 72
63 74
63 76
63 77
63 78
63 80
63 82
63 93
64 69
64 70
64 77
64 78
64 86
64 88
64 90
64 91
64 96
65 68
65 87
66 97
66 68
66 83
66 84
67 98
67 76
67 77
67 82
67 83
67 85
67 93
67 94
67 90
67 95
68 70
68 76
68 82
68 83
68 87
68 92
69 73
69 83
69 84
69 93
69 96
69 97
69 99
70 98
70 74
70 76
71 74
71 76
71 77
71 82
71 93
71 95
72 76
72 77
72 83
72 85
72 87
72 89
72 95
72 97
72 98
72 99
73 78
73 79
73 82
73 83
73 85
74 78
74 82
74 83
74 84
74 93
74 98
75 76
75 79
75 91
76 77
76 81
76 85
76 89
76 94
76 96
76 98
77 89
77 97
78 89
78 79
79 81
79 83
79 85
79 86
79 89
80 96
80 98
80 90
80 82
80 91
80 92
81 98
81 86
82 92
82 96
82 99
83 97
83 85
85 99
85 88
85 92
86 92
86 88
87 90
87 94
87 95
87 96
87 99
88 90
88 95
89 98
89 91
89 94
90 91
90 98
90 99
91 98
92 99
92 93
93 99
94 98
96 99
