100 1000
0 33
0 2
0 34
0 67
0 69
0 39
0 72
0 45
0 79
0 83
0 20
0 55
0 27
0 29
0 30
1 17
1 18
1 21
1 26
1 32
1 33
1 40
1 45
1 49
1 50
1 51
1 57
1 63
1 64
1 67
1 72
1 74
1 78
1 79
1 80
1 87
1 92
1 96
1 97
2 3
2 5
2 7
2 19
2 27
2 30
2 33
2 44
2 49
2 51
2 60
2 69
2 71
2 74
2 77
2 80
2 85
2 87
2 89
2 93
2 96
3 5
3 6
3 9
3 10
3 20
3 26
3 27
3 32
3 35
3 39
3 44
3 56
3 57
3 67
3 73
3 79
3 81
3 82
3 86
3 87
3 92
3 96
3 97
4 65
4 36
4 9
4 41
4 42
4 81
4 19
4 53
4 22
4 23
4 55
4 26
5 12
5 17
5 20
5 23
5 24
5 42
5 44
5 46
5 49
5 51
5 55
5 56
5 57
5 68
5 70
5 72
5 73
5 82
5 83
5 88
5 89
5 98
6 32
6 65
6 96
6 36
6 37
6 68
6 98
6 44
6 76
6 46
6 77
6 18
6 22
6 23
6 24
6 25
6 87
6 59
7 10
7 12
7 14
7 24
7 28
7 32
7 45
7 46
7 55
7 56
7 58
7 59
7 61
7 62
7 64
7 65
7 67
7 69
7 73
7 75
7 79
7 81
7 83
7 84
7 88
7 95
7 96
7 97
8 35
8 67
8 71
8 10
8 44
8 46
8 79
8 51
8 20
8 54
8 60
9 13
9 16
9 18
9 21
9 25
9 29
9 30
9 37
9 44
9 50
9 55
9 61
9 62
9 65
9 71
9 74
9 84
9 87
9 89
9 92
9 93
9 97
10 96
10 67
10 68
10 90
10 41
10 42
10 72
10 76
10 77
10 47
10 19
10 53
10 85
10 58
10 61
11 34
11 36
11 68
11 38
11 41
11 73
11 44
11 77
11 47
11 48
11 19
11 61
11 53
11 55
11 59
11 29
12 64
12 97
12 41
12 59
12 91
12 78
12 49
12 63
12 19
12 20
12 21
12 22
12 82
12 89
12 27
12 60
12 61
12 31
13 66
13 67
13 37
13 42
13 43
13 50
13 54
13 23
13 30
13 63
14 34
14 35
14 36
14 66
14 40
14 74
14 43
14 45
14 17
14 50
14 53
14 28
14 29
14 95
14 31
15 97
15 34
15 99
15 68
15 37
15 45
15 78
15 47
15 80
15 17
15 20
15 21
15 52
15 86
15 25
15 30
15 31
16 32
16 64
16 34
16 35
16 45
16 47
16 81
16 52
16 53
16 54
16 85
16 56
16 87
16 93
17 24
17 26
17 27
17 29
17 31
17 34
17 37
17 42
17 45
17 74
17 75
17 77
17 78
17 87
17 88
17 89
17 94
17 96
17 98
18 67
18 68
18 69
18 46
18 49
18 82
18 84
18 53
18 85
18 55
18 89
18 58
18 28
19 68
19 38
19 39
19 71
19 42
19 44
19 46
19 48
19 74
19 91
19 90
19 59
19 93
19 62
19 31
20 23
20 30
20 41
20 45
20 57
20 58
20 60
20 61
20 63
20 66
20 68
20 71
20 73
20 74
20 75
20 81
20 86
20 88
20 90
20 92
21 22
21 27
21 30
21 32
21 35
21 38
21 51
21 55
21 57
21 58
21 59
21 62
21 76
21 78
21 80
21 86
21 91
21 92
21 98
22 32
22 64
22 34
22 65
22 67
22 96
22 40
22 43
22 45
22 76
22 77
22 52
22 85
22 57
22 60
22 29
22 95
23 97
23 71
23 41
23 91
23 43
23 77
23 78
23 84
23 24
23 26
23 27
23 92
24 27
24 41
24 52
24 56
24 59
24 60
24 62
24 65
24 66
24 69
24 72
24 73
24 74
24 75
24 76
24 79
24 82
24 87
24 89
24 90
24 91
24 92
24 96
25 96
25 65
25 36
25 59
25 73
25 74
25 77
25 46
25 91
25 51
25 27
25 93
25 94
26 66
26 69
26 98
26 41
26 42
26 75
26 46
26 78
26 79
26 82
26 59
26 92
27 31
27 44
27 46
27 49
27 51
27 55
27 56
27 58
27 60
27 68
27 72
27 75
27 77
27 78
27 79
27 80
27 82
27 90
27 92
27 93
27 95
27 96
27 98
28 67
28 38
28 72
28 41
28 74
28 80
28 49
28 57
28 30
29 36
29 90
29 44
29 75
29 46
29 47
29 79
29 51
29 80
29 54
29 57
29 58
29 60
29 31
30 32
30 33
30 64
30 69
30 38
30 72
30 44
30 79
30 82
30 54
30 63
30 31
31 34
31 37
31 42
31 43
31 44
31 48
31 49
31 50
31 53
31 56
31 60
31 69
31 71
31 77
31 79
31 84
31 85
31 86
31 94
31 96
32 98
32 35
32 69
32 38
32 43
32 48
32 52
32 86
32 94
33 34
33 98
33 99
33 70
33 73
33 76
33 48
33 49
33 84
33 85
33 86
33 57
33 59
33 92
33 61
34 36
34 71
34 77
34 89
35 97
35 68
35 37
35 99
35 41
35 77
35 46
35 83
35 58
35 94
35 63
36 64
36 89
36 69
36 71
36 74
36 43
36 82
36 90
36 95
37 65
37 98
37 70
37 71
37 74
37 46
37 49
37 55
37 88
37 57
37 90
37 61
37 94
38 66
38 70
38 39
38 40
38 41
38 88
38 82
38 94
38 53
38 55
38 62
38 57
38 58
38 86
38 93
39 44
39 49
39 50
39 52
39 54
39 56
39 57
39 58
39 60
39 62
39 63
39 68
39 74
39 76
39 77
39 79
39 85
39 87
39 88
39 97
40 96
40 99
40 41
40 75
40 44
40 76
40 49
40 53
40 85
40 87
40 91
40 93
41 42
41 45
41 46
41 52
41 60
41 65
41 67
41 71
41 77
41 84
42 45
42 46
42 50
42 51
42 64
42 66
42 76
42 78
42 79
42 86
42 87
42 89
42 94
43 97
43 99
43 75
43 46
43 77
43 63
43 53
43 54
43 85
43 86
43 92
43 61
44 48
44 51
44 62
44 68
44 82
44 93
44 96
44 97
45 64
45 75
45 47
45 51
45 79
45 81
45 84
45 59
45 94
46 53
46 55
46 58
46 59
46 66
46 70
46 73
46 86
46 87
46 98
47 66
47 67
47 98
47 70
47 74
47 79
47 80
47 82
47 57
47 59
48 65
48 98
48 90
48 70
48 73
48 74
48 51
48 87
48 58
48 61
48 62
49 51
49 55
49 56
49 64
49 66
49 74
49 79
49 87
49 88
49 91
49 99
50 65
50 98
50 93
50 58
50 61
51 59
51 61
51 62
51 73
51 76
51 78
51 85
51 86
51 95
52 69
52 88
52 77
52 80
52 82
52 84
52 54
52 57
52 86
52 87
52 60
52 61
53 97
53 68
53 71
53 81
53 86
53 90
54 64
54 98
54 99
54 68
54 70
54 79
54 93
54 57
54 91
54 63
55 68
55 70
55 75
55 84
56 64
56 96
56 66
56 84
56 85
56 86
56 90
56 95
57 65
57 71
57 76
57 77
57 83
57 85
57 91
57 92
57 94
57 95
57 99
58 60
58 62
58 63
58 67
58 69
58 71
58 81
58 82
58 84
58 93
58 97
58 99
59 60
59 65
59 66
59 69
59 71
59 73
59 81
59 86
59 87
59 90
59 93
59 95
60 63
60 69
60 72
60 77
60 78
60 79
60 84
60 85
60 90
60 97
61 67
61 76
61 79
61 80
61 81
61 84
61 85
61 93
61 95
61 96
62 70
62 80
62 84
62 91
62 63
63 70
63 71
63 72
63 74
63 81
63 84
63 92
63 93
63 94
63 96
63 98
64 65
64 67
64 68
64 69
64 73
64 75
64 76
64 78
64 82
64 96
64 98
65 89
65 74
65 80
65 82
65 84
65 92
66 68
66 69
66 90
66 72
66 78
66 79
66 93
66 95
67 69
67 71
67 75
67 79
67 87
67 90
67 95
68 71
68 77
68 78
68 79
68 83
68 84
68 87
68 96
68 97
69 70
69 74
69 79
69 83
69 88
70 72
70 75
70 77
70 78
71 73
71 79
71 82
71 84
71 90
71 92
71 98
72 97
72 88
72 79
72 92
72 94
72 93
73 81
73 83
73 85
73 92
74 82
74 84
74 85
74 86
74 87
74 92
74 93
74 95
74 97
74 99
75 77
75 85
75 93
75 94
76 77
76 78
76 79
76 82
76 86
76 93
76 96
76 97
76 98
77 79
77 80
77 82
77 84
77 92
77 97
78 85
78 86
79 80
79 84
79 93
79 98
80 81
80 83
80 85
81 90
81 82
81 84
81 87
82 85
82 88
82 97
82 98
83 89
83 85
83 93
84 87
84 89
84 90
84 95
85 95
87 88
88 95
89 99
89 95
90 96
91 98
92 97
92 98
93 97
93 99
