100 300
0 17
0 11
0 84
0 71
0 57
1 98
1 70
1 74
1 45
1 84
1 21
1 27
2 34
2 80
2 17
2 50
2 20
2 84
3 8
3 37
4 26
4 83
4 90
5 32
5 70
5 39
5 43
5 75
5 82
5 19
5 86
5 92
6 88
6 43
6 68
6 29
7 94
7 42
7 44
7 82
7 54
8 37
8 72
8 10
8 75
8 12
8 46
8 17
8 19
8 56
8 89
9 32
9 28
10 12
10 14
10 50
10 19
10 22
10 56
10 90
10 61
11 97
11 43
11 13
11 20
11 60
11 95
12 46
12 34
12 22
13 36
13 41
13 76
13 92
13 60
13 31
14 83
14 86
14 18
14 70
15 33
15 38
15 16
15 21
15 58
15 63
16 40
16 43
16 78
16 17
16 19
16 52
16 23
16 27
17 32
17 69
17 51
17 20
17 58
17 61
17 62
18 62
18 57
18 75
18 53
19 32
19 36
19 38
19 73
19 42
19 43
19 83
20 96
20 36
20 43
20 92
20 85
20 60
21 96
21 98
21 74
21 84
21 55
22 64
22 70
22 46
22 90
22 28
23 73
23 80
23 84
23 54
23 91
24 81
24 58
24 92
24 82
25 76
25 47
25 85
25 87
25 27
25 28
25 93
25 30
26 75
26 74
26 59
27 69
27 37
27 43
27 79
27 85
28 98
28 40
28 82
28 86
28 57
28 92
29 97
29 82
29 83
30 32
30 42
30 48
30 66
31 99
31 50
31 74
32 98
32 50
32 84
32 94
33 96
33 40
33 74
33 49
33 83
33 55
34 73
34 94
35 77
36 69
36 72
36 43
36 75
36 80
37 74
37 45
37 46
37 49
37 56
37 89
37 61
38 96
38 98
38 44
38 49
38 84
39 68
39 73
39 48
39 49
39 50
39 81
39 93
40 42
40 68
41 61
41 51
41 43
42 96
42 71
43 64
43 66
43 69
43 52
43 83
43 55
43 87
44 49
44 75
44 68
45 70
45 71
45 75
45 90
46 99
46 82
47 51
47 84
47 86
47 71
48 72
49 73
49 83
49 87
50 76
50 51
50 53
50 58
50 59
50 61
51 96
51 73
52 89
52 98
52 69
52 57
53 81
53 77
53 55
54 68
55 78
55 87
56 82
56 86
56 62
58 77
58 63
59 68
60 86
62 64
64 97
64 78
64 83
64 90
65 76
66 78
67 89
67 92
68 97
68 79
69 97
69 82
70 97
70 83
71 83
73 89
75 92
76 97
77 89
77 87
78 89
78 92
79 89
79 86
79 92
80 96
80 99
81 90
81 83
82 86
82 91
86 96
87 94
88 92
91 96
92 96
95 97
