100 1000
0 99
0 7
0 8
0 40
0 42
0 74
0 75
0 45
0 15
0 83
0 86
0 87
0 25
0 26
0 93
1 7
1 9
1 25
1 27
1 34
1 35
1 38
1 51
1 58
1 61
1 64
1 65
1 66
1 67
1 68
1 75
1 77
1 79
1 80
1 82
1 83
1 84
1 94
1 97
2 6
2 11
2 17
2 28
2 29
2 37
2 38
2 43
2 49
2 56
2 62
2 63
2 64
2 66
2 68
2 70
2 77
2 83
2 87
2 89
2 94
2 97
2 98
3 6
3 9
3 14
3 23
3 30
3 33
3 39
3 44
3 49
3 50
3 53
3 54
3 57
3 58
3 59
3 65
3 66
3 67
3 69
3 78
3 83
3 87
3 90
4 64
4 65
4 97
4 39
4 74
4 43
4 47
4 82
4 20
4 53
4 54
4 55
4 87
4 25
4 26
4 61
4 94
4 95
5 32
5 64
5 65
5 98
5 99
5 8
5 13
5 77
5 92
5 16
5 50
5 82
5 54
5 95
5 89
5 58
5 27
5 28
5 93
5 62
5 31
6 7
6 10
6 12
6 15
6 21
6 28
6 29
6 35
6 39
6 42
6 44
6 46
6 58
6 60
6 62
6 67
6 68
6 75
6 81
6 83
6 96
7 32
7 64
7 58
7 68
7 38
7 99
7 73
7 78
7 79
7 16
7 50
7 87
7 55
7 26
7 30
7 95
8 13
8 25
8 26
8 27
8 29
8 30
8 32
8 33
8 35
8 37
8 38
8 52
8 54
8 61
8 66
8 67
8 69
8 76
8 79
8 80
8 83
8 85
8 93
8 96
8 98
8 99
9 32
9 89
9 67
9 90
9 70
9 10
9 77
9 79
9 80
9 53
9 54
9 55
9 24
9 25
9 85
9 93
10 65
10 67
10 36
10 37
10 69
10 41
10 15
10 79
10 17
10 18
10 52
10 53
10 55
10 95
11 32
11 33
11 67
11 97
11 39
11 72
11 43
11 75
11 48
11 56
11 88
11 28
11 93
12 64
12 65
12 97
12 67
12 70
12 16
12 82
12 19
12 21
12 54
12 56
12 90
12 92
13 25
13 33
13 42
13 43
13 45
13 51
13 54
13 58
13 59
13 63
13 64
13 67
13 68
13 74
13 76
13 79
13 80
13 86
13 93
13 94
13 95
13 98
14 96
14 65
14 98
14 35
14 37
14 70
14 73
14 92
14 16
14 80
14 19
14 22
14 54
14 25
14 28
14 29
14 94
15 33
15 75
15 46
15 16
15 18
15 19
15 51
15 63
15 95
15 87
15 24
15 89
15 58
15 61
15 30
15 31
16 73
16 44
16 85
16 24
16 57
16 58
16 28
16 93
16 31
17 97
17 68
17 42
17 45
17 77
17 48
17 49
17 50
17 51
17 81
17 83
17 55
17 89
17 26
17 60
18 19
18 26
18 31
18 40
18 41
18 42
18 44
18 47
18 48
18 49
18 54
18 65
18 72
18 74
18 75
18 76
18 77
18 84
18 89
18 96
18 97
19 66
19 71
19 41
19 44
19 48
19 78
19 80
19 52
19 82
19 83
19 55
19 85
19 26
19 88
20 64
20 66
20 99
20 37
20 39
20 73
20 42
20 49
20 50
20 83
20 52
20 86
20 26
20 92
20 61
20 63
21 64
21 96
21 67
21 37
21 76
21 49
21 50
21 63
21 83
21 93
21 23
21 90
21 92
21 61
21 94
21 31
22 32
22 35
22 36
22 40
22 41
22 73
22 46
22 47
22 48
22 60
22 61
22 78
22 79
22 81
22 23
22 93
22 28
22 29
23 35
23 56
23 58
23 43
23 78
23 48
23 52
23 86
23 24
23 57
23 26
24 90
24 40
24 43
24 76
24 52
24 55
24 88
24 57
24 26
24 60
25 37
25 68
25 39
25 77
25 48
25 49
25 50
25 80
25 82
25 56
25 57
25 60
25 93
26 29
26 32
26 33
26 35
26 37
26 40
26 44
26 46
26 50
26 53
26 66
26 72
26 74
26 83
26 85
26 86
26 87
26 88
26 98
27 28
27 30
27 35
27 40
27 41
27 46
27 48
27 51
27 52
27 56
27 62
27 71
27 72
27 73
27 76
27 77
27 78
27 84
27 85
27 96
28 29
28 34
28 35
28 36
28 41
28 43
28 53
28 62
28 66
28 70
28 71
28 73
28 85
28 96
29 36
29 37
29 39
29 77
29 46
29 79
29 49
29 80
29 82
29 53
29 87
29 61
29 62
30 32
30 96
30 67
30 37
30 69
30 39
30 59
30 72
30 76
30 80
30 87
30 88
30 57
31 33
31 98
31 37
31 38
31 70
31 71
31 44
31 77
31 47
31 48
31 51
31 83
31 87
32 96
32 65
32 42
32 44
32 45
32 49
32 55
32 54
32 62
32 57
32 91
33 64
33 65
33 98
33 37
33 69
33 39
33 71
33 77
33 84
33 53
33 56
33 60
33 95
34 40
34 42
34 45
34 50
34 51
34 54
34 55
34 58
34 59
34 60
34 61
34 63
34 64
34 68
34 75
34 78
34 80
34 86
34 87
34 88
34 98
35 38
35 39
35 41
35 65
35 68
35 69
35 73
35 75
35 81
35 89
35 96
35 97
35 98
36 64
36 66
36 99
36 39
36 71
36 75
36 60
36 52
36 56
36 89
37 39
37 40
37 41
37 45
37 47
37 50
37 52
37 53
37 55
37 56
37 58
37 66
37 75
37 76
37 78
37 82
37 87
37 90
37 93
38 96
38 97
38 72
38 77
38 80
38 81
38 56
38 57
38 91
38 63
39 47
39 48
39 54
39 56
39 59
39 60
39 64
39 69
39 70
39 73
39 82
39 84
39 85
39 88
39 90
39 92
40 64
40 65
40 66
40 98
40 73
40 42
40 76
40 81
40 83
40 84
40 85
40 55
40 60
41 98
41 71
41 43
41 74
41 76
41 85
41 55
41 61
41 94
42 99
42 68
42 73
42 44
42 78
42 92
42 87
42 55
42 56
42 90
42 60
43 64
43 96
43 67
43 98
43 76
43 45
43 84
43 58
43 91
43 63
44 46
44 50
44 51
44 52
44 55
44 58
44 60
44 63
44 66
44 71
44 72
44 74
44 80
44 82
44 90
44 97
45 98
45 99
45 73
45 76
45 77
45 51
45 84
45 88
45 57
45 90
46 77
46 78
46 83
46 52
46 55
46 92
47 96
47 79
47 60
47 61
47 95
48 52
48 53
48 56
48 58
48 63
48 65
48 66
48 67
48 70
48 71
48 72
48 89
49 65
49 98
49 76
49 63
49 81
49 82
49 87
49 59
49 92
49 95
49 57
50 66
50 68
50 73
50 90
50 81
50 54
50 85
50 87
50 60
51 97
51 99
51 70
51 79
51 95
51 89
51 90
51 60
51 61
51 94
52 54
52 59
52 63
52 65
52 66
52 67
52 71
52 75
52 78
52 80
52 81
52 87
52 88
52 89
52 90
52 95
52 99
53 66
53 72
53 91
53 60
53 80
53 82
53 85
53 88
53 59
54 96
54 68
54 70
54 76
54 82
54 88
55 56
55 64
55 67
55 70
55 71
55 80
55 85
55 92
55 95
55 97
56 59
56 67
56 81
56 82
56 87
56 94
56 95
56 96
57 96
57 66
57 69
57 94
57 60
58 99
58 72
58 94
58 92
58 93
58 62
59 65
59 67
59 98
59 73
59 83
59 85
59 61
59 95
60 63
60 77
60 78
60 79
60 80
60 83
60 86
60 93
60 98
61 62
61 64
61 65
61 73
61 75
61 76
61 83
61 87
61 88
61 93
61 94
61 97
62 66
62 68
62 99
62 72
62 81
62 84
62 89
63 64
63 77
63 78
63 81
63 90
64 65
64 71
64 74
64 75
64 76
64 78
64 79
64 81
64 85
64 90
64 93
64 99
65 66
65 87
65 89
65 90
66 72
66 77
66 95
66 97
66 99
67 68
67 71
67 81
67 86
67 87
67 89
67 92
67 95
68 72
68 75
68 85
68 87
68 88
68 93
68 94
68 96
69 89
69 94
70 97
70 72
70 73
70 78
70 79
70 92
70 84
70 87
70 90
70 93
71 73
71 77
71 79
71 80
71 81
71 82
71 84
71 87
71 88
71 92
71 99
72 97
72 73
72 76
72 80
72 95
73 76
73 83
74 75
74 78
74 79
74 82
74 83
74 85
74 86
74 88
74 95
75 77
75 85
75 86
75 88
76 82
76 83
76 84
76 86
76 89
76 92
76 95
76 98
76 99
77 79
77 88
77 96
78 98
78 91
78 90
78 94
79 83
79 87
79 88
79 91
79 95
80 81
82 83
82 86
82 88
82 89
82 91
82 92
82 98
83 89
83 91
83 93
83 95
83 97
83 98
84 96
85 94
86 97
86 98
87 88
87 98
89 98
89 99
89 90
90 91
90 93
90 97
92 96
96 97
97 98
