100 2000
0 1
0 2
0 3
0 5
0 8
0 14
0 17
0 18
0 19
0 25
0 26
0 29
0 30
0 34
0 36
0 38
0 40
0 41
0 42
0 44
0 45
0 48
0 50
0 52
0 55
0 56
0 57
0 59
0 60
0 61
0 62
0 63
0 65
0 66
0 67
0 72
0 73
0 75
0 77
0 84
0 85
0 89
0 91
0 92
0 94
0 95
0 96
0 97
1 6
1 8
1 9
1 11
1 15
1 20
1 29
1 31
1 32
1 33
1 34
1 35
1 37
1 38
1 39
1 42
1 43
1 44
1 45
1 46
1 47
1 48
1 49
1 50
1 51
1 53
1 56
1 57
1 58
1 62
1 68
1 71
1 75
1 76
1 77
1 79
1 80
1 82
1 83
1 84
1 93
1 94
1 95
1 98
1 99
2 4
2 5
2 7
2 8
2 9
2 11
2 13
2 15
2 17
2 18
2 30
2 35
2 39
2 41
2 43
2 47
2 48
2 49
2 52
2 54
2 55
2 56
2 58
2 60
2 64
2 65
2 66
2 70
2 71
2 72
2 73
2 75
2 78
2 79
2 80
2 83
2 84
2 87
2 88
2 90
2 91
2 92
2 93
2 99
3 4
3 5
3 6
3 10
3 13
3 14
3 24
3 25
3 27
3 29
3 37
3 38
3 40
3 41
3 51
3 52
3 53
3 57
3 58
3 59
3 62
3 66
3 72
3 78
3 79
3 82
3 85
3 90
3 93
3 94
3 95
3 97
3 98
4 5
4 6
4 10
4 11
4 12
4 13
4 14
4 15
4 16
4 18
4 21
4 22
4 23
4 25
4 30
4 34
4 35
4 38
4 41
4 45
4 49
4 51
4 53
4 54
4 55
4 63
4 70
4 71
4 72
4 73
4 75
4 76
4 78
4 81
4 83
4 85
4 88
4 89
4 90
4 94
4 98
5 9
5 14
5 17
5 20
5 21
5 22
5 23
5 29
5 32
5 34
5 38
5 39
5 40
5 41
5 42
5 43
5 45
5 46
5 47
5 48
5 55
5 62
5 64
5 68
5 72
5 74
5 75
5 77
5 78
5 81
5 85
5 86
5 87
5 89
5 90
5 91
6 7
6 9
6 11
6 15
6 16
6 18
6 19
6 20
6 22
6 25
6 26
6 27
6 29
6 30
6 33
6 34
6 37
6 45
6 48
6 49
6 51
6 53
6 55
6 57
6 58
6 59
6 61
6 62
6 67
6 68
6 69
6 70
6 72
6 75
6 76
6 78
6 79
6 80
6 82
6 84
6 89
6 90
6 92
6 97
7 8
7 10
7 12
7 14
7 16
7 18
7 23
7 24
7 26
7 28
7 29
7 30
7 31
7 34
7 35
7 38
7 40
7 42
7 43
7 47
7 48
7 49
7 51
7 54
7 57
7 60
7 61
7 62
7 63
7 64
7 67
7 68
7 73
7 76
7 77
7 83
7 86
7 93
7 94
7 97
8 9
8 12
8 15
8 19
8 21
8 24
8 27
8 28
8 30
8 31
8 38
8 47
8 48
8 49
8 51
8 53
8 58
8 60
8 61
8 64
8 67
8 68
8 69
8 71
8 74
8 75
8 81
8 82
8 86
8 88
8 91
8 93
8 95
9 10
9 13
9 19
9 25
9 28
9 30
9 32
9 33
9 36
9 37
9 40
9 41
9 42
9 44
9 50
9 52
9 54
9 57
9 59
9 63
9 70
9 71
9 73
9 78
9 81
9 83
9 84
9 85
9 87
9 88
9 91
9 92
9 94
9 95
10 11
10 12
10 14
10 17
10 25
10 26
10 29
10 30
10 34
10 35
10 36
10 39
10 43
10 46
10 48
10 49
10 50
10 52
10 56
10 61
10 67
10 68
10 69
10 74
10 76
10 78
10 81
10 85
10 87
10 88
10 91
10 95
10 98
10 99
11 12
11 13
11 14
11 15
11 16
11 17
11 19
11 20
11 22
11 27
11 28
11 30
11 32
11 33
11 38
11 39
11 43
11 47
11 49
11 50
11 55
11 57
11 59
11 62
11 65
11 66
11 67
11 68
11 69
11 72
11 73
11 76
11 80
11 82
11 84
11 87
11 89
11 94
11 97
11 98
12 13
12 15
12 19
12 21
12 23
12 24
12 25
12 37
12 40
12 41
12 45
12 46
12 47
12 49
12 53
12 54
12 55
12 60
12 62
12 63
12 66
12 68
12 69
12 71
12 74
12 79
12 80
12 83
12 84
12 86
12 87
12 88
12 89
12 90
12 94
13 17
13 18
13 23
13 24
13 25
13 32
13 35
13 37
13 38
13 40
13 41
13 42
13 45
13 48
13 50
13 52
13 53
13 55
13 56
13 68
13 74
13 76
13 77
13 78
13 79
13 82
13 84
13 86
13 90
13 92
13 93
13 95
13 97
13 98
14 15
14 16
14 17
14 31
14 36
14 37
14 41
14 43
14 44
14 46
14 47
14 48
14 49
14 51
14 55
14 56
14 59
14 61
14 64
14 68
14 69
14 72
14 73
14 77
14 81
14 83
14 84
14 87
14 89
14 92
14 94
14 95
14 99
15 16
15 18
15 20
15 25
15 26
15 27
15 28
15 32
15 33
15 37
15 38
15 39
15 42
15 43
15 45
15 46
15 49
15 50
15 53
15 55
15 56
15 59
15 62
15 63
15 66
15 69
15 70
15 71
15 72
15 73
15 74
15 75
15 76
15 80
15 83
15 86
15 87
15 88
15 91
15 92
15 93
15 94
16 20
16 22
16 26
16 27
16 31
16 39
16 41
16 43
16 46
16 47
16 48
16 54
16 57
16 60
16 61
16 63
16 68
16 69
16 70
16 71
16 77
16 81
16 89
16 90
16 93
16 94
16 95
17 18
17 23
17 25
17 26
17 27
17 30
17 31
17 32
17 34
17 36
17 37
17 39
17 41
17 43
17 44
17 46
17 47
17 48
17 49
17 52
17 56
17 57
17 65
17 69
17 70
17 71
17 72
17 75
17 79
17 80
17 82
17 84
17 85
17 86
17 93
17 94
17 97
17 98
18 19
18 20
18 24
18 26
18 27
18 30
18 31
18 33
18 43
18 44
18 47
18 48
18 50
18 52
18 53
18 54
18 55
18 56
18 59
18 62
18 65
18 69
18 75
18 76
18 77
18 78
18 79
18 80
18 90
18 93
18 94
18 95
18 97
19 20
19 21
19 32
19 34
19 35
19 36
19 39
19 41
19 42
19 45
19 48
19 49
19 51
19 55
19 56
19 57
19 58
19 60
19 62
19 64
19 68
19 69
19 72
19 73
19 76
19 77
19 80
19 83
19 84
19 85
19 87
19 88
19 90
19 92
19 93
19 95
19 98
20 23
20 24
20 31
20 32
20 33
20 36
20 38
20 44
20 47
20 49
20 58
20 59
20 62
20 64
20 65
20 67
20 68
20 71
20 74
20 76
20 77
20 78
20 81
20 86
20 88
20 89
20 92
20 96
20 98
21 22
21 24
21 25
21 30
21 31
21 35
21 39
21 40
21 42
21 46
21 50
21 51
21 52
21 58
21 59
21 60
21 61
21 63
21 66
21 67
21 70
21 73
21 74
21 76
21 77
21 79
21 81
21 83
21 87
21 88
21 91
21 93
21 94
21 95
21 97
22 25
22 27
22 29
22 30
22 31
22 35
22 36
22 39
22 40
22 41
22 42
22 43
22 47
22 50
22 51
22 53
22 54
22 55
22 56
22 57
22 58
22 60
22 65
22 66
22 70
22 72
22 73
22 77
22 78
22 81
22 82
22 85
22 87
22 90
22 94
22 96
22 99
23 24
23 28
23 30
23 31
23 34
23 35
23 36
23 40
23 41
23 44
23 46
23 48
23 53
23 54
23 57
23 58
23 59
23 61
23 62
23 63
23 66
23 68
23 69
23 73
23 76
23 92
23 93
23 96
23 98
24 25
24 26
24 39
24 41
24 43
24 46
24 48
24 49
24 50
24 51
24 54
24 56
24 57
24 60
24 62
24 65
24 77
24 78
24 80
24 81
24 83
24 86
24 90
24 95
25 26
25 28
25 37
25 39
25 40
25 41
25 42
25 43
25 46
25 47
25 48
25 50
25 51
25 53
25 54
25 55
25 57
25 58
25 62
25 63
25 67
25 69
25 71
25 72
25 73
25 74
25 77
25 80
25 81
25 83
25 84
25 85
25 88
25 90
25 95
25 96
25 97
25 99
26 27
26 29
26 33
26 35
26 36
26 39
26 40
26 42
26 44
26 50
26 51
26 53
26 56
26 57
26 59
26 62
26 63
26 68
26 69
26 72
26 77
26 78
26 79
26 80
26 81
26 82
26 84
26 87
26 88
26 91
26 92
26 96
26 98
26 99
27 30
27 31
27 32
27 35
27 38
27 39
27 42
27 44
27 45
27 46
27 53
27 55
27 57
27 58
27 59
27 61
27 69
27 71
27 75
27 76
27 85
27 86
27 88
27 90
27 91
27 92
27 93
27 95
27 96
28 30
28 34
28 35
28 38
28 49
28 52
28 55
28 57
28 61
28 62
28 63
28 66
28 67
28 68
28 69
28 70
28 72
28 74
28 76
28 79
28 82
28 84
28 86
28 87
28 88
28 90
28 98
29 33
29 34
29 38
29 40
29 42
29 43
29 44
29 52
29 54
29 58
29 59
29 61
29 62
29 65
29 67
29 68
29 74
29 79
29 82
29 85
29 93
29 94
29 99
30 33
30 34
30 36
30 38
30 41
30 45
30 47
30 49
30 50
30 52
30 53
30 54
30 56
30 60
30 68
30 73
30 74
30 80
30 82
30 83
30 84
30 89
30 90
30 91
30 92
30 94
30 95
30 97
30 99
31 32
31 34
31 35
31 36
31 37
31 39
31 41
31 42
31 45
31 49
31 51
31 57
31 58
31 62
31 66
31 67
31 68
31 72
31 74
31 81
31 87
31 91
31 94
31 98
32 35
32 38
32 39
32 40
32 41
32 44
32 47
32 49
32 53
32 55
32 59
32 63
32 64
32 65
32 73
32 74
32 77
32 79
32 81
32 83
32 84
32 86
32 89
32 96
32 99
33 39
33 40
33 43
33 44
33 45
33 46
33 47
33 50
33 53
33 54
33 57
33 58
33 59
33 62
33 65
33 66
33 67
33 68
33 69
33 71
33 73
33 74
33 77
33 81
33 83
33 84
33 90
33 91
33 92
33 93
33 96
33 98
34 35
34 40
34 43
34 44
34 46
34 48
34 51
34 52
34 53
34 55
34 60
34 61
34 62
34 69
34 71
34 72
34 73
34 74
34 77
34 78
34 83
34 84
34 85
34 86
34 93
34 96
34 99
35 42
35 50
35 51
35 53
35 55
35 56
35 58
35 60
35 62
35 63
35 64
35 65
35 80
35 83
35 84
35 90
35 94
35 95
36 37
36 41
36 42
36 45
36 47
36 48
36 51
36 55
36 57
36 61
36 62
36 64
36 66
36 69
36 71
36 73
36 74
36 75
36 79
36 82
36 84
36 87
36 88
36 90
36 95
36 97
37 38
37 39
37 42
37 49
37 58
37 60
37 62
37 63
37 68
37 69
37 70
37 71
37 73
37 76
37 81
37 82
37 86
37 87
37 91
37 92
37 95
38 40
38 41
38 44
38 49
38 56
38 58
38 59
38 63
38 65
38 69
38 75
38 78
38 80
38 86
38 87
38 88
38 90
38 92
39 40
39 47
39 51
39 52
39 56
39 59
39 60
39 65
39 67
39 68
39 70
39 71
39 74
39 77
39 78
39 79
39 84
39 86
39 90
39 92
39 98
40 47
40 53
40 56
40 61
40 63
40 64
40 67
40 70
40 71
40 74
40 75
40 78
40 79
40 80
40 87
40 91
40 94
40 95
40 99
41 44
41 47
41 50
41 54
41 56
41 57
41 58
41 60
41 61
41 65
41 66
41 67
41 70
41 73
41 74
41 77
41 78
41 79
41 87
41 88
41 90
41 92
41 94
41 98
42 48
42 54
42 56
42 59
42 61
42 65
42 67
42 72
42 73
42 76
42 78
42 80
42 85
42 86
42 87
42 90
42 97
42 98
42 99
43 44
43 50
43 52
43 54
43 55
43 56
43 63
43 65
43 67
43 68
43 70
43 74
43 76
43 79
43 82
43 85
43 87
43 88
43 89
43 90
43 94
43 95
43 97
43 99
44 45
44 46
44 48
44 49
44 50
44 54
44 58
44 59
44 60
44 61
44 62
44 65
44 66
44 68
44 70
44 71
44 72
44 75
44 77
44 79
44 80
44 83
44 90
44 92
44 93
44 97
44 99
45 50
45 55
45 56
45 61
45 64
45 66
45 67
45 68
45 71
45 73
45 74
45 75
45 76
45 81
45 84
45 86
45 88
45 89
45 92
45 93
45 95
45 96
45 97
45 98
46 49
46 51
46 55
46 58
46 60
46 69
46 71
46 74
46 75
46 80
46 82
46 83
46 86
46 94
46 97
46 99
47 48
47 49
47 50
47 53
47 57
47 58
47 59
47 63
47 65
47 69
47 72
47 74
47 75
47 76
47 78
47 82
47 83
47 84
47 85
47 86
47 87
47 89
47 90
47 93
47 94
47 95
47 96
48 50
48 51
48 52
48 54
48 59
48 60
48 67
48 72
48 75
48 77
48 78
48 84
48 85
48 86
48 89
48 90
48 91
48 92
48 93
48 98
49 50
49 52
49 53
49 57
49 61
49 66
49 67
49 69
49 70
49 75
49 77
49 80
49 89
49 93
49 96
50 54
50 61
50 63
50 64
50 66
50 67
50 69
50 70
50 72
50 75
50 79
50 80
50 81
50 85
50 88
50 89
50 91
50 92
50 96
50 98
51 52
51 54
51 61
51 66
51 68
51 69
51 71
51 72
51 73
51 74
51 75
51 77
51 78
51 83
51 85
51 87
51 91
51 93
51 97
51 98
52 54
52 60
52 61
52 63
52 64
52 65
52 67
52 68
52 69
52 74
52 75
52 76
52 80
52 84
52 86
52 87
52 88
52 89
52 90
52 92
52 93
52 94
52 95
52 96
53 54
53 55
53 57
53 60
53 67
53 68
53 69
53 70
53 74
53 76
53 77
53 79
53 80
53 83
53 85
53 86
53 88
53 93
53 98
53 99
54 55
54 57
54 60
54 66
54 69
54 71
54 73
54 74
54 78
54 79
54 80
54 81
54 83
54 85
54 87
54 88
54 89
54 92
54 94
54 95
54 97
54 98
55 56
55 59
55 60
55 64
55 66
55 67
55 68
55 69
55 71
55 72
55 75
55 76
55 77
55 84
55 87
55 91
55 93
55 94
55 96
55 99
56 59
56 60
56 64
56 66
56 67
56 68
56 72
56 74
56 81
56 84
56 85
56 87
56 98
56 99
57 58
57 59
57 60
57 61
57 63
57 66
57 70
57 72
57 78
57 85
57 86
57 91
57 93
57 96
57 98
58 59
58 60
58 71
58 72
58 79
58 82
58 83
58 84
58 85
58 87
58 88
58 89
58 91
58 93
58 95
58 98
58 99
59 60
59 61
59 62
59 63
59 64
59 67
59 68
59 70
59 72
59 75
59 76
59 78
59 80
59 81
59 83
59 85
59 94
59 97
59 98
60 65
60 70
60 71
60 74
60 75
60 77
60 79
60 81
60 82
60 85
60 86
60 88
60 89
60 92
60 98
61 62
61 63
61 64
61 66
61 67
61 69
61 70
61 71
61 73
61 75
61 76
61 78
61 81
61 84
61 86
61 87
61 90
61 94
61 95
61 96
61 98
61 99
62 66
62 72
62 73
62 78
62 80
62 83
62 86
62 91
62 96
62 97
62 98
62 99
63 66
63 71
63 72
63 74
63 75
63 76
63 80
63 85
63 86
63 88
63 90
63 95
63 97
64 65
64 72
64 73
64 75
64 78
64 80
64 86
64 87
64 90
64 91
64 93
64 97
65 70
65 75
65 76
65 77
65 80
65 81
65 82
65 83
65 85
65 90
65 91
65 94
65 95
65 97
66 67
66 68
66 70
66 73
66 77
66 80
66 82
66 83
66 84
66 86
66 87
66 89
66 90
66 94
66 95
66 97
66 98
67 68
67 69
67 71
67 72
67 75
67 77
67 94
67 96
67 97
67 98
68 73
68 76
68 78
68 80
68 84
68 93
68 96
69 71
69 76
69 79
69 80
69 81
69 83
69 84
69 93
69 94
69 95
69 96
69 97
69 98
70 71
70 74
70 75
70 76
70 81
70 86
70 87
70 88
70 90
70 93
70 95
70 96
70 99
71 80
71 84
71 85
71 87
71 90
71 92
71 95
71 98
72 73
72 76
72 80
72 82
72 83
72 84
72 88
72 91
72 96
72 97
72 98
72 99
73 76
73 77
73 80
73 85
73 87
73 92
73 94
73 96
73 98
74 75
74 80
74 82
74 87
74 89
74 91
74 93
74 94
74 96
74 98
74 99
75 78
75 88
75 89
75 91
75 92
75 94
75 97
76 77
76 78
76 81
76 83
76 88
76 91
76 92
76 93
76 97
77 86
77 98
78 80
78 83
78 85
78 88
78 96
78 97
78 98
78 99
79 80
79 82
79 83
79 86
79 89
79 90
79 92
79 94
79 96
79 98
80 84
80 85
80 86
80 90
80 91
80 93
80 94
80 97
81 86
81 87
81 88
81 89
81 90
81 91
81 93
81 94
81 96
81 97
81 98
82 85
82 88
82 90
82 94
82 95
82 96
82 97
83 84
83 89
83 90
83 92
83 93
83 95
84 89
84 94
84 99
85 87
85 88
85 89
85 98
85 99
86 87
86 89
86 90
86 91
86 92
87 90
87 91
87 92
87 94
87 95
87 96
87 97
87 99
88 89
88 92
88 94
88 96
88 98
89 91
89 92
89 93
89 94
89 95
90 95
91 95
91 96
91 98
93 98
94 96
94 97
95 97
96 98
96 99
