100 2000
0 1
0 4
0 7
0 12
0 16
0 17
0 18
0 19
0 21
0 22
0 25
0 27
0 33
0 35
0 37
0 38
0 39
0 42
0 47
0 48
0 49
0 53
0 57
0 62
0 70
0 71
0 75
0 76
0 79
0 82
0 86
0 95
0 96
0 98
1 4
1 5
1 7
1 9
1 15
1 17
1 19
1 20
1 21
1 22
1 24
1 26
1 27
1 28
1 33
1 36
1 40
1 55
1 56
1 57
1 61
1 62
1 63
1 64
1 71
1 72
1 73
1 76
1 79
1 81
1 85
1 87
1 95
1 96
1 98
2 6
2 10
2 12
2 15
2 17
2 18
2 22
2 23
2 26
2 27
2 28
2 32
2 33
2 36
2 42
2 44
2 47
2 50
2 52
2 64
2 68
2 69
2 70
2 71
2 75
2 76
2 80
2 83
2 85
2 86
2 88
2 91
2 93
2 94
2 95
2 97
2 98
3 6
3 7
3 8
3 12
3 13
3 14
3 15
3 17
3 18
3 21
3 22
3 24
3 26
3 31
3 32
3 35
3 37
3 40
3 43
3 45
3 46
3 48
3 52
3 53
3 54
3 55
3 58
3 60
3 61
3 62
3 63
3 64
3 65
3 69
3 71
3 74
3 76
3 80
3 83
3 87
3 93
4 7
4 8
4 10
4 16
4 18
4 20
4 21
4 22
4 23
4 25
4 26
4 29
4 32
4 34
4 35
4 37
4 38
4 39
4 40
4 41
4 43
4 46
4 51
4 52
4 54
4 55
4 56
4 61
4 63
4 64
4 65
4 66
4 70
4 71
4 72
4 73
4 81
4 89
4 92
4 97
4 98
4 99
5 9
5 14
5 15
5 17
5 18
5 19
5 25
5 30
5 31
5 32
5 33
5 35
5 37
5 38
5 39
5 43
5 44
5 45
5 50
5 51
5 52
5 59
5 60
5 61
5 68
5 71
5 72
5 76
5 78
5 79
5 81
5 83
5 86
5 87
5 92
5 95
5 97
6 7
6 8
6 10
6 11
6 14
6 15
6 21
6 22
6 25
6 26
6 28
6 29
6 32
6 33
6 34
6 35
6 38
6 42
6 46
6 47
6 48
6 51
6 52
6 54
6 58
6 60
6 64
6 65
6 70
6 75
6 78
6 79
6 80
6 81
6 82
6 83
6 86
6 91
6 95
6 96
6 99
7 10
7 13
7 15
7 16
7 18
7 20
7 22
7 24
7 28
7 29
7 30
7 31
7 38
7 40
7 47
7 48
7 49
7 52
7 54
7 55
7 56
7 58
7 60
7 62
7 63
7 65
7 67
7 69
7 71
7 74
7 77
7 79
7 80
7 82
7 86
7 88
7 90
7 91
7 92
7 93
7 95
7 97
7 99
8 10
8 12
8 15
8 16
8 17
8 20
8 21
8 27
8 28
8 32
8 33
8 34
8 35
8 36
8 39
8 42
8 43
8 50
8 53
8 57
8 58
8 61
8 67
8 68
8 69
8 74
8 75
8 76
8 81
8 92
8 93
8 95
8 96
9 13
9 14
9 16
9 20
9 21
9 23
9 24
9 29
9 30
9 32
9 33
9 36
9 43
9 44
9 45
9 49
9 51
9 52
9 55
9 58
9 59
9 61
9 64
9 65
9 67
9 68
9 70
9 71
9 73
9 76
9 77
9 79
9 80
9 83
9 84
9 87
9 90
9 95
9 97
9 99
10 13
10 14
10 17
10 19
10 21
10 23
10 24
10 27
10 29
10 30
10 32
10 37
10 39
10 46
10 47
10 49
10 50
10 55
10 57
10 58
10 66
10 68
10 71
10 73
10 75
10 77
10 78
10 80
10 82
10 86
10 90
10 91
10 93
11 12
11 17
11 18
11 19
11 25
11 26
11 29
11 30
11 32
11 34
11 35
11 40
11 43
11 44
11 45
11 50
11 53
11 54
11 56
11 58
11 64
11 66
11 69
11 71
11 73
11 77
11 83
11 84
11 86
11 88
11 91
11 95
11 96
11 98
11 99
12 13
12 15
12 18
12 19
12 20
12 21
12 24
12 26
12 27
12 28
12 37
12 39
12 40
12 41
12 44
12 45
12 47
12 52
12 53
12 55
12 58
12 59
12 65
12 67
12 69
12 70
12 71
12 73
12 84
12 85
12 87
12 89
12 91
12 94
12 96
12 99
13 15
13 18
13 19
13 21
13 25
13 28
13 30
13 33
13 35
13 44
13 46
13 48
13 49
13 50
13 51
13 52
13 54
13 55
13 57
13 61
13 63
13 64
13 65
13 68
13 70
13 71
13 72
13 77
13 78
13 79
13 80
13 83
13 90
13 93
13 98
13 99
14 15
14 16
14 17
14 18
14 19
14 20
14 25
14 31
14 32
14 35
14 38
14 39
14 42
14 43
14 44
14 46
14 47
14 50
14 55
14 57
14 58
14 59
14 60
14 61
14 62
14 64
14 65
14 66
14 69
14 71
14 75
14 76
14 77
14 82
14 84
14 88
14 90
14 91
14 93
14 94
14 97
14 99
15 16
15 21
15 25
15 27
15 28
15 29
15 30
15 31
15 32
15 33
15 35
15 37
15 40
15 42
15 44
15 45
15 46
15 47
15 48
15 49
15 51
15 53
15 59
15 64
15 66
15 67
15 69
15 77
15 79
15 80
15 83
15 90
15 93
15 95
16 18
16 23
16 24
16 25
16 28
16 29
16 33
16 34
16 41
16 43
16 46
16 50
16 52
16 54
16 55
16 57
16 61
16 62
16 64
16 66
16 67
16 68
16 69
16 71
16 72
16 76
16 80
16 89
16 91
16 93
16 96
16 97
16 99
17 22
17 24
17 25
17 26
17 34
17 35
17 43
17 45
17 46
17 49
17 50
17 53
17 54
17 55
17 56
17 57
17 62
17 67
17 68
17 70
17 76
17 77
17 79
17 80
17 82
17 84
17 86
17 87
17 95
17 98
18 19
18 20
18 21
18 22
18 24
18 27
18 29
18 30
18 31
18 45
18 47
18 49
18 60
18 62
18 63
18 69
18 72
18 73
18 76
18 78
18 81
18 82
18 83
18 85
18 86
18 90
18 91
18 98
19 23
19 24
19 28
19 29
19 30
19 35
19 38
19 39
19 40
19 44
19 49
19 50
19 52
19 53
19 55
19 56
19 57
19 61
19 65
19 68
19 70
19 72
19 74
19 79
19 86
19 89
19 95
19 96
19 97
19 99
20 24
20 28
20 38
20 39
20 45
20 46
20 47
20 48
20 50
20 53
20 56
20 57
20 58
20 59
20 61
20 62
20 66
20 67
20 71
20 75
20 78
20 83
20 86
20 87
20 91
20 92
20 94
20 95
20 98
21 26
21 27
21 36
21 37
21 40
21 43
21 48
21 49
21 50
21 51
21 53
21 54
21 57
21 58
21 62
21 63
21 64
21 66
21 68
21 70
21 76
21 77
21 79
21 80
21 84
21 85
21 88
21 89
22 23
22 24
22 26
22 27
22 30
22 33
22 35
22 37
22 48
22 49
22 50
22 51
22 56
22 57
22 58
22 61
22 64
22 65
22 66
22 69
22 71
22 72
22 73
22 77
22 79
22 80
22 82
22 84
22 85
22 86
22 88
22 91
22 94
22 95
23 27
23 32
23 33
23 34
23 37
23 39
23 42
23 44
23 45
23 46
23 47
23 48
23 49
23 55
23 56
23 61
23 64
23 65
23 68
23 69
23 70
23 71
23 75
23 79
23 81
23 85
23 88
23 89
23 90
23 94
24 27
24 28
24 34
24 37
24 38
24 42
24 44
24 47
24 48
24 51
24 56
24 57
24 59
24 61
24 65
24 67
24 68
24 69
24 70
24 71
24 73
24 75
24 76
24 78
24 79
24 81
24 85
24 89
24 90
24 91
24 94
24 95
24 96
25 26
25 27
25 30
25 31
25 33
25 37
25 38
25 39
25 43
25 45
25 46
25 47
25 49
25 54
25 55
25 57
25 58
25 59
25 61
25 62
25 69
25 71
25 72
25 75
25 76
25 77
25 79
25 81
25 86
25 89
25 90
25 91
26 27
26 28
26 30
26 33
26 34
26 35
26 36
26 38
26 40
26 45
26 51
26 52
26 53
26 56
26 58
26 60
26 65
26 67
26 68
26 69
26 72
26 73
26 74
26 76
26 85
26 86
26 89
26 90
26 91
26 92
26 93
26 95
26 96
26 99
27 28
27 31
27 32
27 33
27 36
27 42
27 43
27 44
27 47
27 48
27 51
27 53
27 60
27 63
27 64
27 69
27 71
27 72
27 74
27 75
27 81
27 82
27 83
27 85
27 88
27 89
27 92
27 93
27 96
27 98
28 29
28 30
28 31
28 34
28 37
28 38
28 42
28 48
28 49
28 50
28 52
28 54
28 56
28 57
28 58
28 62
28 63
28 64
28 65
28 71
28 72
28 74
28 76
28 78
28 81
28 85
28 87
28 90
28 92
28 95
28 98
28 99
29 33
29 36
29 37
29 40
29 41
29 43
29 45
29 46
29 47
29 48
29 55
29 59
29 61
29 65
29 66
29 67
29 71
29 73
29 76
29 77
29 78
29 83
29 90
29 97
30 36
30 37
30 38
30 39
30 41
30 42
30 44
30 45
30 50
30 51
30 52
30 57
30 59
30 61
30 62
30 63
30 65
30 69
30 71
30 72
30 75
30 77
30 80
30 88
30 89
30 92
30 93
30 96
31 32
31 34
31 37
31 39
31 40
31 42
31 45
31 50
31 52
31 53
31 55
31 57
31 58
31 60
31 61
31 62
31 67
31 68
31 70
31 71
31 74
31 76
31 84
31 87
31 88
31 89
31 92
31 94
31 95
31 97
31 98
32 33
32 36
32 37
32 38
32 40
32 43
32 44
32 50
32 51
32 55
32 59
32 61
32 64
32 66
32 69
32 70
32 73
32 93
32 98
33 35
33 39
33 42
33 45
33 49
33 50
33 56
33 57
33 58
33 63
33 65
33 68
33 72
33 73
33 75
33 76
33 77
33 81
33 82
33 84
33 85
33 88
33 89
33 90
33 93
33 95
33 96
33 97
33 98
34 36
34 40
34 41
34 42
34 43
34 45
34 47
34 50
34 51
34 52
34 53
34 64
34 67
34 69
34 70
34 71
34 73
34 76
34 77
34 80
34 81
34 86
34 89
34 90
34 94
34 99
35 39
35 44
35 48
35 49
35 50
35 51
35 58
35 60
35 61
35 62
35 64
35 65
35 67
35 70
35 78
35 79
35 86
35 87
35 90
35 91
35 92
35 93
35 95
35 97
35 98
36 37
36 41
36 42
36 45
36 46
36 47
36 53
36 57
36 60
36 70
36 74
36 75
36 77
36 79
36 84
36 86
36 87
36 88
36 89
36 93
37 43
37 44
37 45
37 48
37 49
37 52
37 54
37 56
37 57
37 62
37 65
37 68
37 69
37 74
37 76
37 78
37 82
37 89
37 90
37 93
37 98
37 99
38 39
38 40
38 42
38 44
38 46
38 47
38 50
38 51
38 54
38 56
38 58
38 64
38 74
38 81
38 86
38 87
38 88
38 89
38 92
38 93
38 97
39 41
39 42
39 45
39 51
39 55
39 57
39 58
39 60
39 61
39 63
39 64
39 65
39 66
39 67
39 68
39 76
39 78
39 84
39 88
39 89
39 95
40 42
40 46
40 47
40 48
40 49
40 54
40 55
40 59
40 60
40 61
40 66
40 68
40 70
40 72
40 74
40 77
40 78
40 79
40 82
40 86
40 88
40 94
40 96
40 99
41 45
41 54
41 55
41 56
41 57
41 59
41 61
41 63
41 65
41 66
41 67
41 69
41 74
41 75
41 78
41 80
41 82
41 86
41 87
41 88
41 90
41 91
41 93
42 43
42 45
42 46
42 52
42 53
42 56
42 59
42 64
42 65
42 66
42 67
42 68
42 72
42 75
42 76
42 79
42 81
42 85
42 86
42 90
42 92
42 94
42 95
42 96
43 44
43 46
43 51
43 54
43 55
43 61
43 62
43 63
43 65
43 68
43 72
43 73
43 74
43 75
43 77
43 81
43 83
43 84
43 85
43 87
43 88
43 92
43 93
43 94
43 96
44 47
44 51
44 52
44 53
44 58
44 61
44 62
44 64
44 71
44 73
44 75
44 77
44 78
44 82
44 83
44 85
44 86
44 87
44 92
44 93
44 94
44 96
44 99
45 47
45 48
45 49
45 53
45 54
45 55
45 58
45 60
45 62
45 63
45 65
45 67
45 69
45 70
45 73
45 76
45 78
45 79
45 80
45 81
45 82
45 83
45 84
45 86
45 93
45 98
46 49
46 51
46 52
46 55
46 63
46 64
46 68
46 69
46 72
46 73
46 76
46 79
46 83
46 89
46 90
46 94
46 96
46 97
46 98
47 48
47 50
47 51
47 59
47 63
47 67
47 71
47 72
47 74
47 75
47 76
47 77
47 81
47 86
47 87
47 88
47 90
47 91
47 92
47 93
47 95
47 99
48 49
48 50
48 51
48 54
48 55
48 62
48 64
48 65
48 66
48 72
48 74
48 75
48 80
48 84
48 85
48 87
48 89
48 90
48 95
48 96
48 97
48 99
49 51
49 53
49 57
49 62
49 63
49 65
49 66
49 67
49 68
49 69
49 70
49 75
49 78
49 81
49 83
49 87
49 88
49 89
49 92
50 54
50 58
50 59
50 63
50 65
50 67
50 72
50 74
50 77
50 81
50 84
50 87
50 88
50 91
50 93
50 99
51 58
51 59
51 60
51 61
51 63
51 64
51 65
51 69
51 73
51 75
51 78
51 79
51 80
51 86
51 88
51 91
51 92
51 94
52 53
52 55
52 56
52 58
52 60
52 64
52 65
52 66
52 68
52 69
52 71
52 73
52 74
52 77
52 79
52 83
52 84
52 87
52 92
52 95
52 97
53 55
53 58
53 59
53 63
53 64
53 65
53 66
53 67
53 68
53 71
53 73
53 78
53 79
53 81
53 83
53 86
53 92
53 94
53 96
53 97
53 98
54 58
54 59
54 61
54 62
54 65
54 67
54 70
54 71
54 72
54 76
54 77
54 82
54 83
54 85
54 89
54 94
54 95
54 96
54 97
54 98
54 99
55 56
55 58
55 59
55 60
55 62
55 63
55 65
55 69
55 74
55 77
55 81
55 83
55 88
55 91
55 93
55 96
56 59
56 61
56 63
56 67
56 68
56 70
56 75
56 85
56 87
56 89
56 91
56 94
56 98
57 58
57 59
57 60
57 61
57 72
57 79
57 80
57 83
57 86
57 87
57 88
57 90
57 91
57 96
58 61
58 62
58 63
58 64
58 66
58 74
58 76
58 78
58 80
58 82
58 92
58 97
58 98
58 99
59 60
59 64
59 65
59 68
59 69
59 71
59 72
59 74
59 76
59 77
59 78
59 81
59 83
59 85
59 87
59 88
59 95
59 97
59 98
59 99
60 64
60 68
60 69
60 70
60 73
60 75
60 76
60 80
60 84
60 87
60 94
60 95
60 98
61 63
61 68
61 72
61 79
61 81
61 85
61 88
61 89
61 92
61 94
61 96
61 97
61 99
62 68
62 69
62 71
62 74
62 76
62 77
62 79
62 82
62 84
62 85
62 88
62 95
63 67
63 72
63 73
63 74
63 76
63 79
63 86
63 87
63 89
63 92
63 94
63 95
63 96
63 97
64 65
64 71
64 73
64 75
64 76
64 78
64 79
64 80
64 82
64 85
64 88
64 89
64 91
64 92
64 93
64 94
64 95
64 98
65 69
65 70
65 71
65 72
65 74
65 77
65 79
65 82
65 90
65 91
65 94
65 95
65 96
65 98
65 99
66 69
66 70
66 72
66 73
66 74
66 77
66 79
66 81
66 86
66 87
66 89
66 90
66 91
66 95
66 96
66 97
66 98
66 99
67 68
67 70
67 71
67 75
67 77
67 79
67 82
67 85
67 86
67 88
67 92
67 93
67 95
68 74
68 75
68 78
68 80
68 82
68 86
68 87
68 88
68 91
68 96
68 99
69 74
69 76
69 81
69 82
69 83
69 85
69 86
69 88
69 91
69 93
69 95
69 96
69 99
70 73
70 74
70 75
70 78
70 83
70 84
70 86
70 87
70 88
70 89
70 94
70 98
71 72
71 73
71 78
71 81
71 84
71 86
71 87
71 90
71 92
71 93
71 96
71 97
71 99
72 73
72 75
72 80
72 83
72 84
72 86
72 91
72 92
72 93
72 94
72 95
72 96
73 76
73 78
73 80
73 82
73 83
73 85
73 86
73 88
73 91
73 92
73 93
73 95
73 97
74 76
74 77
74 78
74 79
74 82
74 83
74 84
74 85
74 87
74 91
74 92
74 93
74 97
74 98
75 77
75 83
75 89
75 96
75 97
75 98
76 77
76 78
76 86
76 88
76 89
76 90
76 92
76 93
77 79
77 81
77 82
77 83
77 88
77 89
77 91
77 94
77 96
77 98
77 99
78 82
78 83
78 86
78 88
78 89
78 94
78 98
78 99
79 83
79 85
79 86
79 92
79 94
79 95
79 96
79 97
79 98
79 99
80 82
80 87
80 88
80 89
80 91
80 93
80 96
80 98
81 82
81 88
81 89
81 91
81 92
81 94
81 96
82 88
82 89
82 93
82 95
82 96
82 97
83 84
83 85
83 88
83 89
83 90
83 91
83 93
83 94
83 97
83 99
84 86
84 87
84 90
84 91
84 92
84 93
84 97
85 87
85 90
85 91
85 93
85 95
85 97
85 98
86 87
86 88
86 89
86 93
86 95
87 88
87 89
87 92
87 93
87 94
87 99
88 89
88 96
88 98
89 92
89 97
89 99
90 91
90 92
90 94
90 95
90 96
90 98
90 99
91 92
91 95
91 96
91 98
91 99
92 93
92 98
93 95
93 99
94 95
94 96
94 99
96 97
96 98
97 98
