100 300
0 41
0 19
0 51
0 85
0 55
0 94
1 70
1 71
1 15
1 48
1 51
1 89
1 26
2 91
2 9
2 34
2 27
2 93
3 35
3 10
3 26
3 84
4 83
4 71
4 23
5 64
5 68
5 83
5 55
5 91
5 93
6 98
6 67
6 22
7 72
7 43
7 52
8 77
8 21
8 15
9 52
9 54
10 76
10 78
10 15
10 18
10 92
10 93
10 63
11 96
11 39
11 76
11 44
11 79
11 17
11 20
11 85
11 61
12 65
12 45
12 13
12 15
12 49
12 52
12 91
13 68
13 40
13 72
13 48
13 49
13 26
14 69
14 62
15 96
15 78
15 81
15 84
15 23
15 29
17 46
17 47
17 50
17 51
17 20
17 21
18 33
18 34
18 99
18 20
18 59
18 92
18 95
19 37
19 69
19 73
19 78
19 79
19 88
19 89
19 29
19 95
20 33
20 46
20 21
20 63
21 40
21 42
21 41
21 43
21 49
21 53
21 59
22 72
22 45
22 79
22 83
22 91
22 62
23 44
23 46
23 48
23 51
23 83
23 59
24 32
24 35
24 78
24 88
24 91
24 95
25 65
25 36
25 80
25 50
25 53
25 57
25 63
26 34
26 36
26 66
26 84
26 85
26 89
26 28
27 97
27 67
27 37
27 98
28 64
28 33
28 45
28 87
29 67
29 33
29 58
30 96
30 77
31 80
31 84
31 70
31 92
32 48
32 76
32 61
32 46
33 69
33 74
33 51
33 88
33 57
34 96
34 39
34 53
35 90
36 39
36 81
36 51
36 87
36 91
37 39
37 43
37 82
37 86
38 81
39 83
39 87
40 67
40 99
40 73
40 53
40 85
41 61
41 63
42 49
42 99
42 84
43 64
43 96
43 98
43 54
43 95
44 54
45 64
45 46
45 92
45 86
46 99
46 47
47 96
47 90
47 94
48 99
48 81
48 50
49 64
49 73
49 81
49 82
49 53
49 85
49 57
50 96
50 52
50 86
50 91
51 70
51 78
51 80
51 57
51 94
52 96
52 79
53 82
53 63
53 57
55 74
55 85
55 60
55 63
56 74
56 60
56 70
56 95
57 89
57 65
57 77
57 63
58 85
59 84
59 86
59 60
59 62
60 98
60 89
60 62
61 69
61 77
61 62
62 69
62 89
63 70
63 73
63 79
64 80
65 88
66 84
67 74
67 78
67 85
69 71
69 72
70 98
71 99
72 99
74 97
74 81
74 83
75 90
75 91
76 87
78 97
80 93
81 97
81 93
81 94
83 89
83 93
85 99
85 86
86 97
86 87
86 89
86 95
87 97
87 92
89 96
89 94
90 97
91 93
93 95
