100 1000
0 33
0 66
0 4
0 68
0 90
0 71
0 74
0 12
0 13
0 15
0 49
0 18
0 50
0 81
0 82
0 22
0 55
0 83
0 87
0 26
0 94
1 2
1 5
1 8
1 9
1 12
1 23
1 29
1 30
1 40
1 42
1 44
1 54
1 60
1 62
1 64
1 66
1 81
1 85
1 87
1 89
1 91
1 93
2 5
2 14
2 17
2 18
2 22
2 37
2 39
2 48
2 49
2 55
2 59
2 63
2 64
2 67
2 69
2 70
2 71
2 72
2 75
2 78
2 81
2 82
2 89
2 90
2 91
2 98
3 7
3 13
3 16
3 18
3 25
3 27
3 29
3 30
3 31
3 33
3 35
3 40
3 44
3 48
3 51
3 55
3 58
3 60
3 63
3 65
3 67
3 70
3 71
3 77
3 91
3 93
3 98
3 99
4 5
4 6
4 9
4 11
4 18
4 19
4 22
4 23
4 29
4 32
4 35
4 37
4 38
4 41
4 43
4 50
4 62
4 63
4 82
4 83
4 87
4 88
4 90
4 96
5 9
5 12
5 18
5 19
5 20
5 23
5 26
5 28
5 31
5 35
5 40
5 43
5 47
5 51
5 57
5 62
5 74
5 76
5 81
5 82
5 86
5 87
5 90
6 7
6 14
6 17
6 23
6 24
6 30
6 34
6 39
6 43
6 45
6 50
6 51
6 52
6 58
6 62
6 64
6 67
6 68
6 73
6 79
6 88
7 96
7 72
7 73
7 11
7 13
7 14
7 77
7 48
7 17
7 51
7 83
7 25
7 90
7 27
7 92
7 30
8 33
8 35
8 98
8 99
8 38
8 40
8 45
8 47
8 48
8 17
8 50
8 79
8 53
8 25
8 90
8 62
9 12
9 16
9 21
9 23
9 24
9 26
9 28
9 30
9 35
9 43
9 48
9 50
9 58
9 63
9 72
9 84
9 85
9 90
9 93
9 94
9 95
9 96
10 26
10 27
10 29
10 44
10 50
10 51
10 52
10 54
10 64
10 65
10 70
10 77
10 78
10 81
10 84
10 87
10 88
10 91
10 93
10 96
10 97
10 98
11 67
11 37
11 69
11 72
11 41
11 12
11 13
11 14
11 44
11 77
11 50
11 83
11 95
11 53
11 87
11 56
11 61
11 94
11 31
12 36
12 37
12 39
12 70
12 41
12 13
12 77
12 18
12 50
12 82
12 87
12 56
12 26
12 27
12 94
12 63
13 64
13 39
13 43
13 76
13 77
13 80
13 18
13 82
13 85
13 86
13 94
13 91
13 92
13 61
13 30
13 63
14 18
14 23
14 25
14 31
14 36
14 39
14 41
14 45
14 56
14 58
14 62
14 65
14 68
14 70
14 72
14 73
14 81
14 82
14 90
14 91
14 92
15 33
15 89
15 67
15 72
15 76
15 17
15 50
15 82
15 21
15 85
15 86
15 24
15 57
15 88
16 64
16 36
16 71
16 40
16 43
16 44
16 45
16 17
16 49
16 51
16 21
16 86
16 88
16 89
16 58
16 29
16 30
16 95
17 19
17 26
17 30
17 32
17 40
17 42
17 44
17 46
17 52
17 58
17 61
17 64
17 66
17 71
17 74
17 75
17 88
17 93
18 97
18 69
18 98
18 40
18 75
18 76
18 81
18 51
18 56
18 58
18 29
18 95
19 23
19 25
19 26
19 31
19 35
19 46
19 50
19 51
19 55
19 57
19 67
19 74
19 76
19 82
19 87
19 90
19 92
19 98
19 99
20 64
20 65
20 96
20 99
20 36
20 37
20 45
20 47
20 82
20 58
20 28
20 29
21 96
21 34
21 70
21 44
21 76
21 47
21 82
21 53
21 22
21 23
22 32
22 34
22 65
22 67
22 98
22 41
22 74
22 48
22 82
22 54
22 23
22 85
22 86
22 28
23 33
23 34
23 35
23 37
23 38
23 43
23 45
23 47
23 54
23 65
23 73
23 77
23 83
23 85
23 90
23 93
23 98
23 99
24 33
24 98
24 99
24 71
24 40
24 43
24 79
24 49
24 82
24 52
24 84
24 54
24 87
24 58
24 59
24 92
25 27
25 29
25 30
25 35
25 41
25 42
25 46
25 48
25 50
25 51
25 59
25 69
25 75
25 82
25 90
25 93
25 96
26 29
26 32
26 38
26 42
26 51
26 53
26 59
26 70
26 72
26 77
26 82
26 85
26 86
26 88
26 96
27 89
27 97
27 34
27 80
27 84
27 28
27 29
28 32
28 33
28 36
28 69
28 48
28 80
28 50
28 83
28 55
28 54
28 87
28 93
28 58
28 29
28 94
28 95
29 98
29 99
29 38
29 39
29 47
29 79
29 87
29 95
30 34
30 36
30 40
30 41
30 44
30 47
30 50
30 53
30 58
30 61
30 72
30 73
30 76
30 83
30 88
31 34
31 37
31 69
31 75
31 45
31 46
31 47
31 48
31 77
31 80
31 87
31 88
31 95
32 33
32 99
32 88
32 74
32 77
32 60
32 47
32 79
32 81
32 92
32 55
32 54
32 85
32 57
32 59
33 34
33 66
33 38
33 71
33 42
33 74
33 75
33 83
33 86
33 90
33 62
34 37
34 38
34 40
34 44
34 50
34 53
34 55
34 59
34 62
34 73
34 79
34 82
34 86
34 98
35 66
35 36
35 68
35 40
35 71
35 72
35 77
35 80
35 95
35 85
35 99
35 94
35 57
36 37
36 39
36 44
36 46
36 56
36 73
36 78
36 81
36 83
36 89
36 90
36 94
36 95
36 98
36 99
37 67
37 72
37 73
37 42
37 44
37 74
37 80
37 49
37 50
37 51
37 83
37 62
38 64
38 71
38 43
38 46
38 47
38 51
38 83
38 85
38 57
38 59
39 47
39 48
39 50
39 51
39 54
39 61
39 62
39 64
39 67
39 69
39 74
39 78
39 85
39 89
39 90
39 97
39 98
40 42
40 44
40 46
40 53
40 59
40 60
40 80
40 81
40 86
40 90
40 92
40 95
41 68
41 72
41 45
41 75
41 76
41 49
41 79
41 93
41 85
41 86
41 87
41 94
41 61
41 57
42 64
42 69
42 44
42 59
43 64
43 58
43 72
43 74
43 85
43 56
43 93
44 50
44 56
44 58
44 59
44 63
44 65
44 70
44 91
44 98
45 65
45 68
45 69
45 71
45 73
45 74
45 47
45 82
45 51
45 55
45 92
45 61
46 64
46 98
46 99
46 71
46 60
46 78
46 48
46 52
46 55
46 57
46 61
47 64
47 48
47 52
47 62
47 89
47 95
47 60
48 89
48 65
48 98
48 99
48 94
48 54
48 86
48 90
48 62
49 52
49 54
49 57
49 60
49 61
49 65
49 68
49 73
49 79
49 80
49 81
49 83
49 89
49 90
49 94
49 96
49 97
50 61
50 68
50 75
50 77
50 79
50 80
50 82
50 83
50 85
50 86
50 94
50 95
50 96
51 61
51 66
51 69
51 72
51 79
51 80
51 83
51 88
51 95
51 98
52 96
52 98
52 70
52 83
52 87
52 92
52 63
53 68
53 72
53 81
53 82
53 62
53 93
54 67
54 69
54 71
54 74
54 76
54 82
54 55
54 58
54 61
54 95
55 61
55 65
55 75
55 80
55 81
55 85
55 86
55 87
55 88
55 91
55 93
55 95
56 96
56 98
56 99
56 78
56 81
56 59
56 60
57 65
57 67
57 68
57 72
57 75
57 87
57 88
57 58
57 92
57 61
57 95
58 59
58 61
58 64
58 70
58 78
58 79
58 82
58 87
58 88
58 94
59 64
59 69
59 81
59 62
60 67
60 69
60 73
60 77
60 94
60 90
60 62
61 71
61 76
61 81
61 92
61 93
61 96
61 98
62 67
62 74
62 78
62 80
62 81
62 82
62 85
62 93
62 96
63 64
63 66
63 67
63 68
63 71
63 73
63 99
63 86
63 88
64 66
64 67
64 74
64 78
64 83
64 85
65 66
65 67
65 71
65 76
65 81
65 87
65 89
65 91
65 92
65 93
65 94
66 67
66 96
66 75
66 80
66 82
66 89
66 92
67 68
67 78
67 85
67 97
67 99
68 97
68 98
68 99
68 70
68 78
68 80
68 82
68 92
69 89
69 71
69 79
69 85
70 90
70 83
70 85
70 88
70 91
70 94
71 72
71 76
71 80
71 82
71 86
72 77
72 78
72 80
72 82
72 85
72 94
72 96
73 96
73 89
73 90
74 76
74 79
74 87
74 93
75 89
75 80
75 87
75 90
75 94
76 80
76 81
76 83
76 93
76 89
76 91
77 90
77 99
77 92
77 80
77 84
78 90
78 83
78 89
79 80
79 81
79 82
79 83
79 91
80 95
80 98
81 93
81 96
81 99
82 91
83 84
83 91
83 95
84 93
85 94
85 97
85 98
87 91
87 92
88 90
89 93
90 91
90 92
90 96
91 97
93 99
94 99
95 98
