1600 280
0 1488
13 586
13 132
14 620
20 276
23 1374
26 1148
36 860
40 1018
41 676
42 1341
46 193
51 416
54 203
54 1052
56 1333
56 685
57 288
62 1359
63 1384
64 1131
64 975
66 1351
70 391
71 436
74 1070
76 1450
81 1285
85 540
85 134
87 1237
93 1319
96 465
101 728
102 154
102 915
103 721
103 1511
107 1547
111 768
111 1449
112 1265
114 1071
115 840
128 910
129 683
130 997
132 148
136 941
138 493
140 973
141 785
143 229
143 414
144 1359
144 582
144 1135
145 1459
145 1551
149 1127
151 598
152 982
158 385
163 1179
168 792
171 236
172 326
177 1333
181 262
183 572
193 807
194 658
202 1199
215 574
215 1095
216 563
216 461
219 1147
219 1134
220 933
221 692
221 317
222 367
226 841
228 454
229 1499
232 1168
232 956
238 986
245 809
250 1266
250 763
258 942
260 317
261 1412
263 1363
265 600
267 510
271 818
281 1050
281 1046
285 793
292 1205
293 1214
293 430
294 838
300 855
301 1072
302 1233
318 783
319 1467
326 632
329 1539
340 817
341 1145
349 1066
352 656
355 1598
355 1574
363 1529
367 425
368 672
377 793
377 1055
379 510
387 1249
389 1206
390 714
391 1459
394 1171
395 1471
398 1054
401 430
402 992
404 1109
404 1462
406 680
412 598
420 686
424 942
432 966
435 830
442 680
448 1426
450 1567
453 754
470 1167
471 1135
484 867
485 596
486 1398
492 1193
497 1112
497 1398
502 912
502 1485
511 1287
512 807
513 1465
516 1161
517 1401
518 1569
519 571
527 553
534 987
535 1079
539 1090
548 925
558 1291
560 1597
561 1392
562 835
572 1395
577 1479
582 986
588 731
594 1068
600 1398
602 1190
605 991
613 953
616 1216
619 1314
625 742
628 1459
644 1115
653 1588
655 723
660 1530
668 975
669 808
673 1358
684 1429
685 1082
689 969
690 869
693 1065
698 791
702 1562
718 968
728 932
733 1101
735 1026
743 1278
749 1049
754 1517
768 1133
768 1127
783 1066
788 1066
788 1555
804 858
808 1580
815 852
821 1013
821 1461
844 1529
863 1382
865 946
873 954
874 1491
880 1426
894 1464
896 1277
909 944
912 921
919 1202
938 1209
938 1580
957 1176
977 1243
981 1012
983 1184
990 1292
993 1411
1003 1397
1004 1072
1012 1403
1020 1396
1026 1097
1026 1035
1028 1405
1050 1459
1055 1390
1071 1451
1072 1224
1077 1385
1079 1397
1092 1594
1112 1349
1113 1569
1119 1521
1138 1470
1171 1370
1182 1433
1190 1559
1191 1276
1202 1444
1210 1502
1215 1485
1237 1434
1246 1403
1280 1495
1283 1524
1320 1518
1325 1378
1335 1457
1339 1344
1342 1583
1346 1404
1348 1410
1353 1506
1364 1387
1385 1575
1391 1524
1487 1599
1491 1582
1504 1573
1516 1545
1560 1569
