1600 200
2 521
8 131
15 1157
18 302
20 1304
20 398
30 74
34 397
39 227
40 1224
42 243
48 97
49 1492
50 884
60 1283
64 405
66 1062
67 692
73 865
76 722
82 1553
87 1470
100 1250
104 431
105 1260
108 811
112 684
115 436
127 196
131 383
133 791
138 1336
145 1302
156 1181
159 697
162 1253
171 1341
186 1448
186 329
190 1131
197 311
203 895
207 1164
207 1413
208 1598
209 921
210 676
220 780
220 373
221 376
221 1043
224 1583
229 1483
234 417
235 1005
237 760
238 1396
241 776
243 750
248 503
264 516
268 1310
282 849
287 466
289 579
292 827
295 407
306 406
314 560
316 1182
318 1035
323 1400
325 1464
327 361
335 1182
338 1234
342 974
342 1063
345 694
349 1418
351 398
351 1367
352 704
354 1282
355 657
360 1119
369 1510
372 1186
373 1072
374 672
385 1448
392 1421
400 1043
410 476
415 637
419 501
420 1025
423 1573
424 452
427 708
433 1436
439 737
439 482
442 626
444 1021
447 727
449 1196
452 1322
456 815
471 1591
488 1454
501 1055
509 1069
520 1577
521 1489
523 1124
532 868
541 810
545 1436
550 645
550 822
557 704
560 1295
561 1496
564 1265
569 1104
591 817
596 898
603 1387
604 835
619 934
631 1406
645 1139
653 776
661 1409
670 965
673 880
678 993
685 1382
701 1239
712 1479
713 1331
713 1141
717 1196
728 1289
747 1290
790 796
797 1240
801 1139
805 1580
814 1008
817 1247
818 1111
820 912
823 970
833 1044
843 1245
855 992
868 1442
875 1386
882 1341
903 1068
903 1053
911 983
921 1367
928 1238
937 1455
972 1560
984 1302
990 1477
1013 1137
1018 1542
1076 1182
1082 1308
1112 1311
1113 1256
1113 1443
1130 1573
1153 1588
1161 1197
1161 1543
1171 1454
1176 1274
1206 1588
1210 1554
1218 1268
1223 1344
1253 1302
1254 1313
1281 1563
1312 1582
1315 1473
1339 1527
1360 1559
1385 1494
1438 1485
1464 1597
1474 1505
1508 1567
1518 1530
