1600 240
2 913
4 1220
7 405
8 1232
10 805
12 787
21 1498
21 218
21 1500
21 214
23 1334
38 186
45 1139
45 700
56 1330
61 477
62 647
68 422
68 310
70 448
72 1471
79 497
82 1466
85 865
86 189
88 1107
104 127
109 891
110 1276
110 1340
113 1421
114 404
115 1400
117 1421
123 658
130 1526
132 192
140 817
140 379
145 892
152 408
155 1371
164 389
165 1234
174 1185
192 1118
194 310
197 1355
204 1354
205 1477
205 1197
207 1395
209 1237
209 1054
220 1095
221 919
222 1075
225 1067
227 868
228 424
229 1562
229 763
237 640
244 330
249 611
252 506
255 1155
258 406
259 1143
264 400
266 1525
267 1458
273 1105
274 742
289 1109
291 1456
303 486
305 697
305 439
306 547
308 372
310 784
310 1229
317 1406
326 780
333 1519
335 496
339 1480
339 523
344 1460
351 1568
351 1211
352 1103
366 1561
366 1439
370 375
376 560
383 696
384 785
386 703
389 775
389 511
391 699
399 960
399 503
400 633
401 1060
411 574
415 1193
429 960
430 674
434 1393
439 904
444 1093
446 1199
448 1429
448 1550
449 1157
464 1248
469 824
469 1346
473 654
480 1493
483 1127
489 1417
492 786
492 1300
501 1000
506 1287
506 604
517 520
522 1077
525 1100
527 776
528 1294
530 1499
538 1332
547 861
556 1004
560 1254
577 1030
579 948
597 1490
598 726
610 788
613 1050
628 1042
628 629
644 667
646 709
647 1376
656 1435
663 1294
664 1138
664 1462
666 842
672 744
686 1311
694 707
696 878
707 1317
711 995
716 1440
738 1107
751 1195
768 930
770 1031
781 1245
792 857
797 1596
810 987
824 1553
833 1061
836 1149
848 1594
852 1150
859 1216
859 902
861 1456
871 944
871 906
874 909
927 1014
932 1127
954 1042
962 1118
966 1197
971 1068
979 1054
985 1006
990 1084
991 1148
992 994
996 1082
1003 1483
1021 1108
1023 1208
1028 1296
1034 1207
1043 1376
1043 1456
1061 1513
1068 1424
1071 1346
1074 1234
1089 1367
1092 1182
1101 1265
1111 1126
1116 1314
1116 1470
1147 1369
1165 1184
1184 1591
1196 1351
1202 1569
1220 1481
1230 1457
1231 1489
1238 1317
1243 1512
1273 1322
1291 1371
1307 1374
1308 1508
1312 1494
1315 1561
1322 1338
1327 1578
1342 1592
1365 1452
1376 1522
1387 1490
1402 1581
1410 1421
1425 1476
1426 1562
1494 1534
1500 1546
1531 1550
