1600 4800
0 896
0 1284
0 649
0 1228
0 271
0 1401
1 550
1 136
1 683
1 1521
1 662
1 119
1 857
2 548
2 1229
2 1588
2 1397
2 821
2 1371
2 828
3 449
3 1050
3 809
3 1042
3 1235
3 597
3 442
3 1212
4 944
4 794
4 1491
4 148
5 345
5 1151
6 227
6 646
6 974
6 662
6 1462
6 1017
6 382
7 1096
7 673
7 1379
7 845
8 362
8 241
8 21
8 854
8 409
8 1530
8 1500
8 1119
9 1024
9 449
9 226
9 167
9 1514
9 107
9 717
9 114
9 533
9 790
9 1397
9 1437
9 1407
10 803
10 562
10 107
10 333
10 1069
11 1304
11 942
11 471
12 1058
12 201
12 588
12 1200
12 209
12 408
12 1401
13 514
13 1353
13 330
13 268
13 525
13 343
14 931
14 167
14 1064
14 523
14 1487
14 628
14 216
14 1212
15 892
15 961
15 251
15 404
15 1053
16 515
16 387
16 741
16 499
17 708
17 1477
17 836
17 1327
17 1523
17 696
18 1376
18 577
18 835
18 1449
18 524
18 301
18 175
18 432
18 1328
18 760
18 731
19 593
19 235
19 724
19 1166
19 159
20 1138
20 557
20 189
20 1078
20 247
21 1315
21 1092
21 1381
21 1509
21 816
21 854
21 1335
21 1113
21 124
21 798
22 986
22 443
22 228
22 445
23 953
23 122
23 1044
23 402
24 1065
24 154
24 250
24 974
24 142
25 1051
25 833
25 1363
25 1015
25 975
26 1342
26 289
26 323
26 1256
26 754
26 251
26 766
27 441
27 932
27 767
27 212
27 359
28 1400
28 1404
28 1028
28 716
28 421
29 1058
29 297
29 878
29 80
29 249
29 90
30 1320
30 41
30 234
30 107
30 654
30 989
31 1157
31 679
31 1009
31 754
31 276
31 1022
32 1555
32 1566
32 135
33 122
33 1055
33 1061
33 335
34 1124
34 452
34 911
34 157
34 989
34 1118
35 1122
35 1351
35 1511
35 394
35 1419
35 274
35 180
35 701
36 1072
36 129
36 715
36 1587
36 1487
37 552
37 170
37 618
37 1451
37 717
37 1422
37 253
38 1573
38 518
38 108
38 844
38 84
38 703
39 512
39 707
39 1285
39 1575
39 1203
39 1593
39 61
40 1176
40 561
40 1018
40 1099
41 1312
41 1094
41 583
41 1389
41 1022
42 592
42 816
42 1347
42 85
42 874
43 454
43 296
43 1130
43 396
43 1133
43 530
43 371
43 1173
43 1046
44 896
44 704
44 1378
44 1488
44 433
44 1203
44 344
44 154
44 220
44 1406
45 642
45 909
45 1200
45 147
45 598
45 1563
45 766
45 671
46 1088
46 1139
46 373
46 342
47 1139
47 1557
48 513
48 1106
48 211
48 675
48 1366
49 832
49 1513
49 1546
49 301
49 1255
50 1194
50 1170
50 1174
50 670
51 1315
51 453
51 235
51 1137
51 723
51 506
52 712
52 745
52 620
52 1373
52 167
53 1330
53 108
53 943
54 136
54 761
54 707
55 1569
55 1346
55 902
55 87
55 442
55 476
56 1409
56 322
56 905
56 943
56 627
56 372
57 568
57 1136
57 672
58 448
58 838
58 99
58 70
59 336
59 1361
59 531
60 576
60 241
60 925
61 705
61 1337
61 1555
61 1301
62 1386
62 589
62 100
62 470
62 198
63 570
63 853
63 294
63 271
64 645
64 394
64 337
64 1272
64 987
64 1373
64 703
65 1440
65 1121
65 1409
65 739
65 785
65 342
65 282
65 254
66 1304
66 1490
66 1287
66 1548
66 271
67 761
67 810
67 1124
68 177
68 895
68 1295
68 78
68 798
69 953
69 1290
69 987
69 735
70 1178
70 652
70 1424
70 337
70 629
70 1526
71 1586
71 644
72 456
72 1178
72 1584
72 1062
73 331
73 1163
73 1264
73 626
73 1269
73 1014
73 759
73 378
73 1053
73 542
73 607
74 400
74 953
74 1369
74 1585
75 618
75 1295
75 1555
75 564
75 1525
75 604
76 257
76 1357
76 400
76 720
76 1106
76 184
76 537
77 196
77 520
77 715
77 524
77 109
77 722
77 438
77 346
78 1098
78 1514
78 912
78 724
78 727
78 409
78 1370
79 906
79 1475
79 229
80 320
80 358
80 1126
80 1032
80 657
80 504
80 255
81 122
81 411
81 204
81 1354
82 740
82 1252
82 839
82 504
82 1237
82 344
82 217
83 162
83 1020
83 1494
83 566
84 1367
84 569
84 118
84 642
85 440
85 105
85 254
86 731
86 726
86 663
87 355
87 231
87 820
87 469
87 985
87 988
87 1310
88 1511
88 1320
88 110
88 689
88 790
88 604
89 1216
89 1441
89 964
89 1284
89 680
89 713
89 777
89 842
89 272
89 404
89 597
89 310
90 772
90 1032
90 1002
90 957
90 401
90 691
90 1461
90 567
90 856
90 505
90 1055
91 815
91 432
91 983
91 1336
91 313
91 476
92 723
92 1267
93 1223
93 808
93 615
93 1134
93 1051
93 797
94 1582
94 1295
94 1391
94 1233
94 815
94 440
95 257
95 1477
95 500
95 1302
95 1212
95 509
96 291
96 645
96 677
96 915
96 1012
96 886
96 1014
97 1114
97 1238
97 806
98 1056
98 1409
98 550
98 840
98 939
98 1293
98 403
98 799
99 137
99 681
99 452
99 1329
100 134
100 1386
100 1483
100 306
100 1469
101 1120
101 131
101 535
101 760
101 283
101 667
102 1312
102 234
102 1386
102 1298
102 1080
102 1531
103 1408
103 1124
103 904
103 750
103 1490
103 1172
103 152
104 614
104 1446
104 459
104 1420
104 1500
104 1564
105 964
105 1032
105 1386
105 1302
105 472
105 217
105 927
106 1280
106 841
106 1403
106 865
106 1488
107 993
107 937
107 1332
107 1398
107 695
107 1590
107 253
108 170
108 1195
108 1230
108 1363
108 1336
108 157
109 1147
109 549
110 1417
110 179
110 269
111 1088
111 1444
111 196
111 780
111 879
111 178
112 211
112 631
113 1278
113 1142
113 1276
113 350
113 591
114 193
114 945
114 406
114 535
114 1592
114 1439
115 1128
115 345
115 722
115 1091
115 686
116 617
116 1265
116 1092
116 141
117 419
117 1483
117 1198
117 399
117 344
117 509
118 1125
118 1482
118 140
118 1424
118 849
118 980
118 1594
118 919
118 1402
118 1596
118 383
119 320
119 928
119 426
119 236
119 462
120 800
120 353
120 485
120 992
120 1207
121 162
121 1130
121 654
121 464
121 532
121 603
121 893
122 608
122 1057
122 1156
122 1129
122 625
122 787
122 917
122 1302
122 1178
123 1092
124 1193
124 1519
124 1077
124 854
124 890
124 861
125 897
125 420
125 1065
125 1332
125 1238
125 220
125 1407
126 832
126 641
126 132
126 744
126 1038
126 244
126 564
127 481
127 550
127 872
127 204
127 1170
127 182
128 993
128 636
129 1217
129 1225
129 1068
129 461
129 400
129 1149
129 255
130 760
130 864
130 244
130 501
130 1174
131 1506
131 805
131 749
131 1071
131 1040
131 1458
131 632
132 429
132 1519
132 1522
132 1369
132 985
133 851
133 284
133 1454
134 1250
134 166
134 1064
134 1388
134 429
134 469
134 1270
134 921
134 1022
135 165
135 871
135 575
135 1101
135 921
135 603
135 863
136 787
136 651
136 1171
137 514
137 274
137 562
137 662
137 1243
138 1543
138 970
138 1547
138 912
138 825
138 924
139 320
139 202
139 1073
139 243
139 1203
139 1085
139 254
139 799
140 1507
140 1479
140 328
140 402
140 246
140 1302
140 191
141 609
141 1125
141 1355
141 175
141 689
141 340
141 1142
141 1272
141 413
142 402
142 835
142 159
143 892
143 1258
143 148
143 1276
143 447
144 963
144 970
144 1482
144 941
144 1325
144 148
144 949
144 631
145 1376
145 1419
145 335
145 1233
145 1463
145 735
146 993
146 549
146 297
146 493
146 305
146 189
147 1018
147 1316
147 1195
147 529
147 1521
147 346
148 802
148 1122
148 1379
148 1510
148 495
148 1173
148 859
148 1341
148 287
149 402
149 982
149 558
150 1178
150 765
151 1350
151 811
151 1453
151 1591
151 476
151 668
152 177
153 1184
153 857
153 1252
153 861
154 1062
154 587
154 781
154 683
154 1201
154 412
155 392
155 1001
155 1042
155 1433
155 1254
156 738
156 324
156 1415
156 233
156 494
156 1459
156 248
156 1277
156 253
157 1094
157 903
157 199
157 1395
157 1114
158 306
158 1012
159 1300
159 1454
159 1251
160 1318
160 1442
160 1581
160 973
160 1078
161 1491
161 227
161 829
161 614
161 1039
162 261
162 1094
162 1001
162 299
162 300
162 780
162 526
162 177
162 1106
163 1547
163 823
164 874
164 900
164 439
165 1413
165 364
165 1196
165 302
165 206
165 1358
165 1390
165 1271
165 1083
165 764
166 792
166 474
166 1126
166 933
167 812
167 558
167 243
167 851
167 1110
167 280
168 1568
168 611
168 710
168 691
168 1493
168 377
168 1403
168 446
168 1087
169 1396
169 473
169 443
169 1020
169 238
170 738
170 1189
170 752
170 786
170 986
171 657
171 476
171 380
172 824
172 330
172 564
172 1448
173 768
173 1352
173 426
173 815
173 411
173 413
174 602
174 563
174 1006
174 1111
175 1004
175 1230
175 1395
175 1594
175 1563
175 1471
176 961
176 1123
176 680
176 1480
176 1421
176 622
176 207
176 560
176 1176
176 443
176 476
177 868
177 376
177 886
177 732
178 1034
178 237
178 1230
178 239
178 598
178 1500
179 960
179 360
179 216
179 1147
179 701
180 360
180 650
180 848
180 1520
180 820
180 1337
180 1274
180 1179
180 1468
180 831
181 1504
181 292
181 1293
181 1423
181 241
181 1556
181 1432
182 612
182 682
182 395
182 243
182 276
183 929
183 806
183 1433
183 621
183 1491
183 1460
183 473
183 1242
184 1380
184 1254
184 392
184 1418
184 1100
184 223
185 233
185 724
186 384
186 264
186 1011
186 503
186 1146
186 351
187 857
187 1195
187 301
187 894
187 895
188 502
188 1039
189 641
189 879
189 818
189 1019
190 1574
190 1514
190 941
190 1326
190 474
190 478
191 204
191 501
191 1219
191 1469
192 1387
192 1027
193 934
193 1031
193 1579
193 1334
193 538
193 283
193 799
194 643
194 201
194 941
194 1551
194 369
194 247
194 920
194 797
195 513
195 1450
195 266
195 333
195 301
195 306
196 224
196 1419
196 655
196 208
196 915
196 253
197 872
197 652
197 804
198 787
199 1412
199 614
199 809
199 1487
199 1591
199 825
200 1118
200 1462
200 206
201 323
201 708
201 653
201 398
201 1462
201 1146
202 1403
202 1159
203 718
203 1422
203 276
203 308
203 406
203 1398
203 829
203 862
204 452
204 1193
204 1165
205 998
205 1127
205 391
205 1257
205 490
205 764
206 1452
206 1582
206 783
206 407
206 699
207 321
207 1050
207 580
207 1183
208 1447
208 655
208 240
208 595
208 1210
208 1084
209 866
209 1123
209 644
209 1191
209 1520
209 692
209 1529
209 732
210 288
210 1346
210 739
210 1580
210 1236
210 854
210 1592
210 1245
211 834
211 1173
211 999
212 864
212 563
212 1082
212 1215
213 272
213 1465
213 1124
213 1015
214 1153
214 323
214 1510
214 1255
214 1384
214 1483
214 685
214 1102
214 798
215 337
215 467
215 341
215 1118
215 1119
216 418
216 488
216 617
216 268
216 848
217 1435
217 985
217 1322
218 320
218 396
218 1285
219 1280
219 241
219 1162
219 369
220 545
220 1156
220 262
220 808
220 1579
220 465
221 1041
221 337
221 1395
221 701
221 361
222 1441
222 1059
222 839
222 974
222 1041
222 855
222 858
222 1436
222 223
223 816
223 1149
223 367
224 920
224 401
224 922
224 836
225 875
226 482
226 1506
226 968
226 623
226 594
227 416
227 1098
227 719
227 1487
227 434
227 1170
228 721
228 540
228 959
228 511
229 1043
229 610
229 738
229 1598
230 369
230 467
230 1121
230 599
231 1597
231 296
231 1423
231 529
231 1267
231 1111
231 313
231 699
231 668
231 861
231 318
232 610
232 813
232 1494
233 384
233 653
233 1472
234 609
234 1293
234 1563
234 247
234 894
235 740
235 967
235 1159
235 1067
235 1133
235 622
235 1431
235 1561
236 673
236 293
236 1417
236 301
236 862
237 1283
237 907
237 1166
237 277
237 949
237 1304
238 324
238 1066
238 556
238 404
238 1215
239 1376
239 996
240 1073
240 1078
240 1014
240 1015
241 955
241 1285
241 1063
241 745
241 296
241 1099
241 1070
241 895
242 704
242 442
242 856
242 1309
242 1507
243 1312
243 1470
243 618
243 812
243 281
243 1179
243 604
243 638
244 449
244 846
244 271
244 825
245 937
245 1394
245 284
245 941
245 1382
246 708
246 268
246 588
247 1121
247 1538
247 773
247 1575
247 1487
247 688
247 1491
247 693
247 1209
248 289
248 549
248 337
248 1272
248 1018
249 1089
249 837
249 359
249 876
249 720
249 1397
249 1340
249 315
249 668
250 865
250 1217
250 337
250 1172
250 886
250 1564
251 1139
251 1258
251 1078
252 610
252 1154
252 1028
252 358
252 1227
252 1492
252 1592
253 864
253 1185
253 1504
253 1063
253 1404
253 1309
254 454
254 1369
254 372
254 1526
254 1239
254 761
255 477
255 633
255 760
256 737
256 1411
256 1477
256 702
256 327
257 1247
257 419
257 261
257 651
257 1400
257 858
257 702
258 905
258 706
259 773
259 431
259 531
259 1144
259 1594
259 1597
260 448
260 1029
260 584
260 1320
260 1480
260 1101
260 665
260 953
261 770
261 785
261 1496
261 729
261 858
262 1376
262 1133
262 912
262 723
262 1236
262 509
263 1207
263 346
263 339
263 1015
264 651
264 869
264 1231
265 645
265 427
265 656
265 338
265 1398
265 857
266 563
266 1532
267 1402
267 1105
267 1106
267 454
267 1490
268 324
268 1129
268 1034
268 366
268 1263
268 1495
268 1305
268 538
269 1264
269 1123
269 530
269 654
270 1178
270 1597
270 887
271 873
271 1261
271 622
271 1585
271 1202
272 845
272 318
273 1088
273 1102
273 337
273 1336
273 861
273 1087
274 608
274 1537
274 645
274 1415
274 1458
275 409
275 954
276 550
276 493
276 1236
276 373
276 632
276 603
277 1577
277 369
277 1077
277 982
277 1375
278 931
278 1062
279 777
279 812
279 1164
279 1521
279 696
279 442
279 1086
280 329
280 1018
280 1172
280 1046
281 1389
281 805
281 1243
281 1559
282 657
282 917
282 430
282 999
283 1314
283 865
283 1228
283 596
284 455
284 523
284 494
284 626
284 437
284 1367
284 317
285 804
285 1478
285 871
285 331
285 1518
285 411
286 850
286 611
286 1467
286 830
287 421
287 681
287 330
287 366
287 1143
287 1247
288 426
288 776
288 820
288 809
289 320
289 355
289 515
289 1575
289 876
289 526
289 528
289 1044
290 1179
290 757
291 578
291 422
291 939
291 1164
291 691
292 800
292 1253
292 998
292 841
292 1201
292 658
292 1329
293 1123
293 1221
293 1481
293 459
293 948
294 1162
294 1454
294 1138
294 500
294 1013
294 986
294 1565
295 440
295 1306
295 1368
295 447
296 1252
296 329
296 1331
296 1271
297 962
297 1527
297 304
297 1111
297 639
298 593
298 1242
298 1349
298 1086
299 697
299 980
299 1591
299 791
300 1478
301 706
301 361
301 588
301 972
301 308
301 863
302 1128
302 1067
302 1326
302 623
302 1594
302 1018
302 1563
303 944
303 1201
304 395
304 910
304 1057
305 898
305 1381
305 617
305 565
305 1180
306 681
306 490
306 789
306 959
307 592
307 945
307 931
307 608
307 1597
308 1392
309 480
309 897
309 1060
309 975
309 689
309 753
309 508
310 1576
310 1402
310 623
310 1328
310 921
310 703
311 604
311 517
312 1339
312 1220
312 1100
312 1545
314 1220
314 1572
314 1160
314 1576
314 1362
314 467
314 1302
314 1310
314 1055
315 496
315 691
315 1015
315 1303
315 1055
316 361
316 482
316 451
316 916
316 739
317 787
317 753
317 450
317 427
318 866
318 898
318 900
318 523
318 781
318 622
318 1197
318 1201
318 1563
318 510
319 1471
319 884
319 893
319 375
320 1571
320 724
321 1090
321 837
321 461
321 656
321 1458
322 1368
322 772
322 1376
322 559
323 1408
323 1284
323 713
323 862
324 999
324 1588
324 1334
324 1373
325 714
325 1340
325 422
326 1034
326 1266
326 1037
326 1580
327 682
327 610
327 1369
327 853
328 1266
328 659
328 1163
329 1091
329 901
329 934
329 1496
329 874
329 1550
329 1423
329 436
329 1463
330 1345
330 690
330 754
330 694
331 948
331 966
331 437
332 1363
332 628
332 589
332 494
332 1031
333 1031
333 721
333 370
333 990
334 1440
334 673
334 708
334 486
334 1140
334 539
334 349
335 1155
335 353
335 1038
336 392
336 1198
336 817
336 664
336 922
336 1468
337 1154
337 669
338 1281
338 858
338 1339
338 604
338 1471
339 1473
339 1419
339 399
339 1394
339 1428
339 604
340 1507
340 422
340 455
340 1160
340 1427
340 727
341 1319
341 1323
341 1483
341 757
341 1529
341 927
342 578
342 713
342 1424
342 1202
342 857
342 1179
342 1341
343 956
343 1475
343 876
343 1558
344 1053
344 518
345 768
345 839
345 392
345 1164
345 1204
346 867
346 836
346 711
346 717
347 1336
347 698
347 548
347 734
347 919
348 1049
348 843
348 587
349 1164
349 525
349 1073
349 1591
349 1084
350 1146
350 627
351 1569
351 1296
351 1168
351 1171
351 372
351 1428
351 760
351 1533
352 608
352 609
352 451
352 1571
352 393
352 1355
352 588
352 1168
352 382
353 1368
353 1556
353 389
354 1360
354 1440
354 1383
355 899
355 1452
355 1422
355 462
355 1429
355 634
356 516
356 902
356 455
356 552
356 521
356 1328
356 1341
356 445
357 642
357 1091
357 669
357 583
357 392
357 935
357 753
357 1400
357 797
358 1004
358 886
359 498
359 1188
359 1005
360 515
360 1164
360 1587
360 1016
361 1217
361 514
361 1046
361 857
361 699
362 1001
362 896
362 438
363 857
363 1418
363 1252
363 1597
363 399
364 704
364 796
364 846
365 1395
365 1195
365 796
365 511
366 396
367 1553
367 1445
367 950
368 1341
368 522
368 1315
368 1317
368 494
369 934
369 1096
369 590
369 1140
369 1086
370 1017
370 771
371 691
371 1499
372 1379
372 408
372 744
372 1517
372 1166
372 1181
372 510
373 1342
373 1341
374 928
374 722
374 1078
375 1297
375 1170
375 1236
376 1212
376 1124
376 1199
376 671
377 874
377 532
377 847
377 447
378 1442
378 418
378 795
379 1217
379 1122
379 716
379 1199
379 432
379 1233
379 1527
380 1185
380 642
380 1501
381 1379
381 867
381 479
382 700
382 997
383 545
383 1002
383 1262
383 1488
383 1138
383 403
384 1299
384 451
384 1217
385 800
385 644
385 1285
385 1317
385 1130
385 747
385 660
385 1590
385 1431
386 817
386 1298
386 989
386 873
387 1305
387 892
387 687
388 1057
388 1549
388 1228
388 765
388 975
389 393
389 811
390 480
390 992
390 1503
391 1253
391 1338
391 831
392 942
392 687
392 1297
392 822
392 889
393 582
393 748
393 661
393 858
393 605
393 1183
394 1128
394 1324
394 621
394 1074
394 438
394 1469
395 964
395 1051
395 572
395 1310
396 967
396 1095
396 1077
396 1049
397 1283
397 1385
397 459
397 685
397 880
397 979
397 920
397 1340
398 1115
398 1348
398 1301
398 1573
399 944
399 1331
399 536
399 1084
400 1445
400 529
400 1532
400 1598
401 995
401 517
401 1062
401 1210
401 1448
401 1544
401 1420
401 734
402 548
402 825
402 793
403 738
403 1124
403 1351
403 877
404 1510
404 437
404 1527
404 1370
405 521
405 1108
405 1317
405 1134
405 887
406 1221
406 522
406 879
406 913
406 502
407 1409
407 1577
407 1103
407 1243
407 798
407 1407
408 843
408 815
408 1365
408 634
408 410
408 604
408 1598
409 888
409 700
409 1565
409 572
409 1535
410 1222
410 778
410 523
410 499
410 1372
410 959
411 618
411 716
411 846
411 990
411 447
412 457
412 777
412 1289
412 592
412 976
412 691
412 1174
412 759
412 1244
413 1381
413 1255
413 875
413 1074
413 595
413 699
414 584
414 1489
414 1116
414 437
415 956
415 860
415 1338
416 770
416 773
416 937
416 844
416 1528
417 1158
417 979
417 950
417 502
418 713
418 1275
418 1266
419 963
419 487
419 1419
419 541
419 1437
420 1377
420 747
420 492
420 1199
421 1473
421 684
421 750
421 687
421 688
421 465
421 497
421 724
421 1208
422 1063
422 1513
422 506
422 1243
423 789
423 1570
423 669
423 702
424 1216
424 1061
424 976
424 468
424 1272
424 475
425 529
426 616
426 968
426 1515
426 1039
426 1080
426 793
426 766
427 1563
427 1147
427 1143
428 760
428 914
428 934
429 617
429 1325
429 1094
430 752
430 619
430 676
430 549
431 448
431 617
431 1322
431 812
431 1105
431 1045
431 1366
432 1056
432 586
433 1050
433 1307
433 1502
434 612
434 1551
434 496
434 657
434 1370
434 1309
435 1456
435 585
435 910
435 799
436 723
437 1187
437 1289
437 1231
437 1392
437 533
437 574
438 1027
438 1127
438 588
438 752
438 1040
438 1171
438 948
439 497
439 1550
439 1119
439 479
440 585
440 906
440 1103
440 1135
440 689
440 1402
440 511
441 1232
441 1140
441 1531
441 1519
442 1410
442 592
442 1267
442 756
442 1332
442 1593
442 478
443 883
443 567
443 472
443 889
443 1080
445 1312
445 1445
445 1008
445 1302
446 1540
446 613
446 1511
446 744
446 623
446 594
446 792
447 906
447 1013
447 730
448 578
448 452
448 1322
448 1423
448 761
448 697
448 479
449 1555
449 1046
449 599
449 472
449 1110
449 1370
450 568
450 1569
450 1373
450 1487
451 931
451 676
451 680
451 988
451 686
451 1043
451 1143
451 1531
452 1542
452 1515
452 820
453 1443
453 645
453 1511
453 936
453 554
453 650
453 1578
453 656
453 1233
454 869
454 1512
454 989
454 693
454 1014
454 1018
454 1148
454 797
454 1311
455 896
455 1351
455 872
455 623
455 570
455 991
456 716
456 1102
456 1364
456 855
456 511
457 876
457 962
457 1125
457 1558
458 736
458 546
458 1500
458 692
458 526
459 641
459 748
459 1101
459 1491
460 860
461 490
461 533
462 992
462 1264
462 1120
463 600
463 577
464 483
464 1513
464 789
464 697
464 922
465 1216
465 629
465 1405
466 1306
466 1355
466 621
466 502
466 735
467 1121
467 1537
467 1445
467 1394
467 659
467 599
467 505
467 1116
467 669
468 1217
468 1380
468 938
468 906
468 940
468 1201
468 1555
469 1392
469 1362
469 983
469 1403
470 835
470 1197
470 687
470 655
470 1264
470 566
470 1305
471 852
471 615
472 961
472 1507
472 1437
473 992
473 1378
473 522
473 1245
473 606
473 831
474 1025
474 806
474 875
474 939
474 1180
475 1128
475 749
475 1391
475 1010
475 1170
475 1331
475 1079
475 1335
475 767
476 544
476 864
476 865
476 611
476 1409
476 752
476 658
476 1585
476 693
477 586
477 676
477 885
477 990
478 898
478 493
478 914
478 565
479 1542
479 590
479 595
479 1077
480 1496
480 1525
480 607
481 1186
481 674
481 1470
481 1495
481 1003
481 1391
481 1426
481 1271
481 1182
482 804
482 1191
482 1196
482 912
482 594
482 1398
482 798
483 936
484 1001
484 1530
484 622
485 803
485 1192
485 622
485 824
485 531
485 596
485 757
485 1364
486 1049
486 646
486 955
487 712
487 1056
487 1460
487 1391
488 881
488 739
489 1184
489 1549
489 718
489 1169
489 595
489 1364
490 1031
490 840
490 1497
490 758
490 1209
490 1564
491 912
491 889
491 929
491 1070
491 1127
492 1423
492 549
492 1084
492 685
493 870
493 1419
493 525
493 494
493 527
494 641
494 610
494 1089
494 1186
494 1315
494 754
494 501
495 827
495 591
496 552
496 1065
497 1218
497 1282
497 520
497 1546
497 652
497 1005
497 920
498 848
498 1281
499 836
499 1128
499 791
499 670
500 1312
500 682
500 881
500 725
501 609
501 1255
501 1592
501 980
501 1208
502 1547
502 876
502 1269
502 1433
502 671
503 898
503 1193
503 629
503 858
503 571
504 1410
504 1390
504 975
504 1589
504 886
504 667
505 608
505 1260
506 963
506 1477
506 556
506 1263
506 785
506 913
506 1211
506 540
507 1248
507 793
507 1581
507 1488
508 643
508 678
508 942
508 752
508 882
508 632
509 1441
509 1575
509 1065
509 758
510 704
510 1537
510 642
510 1486
510 1071
510 1110
510 1084
511 1121
511 1222
511 1392
511 978
512 792
512 917
513 622
513 623
513 879
513 974
513 853
513 1015
513 1595
513 700
514 1149
515 1379
515 1416
515 783
515 1210
517 1511
517 1204
517 726
517 633
518 1059
518 1132
518 848
518 1555
518 665
518 671
519 592
519 1057
519 1355
519 1062
519 1305
520 954
520 685
521 1563
521 586
521 597
522 1065
522 1430
522 1336
522 1341
522 1054
523 905
523 721
523 1494
524 1059
524 580
524 1420
524 847
524 1495
524 1337
525 1409
525 1513
525 690
525 724
525 820
525 1589
526 1440
526 1410
526 1382
526 1199
526 1423
526 1329
526 786
526 1531
526 1118
527 1299
527 1050
527 1090
528 1106
528 924
528 1599
529 1163
529 1296
529 948
529 1466
529 990
530 1419
530 1262
530 981
530 1366
530 858
530 732
531 1476
531 965
531 756
531 1428
531 895
532 897
532 1439
532 689
532 850
532 1330
532 1054
532 1407
533 766
533 1111
534 665
534 870
534 823
535 1474
535 1031
535 1527
535 636
536 866
536 839
536 822
537 718
537 1372
538 650
538 1132
538 1005
538 942
538 1518
539 1220
539 1502
539 1199
539 1079
539 665
539 1406
540 548
540 1008
540 1556
540 1342
541 576
541 1218
541 1424
541 594
541 601
541 639
542 900
542 735
543 1475
543 1083
543 650
543 779
543 1166
544 1499
544 1279
545 1026
545 1574
545 935
545 1453
545 1520
545 1461
545 1270
545 1213
546 1018
546 1153
546 547
546 1337
547 947
547 1493
548 641
548 955
548 1232
548 985
548 731
549 1540
549 1317
549 1148
549 789
549 924
550 1258
550 1043
550 763
551 984
552 985
552 1344
553 1264
553 554
553 627
553 789
553 723
554 1504
554 1546
554 1259
554 1578
554 1200
554 1206
555 763
556 865
556 1351
556 1133
556 1069
556 1368
557 736
557 1065
557 861
558 768
558 1090
558 1192
558 1483
558 1582
559 899
559 1191
559 619
559 1390
559 657
560 1297
561 1222
561 745
561 984
561 569
561 953
562 1036
563 708
563 1105
563 1522
563 695
563 861
564 640
564 913
564 1432
564 860
565 1120
565 769
565 583
565 761
566 1234
566 1091
567 1092
567 1406
567 979
568 1568
568 615
568 1389
568 1439
569 1093
569 875
569 1485
569 719
569 1295
569 1203
569 1151
570 1543
570 1095
570 1133
570 1491
570 1595
571 1113
571 1401
571 645
572 963
572 1287
572 1013
572 599
573 807
573 1065
573 1489
573 664
573 1211
573 1086
574 1448
574 1560
574 613
574 700
575 827
575 759
575 899
575 949
576 1219
576 998
576 585
576 1104
576 1522
576 1432
576 1599
577 790
578 611
578 1190
578 1106
578 1109
578 1309
579 1120
579 939
579 1165
579 1208
579 700
579 734
580 674
580 1507
580 1539
580 1160
580 1517
580 1489
580 728
581 939
581 991
582 1535
584 744
584 915
584 628
584 1146
585 1025
585 1542
585 971
585 1324
586 868
586 1289
586 920
586 1308
586 927
587 1215
588 1496
588 1064
588 1395
588 1336
588 1565
588 671
589 1474
589 1124
589 1028
589 850
589 947
590 1522
590 892
591 1216
591 1296
591 1265
591 947
591 1081
592 962
592 1219
592 1256
592 875
592 1485
592 1550
592 1487
592 1268
592 761
593 845
593 925
593 784
593 1456
593 788
593 826
593 858
594 1321
594 752
594 982
595 627
595 1372
595 1052
595 863
596 1216
596 1545
596 1067
596 1454
596 1233
597 1538
597 1159
597 971
597 1455
598 664
598 835
598 976
599 672
599 1431
600 1425
600 634
600 980
601 814
601 742
602 1088
602 1347
602 1509
602 1047
603 1320
603 1268
603 1272
604 1297
604 1434
604 797
605 684
606 858
606 902
606 622
607 1546
607 1277
607 1470
608 803
608 1161
608 715
609 1103
609 629
610 1572
610 646
610 1301
610 1366
610 697
611 744
611 1011
611 756
611 1461
611 697
612 1062
612 1544
612 955
612 860
613 1221
613 1223
613 1321
613 1581
614 1220
614 1061
614 975
614 1263
614 729
614 1339
614 926
615 1473
615 1514
616 810
616 877
616 1117
616 1595
616 1565
617 1478
617 1481
617 1419
617 1324
617 1050
617 1563
618 748
618 1201
618 978
618 793
618 1597
620 1114
620 1507
620 623
621 1345
622 1354
622 880
622 912
623 676
623 846
625 636
626 1226
626 1372
626 1432
626 1531
626 1406
626 1087
627 1349
627 880
627 1104
627 1404
627 893
628 805
628 1096
628 906
628 821
628 823
629 1007
630 793
630 1577
630 863
632 1065
632 1554
633 825
633 748
633 1062
634 807
634 711
634 1047
634 1534
635 932
635 1092
635 1287
635 1385
635 842
635 1420
636 1364
636 1173
636 1110
636 950
636 1499
636 1340
637 696
637 697
637 964
637 661
638 1552
639 1409
640 1517
640 1230
640 1558
640 825
640 1566
641 1470
641 1319
641 1321
641 786
641 758
642 1033
642 664
642 985
643 781
643 734
643 890
644 1321
644 1099
644 1297
644 1394
644 823
645 902
645 938
645 1521
645 1304
646 868
646 1004
646 1301
647 728
647 1438
647 1245
647 758
647 1455
648 1268
648 669
648 1375
649 979
649 1054
650 1344
650 1290
650 1304
651 839
651 985
651 826
652 1357
652 1200
652 918
652 1206
652 1434
653 717
653 1404
654 742
654 1096
654 1257
654 976
654 1086
654 1308
654 1017
655 1370
655 955
655 1438
656 874
656 1362
656 1016
656 1465
657 833
657 1375
658 1576
658 749
658 1144
658 1337
658 861
659 1368
659 947
660 1344
660 1227
660 1199
661 989
661 771
662 675
662 676
662 682
662 909
662 1303
662 920
662 667
663 1345
663 899
663 749
663 1199
663 1041
663 730
663 731
664 1254
664 1309
665 865
665 850
665 1372
666 1233
666 1547
666 1316
667 1123
667 1160
667 948
668 754
669 741
669 1295
669 1520
669 1558
669 764
670 1058
670 771
670 714
670 757
670 1114
671 1220
671 874
671 1389
671 1340
672 1137
672 1221
672 1303
673 1377
673 782
673 945
673 1522
673 852
673 731
673 1375
674 1408
674 1582
674 783
674 1491
675 1153
675 1090
675 837
675 1324
675 1071
675 1298
675 735
676 1511
676 1384
677 1161
677 1227
677 767
678 1352
678 1231
678 849
678 1436
678 1407
679 1131
679 1426
679 1331
679 1394
679 1082
681 1354
682 1384
682 1196
682 1393
683 1103
683 1013
683 1590
683 732
684 738
684 1133
684 942
684 981
684 735
685 1413
685 1288
685 784
685 1588
685 1467
685 1275
686 911
686 753
686 887
686 1531
686 735
687 1415
687 1556
687 735
688 840
688 1272
689 996
689 1029
689 714
689 1116
690 1320
691 1441
691 1575
691 1256
691 1134
692 1409
692 1426
692 755
692 1501
693 1250
693 1323
693 753
693 1151
694 954
694 1093
695 930
695 1126
695 1549
695 1235
695 822
695 1336
695 1498
696 1000
696 1142
697 902
697 1071
698 1480
698 847
699 1381
700 800
700 1220
700 1521
700 756
700 1210
701 1219
702 1025
702 977
702 1010
702 1019
703 1223
703 1256
703 848
703 918
705 833
705 770
705 836
705 1519
706 1000
706 1193
706 1232
706 851
707 1034
707 1164
707 749
707 880
708 1236
709 1152
709 1138
709 1020
709 1580
709 1535
710 913
710 1176
710 1494
711 801
711 807
711 841
711 1306
712 1180
712 1450
712 941
713 810
713 759
714 1255
715 1283
715 1287
715 777
715 957
716 1553
717 1030
717 1427
717 1527
717 827
718 1428
718 1431
718 767
719 996
719 1172
719 1173
719 856
719 1246
720 1057
720 836
720 1107
720 948
720 1173
721 1168
721 1479
722 776
722 875
722 1335
722 1276
723 956
723 848
724 1337
724 1485
724 1336
725 873
725 762
725 979
725 1133
726 773
726 1324
727 1250
727 1366
727 950
727 858
728 1011
728 1310
729 743
729 1063
729 778
729 789
729 917
729 1145
729 1436
730 1084
730 1486
731 932
731 968
731 916
731 797
731 1310
731 1279
732 870
732 1515
732 1589
732 1403
733 768
733 825
733 1440
733 815
734 800
734 1108
734 1492
734 1598
735 1285
735 910
735 1009
735 1395
735 1422
735 1457
735 1497
736 1339
736 1259
736 1355
737 769
737 960
737 1273
737 1497
737 1247
738 968
738 873
739 1346
739 1130
739 1075
739 1298
739 1588
739 1118
740 1130
740 1419
740 1135
740 1553
740 797
741 1446
741 942
741 814
741 882
743 1332
743 1157
744 1451
744 1593
744 1501
745 1248
745 1344
745 990
746 1130
746 1522
746 918
747 1029
747 1432
747 1594
747 923
748 1587
748 921
748 990
749 1218
749 837
749 1008
749 1556
749 1146
750 1437
750 1566
750 1382
751 1528
751 1347
751 1431
752 1007
752 789
752 888
753 1032
753 1288
753 1227
753 1070
753 1598
754 1313
754 1095
754 909
754 1597
755 1316
755 1351
756 865
756 1238
756 858
756 890
757 1481
757 1072
757 1073
757 1302
757 793
759 783
760 1490
762 779
762 1228
762 1182
764 1442
764 1067
765 1504
765 1414
765 1382
765 1010
766 929
766 1537
766 997
766 1333
766 1115
767 967
767 1097
767 1143
767 1241
768 960
768 1390
768 1202
768 1275
769 1550
770 775
770 850
770 983
771 900
771 1389
771 1428
772 1233
773 1440
773 999
773 1128
773 1545
773 874
773 1133
774 1296
774 1422
774 899
774 1246
774 1287
775 1192
775 1516
775 941
776 1574
776 1357
776 1488
776 820
777 1476
777 863
778 1549
778 1343
778 1223
779 1473
779 827
780 1487
780 1394
780 1044
780 989
781 848
782 1076
783 1123
783 905
783 1321
783 940
783 1262
783 1298
783 1467
783 1151
784 1536
784 1284
784 1419
784 1273
784 1086
785 1158
785 1167
786 873
786 1002
786 1360
787 1155
787 1540
787 810
787 1194
787 1073
787 1149
787 1213
788 880
788 1497
788 1261
789 1093
790 1251
790 792
790 829
791 803
791 1448
791 822
791 1303
791 1020
793 903
793 1051
793 1017
794 1001
794 1298
794 1510
794 1183
795 1113
795 900
796 1154
796 1032
796 946
796 1110
796 1306
796 1148
796 1309
797 1117
798 1512
799 1035
799 1110
799 1338
801 945
801 1041
802 1560
802 1421
802 846
803 1223
803 1131
804 1282
804 842
804 1002
804 1588
804 1304
805 1124
805 1007
805 1489
805 1181
806 963
806 1491
806 1395
807 832
807 1093
807 1001
807 1261
807 1263
808 1481
808 1548
808 1254
809 931
809 1093
809 1132
809 1146
809 1499
809 1055
810 1541
810 1459
810 1399
810 957
811 1520
811 972
812 1095
812 1266
812 1302
812 892
813 818
813 1010
814 936
814 970
814 1242
814 1150
815 1568
815 898
815 1571
815 1130
815 1038
815 1489
815 1140
816 1443
816 861
817 985
817 1064
817 1231
818 1126
818 1192
818 907
818 1490
818 854
819 983
821 1179
821 1350
821 1527
822 1437
823 1513
823 1330
824 1387
824 1030
825 868
825 1192
825 1300
825 950
825 1335
826 1426
826 1323
827 868
827 938
827 1391
827 1302
827 1272
828 1368
828 1044
828 942
829 1444
829 1327
829 1487
829 1086
830 1305
830 910
830 1316
830 1239
831 1433
831 1008
831 1591
832 1107
832 1237
833 918
833 1245
833 1342
834 1134
835 1251
835 938
836 864
837 1164
837 1071
838 897
838 1092
838 1285
839 1029
839 1350
839 848
840 1222
840 904
840 1195
841 852
841 1304
841 1309
841 1054
842 1048
842 1530
843 1255
843 1420
843 1166
843 1599
844 1433
844 1523
845 1546
845 1073
845 1529
845 1308
846 1005
846 1423
846 1106
847 945
847 1591
848 1215
848 930
848 1304
848 1416
848 1044
848 1298
848 1402
849 1522
849 934
849 1047
850 1510
850 1448
851 928
851 1056
851 1570
851 1310
852 1175
852 990
853 1407
853 873
853 1364
853 1174
854 1264
854 1049
854 1181
855 1433
855 1160
855 1407
856 1583
856 1330
856 1049
856 1500
857 1588
858 1156
859 1389
860 1292
861 962
861 1043
862 1031
862 1392
862 1081
863 1201
863 1558
863 889
864 1509
864 1031
864 1106
864 1591
864 1596
865 1096
865 1545
865 1588
867 930
867 914
868 1571
869 1319
869 1583
869 1491
869 986
870 1524
870 991
871 1477
871 1453
871 1467
872 1448
873 928
874 1312
874 1433
875 1113
875 1511
875 1389
875 925
875 957
875 1366
875 922
876 1317
876 966
876 1414
876 1575
876 1355
876 1404
876 1084
876 1182
877 1570
878 1364
879 1133
879 917
879 1466
880 1152
880 1032
880 1416
880 1336
881 1562
881 942
881 975
882 962
882 1219
882 1189
883 963
883 1574
883 1030
883 1007
883 1330
884 1290
884 1399
884 1245
884 1014
885 1313
885 1106
886 1577
886 1052
887 1278
888 906
888 1256
888 1085
889 1166
889 1365
889 1565
890 1220
890 1226
890 1266
891 1034
891 1380
891 1566
892 1542
892 944
892 1232
893 1555
893 1226
894 1286
895 1519
896 1065
896 1004
896 1428
897 1072
897 1373
898 1454
898 1168
898 1369
899 1578
899 1179
900 1379
901 935
901 1000
901 1549
901 1105
901 1394
901 1339
902 1146
903 990
903 1558
904 1473
904 971
904 1486
904 1405
905 1095
906 1571
906 1516
906 1139
906 983
906 1086
907 1242
907 1505
908 1297
908 994
909 1025
909 1413
909 1193
909 1371
909 1115
911 1475
911 1197
911 1031
912 1135
912 918
913 1164
913 1206
914 933
914 1127
914 969
915 928
915 1311
915 1268
915 1428
915 1247
916 1349
916 1414
916 972
916 1366
916 1439
917 1504
918 1289
918 1294
918 1328
918 953
918 1023
918 1597
919 954
919 1093
919 1551
920 1032
920 1582
921 1524
922 1029
922 1170
922 1332
923 1370
923 1551
924 1067
924 1240
924 1023
925 1578
925 1140
925 1053
927 1324
927 999
928 1445
928 1550
928 1051
929 953
930 1478
930 949
930 1558
930 1021
931 994
931 1418
931 1134
931 1136
931 1231
932 963
933 1474
933 1223
934 1508
934 1287
934 1371
935 1421
935 1442
936 1148
937 1152
937 971
938 1025
939 1444
940 1499
940 1181
941 1180
942 1002
942 1295
943 995
944 1217
944 1380
944 1201
944 1087
945 1032
945 1114
946 1526
946 1286
947 1167
947 1041
947 1467
948 1253
949 1509
949 1451
949 1333
951 1226
951 1086
951 1495
952 1219
952 1229
952 1478
953 1053
954 1301
955 1089
955 1446
955 1162
955 987
956 964
956 1092
956 1163
957 1096
957 1489
958 1506
958 1596
958 1486
959 1505
959 1128
959 1172
960 1434
961 1569
961 1483
961 1550
961 1145
962 1263
962 1458
963 1508
963 1419
963 1338
963 1502
964 1226
964 1331
965 1072
965 1085
966 1543
966 978
966 1395
966 1523
967 1599
967 1062
969 1062
969 1542
970 1158
970 1200
970 1426
971 1344
971 1095
972 1272
973 1563
973 1356
974 997
974 1001
975 1220
976 1445
976 1546
976 1136
976 1139
977 1248
977 1274
977 1570
979 1480
980 1542
980 1420
981 1163
981 1388
981 1165
981 1205
982 1380
982 1228
983 1198
983 1199
983 1373
983 1245
984 1353
984 995
986 1126
986 1161
986 1361
987 1342
989 1574
989 1145
989 1467
990 1273
990 1306
991 1433
991 1286
992 1379
992 1029
992 1037
992 1275
993 1209
993 1079
994 1315
994 1549
994 1518
995 1261
996 1207
996 1591
997 1312
997 1348
997 1037
998 1080
999 1145
1000 1488
1001 1422
1002 1235
1002 1491
1002 1435
1002 1246
1003 1593
1003 1463
1004 1117
1005 1303
1006 1152
1006 1184
1007 1529
1007 1438
1008 1509
1008 1396
1009 1456
1009 1557
1010 1462
1010 1210
1011 1248
1012 1579
1013 1445
1014 1584
1014 1049
1015 1102
1015 1427
1016 1584
1016 1558
1017 1094
1018 1525
1018 1084
1019 1387
1020 1233
1021 1568
1021 1314
1022 1572
1022 1340
1023 1203
1023 1455
1024 1354
1024 1462
1025 1508
1026 1565
1026 1190
1027 1537
1027 1461
1027 1559
1028 1111
1029 1366
1030 1248
1031 1402
1031 1343
1033 1426
1034 1447
1035 1332
1035 1453
1036 1490
1037 1065
1037 1548
1038 1535
1039 1545
1039 1107
1039 1467
1039 1210
1039 1179
1040 1384
1041 1284
1042 1231
1043 1280
1043 1483
1043 1106
1046 1239
1046 1567
1047 1420
1047 1226
1048 1464
1050 1481
1051 1057
1051 1499
1052 1123
1052 1092
1052 1383
1052 1164
1052 1484
1052 1370
1054 1347
1054 1486
1054 1434
1055 1582
1055 1168
1055 1329
1055 1496
1055 1181
1056 1469
1057 1253
1058 1426
1060 1089
1060 1331
1060 1492
1060 1116
1060 1086
1061 1388
1061 1356
1061 1462
1062 1456
1062 1205
1063 1542
1063 1201
1064 1206
1064 1214
1065 1139
1066 1281
1066 1565
1066 1303
1067 1196
1067 1335
1067 1528
1067 1082
1068 1451
1068 1500
1068 1254
1068 1524
1069 1560
1069 1535
1070 1106
1071 1516
1072 1379
1072 1512
1072 1165
1073 1207
1074 1513
1074 1334
1075 1136
1075 1181
1075 1453
1076 1380
1076 1124
1076 1421
1078 1421
1079 1473
1079 1352
1080 1090
1080 1400
1081 1176
1082 1321
1082 1291
1082 1299
1082 1212
1084 1130
1084 1546
1084 1463
1085 1100
1085 1227
1085 1245
1086 1088
1086 1431
1088 1154
1088 1286
1088 1201
1089 1331
1089 1492
1090 1093
1090 1195
1090 1483
1090 1175
1091 1230
1091 1172
1091 1243
1092 1251
1092 1255
1092 1350
1092 1448
1092 1362
1093 1251
1093 1275
1094 1555
1094 1275
1095 1521
1097 1386
1097 1411
1098 1320
1098 1449
1098 1456
1098 1113
1098 1309
1099 1445
1099 1212
1099 1598
1101 1454
1101 1562
1101 1434
1101 1277
1101 1118
1102 1335
1102 1406
1103 1152
1103 1381
1103 1598
1104 1145
1104 1293
1105 1228
1105 1463
1107 1411
1107 1416
1107 1164
1109 1494
1110 1190
1112 1440
1112 1149
1112 1205
1113 1475
1113 1323
1113 1200
1114 1523
1114 1403
1115 1531
1116 1258
1116 1277
1117 1152
1118 1212
1118 1439
1119 1298
1119 1270
1119 1374
1120 1569
1120 1462
1121 1416
1122 1466
1123 1571
1123 1515
1123 1487
1123 1522
1124 1261
1125 1169
1125 1249
1126 1285
1126 1191
1126 1352
1126 1145
1127 1550
1127 1306
1128 1417
1129 1288
1129 1137
1130 1432
1130 1444
1130 1323
1130 1466
1130 1144
1130 1338
1132 1296
1132 1459
1133 1233
1133 1589
1134 1246
1135 1435
1135 1446
1136 1418
1136 1494
1136 1564
1137 1317
1137 1356
1137 1564
1138 1486
1139 1161
1139 1586
1139 1213
1140 1229
1140 1261
1141 1312
1141 1552
1141 1376
1142 1159
1143 1385
1143 1435
1144 1158
1144 1287
1144 1417
1144 1589
1144 1561
1146 1519
1146 1334
1146 1277
1148 1378
1148 1442
1148 1463
1150 1514
1150 1259
1151 1540
1151 1484
1151 1564
1152 1574
1152 1194
1152 1164
1153 1254
1153 1574
1154 1438
1155 1476
1156 1160
1156 1403
1157 1342
1158 1185
1158 1247
1160 1413
1160 1496
1161 1256
1161 1330
1162 1453
1164 1407
1166 1522
1167 1550
1168 1371
1169 1409
1170 1268
1171 1247
1171 1284
1172 1221
1172 1417
1173 1268
1173 1503
1175 1483
1175 1198
1175 1423
1176 1281
1176 1573
1176 1585
1176 1208
1176 1243
1176 1500
1176 1311
1177 1347
1178 1418
1178 1271
1179 1477
1179 1257
1180 1461
1180 1213
1181 1570
1184 1219
1184 1257
1184 1233
1185 1591
1186 1394
1186 1465
1187 1505
1187 1467
1189 1350
1189 1581
1190 1283
1191 1389
1191 1263
1192 1352
1192 1469
1193 1483
1193 1588
1194 1454
1195 1222
1195 1240
1196 1541
1196 1242
1198 1199
1198 1468
1199 1261
1199 1581
1199 1269
1200 1376
1200 1579
1200 1203
1201 1301
1201 1270
1201 1239
1202 1435
1202 1286
1203 1502
1203 1542
1203 1416
1203 1529
1203 1558
1203 1207
1203 1242
1203 1367
1205 1305
1205 1206
1206 1351
1207 1219
1208 1295
1208 1395
1209 1582
1210 1449
1210 1327
1210 1424
1210 1498
1210 1307
1211 1349
1211 1599
1212 1506
1212 1379
1212 1291
1213 1304
1214 1250
1214 1434
1215 1583
1215 1296
1216 1529
1218 1448
1218 1474
1220 1249
1220 1511
1220 1528
1221 1479
1221 1439
1222 1385
1222 1424
1223 1292
1225 1261
1226 1401
1227 1305
1229 1348
1230 1477
1230 1324
1233 1452
1233 1294
1233 1267
1233 1273
1234 1296
1234 1479
1235 1394
1236 1353
1237 1344
1237 1338
1237 1376
1240 1578
1240 1551
1240 1303
1241 1307
1242 1481
1243 1349
1243 1401
1243 1296
1243 1425
1243 1525
1244 1567
1244 1310
1244 1454
1245 1400
1247 1360
1247 1497
1248 1371
1249 1427
1251 1349
1251 1417
1253 1519
1253 1593
1255 1381
1256 1450
1259 1438
1260 1308
1261 1302
1262 1379
1263 1444
1264 1286
1264 1288
1266 1408
1266 1411
1267 1569
1267 1574
1269 1389
1269 1357
1270 1425
1270 1592
1270 1373
1271 1583
1271 1497
1271 1532
1272 1367
1273 1294
1275 1423
1275 1493
1275 1529
1276 1539
1276 1415
1276 1517
1276 1424
1277 1300
1280 1341
1280 1486
1280 1533
1281 1349
1281 1289
1281 1566
1282 1291
1282 1455
1283 1518
1283 1523
1284 1505
1284 1598
1284 1471
1285 1361
1287 1441
1287 1553
1288 1427
1290 1378
1290 1303
1291 1463
1292 1557
1294 1413
1295 1533
1295 1318
1295 1567
1299 1400
1302 1378
1302 1550
1303 1346
1305 1313
1306 1583
1307 1338
1308 1505
1308 1542
1309 1434
1310 1338
1312 1505
1312 1550
1313 1541
1314 1333
1315 1512
1316 1476
1317 1441
1317 1417
1319 1523
1320 1449
1322 1450
1322 1481
1325 1537
1325 1551
1327 1527
1328 1552
1330 1451
1330 1587
1331 1443
1331 1471
1333 1344
1333 1589
1334 1548
1335 1380
1335 1350
1335 1593
1336 1536
1337 1482
1338 1349
1338 1490
1339 1448
1340 1419
1342 1570
1342 1553
1343 1513
1345 1561
1345 1363
1347 1445
1348 1487
1349 1523
1349 1598
1350 1504
1350 1380
1351 1466
1354 1572
1359 1555
1360 1407
1361 1484
1362 1593
1363 1436
1365 1392
1365 1453
1365 1534
1366 1491
1367 1458
1367 1401
1368 1379
1368 1518
1368 1469
1372 1376
1374 1487
1375 1456
1377 1480
1378 1506
1379 1476
1384 1538
1384 1589
1387 1567
1389 1395
1394 1401
1395 1495
1397 1458
1397 1462
1398 1461
1400 1455
1401 1472
1401 1423
1403 1454
1404 1472
1404 1415
1404 1419
1405 1425
1407 1571
1408 1590
1408 1592
1409 1412
1409 1547
1412 1514
1412 1500
1412 1578
1413 1515
1413 1494
1413 1470
1414 1468
1414 1556
1417 1574
1421 1442
1423 1486
1423 1598
1425 1548
1430 1470
1433 1531
1436 1556
1436 1567
1437 1447
1440 1543
1441 1482
1442 1558
1442 1529
1443 1456
1446 1468
1448 1465
1449 1492
1453 1479
1453 1564
1456 1545
1459 1562
1459 1598
1461 1545
1461 1464
1462 1553
1466 1531
1469 1478
1469 1522
1470 1484
1470 1583
1475 1599
1476 1588
1477 1588
1480 1511
1480 1552
1485 1590
1487 1559
1495 1579
1497 1516
1504 1566
1505 1521
1505 1594
1506 1526
1507 1570
1507 1518
1508 1586
1510 1547
1514 1534
1515 1545
1517 1580
1520 1528
1521 1562
1528 1587
1535 1563
1537 1581
1544 1560
1545 1569
1545 1588
1572 1587
1596 1599
