1600 4800
0 32
0 1349
0 1255
0 809
0 1130
0 500
0 1301
0 891
1 768
1 1255
1 840
1 1003
1 662
1 1209
1 1533
2 835
2 933
2 1544
2 142
2 532
2 344
3 1285
3 776
3 233
3 1098
3 1322
3 762
3 1372
4 578
4 68
4 491
4 784
4 245
4 159
5 1444
5 963
5 1348
5 694
5 351
6 680
6 41
6 1200
7 1507
7 708
7 1541
7 1068
7 730
7 1340
7 1438
8 577
8 454
8 201
8 628
8 1529
8 378
8 414
9 128
9 454
9 364
9 625
9 828
9 1343
10 1153
10 106
10 1578
10 1526
11 138
11 1579
11 653
11 1070
11 15
11 1231
11 1518
11 468
11 1207
11 1406
12 394
12 208
12 1080
12 505
12 1053
12 1502
12 1535
13 177
13 1189
14 704
14 643
14 873
14 1165
14 1237
14 921
14 1146
14 1179
15 930
15 747
15 1005
15 557
15 16
15 1205
16 262
16 74
16 1514
16 951
16 1211
16 1407
17 328
17 929
17 485
18 490
18 835
18 268
18 845
18 1175
19 737
19 432
19 49
19 530
19 919
19 52
19 1168
19 630
19 183
19 1266
19 314
20 473
20 1069
20 1462
21 320
21 1000
21 1140
21 323
21 44
22 1016
22 122
22 83
22 179
22 574
23 290
24 1189
24 943
24 688
24 1459
24 217
24 1597
24 1406
25 866
25 774
25 839
25 296
25 1002
25 208
25 791
25 249
25 990
26 1576
26 681
26 842
26 1265
26 311
26 247
27 1241
27 163
27 333
28 1412
28 870
28 1451
28 1167
28 818
28 1237
28 886
28 1085
29 1425
29 899
30 129
30 780
30 1237
30 1254
31 1032
31 979
31 892
31 269
32 224
32 451
32 1576
32 1003
32 1517
32 110
32 498
32 149
33 34
33 47
33 624
33 116
33 1428
33 1401
34 858
34 1257
34 141
34 958
35 1504
35 553
35 1046
35 1393
36 1351
36 327
36 1450
36 274
36 1106
36 408
36 61
37 65
37 1511
37 1560
37 913
37 1074
37 1366
37 1144
37 1018
38 1090
38 806
38 523
38 506
38 1173
38 86
38 282
39 272
39 1355
39 1157
39 1327
40 1064
40 1537
40 373
41 1408
41 70
41 1400
41 1593
41 799
42 1447
42 239
42 1553
42 531
42 1235
42 1462
42 247
43 1272
43 1027
43 100
43 103
43 872
43 1481
43 1163
43 786
43 884
43 472
44 488
44 1099
44 861
44 1434
44 1149
45 671
45 289
45 439
45 151
46 766
47 1281
47 579
47 621
47 627
47 118
47 1367
48 288
48 706
48 1384
48 905
48 427
48 781
48 1363
48 1491
48 58
48 794
48 734
49 130
49 813
49 1109
49 317
49 605
49 1342
49 1535
50 449
50 881
51 1091
51 419
51 742
51 1194
51 1071
51 411
52 1121
52 1511
52 232
52 1136
52 1403
52 1432
52 281
52 763
53 482
53 299
53 269
53 718
53 1141
53 1301
53 508
53 1469
54 362
54 1325
54 372
54 1045
54 894
55 385
55 643
55 389
55 743
55 551
55 1489
56 641
56 1283
56 1136
56 1172
56 888
56 537
56 862
57 391
57 1482
57 205
57 434
57 306
57 1593
57 1530
57 1211
57 574
58 642
58 995
58 948
58 500
58 127
59 1458
59 1204
59 1051
59 660
60 69
60 135
60 1104
60 758
60 345
60 154
61 124
61 667
61 467
61 408
62 1120
62 1169
62 1560
63 226
63 739
63 546
63 273
63 852
63 378
64 128
64 601
64 131
64 1368
65 658
65 149
65 311
65 185
65 1019
65 764
65 799
66 385
66 1543
66 71
66 246
66 631
66 510
67 1344
67 577
67 1217
67 661
68 483
68 1317
68 1258
68 493
68 1043
68 309
69 1396
69 1301
69 1231
70 547
70 875
70 524
70 567
70 571
70 1502
71 769
71 1481
71 1302
71 1020
71 190
71 767
72 833
72 961
72 102
72 141
72 1424
72 1043
73 640
73 1569
73 995
73 358
73 1128
73 714
73 593
73 305
73 1277
74 193
74 1346
74 265
74 1129
75 656
75 387
75 1196
75 510
75 1471
76 648
76 1028
76 1573
76 728
77 736
77 323
77 1157
77 1317
77 1477
77 842
77 875
77 269
77 817
77 1527
77 856
77 380
78 357
78 1415
78 1586
78 1236
78 892
78 1406
79 953
79 794
79 533
79 151
80 360
80 426
80 202
80 1518
80 175
80 1427
80 981
80 1494
80 280
80 794
81 390
81 903
81 999
81 1064
81 780
81 112
81 657
81 1328
81 701
82 480
82 832
82 718
82 657
82 276
82 504
82 1500
82 862
83 960
83 934
83 104
83 904
83 185
83 218
83 860
83 1471
84 1414
84 752
84 1589
84 920
84 603
84 1247
85 389
85 1510
85 391
85 174
85 1012
85 501
85 1430
85 1149
85 446
86 849
86 1443
86 182
86 575
87 482
87 390
87 486
87 168
87 1098
87 1149
88 1329
88 1463
88 189
88 991
89 1328
89 698
89 196
89 1349
89 1374
90 644
90 360
90 1259
90 1323
90 1455
90 1072
90 626
90 407
90 734
90 1023
91 1235
91 109
91 838
91 1302
92 1285
92 750
92 466
92 437
92 374
92 1273
92 314
92 1245
93 1559
94 730
94 1315
94 997
95 187
95 670
96 664
96 1107
96 1006
96 559
97 1253
97 1383
97 968
97 458
97 1461
97 1208
97 701
98 421
98 599
98 519
98 613
98 1591
98 343
98 565
98 503
98 1532
98 414
99 1249
99 514
99 908
99 1133
99 781
99 855
100 815
100 112
100 593
100 1009
100 1559
101 1233
101 1037
101 1478
101 966
101 894
102 681
102 556
102 833
102 1192
103 283
103 578
103 653
104 976
104 1041
105 1416
105 1249
105 1042
105 1005
106 807
106 139
106 940
106 1388
106 911
106 821
106 188
107 865
107 580
107 262
107 967
107 265
107 364
107 300
107 1326
107 1599
107 1040
107 695
107 795
107 253
107 1439
108 1138
108 1405
109 120
109 1196
109 419
109 983
110 645
110 1126
110 1513
110 523
110 1236
110 1396
110 766
111 121
111 1093
111 938
111 143
111 1269
111 601
111 1182
112 730
112 1387
113 736
113 544
113 384
113 264
113 559
113 943
113 408
113 1178
114 1450
114 717
114 1262
114 1136
114 1142
114 727
114 442
115 868
115 772
115 1069
115 303
115 1491
115 890
115 1435
116 547
116 806
116 1353
116 1235
116 444
116 699
116 1020
117 1216
117 513
117 1090
117 612
117 389
117 1255
117 1512
117 158
118 1075
118 524
118 823
118 974
119 1121
119 743
119 171
119 1296
119 187
119 734
120 487
120 135
120 656
120 529
120 957
121 677
121 904
121 393
121 1323
121 428
121 913
121 1247
122 1282
122 167
122 1545
122 1450
122 463
122 1233
122 415
123 432
123 584
123 657
123 483
123 1527
124 651
124 466
124 562
124 1596
124 411
124 1244
124 286
125 1336
125 619
125 1229
125 222
125 1527
126 641
126 1578
126 1548
126 1230
126 464
126 1183
127 972
127 1456
127 149
127 1046
127 376
127 1535
128 770
128 134
128 967
128 1546
128 762
128 191
129 882
129 259
129 564
129 719
130 581
130 1318
130 200
130 1224
130 1235
131 1376
131 1474
131 1192
131 494
131 1403
131 379
131 1119
132 1576
132 1011
132 828
132 1270
132 783
133 345
133 1266
133 1087
134 356
134 389
134 1391
134 1585
134 1177
134 1500
134 1021
135 293
135 860
135 1549
135 660
135 1343
136 620
136 1549
136 1105
136 472
136 250
136 603
136 636
137 1413
137 1355
137 397
137 243
137 183
137 410
138 611
138 322
138 1514
138 1311
139 339
139 438
139 1302
140 160
140 1082
140 660
140 1005
140 928
141 552
141 522
141 363
141 1290
141 653
141 629
141 1465
141 1147
141 191
142 1120
142 1028
142 455
142 200
142 813
142 562
142 564
142 955
142 1565
142 991
144 560
144 628
144 1170
144 612
144 1014
145 1057
145 1063
145 203
145 620
145 948
145 1407
146 1318
146 746
146 266
146 717
146 563
146 500
146 1077
146 1148
147 321
147 676
147 1351
147 618
147 204
147 820
148 464
148 566
148 709
148 502
148 585
149 1378
149 907
149 1454
149 1518
149 1461
149 1052
149 1247
150 1488
150 993
150 970
150 1390
151 352
152 608
152 357
152 934
152 1421
152 468
152 470
152 1530
153 1210
153 626
153 1203
153 742
154 198
154 774
154 329
154 563
154 372
154 436
154 890
155 592
155 700
155 1469
155 1448
156 1580
156 1425
156 1076
156 262
156 495
157 457
157 478
158 1347
158 273
158 539
158 1182
158 447
159 1034
159 694
160 962
160 1383
160 370
160 787
160 594
160 956
161 1499
161 313
161 499
161 1379
161 801
162 453
162 165
162 166
162 784
162 1364
162 1559
162 248
163 1412
163 809
163 1401
163 555
163 1357
163 849
163 305
163 1017
163 409
163 957
163 1311
164 700
164 548
164 965
164 902
165 196
165 789
166 533
166 1574
166 503
167 730
167 556
167 1229
168 544
168 545
168 678
168 307
168 632
168 892
169 963
169 1205
170 1252
170 946
170 1267
170 372
170 1303
170 1338
170 956
170 958
171 1328
171 1498
172 881
172 892
172 908
172 478
172 887
173 773
173 813
173 1363
173 214
173 247
173 253
174 1285
174 805
174 828
174 661
175 807
175 1259
175 1329
175 922
175 476
175 957
176 353
176 805
176 901
176 233
176 564
176 731
177 832
177 481
177 578
177 1413
177 1448
177 617
177 363
177 1581
177 1009
177 1276
178 1080
178 994
178 883
178 559
178 351
179 704
179 1268
179 535
179 1500
179 287
180 514
180 1444
180 838
180 583
180 786
180 1527
180 1531
180 1373
181 676
181 1117
181 278
182 1375
182 1170
182 415
183 1444
183 421
183 741
183 970
183 1493
184 210
184 1229
184 678
185 448
185 395
185 1119
186 1127
186 778
186 1196
186 750
186 1041
186 188
186 953
186 636
187 320
187 705
187 548
187 1061
187 551
187 1587
187 888
187 1209
188 1583
188 1170
188 1300
188 1174
188 1021
189 546
189 1092
189 1192
189 366
189 950
189 633
190 1120
190 1474
190 361
190 819
190 950
191 960
191 1513
191 746
191 1327
191 1522
191 595
191 884
191 1242
191 671
192 1170
192 1255
192 1252
192 830
192 863
193 1076
193 1334
194 932
194 1540
194 1544
194 745
194 1322
194 590
195 208
195 1298
195 819
195 653
195 1197
196 547
196 496
196 210
196 1275
196 1279
197 1400
197 1010
197 1132
198 904
198 1260
198 817
198 341
198 1303
198 248
198 697
198 1176
198 1183
199 394
199 794
199 1036
199 1316
200 1349
200 703
201 1510
201 1133
201 1038
201 1586
201 603
202 803
202 931
202 1222
202 1071
202 691
202 1119
203 420
203 423
203 1578
203 620
203 1394
203 765
204 1132
204 880
204 564
204 1331
204 502
204 1272
204 729
204 1308
205 1017
205 1355
205 812
205 573
206 1536
206 707
206 583
206 1000
206 489
206 1231
206 1264
206 1328
206 634
207 1472
207 514
207 538
207 1114
207 1015
208 385
208 587
208 1068
208 304
208 1202
208 947
208 1394
208 981
208 383
209 832
209 1408
209 1543
209 1416
209 947
209 540
210 289
210 1368
210 1320
210 989
211 452
211 749
211 461
211 366
211 1135
211 1171
211 1593
212 578
212 1476
212 1418
212 843
212 301
212 1204
212 214
212 950
212 891
212 540
213 1166
213 838
214 1437
215 963
215 1188
215 966
215 1586
215 1459
215 342
216 1468
216 1357
217 512
217 1202
217 771
217 1237
218 730
218 802
218 1223
218 559
219 801
219 1218
219 935
219 1289
219 717
219 1393
219 274
219 1489
219 927
220 1341
220 692
220 613
220 1367
221 226
221 331
221 1142
221 422
222 1344
222 417
222 1515
222 823
222 1086
222 921
222 698
222 990
223 1060
223 844
223 1490
223 372
223 1494
223 1309
223 734
224 452
224 1130
224 1592
224 1527
224 1496
224 1050
225 891
225 993
225 1426
225 323
226 1089
226 419
226 997
226 1383
226 298
226 1585
226 1086
227 958
227 655
228 312
228 409
228 864
228 230
228 1271
229 986
229 714
229 836
229 1446
230 490
230 1581
230 1552
230 564
230 1206
231 514
231 590
231 238
231 1077
231 406
231 1207
232 777
232 630
233 520
233 1580
233 1043
233 1367
234 690
234 1124
234 965
234 1524
235 352
235 259
235 1050
235 1477
235 392
235 971
235 1006
235 1587
235 1113
235 410
235 924
236 1120
236 329
236 426
236 700
236 804
237 556
237 1293
237 1095
237 887
238 294
238 399
238 561
238 1462
238 375
238 761
238 541
239 1525
239 517
239 381
240 1506
240 1099
240 484
240 693
240 943
241 1282
241 1219
241 263
241 1259
241 268
241 368
241 400
241 720
241 854
241 1114
241 349
242 1439
242 1555
242 684
242 1319
243 1440
243 1027
243 1034
243 523
243 1425
243 311
243 1017
243 926
244 1352
244 906
244 341
244 399
245 545
245 1514
245 300
245 1584
245 633
245 986
246 1152
246 1313
246 1379
246 1495
246 1096
246 362
246 1390
246 271
246 530
246 951
248 357
248 270
248 1198
248 564
248 794
249 1060
249 299
249 972
249 661
249 1147
250 837
250 1068
250 1358
250 593
250 1179
251 400
251 1304
251 1594
251 1355
251 1548
252 1464
252 1338
253 392
253 1451
253 623
253 597
253 1501
253 1279
254 1312
254 582
254 1577
254 1422
254 950
254 1019
255 953
255 1371
255 643
255 356
255 1100
256 1050
256 626
256 731
256 1212
257 1596
257 1581
258 336
258 665
258 1077
258 1577
259 264
259 301
259 1454
259 1360
259 283
260 1058
260 1539
260 1162
260 587
260 497
260 411
261 881
261 1035
261 276
261 1057
262 777
262 715
262 1261
262 1006
262 271
262 692
262 309
262 1174
263 1481
263 1132
263 594
263 754
263 1274
264 1216
264 420
264 1319
264 1401
264 1563
265 1312
265 487
265 1066
265 1357
265 1524
265 1304
265 1531
266 961
266 1026
266 1320
266 1553
266 821
266 1207
266 1528
267 1420
268 777
268 1579
268 275
268 697
268 764
269 1282
269 1061
269 494
269 1326
269 848
269 1521
270 1585
270 1476
271 515
271 1450
271 367
271 732
272 986
272 515
272 740
273 1026
273 902
273 1068
273 333
273 280
273 895
274 1247
274 486
274 1099
274 1328
274 921
274 922
274 1151
274 607
275 1124
275 1544
275 787
275 950
275 955
275 1373
275 735
276 1030
276 933
276 618
276 491
276 1264
277 1473
277 1476
277 363
277 491
277 558
277 1279
278 640
278 1323
278 654
279 1249
279 708
279 581
279 1554
279 697
279 701
279 1081
280 1130
280 561
280 1110
280 1465
280 575
281 674
281 1479
281 1224
281 658
281 1589
282 1186
282 1351
282 1225
282 562
282 435
282 953
283 1253
283 711
283 528
283 1104
283 722
283 1214
283 671
284 354
284 1443
284 1094
285 737
285 612
285 646
285 1304
285 891
285 667
286 704
286 813
286 910
286 1038
286 1264
286 1275
287 1252
288 1513
288 1013
289 838
289 1294
289 429
289 1072
290 928
290 1248
290 867
290 293
290 775
290 1577
290 682
290 723
290 1558
290 892
291 924
291 1035
291 940
291 658
291 982
291 1436
291 1439
292 705
292 455
292 529
292 378
292 1052
292 479
293 617
293 1215
293 1513
294 1591
294 791
294 1461
294 534
295 677
295 1413
295 1389
295 687
295 626
295 1014
295 1527
295 1309
295 1087
296 836
296 1225
296 1290
296 717
296 1520
296 1534
297 516
297 989
298 1280
298 1475
298 969
298 1588
298 732
299 1217
299 409
299 1291
299 787
300 1452
301 800
301 1345
301 1323
301 461
301 1465
301 1566
301 1247
302 448
302 1474
302 1538
302 328
302 458
302 875
302 909
302 1103
302 310
303 1312
303 732
303 455
303 784
303 786
303 1148
304 645
304 554
304 526
304 1466
304 346
304 1533
305 1060
305 1001
305 542
305 1343
306 1569
307 666
307 316
307 1429
307 1167
308 378
308 484
308 1114
309 1220
309 1223
309 428
309 725
309 1278
310 801
310 1221
310 506
310 827
310 1022
311 497
311 1383
312 904
312 957
312 854
313 1294
313 1326
313 1268
313 1047
313 537
313 927
314 1291
314 559
314 336
314 343
314 410
315 1285
315 797
316 1536
316 513
316 1185
316 1349
316 360
316 1396
316 983
316 1498
316 1083
317 1317
317 711
317 524
317 1363
317 1527
317 1595
317 636
318 354
318 332
319 576
319 481
319 1355
319 1273
319 998
320 1141
320 579
320 1428
321 1465
321 595
321 1545
322 393
322 748
322 462
322 1201
322 1206
322 1560
322 1339
322 476
323 1158
323 716
323 686
323 558
323 1488
323 723
324 1589
324 1469
325 1218
325 781
325 1170
325 596
325 1302
325 475
326 1128
326 578
326 1470
327 1272
327 1074
327 923
327 1542
328 642
328 629
328 1375
329 1022
329 1295
330 1217
330 1225
330 748
330 371
330 1044
330 1460
330 1562
330 1213
331 609
331 842
331 1168
331 1012
331 1055
332 1262
332 1475
332 484
332 1381
333 783
333 657
333 434
333 1233
333 1304
333 729
333 985
334 1050
334 372
334 1044
334 551
335 1056
335 977
336 1392
336 985
336 535
337 1218
337 1381
337 487
338 1592
338 1186
338 1292
338 1389
338 342
339 1542
339 747
339 1390
339 591
339 1264
340 880
340 1074
340 1442
340 1285
341 929
341 620
341 814
341 1364
342 450
342 354
342 674
342 706
342 486
342 1539
342 394
342 365
342 1487
342 721
344 417
344 1096
344 944
344 689
344 702
345 1221
345 935
345 617
345 747
345 719
345 815
345 1554
345 1299
345 570
346 1028
346 619
346 372
346 632
346 1149
347 704
347 485
347 645
347 520
347 651
347 1405
348 894
348 373
348 678
349 768
349 954
349 587
349 359
350 1512
350 1536
350 1348
350 599
351 1360
351 1202
351 596
351 1590
351 1439
352 579
352 872
352 434
352 1084
353 1285
353 1222
353 936
353 776
353 1522
353 1174
353 375
353 703
354 1566
354 587
354 1110
354 1375
355 1513
355 538
355 1491
355 580
355 910
356 1410
356 488
356 1520
356 1333
356 958
357 1282
357 1483
357 434
357 1077
358 1588
358 381
358 486
359 1496
359 507
360 450
360 901
360 746
360 842
360 1133
360 686
360 847
360 624
360 403
361 1403
361 902
362 1444
362 1320
362 490
362 882
362 918
362 733
363 1531
363 1455
364 1536
364 525
364 1424
364 408
365 834
365 379
365 756
366 1451
366 1469
366 663
367 1305
367 819
367 1237
367 974
368 773
368 876
368 461
368 758
368 1591
369 473
370 945
370 605
370 1198
370 607
371 566
372 753
372 1041
372 1081
373 898
373 676
373 517
373 1307
373 561
373 819
373 633
373 411
373 829
374 1448
374 460
374 876
374 400
374 436
374 634
374 1431
374 762
374 1086
375 916
375 565
375 1079
375 1144
375 412
375 958
375 543
376 418
376 1545
376 594
376 1337
376 602
376 859
376 1436
376 541
377 1550
377 471
378 1153
378 741
378 935
379 1483
379 1548
379 624
379 1106
379 1557
379 1054
380 1507
380 902
380 618
380 1322
380 1102
380 1054
380 702
381 1544
381 1185
381 691
382 794
382 1446
382 941
382 1278
383 1313
383 1442
383 909
383 436
383 820
383 440
383 1214
383 1279
384 1527
384 745
384 1470
384 639
385 937
386 1346
386 1500
387 864
387 1425
387 518
387 1544
388 864
388 1221
388 870
388 872
388 1168
388 596
388 1301
388 1370
388 1277
389 992
389 1378
389 814
389 817
390 1555
390 561
390 1191
391 1543
391 1102
391 1104
391 662
392 805
392 1063
392 714
392 1041
392 1428
392 1269
392 1181
393 1473
393 547
393 805
393 1413
393 1166
393 1588
393 1590
393 442
393 667
394 1449
394 427
395 601
395 929
395 900
396 1209
396 485
396 487
397 882
397 957
398 1473
398 1291
398 1072
398 735
398 602
398 828
398 894
398 767
399 839
399 713
399 556
399 1499
399 574
400 610
400 1136
400 1590
401 470
402 1249
402 1154
402 1063
402 1363
402 858
402 507
402 1087
403 1010
403 1486
404 920
404 610
404 1549
404 1126
404 983
405 1121
405 1026
405 1095
405 840
405 1129
405 914
405 1459
405 1172
405 472
405 1337
405 1595
406 736
406 1476
406 1039
406 465
406 1363
407 909
408 422
408 1287
408 1545
408 1580
408 1362
408 598
408 731
409 1552
409 1402
409 1533
410 716
410 466
410 956
410 575
411 1057
411 642
411 1308
411 444
412 608
412 1505
413 1590
414 1325
414 656
414 758
414 1501
415 517
415 432
415 947
415 1107
415 1396
415 1303
415 572
416 838
416 774
416 904
416 1578
416 822
416 1368
416 1017
416 666
416 574
417 1185
417 753
417 1233
417 1498
417 1242
418 1582
418 1412
418 1168
418 838
419 546
419 1354
419 683
419 818
419 1330
420 1251
420 1364
420 1175
420 607
421 1344
421 801
421 1226
421 559
421 1429
421 534
421 695
421 1178
421 1564
421 447
422 706
422 1282
422 619
422 461
422 1341
423 771
423 1257
423 1486
423 817
423 1274
423 1214
424 1337
424 682
424 1131
424 1163
424 823
425 481
425 1220
425 723
425 886
425 1496
425 829
426 550
426 1196
426 1458
426 472
427 803
427 989
427 631
428 1029
428 1189
429 583
429 744
429 554
429 653
429 1327
429 688
429 1493
429 1498
430 1075
430 1461
431 1534
431 1374
431 1403
431 1214
432 828
433 1403
433 434
433 539
433 974
434 1160
434 798
434 1397
434 1496
434 796
434 638
435 1048
435 1043
436 1196
436 528
436 1104
436 1267
436 537
436 1081
437 1354
437 508
437 474
437 1110
437 1340
437 505
437 698
438 1353
438 490
438 1130
438 1261
438 1335
438 856
438 1498
439 1550
440 577
440 835
440 995
440 1287
440 624
440 1265
440 543
441 1337
441 1323
441 1593
442 1084
442 1585
443 1233
443 459
443 724
443 1141
444 992
444 836
444 1317
444 1233
446 1232
446 1493
446 754
446 579
447 1414
447 1327
447 1434
447 635
447 1055
448 1152
448 1287
448 473
448 782
448 983
448 698
449 472
449 1067
449 1244
449 1330
450 931
450 589
450 464
450 529
450 500
450 1045
451 663
451 1467
451 1249
451 487
452 1032
452 1301
452 1331
453 768
453 548
453 1449
453 1420
453 953
454 832
454 1449
454 1294
454 975
454 1463
454 954
456 513
456 706
456 802
456 625
457 848
457 995
458 1122
458 679
458 619
458 1324
458 1470
459 961
459 666
459 1069
459 1311
460 560
460 1282
460 900
460 1550
461 1024
461 1312
461 1296
461 1365
462 493
462 1549
462 783
462 1042
462 1298
462 599
462 639
463 763
463 757
464 1597
464 872
464 1363
464 1018
464 1149
464 1183
465 903
465 880
465 1266
465 1077
465 533
466 738
466 554
466 1519
466 1108
466 1593
467 1096
468 1145
468 1306
468 1428
468 823
468 601
468 1146
469 1129
469 1420
469 1453
469 1584
469 922
469 1023
470 1368
470 1452
470 1585
470 762
471 1217
471 1061
471 1386
471 526
471 528
471 660
471 820
472 1197
472 531
473 684
473 1205
474 640
474 676
474 485
474 779
474 717
474 1054
475 1576
475 686
475 721
475 1173
475 508
475 1118
476 1356
476 663
476 633
476 1052
477 552
477 841
477 1322
477 664
477 857
478 1089
478 1045
479 1159
479 1192
479 554
479 499
479 694
480 896
480 1219
480 1542
480 1072
480 1200
480 981
480 921
480 1084
481 794
481 1129
482 1177
482 1275
482 899
483 869
483 1316
483 935
483 617
483 849
483 1118
483 1148
483 1086
484 903
484 1230
484 1038
485 1088
485 1198
485 1039
485 1369
485 572
485 1597
486 610
487 616
487 1320
487 1517
488 932
488 1034
488 1091
489 742
489 1415
489 520
489 713
489 1450
489 1583
489 1367
489 575
490 513
490 1091
490 1318
490 938
490 1044
490 534
490 765
490 927
491 1514
491 1518
491 690
491 1076
491 1406
492 504
492 1001
492 1362
492 1400
492 1486
493 1026
493 1256
493 1458
493 754
494 1281
494 1474
494 944
494 1203
495 913
495 958
495 1527
496 1130
496 1397
496 1311
497 1306
497 815
497 1596
498 928
498 611
498 780
498 1529
498 894
499 1445
499 1555
499 916
499 1013
499 1082
500 555
500 814
500 752
500 1466
501 814
501 1008
501 534
501 1402
501 989
502 1099
502 1134
502 591
502 688
502 979
502 661
502 920
502 1405
503 753
503 794
504 585
504 569
504 645
505 1073
505 1137
505 1530
505 636
505 1597
506 736
506 929
506 1537
506 645
506 1125
506 840
506 1179
506 751
506 1115
506 1310
507 1058
507 834
507 1444
507 1418
507 1517
507 1343
508 514
508 1284
508 1449
508 938
508 1434
508 1372
509 593
509 1483
509 1580
509 1375
509 1343
510 871
510 619
510 887
510 1308
511 608
511 581
512 594
512 838
512 855
513 1548
513 1328
513 1076
513 1559
514 1129
514 1225
514 1358
514 596
515 1181
515 1367
516 840
516 1032
516 1338
516 751
516 1400
516 730
517 897
517 745
517 1262
517 783
518 1225
518 1498
518 1556
519 673
519 1492
520 1184
520 1132
520 716
520 1327
520 1596
521 1393
522 595
522 998
522 1063
523 1473
523 1379
523 1189
523 1096
523 854
524 1122
524 654
524 814
524 1167
524 1521
524 531
524 1403
525 628
525 1430
525 1238
527 1522
527 1147
527 1005
527 862
528 1509
528 753
528 1429
528 1464
529 1298
529 1181
531 1352
531 778
532 1097
532 1058
532 559
533 1432
533 1147
534 964
534 1036
534 912
534 1050
534 1179
534 1437
535 1025
535 771
535 835
535 682
535 1003
535 1241
536 1024
536 741
536 1250
536 573
537 1515
537 1321
538 603
538 1222
538 1078
539 1378
539 1552
539 1169
539 1427
539 1080
539 1273
540 890
540 1599
541 768
542 666
542 635
542 564
542 1062
543 1005
543 659
543 725
544 1124
544 702
545 1528
545 570
545 1243
546 898
546 1599
546 918
546 1080
546 798
547 592
547 720
547 1072
548 1280
548 803
548 1191
548 1591
549 1289
549 1561
550 750
550 1271
551 1030
551 1324
551 1105
551 981
551 1114
552 1513
552 1004
552 1297
552 568
553 1002
553 579
553 1086
554 582
554 1382
554 1321
555 768
555 1414
555 817
555 1298
555 890
555 1470
556 721
556 1084
557 1004
557 654
557 1170
557 1207
557 1560
558 812
558 1117
559 869
559 1294
559 855
559 1115
559 924
559 638
560 1499
560 665
560 1243
560 862
561 1031
561 1414
561 683
561 1582
561 1489
562 1548
562 1556
562 955
562 670
563 1506
563 970
563 1487
563 853
563 895
564 718
564 946
565 1217
565 1170
565 856
565 921
565 1436
566 1001
566 1130
567 801
567 1068
567 1364
568 629
568 589
568 615
569 1472
569 1190
569 1140
569 1436
569 1215
570 1591
570 1575
570 1510
571 1075
571 1284
571 1575
572 1176
572 963
572 1204
573 757
573 1101
573 1526
574 710
574 1422
575 929
577 1542
577 588
577 703
578 1255
578 754
578 1011
578 1373
579 776
579 1224
579 1524
579 1495
579 1214
579 1053
580 1328
580 964
580 726
581 588
581 590
581 1016
581 859
581 1245
582 678
582 1479
582 873
582 1100
582 1460
582 1336
583 1115
583 1558
584 1148
585 1157
585 1031
585 1074
585 765
586 810
586 1588
587 1124
587 684
587 1042
587 1234
587 1554
587 1368
587 1081
588 1569
588 1357
588 816
588 1146
589 1034
589 783
589 1395
589 1594
589 789
589 986
589 794
590 1539
590 888
590 1404
590 1021
591 800
591 1387
591 1079
592 1345
592 740
592 1580
592 1589
593 1253
593 1321
593 1585
593 1140
594 1519
594 1180
595 661
595 1406
595 991
596 779
596 1247
597 1560
597 1071
598 1507
598 612
598 1579
598 1006
598 1454
598 1168
598 1265
599 948
599 1493
599 633
600 1145
600 1371
600 1251
601 1377
601 1033
601 1354
601 1450
601 752
601 1147
602 873
602 623
603 1188
603 621
603 782
603 783
603 1556
604 1284
604 967
604 1210
604 1295
604 755
604 1242
604 1468
604 1405
605 1548
605 1075
605 1527
605 1050
605 1375
606 1256
606 1083
606 1442
606 907
606 653
607 1507
608 1536
608 1511
608 1391
608 958
609 1380
609 1323
609 1070
609 1210
609 794
609 733
610 1219
610 1158
610 1267
610 1333
610 763
611 1075
611 1268
612 1420
612 1421
612 1168
612 1274
613 960
613 1385
613 1045
613 732
613 927
614 1120
614 909
614 1241
614 1371
614 1116
614 1438
615 900
615 1030
615 679
615 1301
615 1053
616 900
616 1318
616 948
616 1206
616 1115
617 696
618 963
618 1067
618 1586
619 905
620 961
621 652
621 1012
622 1208
622 882
622 988
622 757
623 737
623 1587
624 1442
624 1070
624 1332
624 1465
624 862
625 899
625 879
625 775
626 1161
626 942
626 1139
626 1206
626 1119
627 793
627 1201
627 1207
628 726
629 1075
629 671
630 1507
630 743
630 1427
630 829
631 1387
631 783
631 977
631 1306
631 1531
631 796
632 993
632 1057
632 844
632 1549
632 975
633 1251
633 1191
633 1562
633 1563
634 737
634 929
634 867
634 1314
634 683
634 1133
635 1259
635 1486
635 815
635 1552
635 1009
635 1010
635 723
635 888
637 871
638 1318
638 683
638 920
638 862
639 992
639 972
639 1230
639 976
639 663
639 1177
640 1546
641 1410
641 1160
641 1099
641 1334
641 1209
641 703
642 1278
642 1259
644 1509
644 1212
644 732
644 1037
645 1575
645 745
645 1481
645 1546
645 1141
645 823
646 766
647 744
647 1000
647 1163
647 1259
647 1041
647 789
648 976
648 1090
648 1403
648 1260
649 1480
649 1036
649 1485
649 913
649 1521
649 1011
650 1184
650 1552
650 964
651 1337
651 1066
651 1107
652 1240
652 1129
652 1043
652 1189
653 676
653 847
653 1396
653 1464
654 1519
654 791
655 671
656 1578
656 664
656 889
657 1409
657 1505
657 1252
657 1418
658 1522
659 1184
659 834
659 914
659 1208
659 1466
659 1532
660 768
660 1506
660 1221
660 1161
660 907
660 1330
660 1335
661 833
661 779
661 702
662 1479
662 1125
663 1025
663 1335
663 1048
663 1306
664 725
664 666
665 1442
665 1570
665 1525
665 1212
666 1127
666 1037
666 1041
666 1427
666 828
668 1008
669 1158
669 937
669 747
669 846
669 949
669 986
669 763
669 1084
669 1598
670 1057
670 963
670 1188
670 1158
670 1325
670 1039
670 1233
670 1432
671 965
671 1462
672 946
672 1590
672 1471
673 943
673 732
674 803
674 1348
674 948
674 1049
675 1129
675 987
675 1509
675 935
676 1539
676 1382
676 1258
676 688
676 1104
676 1523
676 735
677 1030
677 678
677 1255
677 1548
677 1005
677 728
679 961
679 866
679 1188
679 1423
680 1286
680 1417
680 1486
680 1552
680 853
680 986
680 1597
680 798
681 1093
681 1324
681 1015
681 761
682 1475
682 1572
682 1019
682 1084
683 1122
683 1269
683 856
683 1433
684 996
684 712
684 1462
684 1466
685 781
685 1239
686 1031
686 1489
686 1330
686 1274
686 1243
686 1180
688 1101
688 689
688 1240
689 1123
689 1414
689 1553
689 1300
689 887
689 1018
690 929
690 707
690 1193
690 976
690 817
690 1399
690 985
691 730
691 910
691 785
692 1570
693 1349
693 878
694 1444
694 1544
694 873
694 1267
694 1555
694 725
694 791
695 1145
695 799
696 992
696 1461
696 881
696 743
697 1039
697 1108
697 1398
698 1313
698 1406
698 1059
698 1382
698 1161
698 1484
698 957
699 1028
699 860
699 1356
699 1103
699 1403
699 1212
700 1424
701 1409
701 1439
701 1354
701 1262
701 1500
701 925
701 1182
701 703
702 707
702 1256
702 922
703 937
703 1194
704 1138
704 1140
704 1268
704 1371
704 1461
704 1369
705 988
705 1548
705 743
706 1441
706 1473
706 937
706 1484
706 1558
706 1178
706 1117
707 1597
707 817
707 1237
707 893
708 1096
708 1386
708 949
709 1155
709 823
710 993
710 1122
710 923
711 1442
711 1122
711 742
711 1355
711 1522
711 1496
712 1508
712 1221
712 823
712 1070
712 919
712 890
713 1440
713 993
713 1328
713 735
714 787
714 884
715 1120
715 1320
715 1519
715 1232
715 1077
716 1027
716 1416
716 1391
716 1118
717 864
717 754
717 1181
718 1249
718 1572
718 1037
718 1040
719 1349
719 1069
719 1070
720 1050
720 1159
721 834
721 1062
721 1223
721 1097
721 1180
722 850
722 1370
723 1379
723 1328
723 1305
724 1382
724 1098
724 1579
724 1173
724 1174
725 1061
725 1288
725 1471
725 1165
726 1263
726 1050
726 1437
726 1311
727 1540
727 1468
727 869
727 1286
728 1591
728 758
728 1383
729 1409
729 1349
729 1490
729 791
729 988
730 1343
730 938
730 1386
730 815
730 1588
730 895
731 1187
732 1315
732 1258
732 1137
732 787
732 891
733 738
733 740
733 1388
733 1042
734 1252
734 999
734 1324
734 920
735 1154
735 835
735 1162
735 1112
735 830
736 1112
737 1446
737 1390
737 944
737 1428
737 924
738 1329
738 1068
739 1155
739 1092
739 1031
739 776
739 1535
739 1523
740 1187
740 1134
740 1390
740 882
740 1210
740 1052
740 1086
741 1570
741 838
741 1415
741 1033
741 851
741 795
742 832
742 1316
742 1585
742 885
742 1049
743 1123
743 1333
743 1211
744 1533
744 1108
744 1551
745 1093
745 1296
746 1201
746 954
746 894
747 1575
747 909
747 1040
747 1214
748 1417
748 1309
748 933
749 1289
749 866
749 828
749 870
750 1546
750 951
751 974
751 1247
753 1355
754 1427
755 1304
755 1428
755 790
755 1508
756 842
756 1044
756 951
757 779
757 1388
757 1434
758 1140
758 759
759 889
759 1186
759 1227
759 1253
760 904
760 1453
760 1310
760 1110
760 895
761 1282
761 1403
761 1047
762 1376
762 1392
762 1460
762 889
762 1146
763 1279
764 1058
765 1203
765 852
765 1430
765 825
765 859
765 990
766 1308
767 868
767 1352
767 854
767 1401
768 848
768 1436
768 1374
769 1361
769 891
769 916
769 1349
770 1505
770 1088
770 796
770 912
771 1175
771 1497
772 1520
772 1495
773 1562
773 848
774 961
774 874
774 1080
774 1500
774 1087
775 1003
775 869
775 1277
776 1325
776 788
777 1010
777 1582
778 1274
778 1405
779 815
780 1207
780 1170
781 1315
781 1262
781 1077
782 1043
782 1019
783 1463
783 1569
783 1001
783 906
783 1389
784 970
784 813
784 1048
784 1594
784 795
785 928
785 1553
785 1307
785 1120
786 1237
786 1550
787 878
787 1391
787 1016
788 991
788 799
789 846
790 1084
790 1246
790 1135
791 1251
791 1317
791 1256
792 912
792 1501
792 1520
792 1053
792 936
793 1579
793 884
793 1451
794 1451
794 1550
794 1012
795 1328
795 1392
795 1395
795 1143
795 1303
796 1378
796 836
796 1162
796 975
796 1201
797 1530
797 1396
797 1351
798 1570
798 1593
798 1535
799 1508
799 1130
799 1483
799 972
799 1453
799 1175
800 1281
800 1346
800 1541
800 1446
800 1190
801 898
801 1508
801 1422
801 1337
802 1316
802 1166
802 1135
802 976
802 914
803 1588
803 958
804 1253
804 1026
804 1476
804 805
805 836
805 908
806 1476
806 1078
806 1430
806 982
807 877
807 829
808 888
808 1171
809 995
809 1350
809 1223
809 1447
809 829
810 960
810 1572
810 966
810 1257
810 817
810 886
810 895
811 1466
811 1362
811 1347
812 876
812 1524
813 823
814 1093
814 958
815 964
815 1484
816 1267
816 1517
816 1551
816 1143
817 1179
818 980
818 1488
818 1143
819 1098
819 1359
819 1395
819 1213
820 1165
820 1392
820 1524
821 1514
821 1133
821 1304
821 1369
821 1274
822 1178
822 1435
822 1077
823 960
823 865
823 1056
823 1225
823 1296
823 1235
823 1401
823 1246
824 1355
824 1031
826 1548
827 1096
828 1060
828 971
828 1584
828 886
829 1058
829 1357
830 1505
830 1058
830 844
830 1104
830 1426
830 1490
830 858
830 1310
831 1122
831 1067
831 917
832 1565
833 1315
833 965
833 837
833 971
833 948
833 1598
835 1534
835 1352
835 1182
836 1578
836 948
837 1363
837 989
837 1359
838 971
838 1133
838 1371
838 1077
839 1105
840 1176
841 1345
841 1283
841 998
841 1481
841 1230
841 920
842 873
842 1129
842 1192
843 1063
844 1222
844 1521
844 922
844 1275
845 1179
846 1086
846 1302
848 1573
848 1428
848 1365
848 1341
849 900
849 1546
849 1047
849 855
850 1164
851 1345
851 1035
851 966
852 1568
852 1387
852 1268
853 1122
853 1495
854 1001
854 1106
854 1364
855 1092
857 1304
857 1397
858 1153
858 1538
858 1095
858 905
858 984
859 1152
859 1000
859 1102
860 1081
860 1129
861 1505
861 1562
861 1515
862 1449
862 1103
862 1459
862 920
862 1533
863 954
863 1270
864 997
864 1509
864 936
864 1001
864 1492
865 1360
865 981
866 929
866 894
867 1242
867 1201
867 1298
867 1373
869 877
870 1316
870 1042
870 1397
870 1436
870 1564
871 1057
872 1199
872 1148
873 1018
873 1540
873 1001
873 1161
873 1077
873 1019
873 1276
873 1119
874 1439
874 983
874 923
874 887
876 1248
876 1190
876 1306
877 1324
877 1167
877 1103
877 1137
877 920
877 1371
879 1370
879 1092
879 1263
880 1478
881 1382
881 1318
881 1404
882 1488
882 1592
882 1087
883 1281
883 1154
883 1002
883 1049
883 1500
883 1468
884 1479
884 1052
885 1359
885 1119
887 1480
888 1378
888 965
888 973
888 1207
888 1209
889 1016
890 1537
890 905
890 1170
890 1530
890 1109
890 1400
891 969
891 958
894 1034
895 1265
896 1599
897 1241
897 915
897 1311
898 1308
899 1346
899 1048
899 1593
899 1306
900 936
901 1511
901 1225
901 949
901 1438
902 1094
902 1099
902 1112
902 1438
903 993
903 1164
903 1362
903 1406
904 1376
904 1293
905 1152
905 1333
906 1540
906 1035
906 1101
906 1166
906 1200
906 1336
906 1054
907 1226
907 1543
908 1317
908 1452
909 976
909 1050
910 935
911 1345
911 1387
911 1322
911 1359
912 1101
912 1134
912 1215
913 1128
913 1270
913 1403
913 1566
914 1254
915 1598
915 1356
915 1206
916 1170
916 943
917 1199
917 1231
918 1249
918 1159
919 1338
919 1525
919 1208
920 1315
920 1060
920 966
920 1141
920 1590
921 1201
922 1032
922 1045
923 1027
923 1347
923 1033
923 1169
923 946
923 1374
924 944
924 1272
925 1175
925 1225
925 1424
925 959
926 1339
926 1250
927 1154
927 1007
927 1492
927 1311
928 964
928 1119
929 1438
929 1497
929 1397
929 1465
929 1150
930 1242
930 1163
930 1220
931 1540
932 1316
932 937
932 942
932 1110
933 1439
934 1516
935 1084
936 1289
936 972
937 1279
937 968
937 1293
937 1489
938 1480
938 1358
938 1564
939 1360
939 990
939 1047
940 977
940 1001
941 1392
941 1564
942 1390
943 1452
944 1048
945 1063
946 1133
947 1076
947 1240
949 1498
950 1219
950 1202
951 1217
951 1545
951 1054
952 1463
953 1410
953 1188
953 1135
954 1547
954 1423
954 1432
955 1249
955 1191
955 1425
955 1330
955 1269
956 1565
956 1574
958 1199
959 1176
959 1172
959 1335
960 1488
961 1483
961 1015
961 1531
962 1546
962 1196
962 1389
963 1289
963 1144
963 1113
963 1468
964 995
964 1359
966 1389
966 975
966 1488
966 1529
967 1036
967 1266
967 1011
967 1404
968 992
968 1130
968 1545
968 979
969 1441
970 1064
970 1307
971 1161
972 1287
974 1592
977 1099
977 1229
977 1100
978 1105
978 1177
978 1147
978 1399
978 1351
979 1065
979 1394
980 1026
980 1250
980 1284
980 1314
980 1311
981 1381
983 1282
983 1174
983 1083
984 1509
984 1335
984 1327
985 1179
986 1056
986 1157
986 1128
986 1193
986 1579
987 1587
987 1549
987 1542
987 1558
988 1441
988 1578
988 1053
989 1498
990 1357
990 1270
991 999
991 1550
992 1511
992 1096
992 1587
993 1247
993 1246
993 1240
994 1156
994 1246
995 1094
996 1550
997 1020
997 1454
997 1587
997 1180
997 1117
998 1024
999 1478
999 1394
999 1337
1000 1431
1001 1591
1001 1190
1001 1518
1001 1490
1001 1076
1001 1338
1002 1487
1002 1071
1003 1481
1004 1573
1004 1586
1004 1011
1005 1493
1005 1498
1006 1222
1006 1111
1006 1369
1007 1412
1007 1586
1007 1316
1008 1523
1009 1379
1009 1429
1009 1215
1011 1324
1012 1475
1013 1450
1014 1426
1014 1316
1014 1334
1015 1064
1015 1329
1015 1496
1015 1338
1015 1596
1016 1143
1016 1467
1017 1419
1017 1292
1017 1359
1017 1533
1018 1504
1018 1477
1019 1259
1019 1456
1019 1105
1019 1179
1020 1427
1021 1418
1022 1060
1022 1383
1023 1521
1023 1122
1024 1091
1024 1234
1024 1242
1024 1244
1026 1523
1027 1334
1028 1155
1028 1562
1028 1492
1029 1065
1029 1513
1029 1081
1030 1539
1032 1571
1032 1552
1032 1467
1033 1124
1033 1390
1034 1170
1034 1182
1035 1139
1035 1175
1037 1089
1037 1444
1038 1342
1038 1187
1038 1507
1038 1073
1038 1245
1039 1569
1039 1225
1039 1242
1039 1403
1040 1191
1040 1388
1040 1371
1041 1463
1041 1123
1041 1044
1043 1067
1043 1526
1043 1529
1044 1224
1044 1362
1045 1353
1045 1300
1045 1399
1046 1480
1046 1321
1046 1292
1047 1465
1048 1234
1049 1189
1049 1599
1050 1067
1050 1079
1050 1209
1052 1348
1053 1144
1054 1369
1055 1161
1055 1557
1055 1257
1056 1577
1056 1526
1058 1447
1058 1578
1058 1556
1060 1475
1060 1267
1060 1302
1060 1469
1061 1078
1061 1401
1062 1312
1062 1193
1063 1160
1064 1171
1065 1269
1067 1155
1069 1492
1070 1230
1070 1364
1070 1333
1070 1429
1071 1243
1072 1341
1073 1464
1074 1388
1074 1366
1075 1283
1077 1563
1078 1475
1079 1221
1079 1157
1079 1202
1079 1401
1080 1388
1080 1180
1081 1351
1082 1568
1082 1474
1082 1301
1083 1551
1084 1440
1084 1533
1084 1416
1085 1124
1085 1485
1085 1092
1087 1378
1087 1220
1087 1191
1087 1264
1087 1115
1088 1536
1088 1186
1088 1333
1088 1239
1089 1513
1091 1486
1092 1185
1092 1531
1092 1311
1094 1585
1094 1372
1094 1591
1095 1152
1095 1421
1096 1408
1096 1197
1096 1361
1096 1556
1097 1250
1097 1225
1098 1210
1099 1355
1100 1512
1100 1548
1100 1565
1100 1470
1101 1290
1101 1399
1102 1458
1103 1580
1103 1552
1104 1534
1105 1516
1107 1320
1109 1473
1109 1383
1111 1193
1111 1389
1111 1341
1113 1318
1114 1442
1115 1185
1115 1256
1115 1352
1116 1536
1116 1525
1116 1165
1117 1507
1117 1234
1118 1314
1118 1238
1118 1502
1119 1177
1119 1333
1119 1400
1119 1178
1120 1541
1120 1261
1121 1347
1121 1263
1122 1168
1122 1234
1122 1277
1124 1387
1125 1578
1126 1377
1127 1278
1129 1227
1129 1514
1132 1567
1133 1267
1133 1497
1134 1412
1134 1574
1134 1557
1135 1156
1135 1318
1137 1287
1137 1497
1137 1529
1138 1225
1138 1266
1138 1329
1139 1265
1139 1558
1140 1582
1140 1334
1140 1400
1141 1255
1141 1495
1142 1166
1143 1275
1143 1329
1143 1239
1143 1529
1144 1448
1144 1403
1145 1236
1146 1293
1147 1382
1148 1164
1149 1420
1149 1394
1150 1364
1152 1532
1152 1405
1153 1168
1153 1213
1153 1279
1154 1166
1155 1234
1156 1538
1156 1237
1158 1553
1158 1433
1160 1188
1160 1323
1160 1454
1161 1477
1161 1260
1161 1459
1161 1277
1163 1516
1163 1462
1164 1320
1165 1483
1165 1326
1166 1542
1166 1520
1166 1306
1166 1435
1166 1212
1167 1562
1170 1472
1171 1216
1172 1332
1174 1538
1174 1204
1175 1262
1175 1326
1175 1397
1176 1191
1176 1213
1177 1530
1178 1302
1179 1381
1180 1185
1180 1473
1180 1369
1180 1598
1182 1408
1182 1433
1183 1410
1183 1246
1184 1566
1185 1530
1187 1333
1187 1471
1188 1413
1188 1278
1189 1540
1189 1222
1190 1558
1192 1514
1192 1388
1192 1197
1192 1552
1193 1375
1194 1545
1194 1487
1195 1281
1195 1377
1196 1306
1196 1370
1196 1341
1196 1469
1197 1521
1198 1577
1198 1251
1199 1577
1200 1368
1200 1515
1201 1571
1201 1225
1201 1422
1201 1208
1202 1344
1203 1577
1203 1468
1203 1501
1204 1508
1204 1287
1205 1339
1205 1295
1206 1247
1207 1254
1207 1575
1207 1423
1207 1425
1208 1353
1208 1341
1208 1213
1211 1473
1211 1399
1211 1367
1212 1345
1212 1544
1214 1314
1214 1407
1214 1436
1215 1579
1215 1563
1216 1266
1217 1464
1218 1313
1218 1333
1218 1462
1219 1477
1219 1470
1220 1259
1221 1573
1221 1510
1222 1381
1223 1298
1223 1370
1223 1375
1224 1409
1224 1586
1225 1493
1226 1587
1227 1229
1228 1562
1228 1291
1229 1348
1230 1231
1231 1473
1231 1461
1231 1275
1232 1388
1232 1523
1232 1343
1233 1426
1234 1444
1234 1572
1235 1411
1235 1351
1235 1322
1236 1415
1236 1271
1237 1369
1237 1358
1239 1555
1241 1472
1241 1306
1242 1580
1243 1313
1243 1510
1244 1556
1244 1284
1245 1312
1247 1256
1248 1443
1249 1284
1250 1298
1250 1404
1251 1518
1252 1414
1253 1282
1253 1320
1254 1508
1254 1418
1254 1270
1254 1530
1257 1486
1258 1446
1258 1483
1258 1591
1258 1502
1259 1516
1260 1459
1261 1448
1262 1572
1262 1551
1263 1314
1265 1271
1265 1494
1266 1292
1267 1379
1268 1410
1268 1297
1269 1329
1269 1559
1270 1552
1271 1411
1271 1581
1272 1325
1272 1430
1272 1596
1272 1502
1273 1317
1274 1296
1274 1437
1275 1529
1279 1298
1279 1558
1280 1579
1280 1285
1281 1306
1282 1400
1282 1307
1283 1476
1284 1367
1285 1518
1285 1592
1287 1434
1287 1534
1288 1473
1289 1317
1289 1550
1289 1533
1290 1381
1291 1354
1291 1563
1296 1346
1296 1317
1296 1470
1297 1458
1299 1347
1299 1428
1299 1497
1301 1542
1301 1499
1304 1442
1306 1442
1306 1433
1308 1447
1310 1390
1311 1419
1311 1595
1313 1363
1313 1462
1316 1462
1318 1352
1320 1426
1320 1369
1320 1594
1321 1505
1321 1411
1321 1418
1322 1586
1322 1364
1323 1582
1323 1425
1323 1524
1323 1500
1324 1434
1325 1354
1325 1437
1327 1585
1327 1404
1328 1423
1330 1333
1330 1369
1332 1388
1333 1484
1333 1590
1333 1404
1334 1490
1336 1538
1336 1421
1336 1391
1338 1565
1339 1437
1339 1393
1340 1589
1340 1347
1341 1572
1345 1402
1348 1575
1349 1514
1351 1520
1353 1355
1353 1388
1354 1417
1354 1407
1355 1510
1356 1421
1358 1449
1358 1389
1358 1461
1359 1387
1359 1363
1360 1433
1361 1419
1361 1462
1362 1571
1365 1535
1367 1494
1368 1513
1368 1457
1370 1595
1372 1527
1374 1416
1376 1495
1378 1498
1379 1509
1380 1490
1380 1565
1380 1463
1381 1584
1382 1396
1382 1533
1383 1425
1384 1499
1385 1575
1387 1530
1389 1393
1390 1459
1390 1564
1395 1518
1399 1423
1400 1496
1400 1566
1401 1485
1402 1597
1404 1550
1405 1418
1408 1547
1409 1433
1411 1534
1417 1419
1418 1592
1419 1542
1419 1584
1419 1457
1420 1509
1420 1497
1423 1445
1423 1585
1423 1564
1427 1547
1427 1462
1433 1468
1433 1503
1436 1591
1438 1534
1439 1591
1440 1548
1440 1462
1441 1541
1442 1466
1444 1497
1450 1537
1451 1492
1453 1525
1454 1570
1454 1507
1456 1514
1458 1580
1458 1584
1458 1465
1460 1479
1462 1545
1464 1532
1464 1557
1466 1581
1470 1472
1475 1499
1476 1591
1480 1506
1480 1560
1483 1552
1484 1576
1485 1565
1486 1487
1491 1578
1492 1566
1494 1573
1494 1511
1495 1520
1495 1553
1495 1556
1495 1597
1499 1556
1500 1507
1501 1591
1509 1510
1510 1585
1516 1545
1520 1596
1521 1522
1524 1542
1534 1575
1543 1591
1547 1595
1548 1588
1551 1588
1555 1574
1557 1583
1571 1590
