1600 4800
0 1440
0 130
0 1198
0 998
1 160
1 1438
1 1259
1 142
1 1167
1 49
1 158
2 804
2 552
2 1338
2 753
2 785
2 309
2 341
2 181
2 1080
2 442
2 1147
2 1021
3 522
3 715
3 173
3 975
3 891
3 1407
4 439
4 813
4 103
5 1410
5 100
5 425
5 557
5 375
5 1565
6 290
6 676
6 558
6 1295
6 1144
6 31
7 1466
7 1181
7 1462
7 527
8 1064
8 1370
8 1227
8 1093
8 605
9 1145
9 1449
9 524
9 1331
9 822
9 534
9 377
9 953
9 1596
10 634
10 1059
10 966
10 470
10 535
11 482
11 1412
11 876
11 213
11 790
11 1593
11 891
11 670
12 355
12 599
12 71
12 1513
12 106
12 437
12 311
13 56
13 130
14 873
14 964
14 508
14 1131
15 872
15 1353
15 621
15 1008
15 1233
15 1215
16 771
16 132
16 987
16 59
16 702
16 703
17 721
17 524
17 596
18 312
18 1025
18 1469
18 110
19 1136
20 792
20 530
20 1414
21 1186
21 1192
21 1129
21 208
21 530
21 595
21 1394
21 1017
22 803
22 935
22 680
22 619
22 180
22 1119
23 1456
23 417
23 1001
23 263
24 1582
24 489
24 53
24 749
24 1054
25 1290
25 491
25 1389
25 247
25 28
25 1469
25 1503
26 737
26 674
26 227
26 388
26 868
26 1038
26 1358
26 720
26 625
26 1427
26 149
26 54
26 89
26 988
27 306
27 324
27 574
27 1367
28 586
28 1437
28 1019
28 445
28 1502
29 1506
29 549
29 170
29 189
29 894
29 1567
30 996
30 933
30 329
30 589
30 1198
30 1071
30 1520
30 151
30 157
30 958
31 865
31 1101
31 1566
32 269
33 1255
33 1129
33 1258
33 1322
33 1452
33 1069
33 813
33 1038
33 1586
33 660
33 669
34 487
34 683
34 590
34 720
34 369
34 990
34 440
34 537
34 1212
34 734
35 1155
35 1255
35 871
35 878
35 1328
35 1520
35 533
35 1560
35 479
36 1028
36 166
36 171
36 651
36 1261
36 1085
37 900
37 493
37 398
37 793
37 537
37 1403
37 1532
37 415
38 1045
39 1202
39 1130
39 691
39 1293
40 1578
41 928
41 290
41 995
41 1347
41 169
41 714
41 410
41 283
41 639
42 1121
42 1506
42 1171
42 949
42 190
43 642
43 198
43 203
43 813
43 218
43 924
44 743
44 1580
44 304
44 1015
44 596
44 85
44 726
44 471
44 1563
45 739
45 1572
45 1510
45 877
45 1264
45 407
45 699
46 1534
46 1131
46 699
46 1348
46 1510
47 889
47 570
47 219
47 475
47 227
48 1530
48 670
49 1408
49 513
49 1125
49 1566
49 616
49 1528
49 940
49 718
49 854
49 984
49 446
50 802
50 1479
50 1482
50 114
50 1276
50 1564
51 1447
51 814
51 850
51 1044
51 284
51 149
51 1147
51 444
51 1565
51 926
52 96
52 512
52 195
52 720
52 926
52 1270
52 157
52 350
53 355
53 774
53 1094
53 1480
53 330
53 714
53 1546
53 910
53 496
53 816
53 1009
53 499
53 1301
53 92
53 158
54 225
54 678
54 1580
54 207
54 688
54 919
54 857
54 249
54 1181
55 291
55 1065
55 1068
55 1582
55 343
55 795
55 958
55 1503
56 834
56 1449
56 1133
56 914
56 435
56 406
56 182
56 1241
56 218
57 1136
57 561
57 1458
57 814
57 1278
58 96
58 1123
58 1574
58 1416
58 535
58 703
59 889
59 843
59 718
60 1350
60 1418
60 1100
60 845
60 847
60 1394
60 118
61 208
61 1589
61 1349
61 1182
61 391
62 802
62 223
62 1445
62 395
62 429
62 816
62 1015
62 348
62 1399
62 767
63 361
63 108
63 238
63 337
63 532
63 118
63 1309
63 1534
63 95
64 1480
64 1365
64 358
65 1088
65 1192
65 234
65 269
65 317
65 894
66 500
66 367
67 609
67 1025
67 428
67 1360
67 1586
67 628
68 1504
68 1360
68 948
68 1077
68 149
68 152
68 410
69 452
69 742
69 845
69 1393
69 850
69 1426
69 894
70 792
70 1194
70 1586
70 878
71 580
71 969
71 811
71 177
71 1330
71 629
71 1117
72 614
72 426
72 1100
72 539
72 1305
72 635
73 584
73 90
73 1116
73 1356
74 1215
74 1044
74 1199
75 456
75 904
75 170
75 1487
75 1072
75 1202
75 245
75 1437
76 774
76 295
77 1510
77 974
77 1179
77 821
77 590
78 354
78 1484
78 1261
78 975
78 1360
78 1105
78 1334
78 634
79 1258
79 1340
80 807
80 239
80 1107
80 886
80 1594
80 799
81 1105
81 1557
81 1085
81 269
81 847
82 1016
82 1417
82 1044
82 326
83 1156
83 262
83 1099
83 236
83 1515
83 1584
83 1494
84 256
84 708
84 646
84 470
84 699
84 764
84 351
85 193
85 780
85 719
85 244
85 987
85 1340
85 1599
86 809
86 572
86 916
87 1128
87 145
87 570
87 1491
87 513
88 256
88 97
88 640
88 363
88 1296
88 1303
88 219
88 1436
88 765
88 1311
89 739
89 648
89 1294
89 1202
89 1013
89 1464
89 221
90 1318
90 1387
90 1303
90 431
90 816
90 341
90 254
90 985
90 252
90 734
90 1151
91 884
91 756
91 1165
91 1486
91 575
92 705
92 371
92 1158
93 908
93 420
93 702
93 438
93 774
94 1252
94 1390
94 465
94 1492
94 377
94 1050
94 1245
94 1151
95 550
95 1219
95 429
95 462
96 720
96 1288
96 804
97 1156
97 1515
97 1585
97 1170
97 1435
97 1588
97 1083
98 988
98 670
99 1026
99 135
99 873
99 562
99 500
99 532
99 1205
99 792
100 1241
100 877
100 1409
100 286
101 802
101 1058
101 772
101 1294
101 367
101 787
101 119
101 860
102 549
102 1046
103 1280
103 709
103 1542
103 778
103 1386
103 559
103 335
103 1233
103 787
103 851
103 1278
103 1275
103 862
104 649
104 898
104 1182
104 182
104 1071
105 710
105 1054
106 772
106 619
106 282
106 235
106 656
106 1498
106 470
106 1369
106 474
107 384
107 930
107 1091
107 1480
107 1107
107 153
108 1154
108 391
108 744
108 242
108 820
108 1147
108 895
109 1075
109 1085
109 1238
109 1591
110 486
110 1160
110 593
110 1109
110 991
111 280
111 396
111 566
111 791
112 1095
112 328
112 392
112 333
112 849
112 1395
112 1141
112 440
112 255
113 450
113 955
113 275
113 436
113 1049
113 827
113 892
113 1534
114 632
114 905
114 1002
114 1417
115 1424
115 1189
115 350
116 259
116 528
116 131
116 1245
116 1381
117 1344
117 226
117 804
117 1188
117 743
117 1487
117 688
117 530
117 1107
117 1211
117 124
118 124
118 954
119 213
119 1272
119 404
120 538
120 404
120 702
120 294
121 978
121 1189
122 322
122 643
123 880
123 1363
123 491
123 976
124 838
124 779
124 1559
124 600
124 988
124 286
125 1312
125 546
125 997
125 391
125 1400
125 191
126 353
126 1221
126 1544
126 587
126 1068
126 752
126 371
126 1181
127 1009
127 132
127 231
128 1248
128 1089
128 771
128 259
128 906
128 238
128 1422
128 1491
128 1047
128 1404
129 960
129 682
129 818
129 1271
130 1440
130 1475
130 905
130 1066
130 1513
130 716
130 812
130 1100
130 285
130 1151
131 384
131 193
131 673
131 1449
131 362
131 651
131 1547
131 1071
131 1232
131 1462
131 1246
131 383
132 482
132 642
132 709
132 645
132 1328
133 378
134 665
134 183
135 1346
135 1283
135 779
135 685
135 1396
135 278
135 408
135 1182
136 482
136 612
136 955
136 1388
136 1005
136 815
136 1017
136 411
136 734
137 706
137 677
137 809
137 372
137 1405
137 1246
138 165
138 1482
138 779
138 817
138 1205
138 181
139 713
139 261
139 406
139 1063
140 738
140 1583
140 466
140 1558
140 280
140 989
141 1376
141 904
141 174
141 784
141 1586
141 1111
141 538
141 1243
142 897
142 231
142 300
142 624
142 593
143 301
143 406
143 1030
144 1250
144 1220
144 805
144 1075
144 1046
144 635
144 1117
145 1074
145 1019
145 388
146 1545
146 274
146 357
147 1158
147 805
147 678
147 399
148 432
148 1572
148 981
148 550
148 758
149 673
149 1581
149 911
149 1211
149 703
150 274
150 531
150 1130
150 383
151 294
151 761
151 1007
152 1504
152 1533
152 898
152 518
152 456
152 1103
152 153
152 954
152 221
152 639
153 1000
153 544
153 1074
154 752
154 1534
154 1371
154 236
154 206
155 760
155 423
156 832
156 485
156 870
156 1479
156 1359
156 1232
156 1375
157 840
157 968
157 172
157 399
157 752
157 180
157 1372
157 1247
158 580
158 1157
158 1226
158 460
158 270
158 784
158 759
158 1467
158 958
159 1412
159 965
159 656
159 1425
159 1362
159 947
159 886
159 602
159 1341
160 824
160 299
160 397
161 1505
161 323
161 395
161 1483
161 727
161 955
162 876
162 1013
162 1502
162 1143
163 1273
163 186
163 1300
163 439
164 885
164 956
164 589
164 661
164 703
165 1312
165 194
165 535
166 1161
166 1577
166 1101
166 595
166 534
166 1374
167 1008
167 602
167 1163
167 1087
167 223
168 841
168 492
169 1346
169 582
169 968
169 1070
169 1230
169 241
170 611
170 833
170 1586
171 736
171 776
171 566
171 367
172 515
172 327
172 1225
172 687
172 855
173 839
173 1390
173 1524
173 341
173 317
174 1094
174 614
174 840
174 1271
174 1119
175 256
175 1587
175 1245
175 462
175 447
176 929
176 779
176 923
177 1368
177 1121
177 946
177 1582
178 1592
178 1083
178 877
178 742
178 815
179 376
179 1514
179 1530
179 1566
180 833
180 194
180 359
180 1422
180 338
180 1138
180 1142
180 600
180 1274
180 607
181 839
181 1036
181 302
181 1134
181 411
181 634
181 347
181 826
182 736
182 199
182 973
182 767
183 1264
183 1298
183 911
184 864
184 874
184 653
184 978
184 251
184 1407
185 819
185 892
185 501
186 1360
186 1023
187 320
187 1594
187 646
188 1340
189 1514
189 236
189 894
189 1175
190 524
190 1260
190 1276
191 1410
191 1190
191 618
191 367
191 1271
191 505
192 384
192 194
192 1030
192 814
192 1049
192 445
193 619
193 306
193 470
193 1593
193 698
194 1578
194 933
195 544
195 1506
195 875
196 1297
196 1250
196 1570
196 766
196 998
197 1498
197 1196
197 812
197 727
198 1176
198 646
199 1410
199 1539
199 837
199 1128
199 813
199 763
199 1182
199 1183
200 1466
200 1306
200 1510
200 391
201 1547
201 782
201 497
201 275
201 1524
201 1113
202 1328
202 698
202 1332
202 741
202 847
203 960
203 546
203 1348
203 1133
204 867
204 772
204 996
204 807
204 1416
204 431
204 207
204 856
204 700
205 1545
205 418
205 983
205 567
206 1187
206 534
206 1566
207 481
207 1282
207 232
207 365
208 676
208 1432
208 624
208 1048
209 1543
209 844
209 1041
209 1013
209 1022
209 926
210 1208
210 1505
210 1383
210 1223
211 442
211 668
211 834
211 495
212 1134
212 1357
212 525
212 1022
212 991
213 1456
213 1093
214 525
214 493
214 626
215 1277
215 458
215 853
215 510
216 559
216 528
216 404
216 757
216 731
216 959
217 473
217 627
217 1446
217 1349
217 806
218 449
218 1281
218 804
218 554
218 1068
218 1130
218 527
218 629
218 539
219 322
219 550
219 364
219 1585
219 1049
220 1442
220 1576
220 778
220 1262
220 1456
220 529
220 1299
220 980
220 308
220 1214
221 810
221 1545
221 607
222 1577
222 243
222 1404
222 334
222 747
223 477
223 331
223 666
223 829
224 1189
224 680
224 267
224 1550
224 371
224 1268
224 950
224 1529
225 418
225 421
225 681
225 938
225 686
225 239
225 497
226 608
226 641
226 387
226 648
226 1234
226 980
226 1401
226 635
226 734
227 610
227 591
227 1462
227 1016
228 1284
228 1067
228 909
228 1075
228 1363
228 1398
229 1012
229 1269
229 1430
230 1347
230 516
230 775
230 333
230 337
230 882
230 627
230 605
230 319
231 769
231 993
231 584
231 1457
231 532
231 984
231 1048
231 1307
231 252
232 1497
232 1007
232 560
232 1170
232 1391
232 436
232 921
232 380
233 1416
233 969
233 1322
233 875
233 1083
233 927
234 898
234 1539
234 1153
234 1578
234 1516
234 374
235 824
235 1081
235 1458
235 756
236 1309
236 1135
236 1112
236 922
237 1320
237 1521
237 1538
237 692
237 1526
238 601
238 490
238 907
239 517
239 1574
239 815
239 756
239 244
239 1332
239 1503
240 1346
240 555
240 245
241 1376
241 548
241 650
241 1518
241 883
241 574
242 451
242 1574
242 362
242 812
242 1526
242 1304
243 1320
243 495
243 793
243 1179
243 639
244 288
244 1092
244 1039
244 341
245 1189
245 1455
245 1169
245 720
245 441
246 928
246 1122
246 549
246 1375
246 1131
246 1167
246 1554
246 339
246 1500
246 319
247 385
247 1515
247 310
247 487
248 1094
248 1542
248 1288
248 426
248 1547
248 405
249 930
249 964
249 1321
249 1522
249 1177
250 619
251 923
251 456
251 1560
251 598
251 1403
252 1447
252 1012
252 1270
252 1534
253 1539
253 901
253 1033
253 362
253 1073
253 380
254 258
254 1043
254 1555
254 918
254 823
255 425
255 360
255 463
256 386
256 802
256 1236
256 1527
257 869
257 812
257 818
257 1043
257 1141
257 734
258 873
258 1454
259 448
259 801
259 743
259 276
259 1141
259 312
259 922
260 709
260 1063
260 560
260 1072
260 466
260 1139
260 1434
261 1312
261 654
261 1423
261 1008
261 1047
261 1239
262 770
262 1481
262 1547
262 724
262 1534
263 1248
263 828
263 908
263 337
263 371
263 284
264 1320
264 522
264 1451
264 464
264 1456
264 984
264 921
265 1176
265 1570
265 1219
265 1300
265 303
266 1473
266 1047
267 832
267 864
267 838
267 1158
267 1458
267 1242
267 603
268 1127
268 525
268 369
268 529
268 1460
268 1045
268 1333
269 1094
269 540
269 1406
270 1261
271 1191
271 1257
271 1535
271 560
271 633
271 505
271 1338
271 733
271 639
272 721
272 794
272 1018
272 1050
273 1570
273 1353
273 460
273 813
273 1231
273 367
273 476
273 638
274 494
275 487
275 749
275 1367
275 892
276 928
276 1064
276 689
276 505
276 1567
277 1364
278 1507
278 844
278 1196
278 1486
278 1102
278 1592
278 858
279 580
279 1373
279 1070
279 567
280 683
280 1200
280 347
280 1053
281 305
281 1555
281 873
281 911
282 1187
282 816
282 1458
282 950
282 1015
283 1504
283 757
283 1030
284 837
284 946
284 1397
284 1274
284 893
285 1092
285 1097
285 1291
285 1067
285 1580
285 1300
286 1512
286 586
286 575
286 1471
287 473
287 876
287 453
287 910
288 864
288 680
288 364
288 589
288 1262
288 1007
288 596
288 951
288 538
288 699
288 1149
288 1055
289 837
289 358
289 1274
289 1519
289 596
289 442
289 1179
289 317
290 1098
290 1083
291 671
291 1114
291 755
291 1150
292 1194
292 1567
292 1046
292 967
293 952
293 650
294 649
294 396
294 687
294 1302
294 1500
294 1055
295 1320
295 870
295 1276
296 833
296 1234
296 1463
297 824
297 1465
297 948
297 1540
297 1238
298 673
298 611
298 836
298 1252
298 938
298 685
298 752
298 1136
298 1521
298 1494
298 1560
299 873
299 1449
299 531
299 307
299 469
299 1402
299 829
299 1183
300 325
300 1328
300 1303
300 1175
300 764
301 1443
301 1307
301 1319
302 659
303 409
303 915
303 716
303 1099
304 1088
304 1153
304 365
304 1042
304 1399
304 1087
305 1528
305 756
305 1165
306 418
306 1046
306 1558
307 1379
307 979
308 584
308 428
308 564
308 728
308 412
309 1281
309 1292
309 527
309 720
309 915
309 1299
309 1587
309 1180
310 1217
310 393
310 812
310 756
310 1238
310 1398
310 1374
311 1202
311 471
311 602
311 476
311 1181
311 734
312 1364
312 1370
312 718
313 1395
313 1138
313 1219
313 733
313 439
314 1322
314 879
314 1014
314 886
314 505
314 1053
315 626
315 1027
315 636
315 1399
316 1377
316 858
316 1052
316 1378
316 455
317 461
317 1231
317 413
318 1059
318 581
318 326
318 852
318 1369
318 1435
318 1343
319 848
319 1344
319 331
320 547
320 324
320 807
320 1598
320 1161
320 906
320 396
320 332
320 1176
320 1118
321 841
321 1274
321 1308
321 646
322 1488
322 1213
323 730
323 774
323 647
324 1218
324 548
324 1232
324 1457
324 983
324 1341
325 688
325 452
325 463
326 995
326 1090
326 727
327 356
327 1129
327 731
327 1501
328 794
328 341
329 665
329 1445
329 711
330 978
330 413
331 429
331 1594
331 1336
331 1370
332 345
332 1520
333 1571
333 494
333 657
333 340
333 1368
333 1371
333 956
334 1286
334 998
334 1479
334 426
334 527
334 372
335 1457
336 1495
336 1327
336 863
337 1282
337 647
337 685
337 1081
338 377
338 1434
338 873
339 736
339 841
339 1071
339 1492
339 571
339 764
339 1310
340 776
340 505
340 588
340 1574
341 1281
341 546
341 868
341 1478
341 687
341 851
341 379
342 356
342 804
342 560
342 369
342 1335
342 1049
342 666
343 825
344 1313
344 1226
344 1107
344 1364
344 782
345 936
345 1256
345 1120
346 1000
346 381
346 702
346 991
347 1544
347 1515
347 431
347 539
348 896
348 679
348 1324
348 757
348 374
348 1181
349 676
349 1221
349 1169
349 1460
349 661
349 440
350 387
350 995
350 426
350 397
350 1010
350 1244
351 674
351 1343
351 1256
351 983
351 1396
351 1206
351 918
351 1215
352 513
352 1170
352 966
352 430
352 1294
353 930
353 744
353 1068
353 1552
353 1404
354 1019
354 1548
354 839
355 482
355 965
355 551
355 1255
355 1257
355 970
355 1544
355 685
355 909
355 463
355 818
355 539
356 808
356 658
356 727
356 1405
357 685
358 872
358 362
358 978
358 1499
359 1179
359 910
359 687
359 914
359 823
359 1272
359 699
361 1457
362 577
362 1533
362 1348
362 491
362 1583
362 437
363 401
363 1425
363 1347
364 1057
364 1337
364 1128
364 651
364 557
364 665
365 1001
365 1559
365 901
366 1476
366 966
366 1033
366 554
366 494
366 751
366 1493
366 1566
367 931
367 971
367 1307
368 1262
368 1519
369 1059
369 581
369 1235
370 946
370 1221
370 1367
370 463
371 716
371 494
371 1142
371 824
371 479
372 1572
372 421
372 1125
372 553
372 1449
372 524
372 690
372 1333
372 407
372 634
372 671
373 1474
373 1319
373 873
373 558
373 1521
373 693
374 768
374 1474
374 1541
374 1224
374 1161
374 1552
374 883
374 415
375 571
375 1182
376 1272
376 1162
376 772
376 750
377 711
377 747
377 1131
377 816
378 1504
378 1220
378 742
378 1414
378 1386
378 972
378 596
379 1224
379 1250
379 563
380 641
380 772
380 1329
380 692
380 537
381 699
381 1317
381 1445
383 1169
383 1370
383 1391
384 545
384 1318
384 905
384 1545
384 1389
384 1247
385 386
385 506
385 556
385 1565
386 960
386 486
386 727
386 791
387 491
387 1201
387 882
387 695
387 412
387 925
387 1310
388 583
388 1129
388 1066
388 397
388 1174
388 507
389 897
389 1253
389 653
389 430
389 1301
389 1432
390 751
390 464
390 1554
390 820
390 1525
390 886
390 1470
391 1089
391 964
391 1542
391 682
391 1266
391 1141
391 827
392 938
392 559
392 1014
392 630
392 1528
392 1151
393 615
393 904
393 715
393 1036
393 1134
393 501
393 919
393 1597
394 1317
394 1192
394 425
394 905
394 1099
394 1322
394 1576
394 1233
395 1572
395 972
395 717
395 1198
395 1040
395 1305
395 540
396 1186
396 1444
396 1125
396 913
396 1427
397 1568
397 1027
397 486
397 1398
397 829
398 1448
398 1425
398 1093
398 854
399 769
399 1382
399 941
399 1143
400 966
400 616
400 776
400 1483
400 911
400 496
400 433
400 1301
400 824
401 870
401 742
401 1072
401 1137
401 403
401 762
401 603
401 1085
402 915
402 1214
402 1542
403 1505
403 1031
404 1352
404 845
404 1520
404 1107
404 1086
405 1093
406 1272
406 1289
406 1262
406 592
406 625
406 1405
406 574
407 1415
407 666
407 922
408 674
408 1062
408 1233
408 1042
408 1363
409 1218
409 1320
409 555
409 754
409 918
410 1466
410 866
410 565
411 1110
411 440
412 708
412 709
412 1475
412 1524
412 854
412 605
413 1570
413 1060
413 1093
413 1511
413 1260
413 1427
413 1367
413 1275
413 1436
414 1344
414 737
414 908
414 1326
414 1583
414 1142
414 700
415 770
415 563
415 535
415 1078
415 889
415 1398
415 827
416 1401
416 834
416 950
417 1568
417 1364
417 1493
418 992
418 774
418 597
418 1015
419 976
419 706
419 1396
419 477
419 1079
420 1186
420 1098
420 1293
420 436
421 649
421 558
421 1200
421 1586
422 1081
422 1074
422 1282
422 815
423 1444
423 685
423 723
424 968
425 1472
425 1504
425 1419
425 1452
425 877
425 1043
425 1279
426 1448
426 828
427 1257
428 736
428 1221
428 1447
428 1384
428 1480
428 906
428 1323
428 1399
429 1408
429 489
429 1553
429 1594
430 937
430 1071
430 624
430 946
431 997
431 758
431 1531
431 572
432 1301
432 749
433 1250
433 1251
433 1285
433 1114
433 1247
434 1388
434 1349
435 946
435 1515
435 1452
435 664
436 1099
436 1426
436 1206
436 1016
436 666
436 1435
437 448
437 1179
437 1071
437 603
438 1218
438 1527
438 1509
438 1262
438 1561
438 723
438 535
438 1273
438 1564
439 1164
440 1493
440 1498
440 1215
442 480
442 1281
442 646
442 1318
442 904
443 674
443 459
443 1101
443 1358
443 952
443 507
444 945
444 1487
445 1448
445 456
445 1229
445 536
446 938
446 1230
446 1138
446 1490
446 884
446 1555
447 704
447 977
447 1045
447 861
448 1440
448 485
448 880
448 1302
449 1208
449 676
449 1068
450 1030
450 1414
450 1449
450 874
450 717
450 1327
450 1210
451 924
451 652
451 1178
452 1353
452 1139
452 983
453 632
453 649
453 587
453 548
454 1332
455 705
455 995
455 1550
456 516
456 1252
456 582
456 1066
457 1106
457 1339
457 813
458 1505
458 962
458 547
458 565
458 862
459 529
459 651
459 660
459 1543
460 1545
460 781
461 1122
461 1238
461 663
461 982
461 543
462 784
462 570
462 505
463 1441
463 997
463 1578
463 690
463 827
464 678
464 877
464 1590
464 891
464 1471
465 1424
466 738
466 871
466 1117
466 575
467 1399
468 1153
468 746
468 851
469 1024
469 1126
469 725
469 878
470 1541
470 852
471 1450
471 1265
471 884
471 1087
472 929
472 834
472 1322
472 654
472 721
472 1527
473 1247
473 808
473 1130
473 1260
473 590
473 794
473 638
474 930
474 1256
474 1384
474 557
474 1010
474 725
475 772
475 1444
475 613
475 1541
475 524
475 1488
476 837
476 874
476 843
476 1366
476 1528
476 1401
476 1564
476 1086
477 1096
477 1566
478 968
478 554
478 1546
478 709
478 566
479 1253
479 808
479 908
479 1202
479 1397
479 1206
479 1180
479 1149
480 864
480 770
480 612
480 580
480 773
480 1068
480 980
480 638
481 1440
481 769
481 1177
481 1201
482 641
482 1123
482 1125
482 810
482 970
482 1038
482 1198
482 1296
482 1110
482 1336
483 706
483 1221
483 1000
483 525
483 1165
483 752
483 628
483 982
484 1419
484 1198
484 981
484 700
484 540
484 1310
485 673
485 1123
485 753
485 829
486 1570
486 711
486 702
487 675
487 1255
487 810
487 887
487 789
488 677
488 810
488 843
488 1101
488 560
488 1073
488 626
488 1598
489 838
489 1006
489 814
489 543
490 526
490 1113
490 1306
490 1339
490 606
491 544
491 865
491 1175
492 1255
492 1321
492 1418
492 758
492 988
493 1472
493 897
493 852
493 1565
494 1057
494 930
494 1539
494 780
494 1230
494 1516
495 656
495 1465
495 1501
495 735
497 804
497 941
497 526
497 1165
497 1563
497 1435
497 1055
498 570
498 1491
498 1092
498 1277
498 623
499 817
499 1322
500 1392
501 1540
501 520
501 1338
501 895
502 581
502 809
502 1324
502 884
502 949
502 952
502 825
502 1118
502 543
503 808
503 1529
503 1524
504 1248
504 660
504 1368
504 644
504 1412
505 1283
505 1140
505 635
506 921
506 1252
506 613
506 1102
507 529
507 1362
508 1058
508 1289
508 1131
508 916
508 1269
508 699
508 1151
509 1056
509 1372
510 1129
510 1018
511 1382
511 1130
511 619
511 720
511 1203
511 1469
511 638
512 642
512 1459
512 1172
512 984
512 794
513 1344
513 1003
513 1397
514 1540
514 583
514 840
514 1194
514 974
514 1012
514 891
515 1410
515 517
515 1502
516 808
516 756
516 760
516 1595
516 1022
517 1346
517 740
517 1256
517 592
517 915
518 580
518 1509
518 556
518 1330
518 1524
518 735
519 794
519 771
519 1158
519 743
520 867
520 1156
520 615
520 1324
520 1465
521 710
521 1448
521 1115
521 1579
521 561
521 1018
521 827
522 1537
522 932
522 811
522 1488
522 1045
522 1339
523 921
523 1586
523 1573
523 1166
524 1374
524 1148
524 956
525 1152
525 1190
525 872
525 1129
525 887
526 1220
526 1041
527 1344
527 557
527 1485
527 1207
527 895
528 1385
528 1580
528 1558
528 1526
528 1208
529 1223
529 1213
530 1509
530 1541
530 1554
531 1024
531 1017
532 689
532 929
533 1385
533 773
533 1319
534 945
534 1523
534 1081
534 1084
535 1123
535 1202
535 1019
535 1470
536 546
537 616
537 781
537 1428
538 1508
538 838
538 602
539 1571
539 1221
539 743
539 621
539 598
539 1014
539 1206
540 1314
540 1514
540 755
540 1527
540 1151
541 921
541 1186
541 621
542 896
543 1313
543 585
543 1453
543 720
543 916
543 1398
543 697
544 924
545 1547
545 1019
545 1384
545 1240
546 640
546 647
546 680
546 728
546 624
546 886
546 1402
547 754
547 623
548 1500
548 1358
549 1186
549 839
549 1336
550 1348
550 775
551 891
551 1328
551 1136
551 1535
552 771
552 1107
552 1211
552 1271
553 855
553 591
554 587
554 1007
554 918
554 790
554 1208
555 576
555 1097
555 1205
555 893
556 752
556 1162
556 1076
557 841
557 1482
558 1386
558 763
558 1052
558 1054
559 1592
559 563
559 860
560 1221
560 1069
560 1177
561 707
561 1095
561 1460
561 1181
561 1022
562 611
562 640
562 963
562 960
563 682
563 839
564 1496
564 1182
564 1381
564 1134
565 1530
565 745
565 1580
566 1191
566 655
566 1362
566 1586
566 950
566 1272
567 1591
567 979
567 1205
567 1273
567 1500
568 1338
568 1107
568 1532
569 897
569 842
569 773
570 820
570 660
570 987
571 770
571 923
572 632
572 1178
572 1051
572 766
573 1026
573 588
573 877
573 1071
573 1148
573 957
573 1566
574 928
574 773
574 646
574 701
575 1403
575 711
576 889
576 1234
576 1173
577 1392
577 1409
577 1331
577 629
578 1318
578 593
578 1504
578 785
579 1499
579 1486
579 998
580 1026
580 1059
580 1188
580 1422
581 1289
581 1100
581 1101
582 869
582 1386
582 1578
582 1132
582 1072
582 828
583 1216
583 586
583 1163
583 1330
583 919
584 968
584 1351
584 1384
584 887
584 927
585 1186
585 593
585 1122
585 862
586 1015
586 1559
587 979
587 1594
587 1087
588 1548
588 1391
589 1415
589 1384
589 1143
589 984
589 632
589 986
590 935
590 840
590 1488
591 1506
591 1064
591 748
591 1519
591 1273
592 802
592 751
592 848
592 1041
592 724
593 1568
593 780
593 1325
593 1485
594 1467
594 1405
595 1577
595 1006
595 1365
595 1240
596 617
596 1177
597 688
597 726
598 674
598 1292
598 1232
598 943
598 764
599 1281
599 1031
599 1237
599 1079
599 1239
600 1264
600 857
600 1002
601 776
601 1231
601 978
601 1010
601 789
601 1343
602 1482
602 828
602 991
603 733
604 1125
604 1437
605 1388
605 1423
605 1585
605 635
606 987
606 1318
606 1370
606 1403
606 1436
607 1022
608 642
608 1224
608 854
608 1176
608 957
608 1310
609 1280
609 1033
609 1427
610 1320
610 929
610 1406
611 882
611 988
611 1151
612 1276
612 1454
613 960
613 1548
613 1175
614 1134
614 1131
614 709
615 1598
616 868
616 986
616 831
617 1450
617 1550
617 1076
617 1524
617 1050
617 1597
618 1280
618 1017
618 1036
618 1092
619 1539
619 1192
619 1271
619 696
620 1105
620 1596
621 1316
621 1350
621 746
622 920
622 1331
622 1461
622 1535
623 1481
623 1111
623 695
624 1540
624 776
624 938
624 1299
625 1313
625 678
626 966
626 1294
626 950
626 1311
627 967
627 1040
627 851
627 1430
627 1214
627 1055
628 1512
628 1034
628 1292
628 1326
628 1522
628 1114
628 860
629 913
629 922
630 1501
630 861
630 862
631 1267
631 1421
632 841
632 1329
632 1272
633 1568
633 1028
633 1160
633 1266
633 1493
633 826
633 1182
633 922
634 771
634 859
635 996
635 646
635 1322
635 1563
635 1468
636 1448
636 1362
636 645
637 1097
637 985
637 923
637 1505
637 774
638 1092
638 1000
638 1482
638 1074
639 1284
639 945
640 1447
640 1287
640 753
640 1525
641 1284
641 1315
641 1222
641 1319
641 1226
642 1154
642 1045
642 789
642 1084
643 900
643 1075
643 756
643 1013
644 1194
644 1359
644 1393
644 1394
644 883
644 1363
644 1111
645 1193
645 686
645 1462
645 1432
646 771
646 830
647 800
647 1347
647 1170
647 788
647 1077
648 719
649 1399
650 1353
650 1086
651 1216
651 963
651 1548
651 686
651 919
651 921
652 1385
652 1254
652 783
653 1345
653 1321
653 727
653 1240
654 1135
655 896
655 713
655 1196
655 1300
655 1337
656 1027
656 1527
656 1052
657 1192
657 834
657 903
658 1178
658 1453
658 870
659 680
659 1192
659 1583
659 1119
660 1176
661 1040
661 1535
662 705
662 706
662 754
662 1580
662 986
663 1455
663 716
663 823
664 1091
664 1333
664 1406
664 719
665 962
665 1434
665 1470
666 839
666 1299
666 1177
667 1544
667 1209
667 1260
667 1158
667 1596
668 1385
668 1425
668 1492
668 1117
669 1538
669 1123
669 1059
669 846
669 1113
669 955
669 1533
670 784
670 838
671 1250
671 1574
671 908
671 692
671 893
672 1446
672 830
672 1439
673 749
673 1457
673 1016
674 720
675 1506
676 1413
676 1477
676 1551
676 1083
676 1566
677 1471
678 1187
678 1037
678 889
679 1280
679 1328
679 839
679 815
680 1219
680 1418
680 1324
681 1066
681 1470
681 1255
682 816
682 913
682 1273
682 1370
683 777
683 753
683 1425
683 1046
684 840
684 1218
684 986
684 1107
685 1124
685 1449
685 1583
685 691
685 758
685 1078
685 1305
685 1117
686 806
686 1262
686 1526
687 738
687 834
687 740
687 1086
688 1406
688 1032
688 798
689 1377
689 1028
689 1255
689 1416
689 717
689 1363
689 830
689 799
690 1313
690 1028
690 1261
690 781
690 1562
691 866
691 1354
691 1072
691 1051
691 1469
691 895
692 871
692 809
692 1329
692 1181
693 1380
693 939
693 820
693 1269
693 1494
694 1466
694 1388
695 1413
695 1349
695 1134
695 782
697 1125
698 1186
698 1058
698 1249
698 1193
698 820
698 1499
699 704
699 1160
699 1363
699 1459
699 1439
700 716
701 961
701 1315
701 1404
702 803
702 1193
702 843
703 1229
703 1534
704 1146
706 776
706 1297
706 981
706 1497
707 1344
707 748
708 1003
708 1229
709 1409
709 990
709 858
709 1435
709 765
710 939
710 925
710 1247
711 1025
711 996
711 1320
711 1294
711 912
712 1187
712 1447
713 1125
713 1228
713 1296
713 1177
714 739
714 1482
714 1049
714 733
715 1482
715 1389
716 840
716 1520
717 1536
717 839
717 1448
717 887
717 1402
717 1244
718 1000
718 1068
718 1554
718 1526
719 969
719 1325
719 1234
720 1056
720 1572
720 823
721 1152
721 1059
721 1038
721 1108
721 1436
721 831
722 1115
722 923
722 782
723 896
723 1122
723 1370
723 1118
723 895
724 1162
724 1483
724 1037
724 984
725 1506
725 964
725 1469
726 1290
726 1327
726 1046
726 1496
726 1049
726 730
727 1165
727 1007
727 821
727 1242
728 743
729 817
729 1028
729 1585
729 927
730 1504
730 945
730 753
730 1012
731 866
731 1578
731 952
732 1148
732 921
732 828
732 1462
733 1312
733 1542
733 935
733 1574
733 1087
734 1477
734 1509
734 1415
734 1384
734 1040
734 1552
735 1552
735 1058
736 1299
736 986
737 1118
737 1548
737 1485
738 1514
738 1579
738 951
738 921
739 768
739 1345
739 939
739 1194
739 1490
739 916
740 772
740 824
740 1308
740 1565
741 1299
742 1219
742 1350
742 752
742 1492
743 1344
743 1506
743 1516
743 910
743 1458
743 1466
743 1534
744 1109
744 1310
745 772
745 1141
745 1145
745 1242
745 1052
745 1021
746 907
746 783
746 849
746 1373
747 1530
747 1171
747 1302
748 1284
749 772
749 1395
750 1248
750 1155
750 804
750 775
750 1555
751 1574
751 1466
752 810
752 956
753 1443
753 1033
753 778
753 1040
753 1393
753 979
754 1315
754 1287
754 1096
754 1421
754 1360
754 1527
755 1358
755 1267
755 1524
755 1397
755 1337
756 1542
757 1026
757 999
757 1035
757 1581
757 1200
757 1244
758 963
758 789
758 1117
759 994
759 1067
759 1300
760 1440
760 1125
760 1476
760 941
760 1262
761 1026
761 1052
761 1364
762 1016
762 842
762 1574
763 1539
763 1412
763 1364
763 1403
764 1386
764 944
764 1521
764 1369
765 1226
765 1228
765 1292
765 1390
765 1331
765 1078
765 1178
766 1215
766 804
767 1411
767 1223
767 1032
767 874
767 1076
768 811
768 1259
768 1236
768 1305
768 794
769 1361
769 1132
770 924
771 1580
771 1295
771 861
771 1150
772 1345
772 1579
772 815
772 1405
773 1315
773 1095
773 1480
775 1599
775 965
776 1161
776 914
776 1137
776 1464
777 1291
777 969
778 1122
778 829
778 1499
778 989
780 1234
780 1207
781 1317
781 1416
781 1267
782 1218
782 1129
782 1487
782 1329
782 917
782 1301
782 1273
783 908
783 1294
783 1295
785 1377
785 1189
785 911
785 1233
785 1588
785 1591
785 826
786 818
786 1572
786 1190
787 1269
787 1438
788 1289
788 1492
789 998
789 1543
789 842
789 1292
789 1389
789 1211
790 838
790 1543
790 1074
790 1047
791 1415
792 1093
792 843
792 1434
793 1123
793 1354
794 1417
794 1067
794 916
795 1112
795 1401
795 958
796 1082
797 1139
798 1476
798 1129
798 945
798 1336
798 1021
799 957
799 1199
799 1555
799 1309
800 1320
800 1345
801 1112
801 1194
801 1228
801 805
802 1281
802 1389
802 1488
802 1011
802 892
803 1593
803 1090
803 933
804 1026
805 998
805 1523
806 1376
806 875
807 1133
807 967
808 864
809 1555
809 1590
809 1438
810 994
810 1282
810 1212
811 1071
811 1396
811 1078
811 1246
812 1319
812 1356
812 1535
813 1001
813 1267
813 852
814 1192
814 1044
814 1237
814 1370
815 1450
815 1101
815 1326
816 869
816 1390
816 1375
817 1345
817 1318
817 1013
817 1086
818 1487
819 980
820 1233
820 1556
821 1539
821 1222
821 1098
821 957
822 1204
822 1372
823 1168
823 1245
824 826
824 1148
826 960
826 970
826 1557
827 1286
827 1233
828 1314
828 874
828 988
828 1263
829 1377
829 1314
829 1369
829 863
830 1378
830 935
831 1272
831 1485
833 1381
833 1174
834 1288
834 1324
834 1360
834 1151
834 991
835 1057
835 1379
835 1140
835 1223
836 1390
836 1008
836 1232
836 915
836 1276
837 846
838 1477
838 969
838 1086
838 1277
839 901
839 1228
839 1167
840 1452
840 1375
841 870
841 1133
841 1405
841 1587
841 989
842 872
842 1165
842 894
843 1463
843 1595
844 917
844 1559
845 924
845 858
845 927
846 1102
846 1223
847 1253
847 1014
848 1424
848 1400
848 1435
848 1087
849 1546
849 888
849 1261
850 1015
850 1119
850 855
851 1056
851 978
851 1141
851 1469
852 1094
852 1159
852 1554
853 1152
853 1346
853 1594
854 1537
854 1472
855 1504
855 1090
855 1254
855 1575
855 1484
855 957
856 1509
856 1310
856 1375
857 929
857 1506
857 1193
857 920
858 904
858 1356
858 1584
858 926
860 1411
860 1028
860 1166
860 1326
860 882
861 1503
861 1170
861 1535
862 1379
862 1188
862 893
863 971
864 1571
864 1098
864 1183
865 975
866 945
867 1441
867 940
867 1357
868 934
868 873
868 1357
868 1296
868 1430
868 1591
869 1123
869 1436
870 1097
870 1076
870 1016
871 1280
871 1351
871 1515
871 957
872 1538
872 1414
872 1161
873 1447
873 1547
873 1149
873 1469
874 900
876 1029
877 1130
877 991
878 1442
878 1220
878 1169
878 1529
879 1215
879 1538
879 933
879 1199
880 1465
880 1476
881 983
882 1379
882 1450
882 977
883 1120
883 1155
883 1126
883 1109
883 1141
883 1241
884 1126
885 945
887 1008
887 1015
887 1243
887 1276
888 1368
888 1412
889 1057
889 1581
890 1177
891 1527
891 1254
891 1037
891 1015
891 1560
891 1271
892 1575
892 1545
892 972
892 1403
893 1187
893 1359
893 1340
894 968
894 1433
896 1216
896 1062
896 1257
896 1207
897 1295
897 1236
898 1210
898 1527
899 1192
899 1209
899 1476
899 932
900 1056
900 971
900 1454
901 1391
901 1040
901 1562
902 1099
902 1564
902 1342
902 1523
903 1204
903 1025
903 1532
904 1089
904 1351
904 1295
904 1107
905 1072
907 1041
907 1481
907 1165
908 1351
908 1171
908 1181
909 1576
909 1090
910 1489
910 1394
910 1331
910 1014
910 1239
911 988
912 1167
912 1356
913 1035
914 963
914 1160
915 1382
915 1164
915 1022
916 1097
916 1322
916 1435
917 1484
917 1359
919 1128
920 1547
920 1261
920 1551
920 1071
921 1249
922 1078
923 1553
923 1596
924 1031
925 1018
925 1580
926 1476
926 983
927 964
927 999
927 1138
927 1563
928 1453
928 1106
929 969
929 1340
929 1439
930 1420
931 932
931 1085
931 1470
932 1414
932 1195
932 1360
932 1489
933 1472
933 1094
933 1247
934 1507
934 935
934 1128
934 1323
934 1359
934 1393
934 1594
935 1525
936 1114
936 1213
936 1455
937 1070
937 1331
938 1097
938 1176
938 1081
939 998
939 1422
939 1087
940 1061
940 1591
941 1319
941 1230
941 1083
942 1584
942 977
942 950
943 1426
943 1187
944 1221
944 1142
944 1239
945 1280
945 1011
946 1445
946 1240
946 1214
947 1075
947 995
948 1562
948 1283
948 1580
949 1156
949 1037
949 1265
949 1014
950 992
950 1056
950 1205
950 1308
951 978
951 1387
951 1006
953 1483
954 1315
954 1229
955 1284
956 1472
956 1373
957 1289
957 973
957 1177
958 1132
960 1154
961 1424
961 1250
963 1569
964 1508
964 1493
965 1202
966 995
966 1541
966 1191
966 1294
967 1257
967 1486
968 1554
969 1463
970 974
970 1237
970 1373
971 1194
971 1258
971 1307
972 1521
972 1091
973 1524
973 1087
974 1378
974 1269
974 1500
975 1031
975 1419
975 1238
975 1434
976 1053
977 1089
977 1133
977 1167
977 1267
977 1586
979 1380
979 1318
979 1556
980 1294
980 1007
980 1489
981 1282
981 1362
981 1110
982 1387
982 1495
982 1561
982 1307
983 1584
983 1211
984 1360
984 1529
984 1181
985 1537
985 1147
986 1285
986 1349
987 1156
989 1509
989 1393
990 1094
992 1028
992 1285
992 1388
992 1146
993 1245
993 1107
993 1143
994 1463
994 1187
994 1066
994 1203
994 1342
995 1371
996 998
996 1222
996 1258
996 1100
996 1501
997 1227
997 1485
997 1073
997 1429
998 1057
998 1345
998 1480
998 1582
998 1462
999 1534
1000 1338
1000 1586
1000 1524
1001 1314
1001 1576
1001 1230
1001 1584
1001 1305
1001 1119
1002 1091
1002 1546
1002 1132
1002 1020
1003 1183
1004 1344
1004 1334
1005 1289
1005 1435
1005 1144
1006 1372
1006 1021
1007 1196
1007 1177
1007 1374
1008 1146
1009 1249
1009 1486
1009 1174
1009 1336
1009 1247
1010 1195
1010 1419
1010 1362
1011 1133
1011 1086
1011 1511
1012 1231
1012 1526
1013 1476
1013 1391
1013 1247
1014 1217
1014 1058
1014 1258
1014 1593
1014 1054
1016 1076
1017 1033
1017 1238
1017 1342
1019 1347
1019 1181
1020 1523
1020 1396
1021 1474
1021 1494
1021 1245
1023 1584
1023 1127
1025 1204
1027 1369
1028 1112
1028 1562
1029 1064
1029 1315
1030 1076
1031 1313
1033 1162
1033 1419
1033 1038
1033 1137
1033 1530
1033 1055
1034 1425
1034 1363
1034 1473
1035 1392
1035 1238
1035 1558
1036 1448
1036 1349
1037 1301
1037 1405
1038 1108
1039 1270
1040 1195
1040 1466
1040 1597
1041 1568
1041 1508
1041 1064
1041 1069
1042 1097
1042 1229
1042 1144
1043 1421
1043 1234
1043 1278
1044 1551
1045 1124
1045 1454
1045 1076
1045 1051
1046 1580
1046 1243
1047 1536
1047 1196
1048 1313
1048 1086
1049 1072
1049 1563
1050 1080
1051 1369
1053 1469
1054 1064
1054 1491
1054 1085
1055 1194
1055 1298
1056 1440
1056 1353
1056 1449
1056 1246
1057 1443
1057 1432
1058 1413
1058 1340
1058 1501
1059 1507
1059 1158
1059 1387
1059 1239
1059 1596
1060 1345
1061 1402
1061 1583
1061 1391
1062 1353
1062 1180
1063 1156
1063 1258
1063 1358
1064 1488
1064 1206
1064 1471
1066 1222
1067 1286
1067 1332
1068 1417
1069 1155
1069 1214
1070 1383
1071 1126
1072 1347
1072 1549
1073 1412
1074 1441
1074 1258
1075 1539
1076 1345
1076 1385
1076 1545
1077 1274
1077 1462
1078 1309
1078 1285
1078 1446
1078 1576
1078 1516
1079 1239
1080 1226
1080 1238
1080 1599
1081 1519
1082 1185
1083 1195
1083 1298
1084 1187
1084 1580
1084 1431
1085 1589
1086 1381
1086 1151
1087 1293
1087 1549
1087 1580
1087 1299
1088 1173
1090 1384
1090 1390
1090 1588
1090 1270
1092 1328
1094 1144
1095 1506
1096 1409
1097 1503
1098 1103
1098 1240
1099 1270
1100 1406
1101 1384
1101 1427
1102 1289
1102 1443
1104 1392
1104 1317
1104 1158
1105 1190
1105 1228
1105 1341
1106 1122
1106 1263
1106 1214
1106 1599
1107 1417
1107 1332
1107 1430
1108 1129
1108 1545
1108 1387
1108 1326
1108 1144
1108 1597
1110 1501
1110 1158
1111 1513
1112 1251
1115 1403
1117 1563
1118 1282
1118 1474
1118 1595
1118 1599
1119 1129
1120 1563
1120 1316
1120 1348
1121 1418
1122 1143
1123 1513
1123 1461
1124 1424
1124 1594
1125 1428
1127 1344
1127 1591
1127 1245
1128 1444
1128 1384
1128 1592
1129 1317
1129 1182
1130 1376
1130 1323
1131 1429
1131 1563
1132 1298
1132 1176
1134 1171
1135 1467
1136 1411
1136 1223
1139 1333
1139 1567
1140 1295
1141 1287
1141 1394
1141 1499
1142 1411
1142 1279
1144 1476
1144 1542
1145 1418
1147 1542
1147 1516
1147 1522
1147 1341
1147 1503
1148 1479
1148 1450
1150 1404
1150 1517
1151 1298
1151 1524
1151 1589
1152 1457
1152 1175
1153 1199
1154 1204
1154 1438
1155 1328
1156 1280
1156 1376
1156 1442
1157 1388
1157 1516
1158 1167
1158 1404
1159 1434
1159 1246
1160 1461
1160 1531
1161 1578
1161 1483
1161 1524
1161 1526
1162 1452
1163 1208
1164 1444
1164 1574
1165 1217
1165 1537
1165 1467
1166 1245
1166 1535
1167 1184
1167 1472
1167 1366
1168 1250
1168 1195
1168 1378
1169 1347
1170 1554
1170 1212
1171 1483
1172 1587
1172 1431
1173 1291
1173 1428
1173 1400
1173 1530
1174 1316
1174 1192
1174 1371
1175 1238
1176 1446
1176 1256
1178 1252
1178 1394
1179 1440
1179 1292
1179 1205
1180 1419
1180 1599
1180 1270
1180 1334
1180 1243
1181 1267
1181 1562
1183 1354
1184 1504
1184 1199
1184 1316
1184 1358
1185 1504
1185 1451
1185 1206
1185 1245
1185 1341
1186 1191
1186 1204
1186 1396
1187 1481
1187 1197
1188 1210
1188 1309
1190 1307
1192 1309
1193 1446
1193 1204
1194 1416
1194 1492
1195 1280
1195 1288
1195 1496
1195 1273
1195 1370
1196 1436
1197 1266
1198 1295
1198 1583
1199 1293
1201 1321
1202 1418
1202 1517
1202 1552
1202 1364
1203 1577
1203 1485
1204 1233
1204 1237
1204 1278
1206 1378
1206 1512
1207 1358
1207 1334
1208 1347
1208 1321
1208 1587
1208 1470
1210 1377
1210 1473
1211 1480
1212 1380
1212 1382
1212 1261
1212 1454
1212 1553
1212 1555
1213 1344
1213 1343
1213 1375
1214 1270
1214 1340
1216 1528
1216 1484
1217 1426
1217 1244
1219 1251
1219 1446
1219 1471
1219 1370
1219 1404
1220 1443
1220 1392
1220 1534
1221 1450
1222 1387
1223 1524
1224 1577
1224 1548
1224 1239
1225 1302
1228 1337
1229 1283
1230 1289
1232 1563
1233 1452
1233 1264
1234 1592
1234 1471
1235 1383
1236 1397
1236 1371
1236 1246
1238 1432
1239 1559
1239 1598
1239 1534
1240 1370
1241 1580
1242 1476
1244 1506
1245 1367
1248 1555
1248 1306
1249 1339
1250 1345
1250 1445
1251 1301
1252 1581
1252 1278
1253 1336
1254 1579
1255 1523
1255 1496
1256 1464
1258 1486
1258 1328
1259 1402
1262 1286
1262 1512
1262 1581
1263 1530
1263 1582
1265 1573
1266 1450
1266 1380
1267 1531
1268 1328
1268 1332
1269 1438
1270 1544
1271 1282
1271 1566
1273 1454
1274 1286
1274 1353
1276 1480
1276 1532
1279 1375
1279 1542
1279 1302
1280 1379
1280 1285
1280 1525
1282 1492
1283 1517
1283 1422
1283 1535
1285 1316
1285 1355
1285 1402
1285 1588
1285 1305
1288 1574
1288 1494
1289 1517
1289 1524
1290 1345
1293 1333
1294 1544
1294 1399
1294 1531
1295 1575
1295 1384
1295 1520
1296 1443
1298 1514
1298 1370
1301 1313
1303 1465
1304 1538
1304 1598
1307 1445
1308 1382
1309 1390
1309 1332
1311 1364
1312 1546
1312 1581
1314 1320
1315 1348
1317 1403
1318 1478
1318 1418
1319 1337
1320 1546
1321 1548
1322 1343
1323 1500
1323 1463
1326 1455
1326 1363
1329 1458
1330 1588
1331 1526
1333 1393
1334 1419
1334 1401
1334 1562
1336 1549
1336 1487
1337 1347
1338 1377
1339 1454
1342 1507
1342 1349
1342 1498
1343 1510
1344 1395
1347 1445
1347 1567
1348 1387
1350 1586
1350 1355
1353 1370
1353 1584
1353 1590
1354 1482
1354 1489
1355 1481
1355 1541
1357 1504
1357 1400
1358 1594
1359 1389
1359 1469
1360 1433
1360 1471
1361 1502
1363 1492
1367 1453
1367 1493
1368 1408
1369 1376
1369 1443
1374 1518
1375 1539
1376 1549
1376 1463
1377 1582
1378 1399
1378 1531
1382 1504
1386 1495
1388 1424
1393 1420
1393 1585
1394 1523
1395 1404
1397 1492
1398 1512
1400 1558
1401 1404
1403 1487
1405 1433
1409 1415
1409 1454
1410 1578
1412 1429
1412 1593
1414 1526
1415 1522
1416 1485
1416 1495
1416 1432
1417 1593
1418 1577
1418 1421
1419 1504
1420 1464
1420 1546
1424 1590
1425 1509
1426 1591
1427 1480
1429 1450
1430 1507
1431 1487
1433 1488
1434 1537
1435 1512
1437 1454
1441 1472
1441 1585
1442 1585
1443 1596
1444 1552
1449 1503
1451 1532
1452 1596
1454 1516
1454 1466
1456 1563
1457 1510
1458 1499
1460 1575
1461 1544
1466 1523
1466 1501
1468 1517
1471 1574
1472 1539
1473 1515
1473 1591
1473 1528
1474 1530
1478 1516
1479 1588
1480 1587
1480 1596
1485 1597
1486 1594
1489 1539
1490 1491
1491 1588
1493 1527
1497 1554
1497 1572
1497 1559
1499 1548
1499 1529
1503 1544
1505 1591
1507 1528
1508 1549
1509 1515
1513 1519
1524 1538
1525 1560
1530 1555
1531 1569
1545 1560
1546 1598
1548 1571
1550 1577
1551 1564
1554 1569
1564 1581
1567 1585
1582 1583
