1600 4800
0 1493
0 410
0 1132
0 717
0 1351
1 2
1 343
1 280
1 154
1 251
1 1308
1 863
2 1124
2 820
2 1399
2 1057
3 384
3 998
3 175
3 373
3 24
3 603
3 1534
3 223
4 705
4 1346
4 207
4 1040
4 913
4 1426
4 1458
4 1583
4 277
5 616
5 1535
6 657
6 59
6 1411
6 733
7 1246
7 1012
7 557
7 342
7 1567
8 49
8 1428
8 1057
8 801
9 466
9 884
9 1317
9 1206
10 708
10 1419
10 1006
10 562
10 153
10 442
10 764
11 355
11 582
11 1288
11 437
11 599
11 1243
11 447
12 1447
12 1035
12 110
12 815
12 1584
12 371
12 1267
12 1588
12 698
12 29
13 1061
13 1253
13 1509
13 585
13 1039
13 1040
13 382
13 607
14 1426
14 988
14 732
14 1195
15 285
15 621
15 1171
15 109
15 462
16 432
16 410
16 1522
16 1533
16 286
17 555
17 306
17 626
17 1591
17 728
17 125
18 224
18 1156
18 973
18 559
18 1295
18 850
18 410
18 1597
18 382
19 1508
19 423
19 559
19 885
19 1372
19 1245
20 1421
20 464
20 597
20 1336
20 1018
20 1052
21 704
21 707
21 965
21 235
21 1262
21 1553
21 94
22 1415
22 1577
22 884
22 1174
22 1182
22 1471
23 313
24 464
24 1440
24 1188
24 1310
25 163
25 807
25 488
25 1598
25 1131
25 909
25 1522
25 1244
25 222
26 1540
26 1158
26 272
26 885
26 1307
26 60
26 1343
27 803
27 937
27 209
27 818
27 689
27 883
27 920
27 217
27 61
28 576
28 259
28 1191
28 1132
28 336
28 1040
28 1173
28 502
28 1497
28 571
28 575
29 1225
29 1517
29 117
29 827
29 924
30 804
30 1486
30 142
30 368
30 756
30 215
31 1056
31 1027
31 67
31 583
31 488
31 83
31 1332
32 1450
32 1081
32 1090
32 772
32 823
33 928
33 960
33 675
33 1288
33 202
33 915
33 726
33 859
34 1112
34 529
34 634
34 211
34 1469
35 313
35 533
35 319
36 1219
36 478
36 86
37 585
37 843
37 110
37 1170
37 153
37 412
38 56
38 828
38 421
38 70
38 775
39 992
39 1577
39 843
39 1069
39 722
39 986
39 1148
40 1152
40 552
40 1162
40 1208
40 345
40 637
41 961
41 485
41 743
41 463
41 1072
41 1012
41 1306
42 89
42 282
42 1527
43 1375
43 1097
43 364
43 1392
43 1201
43 1138
43 1555
43 1236
43 1556
43 1209
43 575
44 291
44 612
44 1188
44 1379
44 1196
44 692
44 542
45 1281
45 133
45 317
45 1323
45 1036
45 539
45 699
46 955
47 824
47 111
47 1276
47 1206
47 55
48 672
48 1280
48 770
48 773
48 298
48 558
48 337
48 1303
48 798
49 1057
49 482
49 423
49 369
49 535
49 635
50 1490
50 731
50 791
51 733
51 364
51 621
51 661
52 418
52 1187
52 401
52 850
52 344
52 505
52 991
53 1412
53 1061
53 1450
53 332
53 467
53 767
54 66
54 557
54 1390
54 850
54 500
54 1277
55 1474
55 679
55 1544
55 233
55 1104
55 532
55 472
56 642
56 99
56 1477
56 363
56 493
56 370
56 308
57 993
57 1287
57 1515
57 273
57 1171
57 117
57 152
58 1305
58 561
58 198
58 1183
59 456
59 945
59 1475
59 1329
60 322
60 258
60 237
60 1133
60 1230
60 272
60 1269
60 477
60 351
61 1347
61 1223
61 487
61 1258
61 62
62 1474
62 835
62 821
62 441
62 989
63 456
63 1068
63 622
63 1327
63 923
63 316
64 1344
64 609
64 1117
65 1514
65 1085
65 120
65 601
65 124
65 1341
66 1473
66 1027
66 935
66 201
66 241
66 957
67 1289
67 1099
67 879
67 818
67 1305
67 1181
68 417
68 292
68 1341
68 1033
69 936
69 425
69 813
69 1275
69 785
69 1524
69 1432
69 443
70 576
70 736
70 996
70 1449
70 652
70 81
70 1336
70 410
70 1275
70 1343
71 377
71 618
71 1228
71 810
71 881
72 753
72 1335
72 166
72 375
73 962
73 1538
73 682
73 557
73 1521
73 627
73 668
73 1596
74 96
74 1253
74 1383
74 459
74 238
74 1106
74 694
74 542
76 548
76 773
76 134
76 1222
76 1514
76 80
76 1584
76 1299
76 733
76 894
77 640
77 513
77 1412
77 1479
77 971
77 1133
77 334
77 1435
77 443
78 1210
78 412
78 1237
78 103
79 1058
79 419
79 732
79 1211
80 1231
80 1100
80 487
81 425
81 1118
81 119
82 1542
82 684
82 1580
82 882
82 1298
82 1012
82 214
82 152
82 319
83 1186
83 1098
83 1106
83 730
83 509
83 191
84 1574
84 784
84 980
84 1022
84 121
84 158
85 471
85 742
85 166
85 843
85 1269
85 1143
85 284
86 802
86 1062
86 433
86 341
86 278
86 758
86 1182
87 1572
87 461
87 372
87 469
87 1210
87 607
88 580
88 230
88 459
88 334
88 949
88 379
88 797
89 608
89 838
89 1203
89 1587
89 470
90 631
90 429
90 1365
90 661
90 791
90 1020
91 1113
91 1286
92 489
92 1371
92 179
92 292
92 1327
93 96
93 1409
93 1062
93 1160
93 330
93 975
93 1329
93 470
93 249
94 590
95 952
95 1111
96 1307
96 1203
96 1183
97 1538
97 388
97 1033
97 811
97 1387
97 1332
97 1592
98 1536
98 705
98 1415
98 359
98 877
98 213
98 1275
99 322
99 376
99 361
99 1578
99 493
99 909
100 485
100 1096
100 1576
100 492
100 563
100 1275
101 1003
101 332
101 1135
101 783
102 802
102 805
102 454
102 1515
102 108
102 301
102 241
102 1491
103 1187
103 1542
103 309
103 1593
103 1085
104 1208
104 865
104 1009
104 509
104 631
105 706
105 707
105 106
105 978
105 756
105 948
105 567
105 442
105 316
106 516
106 996
106 582
106 940
106 1585
106 1077
106 825
106 1181
106 831
107 965
107 1191
107 563
107 1015
107 986
107 893
108 1312
108 916
108 734
109 1347
109 164
109 489
109 1135
109 1167
109 468
109 117
109 479
110 425
110 1563
111 389
111 973
111 814
111 401
111 952
111 1306
111 1051
111 1244
112 1445
112 1164
112 973
112 1395
112 1044
112 570
113 636
113 435
113 631
113 559
114 919
114 1473
114 1130
114 984
114 663
115 460
115 1164
115 209
115 502
115 1463
115 219
115 636
115 382
116 680
116 412
117 385
117 1058
117 387
117 1255
117 639
117 242
117 151
117 699
117 542
117 415
118 1064
118 521
118 368
118 1169
118 699
118 1372
118 1246
119 378
119 420
119 1218
119 305
120 1312
120 549
120 1253
120 968
120 659
120 1171
120 1237
120 1364
120 1079
120 408
120 221
120 1502
121 484
121 717
121 493
121 1231
121 177
121 1362
122 579
122 931
122 773
122 517
122 293
122 775
122 1161
122 1224
122 427
122 946
122 445
123 634
123 1212
124 737
124 1108
124 1269
124 1301
124 311
124 895
125 1027
125 699
125 413
126 242
127 1400
127 617
127 955
127 1139
127 407
128 707
128 361
128 1389
128 367
128 887
128 638
129 328
129 1449
129 1108
129 1143
130 1154
130 1220
131 1265
131 299
131 790
132 689
132 1402
132 1180
132 429
132 1268
133 582
133 265
133 428
133 1038
133 382
134 1026
134 1570
134 1514
134 395
134 495
134 1594
134 1082
135 264
135 938
135 1352
135 1340
135 494
136 768
136 208
136 401
136 1460
136 734
136 959
137 1379
137 936
137 554
137 587
137 622
137 1460
137 894
138 1153
138 455
138 205
138 1202
138 147
138 1085
138 1021
139 1219
139 1379
139 934
139 1070
139 662
139 408
139 409
139 634
139 507
139 1148
139 1375
140 752
140 467
140 1053
140 278
141 872
141 1314
141 595
141 1004
141 863
142 217
142 794
142 1514
143 272
143 891
143 388
143 1028
143 1440
144 196
144 549
144 1257
144 1489
144 1172
144 1369
144 188
145 889
145 1306
145 1349
145 1343
146 352
146 1067
146 1585
146 1427
146 534
146 951
147 672
147 1408
147 678
147 359
147 907
147 1195
147 1298
147 952
148 1444
148 567
148 983
148 827
148 540
148 286
149 961
149 897
149 419
149 165
149 620
149 975
149 403
149 1046
150 201
150 299
150 301
150 654
150 975
150 1456
150 1469
150 671
151 421
151 329
151 1170
151 1429
151 1209
151 347
151 156
151 670
152 385
152 514
152 360
152 1040
152 918
152 311
153 907
153 242
153 1557
153 376
154 395
154 1501
154 222
154 967
155 480
155 1344
155 482
155 520
155 1224
155 913
155 692
155 534
155 1367
156 1221
156 263
156 812
156 877
156 219
156 1533
157 696
157 1592
157 1295
158 482
158 483
158 643
158 1516
158 1500
159 1152
159 1385
159 418
159 1283
159 1415
160 1228
160 772
160 934
160 726
160 1251
161 162
161 1315
161 1316
161 552
161 458
161 464
161 212
161 762
161 766
162 362
162 796
162 1145
163 166
163 663
164 226
164 1577
164 1004
164 1421
164 495
164 887
164 1432
164 1531
165 1324
165 1520
165 665
165 922
165 1371
165 1596
165 1214
166 467
166 1430
166 439
167 637
167 808
167 1418
167 1101
167 593
167 308
167 668
167 1053
168 221
168 487
169 856
169 1444
169 693
169 1407
170 808
170 394
170 891
170 990
171 738
171 1475
171 1522
171 1106
172 960
172 1348
172 517
172 365
172 1487
172 561
172 1458
172 1087
172 1338
172 827
172 189
172 414
172 479
173 283
173 563
173 267
173 636
173 653
174 833
174 481
174 362
174 493
175 931
175 1059
175 616
175 977
175 1107
175 1532
176 216
176 1417
176 954
176 1093
176 855
177 206
177 1295
177 881
177 915
177 1240
178 712
178 1016
178 187
178 684
179 896
179 1281
179 1188
179 517
179 943
179 1523
179 1140
179 854
180 195
180 199
180 1482
180 1523
180 1463
180 1563
180 767
181 1264
181 1469
181 967
182 1507
183 480
183 803
183 1316
183 998
183 648
183 1370
183 1469
184 437
185 1215
185 1059
185 970
185 560
185 1374
185 1471
186 1378
186 776
186 553
186 1427
186 1269
186 222
187 395
187 452
187 478
187 1586
188 384
188 270
188 1489
188 1428
188 351
189 1187
189 1255
189 911
189 1551
189 598
189 1466
189 350
189 1279
190 577
190 641
190 1163
190 316
191 1537
191 579
191 548
191 778
191 1450
191 206
191 1266
192 408
192 977
192 706
192 909
192 981
193 946
193 1131
194 1335
194 874
194 1213
194 1021
194 383
195 259
195 1074
195 787
195 1110
195 505
196 1032
196 694
196 1480
197 928
197 1362
197 548
197 1316
197 871
198 1510
198 1163
198 1323
198 372
198 1270
198 1079
198 635
198 541
199 577
199 1313
199 1002
199 624
199 851
199 1497
199 507
200 1152
200 1216
200 875
200 977
200 1591
200 1372
201 739
201 552
201 843
201 1004
201 410
201 509
202 1410
202 709
202 1327
202 858
202 959
203 934
203 651
203 1326
203 1269
203 1238
203 632
203 509
203 1182
204 487
205 708
205 1573
206 1216
206 741
206 685
206 1581
206 1459
206 1587
206 507
206 251
207 833
207 1380
207 1292
207 1549
207 1040
207 274
207 1211
207 1116
208 869
208 301
209 1218
209 964
209 296
209 1077
209 1014
209 920
209 667
209 478
210 1380
210 806
211 577
211 1417
211 1125
212 1184
212 701
212 1175
213 554
214 954
214 417
214 868
214 1257
215 1386
215 1418
215 1521
215 628
215 1556
215 1273
216 536
216 1420
216 510
217 326
217 1138
217 1362
217 279
217 318
218 1376
218 322
218 810
218 1517
218 1169
218 1299
219 996
219 711
219 1428
219 441
219 733
220 408
220 777
220 484
220 1192
220 263
221 964
221 1063
221 1383
221 719
221 1140
221 1397
221 246
221 538
221 347
222 549
222 1290
222 1370
222 1052
223 552
223 338
223 1300
223 310
224 1453
224 1395
224 789
224 757
224 1114
225 480
225 1095
225 429
225 846
225 815
225 1431
225 1531
225 734
225 1310
226 1445
226 625
226 822
226 440
226 537
227 1473
227 1506
227 836
227 1129
227 842
227 1325
227 306
227 1011
227 1141
227 1335
228 611
228 262
228 1449
228 1231
228 336
228 306
228 629
228 823
228 314
228 539
228 1311
229 1136
229 763
229 1461
229 231
230 1280
230 600
230 1483
230 575
231 1317
231 296
231 331
231 1036
231 1037
231 1264
231 1595
231 254
232 257
232 1580
232 1581
232 787
232 1235
232 309
232 863
233 451
233 646
233 267
233 781
233 855
233 1490
233 726
233 1500
234 1556
234 317
234 1079
235 355
235 995
235 293
235 437
235 1399
236 1589
236 734
237 451
237 809
237 526
237 943
237 1103
237 1393
237 887
237 699
237 893
238 1120
238 1442
238 933
238 715
238 939
238 757
238 541
238 927
239 1056
239 1373
239 926
240 426
240 267
240 1475
240 391
241 770
241 679
241 519
241 953
241 636
241 861
242 363
242 429
242 1102
242 466
243 1277
243 691
243 605
243 798
243 1463
244 1281
244 902
244 717
244 850
244 986
244 861
244 319
245 293
245 779
245 1456
245 1427
245 1081
245 668
246 280
246 1257
246 546
247 1474
247 771
247 1548
247 1325
247 499
247 892
248 1369
248 514
248 1290
248 349
248 767
249 583
249 1288
249 364
249 472
249 1465
249 923
250 472
250 625
250 306
250 1486
251 1261
252 569
252 554
252 276
252 390
252 359
253 1315
253 750
253 686
253 559
254 1097
254 1013
255 515
255 580
255 1481
255 942
255 913
255 1372
256 1441
256 1326
256 1327
257 1451
257 1579
257 1040
257 1395
257 666
258 816
259 771
259 327
259 1225
259 1035
259 1327
259 754
259 370
259 921
260 616
260 570
260 1058
260 885
260 751
261 1305
261 1388
261 1269
261 1574
261 1577
262 1539
262 364
262 941
262 1422
262 338
262 1204
262 405
262 791
262 825
262 732
263 513
263 1218
263 1229
263 1267
263 1530
263 1213
265 320
265 322
265 773
265 519
265 1020
265 783
265 756
265 956
266 668
266 813
266 390
266 1054
267 961
267 962
267 465
268 1102
268 796
268 1249
268 638
268 1391
269 1428
269 594
269 1348
269 1429
270 801
270 1327
271 570
271 1018
271 886
271 359
272 1283
272 489
272 649
272 1388
273 1190
273 584
273 725
273 1238
273 475
274 1458
275 480
275 868
275 518
275 1132
275 529
275 884
275 821
275 629
275 536
275 1176
276 1546
276 763
276 478
276 318
277 1441
277 637
277 766
277 375
278 571
278 773
278 1268
279 290
279 803
279 1156
279 656
279 1078
279 862
280 1088
280 869
280 559
280 1137
280 1207
280 826
281 1510
281 1545
281 1356
281 493
281 631
281 1119
282 579
282 1156
282 1545
282 789
282 697
283 1473
283 1040
283 947
283 1461
283 310
284 835
284 452
284 582
284 494
284 1081
284 1275
284 1598
285 1349
285 815
285 723
285 1466
285 1277
286 1191
286 585
286 1292
286 945
286 920
287 291
287 316
287 596
287 511
288 552
288 1336
288 1520
288 852
288 934
289 522
289 794
289 445
289 422
290 484
290 589
290 590
290 1243
290 447
291 546
291 496
291 1049
291 795
292 547
292 486
292 777
292 1579
292 1208
293 1411
293 937
293 1370
293 1214
294 1575
294 1322
294 1358
294 815
294 507
294 1020
295 712
295 1130
295 1492
295 1312
295 751
296 1506
296 1187
296 1285
296 615
296 1225
297 833
297 562
297 435
297 979
297 1399
298 817
298 539
298 1356
298 1589
299 1551
299 998
300 1281
300 936
300 650
300 690
300 1205
300 790
301 367
301 1556
301 469
302 889
302 1330
302 1133
302 869
302 607
303 1246
303 494
303 839
304 1097
304 1198
304 621
304 646
304 1103
305 897
305 572
305 341
306 326
306 1158
306 1144
306 1469
307 1248
307 747
307 396
307 917
308 844
308 526
308 1327
308 1588
308 1109
308 949
308 1532
309 1319
309 651
309 1201
309 562
309 660
309 1306
309 732
310 1597
311 837
311 934
311 808
311 811
311 1035
311 534
311 984
312 1225
312 1221
312 1561
313 1061
313 776
313 1548
313 336
313 628
313 891
314 1128
314 1545
314 1512
316 777
316 1234
316 760
316 537
316 1180
317 1536
317 1509
317 841
317 1098
317 1132
317 974
317 1321
317 1586
317 854
317 1079
317 412
317 765
318 1019
318 1302
318 1329
319 1356
319 429
319 1452
319 1233
319 594
319 469
319 1274
319 1052
320 1450
320 338
320 539
320 381
321 816
321 810
321 899
321 764
321 1594
322 325
322 842
322 429
322 1133
322 1454
322 350
323 1588
323 1251
323 540
323 1111
323 1071
324 729
324 554
324 1015
324 1205
324 327
325 880
325 841
325 924
325 1062
326 1191
326 1512
326 814
326 818
326 852
326 919
326 1214
327 864
327 963
327 967
327 1384
327 329
327 1259
327 364
327 1082
327 1083
328 1507
328 807
328 656
328 1149
328 1407
329 1414
329 805
329 701
330 1504
330 1354
330 1030
330 743
331 929
331 1506
331 710
331 1575
331 913
332 684
332 1423
332 345
332 797
333 737
333 359
333 936
333 1161
333 624
333 1521
333 826
333 1374
334 644
334 646
334 1577
334 659
334 1494
335 666
335 613
335 1414
336 1273
336 500
336 1428
336 698
336 445
337 396
337 400
337 1394
337 1402
337 702
338 707
338 1383
338 1447
338 786
339 370
339 837
339 470
340 743
340 937
340 1353
340 1326
340 1010
340 1299
340 884
341 1282
341 389
341 518
341 1052
342 396
342 909
342 1327
342 692
342 1238
342 890
342 380
343 962
343 844
343 1425
343 1121
344 1530
344 796
344 463
345 480
345 964
345 361
345 464
345 689
345 1203
345 916
345 569
345 957
346 1593
346 539
346 716
346 494
347 845
347 572
347 1206
348 960
348 1161
348 682
348 1584
348 949
349 647
349 360
349 1578
349 943
349 1233
349 1301
349 886
351 1571
351 811
351 377
351 959
352 1027
352 898
352 734
352 607
353 1240
353 995
353 1142
353 383
354 728
354 945
354 499
355 1475
355 369
355 1078
355 478
356 951
356 1242
356 1165
356 902
356 399
357 370
357 1292
357 405
357 957
358 672
358 625
358 861
359 773
359 678
359 616
359 1004
359 895
360 517
360 1302
361 1514
361 1233
361 529
361 1365
361 382
362 1385
362 554
362 1354
362 1101
362 818
362 723
362 562
362 884
362 1401
363 1448
363 1455
364 1331
364 597
365 1312
365 513
365 941
365 432
365 560
365 859
366 860
367 439
367 983
367 1112
367 1372
367 1247
368 1166
368 1488
368 882
368 403
368 983
368 695
368 923
368 927
369 1376
369 611
369 776
369 589
369 1428
369 440
369 1497
369 1020
369 606
369 511
370 1542
370 424
370 853
370 1144
371 1197
371 1133
371 1205
371 1341
371 895
372 1121
372 623
372 629
372 443
373 1021
373 1068
373 965
373 1131
374 1091
374 838
374 999
374 1350
374 1034
374 824
374 858
374 635
374 894
375 1024
375 1478
375 947
375 595
375 1370
376 728
376 1437
377 919
377 1069
378 1028
378 1508
378 1566
378 841
378 1009
378 915
378 732
378 1342
379 485
379 646
379 1126
379 619
379 1299
379 564
379 1523
379 534
379 1594
379 1437
379 766
379 927
380 1218
380 806
380 427
380 560
380 978
381 515
381 510
381 848
381 1333
381 1150
381 1311
382 901
382 878
382 1231
382 1202
382 700
382 1469
383 1231
383 1012
383 1079
383 1178
384 1552
384 1355
384 492
385 805
385 1036
385 1554
385 1395
386 619
386 1409
386 523
386 1108
386 719
387 1066
387 1291
388 779
388 747
388 623
388 852
388 1493
388 763
388 1084
389 704
389 514
389 548
389 1369
389 400
389 591
389 754
389 1012
389 1428
389 535
389 633
390 875
390 1291
390 816
390 947
390 862
391 1449
391 974
391 911
391 721
391 1265
392 792
392 465
392 907
392 662
393 1249
393 634
393 1299
393 766
393 1007
394 1313
394 1090
394 1061
394 872
394 844
394 1460
394 760
394 1050
395 1508
395 1578
395 1179
395 502
396 484
396 1252
396 1194
396 460
396 559
396 600
396 1437
397 1099
397 1021
397 551
398 1145
398 1546
398 1593
398 1367
398 1351
399 1219
399 1027
399 518
399 1066
399 1467
399 1151
400 1541
400 615
400 876
400 1391
400 1207
400 1374
401 578
401 1046
401 1560
402 1338
403 1092
403 1352
403 445
403 703
404 771
404 994
404 587
404 955
404 1071
405 1528
405 868
406 583
406 519
406 524
406 884
406 1044
406 1208
406 409
407 484
407 935
407 1426
407 858
407 955
408 587
408 594
408 885
408 1558
408 762
409 644
409 604
410 1287
410 684
410 1516
410 1204
410 1214
410 1567
411 945
411 1094
411 1062
411 719
412 608
412 1348
412 906
412 1493
412 1275
413 932
413 1082
413 838
413 617
413 1457
413 1495
413 1050
413 796
414 1088
414 994
414 1411
414 492
414 1371
414 445
415 1287
416 1312
416 994
416 1318
416 1319
416 489
416 684
416 473
417 586
417 1331
417 1268
417 597
417 510
418 1345
418 564
419 551
419 1587
420 921
420 1516
420 685
421 610
421 790
422 859
422 565
422 647
423 545
423 616
423 1097
423 490
423 941
423 880
423 887
424 1110
425 583
425 1167
425 946
425 531
426 740
426 1221
426 968
426 1160
426 906
426 813
426 718
426 596
427 481
427 770
427 679
427 945
427 825
428 775
428 1004
428 749
428 1235
428 1085
429 1225
429 909
429 1294
429 1071
429 469
429 758
429 1591
429 510
430 817
430 1033
431 1056
431 743
431 1322
431 1458
431 980
431 1301
431 1271
432 898
432 1512
432 1549
432 848
432 944
432 1012
433 521
434 834
434 1577
434 1007
434 1008
434 659
434 1459
434 1274
434 1535
435 448
435 1304
435 1592
435 1457
435 1459
435 567
435 504
435 1466
435 703
436 1376
436 1002
436 757
436 582
437 557
438 1472
438 1129
439 1568
439 1256
439 1329
439 507
439 572
440 512
440 986
440 1586
440 1431
440 1562
441 1378
441 632
441 1182
441 1119
442 897
442 451
442 1508
442 554
442 1130
443 1198
443 757
443 825
443 606
443 479
444 1219
444 596
444 486
445 773
446 1443
446 836
446 455
446 1197
446 688
446 1400
446 1343
447 1217
447 556
447 1201
447 631
448 1511
448 751
448 624
448 976
448 926
449 1346
449 1131
449 1575
450 1130
450 1467
450 679
451 1387
451 1134
452 934
452 1424
452 1009
452 502
452 1241
453 980
453 1596
454 1291
454 1095
455 833
455 805
455 490
455 1105
455 1078
455 1340
455 1183
456 870
456 842
456 1100
456 1516
456 1017
457 569
457 938
457 699
457 1250
457 1372
458 930
458 581
458 806
458 625
458 1048
458 1049
459 1173
460 1376
460 578
461 593
461 1299
461 597
461 591
462 1592
462 873
462 923
462 1444
463 1120
463 776
463 1035
463 1365
463 830
464 1241
464 1162
464 1228
464 538
464 765
465 1168
465 966
466 998
466 1230
466 1552
466 1300
466 1213
467 770
467 1220
467 1479
467 926
468 1421
468 914
468 1499
468 1246
468 1183
469 517
469 1047
469 1464
469 795
470 965
470 1130
470 1529
471 961
471 1129
471 911
471 1300
471 692
472 997
472 590
472 879
472 945
472 1564
472 734
473 1096
473 1130
473 1516
473 1587
473 1085
473 1279
474 744
474 1356
474 1365
474 1558
475 1412
475 1550
476 521
476 538
476 1585
477 512
477 1307
477 690
477 1220
478 519
479 613
479 744
479 782
480 1223
480 556
480 1202
480 1522
480 1109
480 1206
480 1597
481 775
482 578
482 1479
482 1006
482 660
482 821
482 696
482 1210
483 1486
483 868
483 589
484 1155
484 1479
484 625
484 790
484 535
485 740
485 549
485 1062
485 1270
486 1328
486 803
486 1383
487 551
487 843
487 1010
487 1150
487 766
488 1227
488 1487
488 788
488 989
489 550
489 1502
490 1289
490 718
490 1391
490 882
490 532
490 504
490 1593
491 1122
491 843
491 899
491 1367
492 1321
492 494
492 881
492 594
492 1460
492 1244
493 898
493 1155
493 1246
494 969
494 746
494 1162
494 1417
494 1450
494 497
494 1203
494 1366
494 503
494 958
494 1503
495 822
496 988
497 1097
498 1288
498 1241
498 734
499 881
499 1155
499 898
500 1009
500 722
500 850
500 762
501 1104
501 1393
501 1256
501 1124
501 1047
502 775
502 1524
503 824
503 1562
503 1294
504 930
504 1351
504 1096
504 1448
504 1482
505 1152
505 1577
505 828
506 807
506 780
506 786
506 755
506 628
506 1181
507 851
508 916
508 757
508 1421
508 1535
509 681
509 1512
509 1304
510 1283
510 1444
510 1539
510 1384
510 553
510 1485
510 1393
511 1387
511 1419
511 1554
511 730
512 1307
512 1156
512 1231
513 672
513 1313
514 778
514 1486
514 1589
514 633
515 1081
515 1011
516 1148
516 626
516 1287
517 866
517 1362
518 1169
518 728
518 1599
519 577
519 961
519 781
519 590
519 1140
519 1495
520 1009
520 1418
520 886
520 1118
521 739
521 1038
522 1460
522 1217
523 649
523 1031
523 1119
523 809
524 1376
524 643
524 1222
524 839
524 1524
524 629
524 793
524 861
525 1547
525 982
526 612
526 1164
526 724
526 1174
526 1019
527 944
528 1475
528 1465
528 1459
528 670
529 1288
529 1129
529 1105
529 1366
529 1212
530 642
530 1557
530 612
530 1101
531 750
533 688
533 1378
533 757
533 590
534 586
534 1169
534 1174
535 1422
535 1287
536 1368
536 1376
536 1558
537 841
537 1258
537 973
537 697
537 638
538 616
538 817
538 1431
538 990
539 1521
539 1564
540 1538
540 902
540 1452
540 755
540 1021
540 1119
541 896
541 707
541 1384
541 906
541 1296
541 1563
541 1215
542 1473
542 786
543 1016
543 1366
543 684
543 1068
543 1135
544 1289
544 730
544 746
545 1127
545 644
545 1037
546 872
546 1003
547 1412
547 1030
547 1414
547 1098
547 1330
547 1365
547 1276
547 1597
548 1175
549 1381
549 1143
550 1450
550 838
551 870
551 1447
551 1353
551 622
551 1113
551 1434
552 1543
552 810
552 1141
552 1335
553 824
553 1255
554 640
554 781
554 1559
555 1152
555 1449
555 1541
556 807
556 1230
557 1028
557 933
557 1352
557 1487
557 1040
557 1053
558 1124
558 646
558 1160
558 620
558 1486
558 1103
558 857
559 1089
559 1464
559 1423
559 1363
560 1430
561 1409
561 932
561 999
561 975
561 1587
561 757
561 663
561 1179
562 1224
562 1384
562 1388
562 1369
563 1027
563 1348
563 1225
563 1210
563 670
564 1508
564 1070
565 1030
565 1003
565 844
565 1197
565 1484
565 1548
565 1405
565 1342
566 817
566 1130
566 1514
566 877
566 1007
567 1042
567 1555
567 1114
568 1121
568 1499
568 1215
569 1413
569 1231
569 1488
569 1457
569 982
569 727
569 763
570 768
570 1055
571 804
571 1356
571 944
571 1586
571 1078
571 1114
572 643
572 1303
573 1455
573 1267
573 1222
573 967
574 1020
574 645
574 1340
575 741
575 1325
575 1583
575 1584
575 1397
576 1138
576 1553
576 834
577 748
577 1230
577 1329
577 1498
578 1185
578 906
578 1297
578 857
579 1253
579 1094
579 1196
579 1047
579 1496
579 1341
579 1183
580 1346
580 997
580 1317
580 1192
580 1448
580 1035
580 760
580 1040
580 819
580 629
580 1373
581 969
581 1132
581 1292
581 1356
581 1041
581 1525
581 918
582 939
582 813
583 673
583 709
583 637
584 1450
584 666
584 794
584 1013
585 1251
585 712
585 1417
585 661
585 1243
586 1224
586 989
586 1426
586 957
586 830
587 770
587 773
587 777
587 940
587 882
587 1525
587 1590
588 1010
588 1589
589 1411
589 746
589 683
589 1373
590 1573
590 1383
590 717
590 1012
592 1193
592 1469
592 814
593 1162
593 1586
594 1180
595 706
595 610
595 899
595 1527
595 1062
595 1325
595 637
596 919
596 798
597 1412
597 933
597 778
597 923
597 1117
598 865
598 1457
599 632
599 752
599 1411
599 1135
600 912
600 854
600 1494
600 730
600 635
601 1194
601 835
601 1588
601 1069
602 833
602 1002
602 1196
602 1438
602 671
603 1288
603 1098
603 1587
603 1332
603 1342
604 1144
604 1429
605 1176
605 931
606 679
606 1231
606 1008
606 857
606 1018
607 1420
607 687
608 1381
608 650
608 692
608 1597
608 1374
609 1282
609 692
609 1232
610 800
610 745
610 1512
611 1219
611 814
611 724
611 1019
611 668
612 1565
612 758
613 1593
613 1139
613 1180
614 1033
614 1500
614 1358
614 1583
615 682
615 1228
616 1199
617 1133
617 1389
617 822
617 986
617 796
618 1216
618 1125
618 1319
618 1197
618 750
618 1265
618 820
619 737
619 678
619 1227
619 1595
620 1505
620 974
620 1174
620 1114
621 834
621 644
621 1222
621 820
621 1047
622 672
622 865
622 866
622 829
622 979
622 669
622 767
623 1187
623 1033
623 951
624 1106
624 1379
625 1029
625 1319
626 1429
626 1284
626 1350
627 659
627 940
627 1575
627 1039
628 1280
628 835
628 1401
628 1035
628 722
628 734
629 1410
629 1506
629 1252
629 1452
629 718
629 848
629 723
629 895
630 1126
630 1403
630 1258
630 734
631 842
631 1069
631 1008
631 693
632 1128
632 1161
632 751
632 1363
632 1215
633 1056
633 1089
633 1230
633 1562
633 1303
633 1498
634 900
634 1126
634 839
634 1096
634 1241
634 986
635 1515
635 655
635 1329
636 832
636 1327
636 657
638 1378
638 815
638 849
639 840
639 1246
639 1111
640 1446
640 1551
640 1303
640 857
640 1087
641 1414
642 1569
642 1352
642 1432
643 1255
643 867
644 733
644 1081
645 1216
645 655
645 1457
645 1459
645 1462
646 682
646 1292
646 786
646 959
647 1440
647 1518
648 1028
648 1383
648 1104
648 1437
648 926
649 1097
649 874
649 1359
649 1391
649 1011
649 1333
649 763
649 1308
650 1512
650 1321
650 1576
650 941
650 1425
651 1025
651 1134
651 1524
651 727
651 697
651 1279
652 1363
652 1427
652 893
653 1359
654 1248
654 673
654 1250
654 964
654 1406
655 1565
656 1078
656 1428
656 672
657 1248
657 1542
657 1499
657 1598
658 1028
658 1416
658 1480
658 906
658 1131
658 1054
659 1200
659 862
660 1101
660 925
661 1463
661 998
661 1064
661 1047
661 1567
662 837
662 1128
662 1261
662 788
662 702
663 714
663 1264
663 1143
663 1273
664 1048
664 852
664 815
665 1505
665 1381
665 1328
665 1403
665 1535
666 1061
666 1547
666 717
666 1328
667 1204
667 1091
667 836
668 915
668 825
668 1339
669 1504
669 1177
669 910
669 836
670 1219
670 939
670 1068
670 1107
670 1247
671 1546
671 1325
672 1539
672 1390
672 1360
672 1427
672 1174
673 793
673 1583
674 888
674 1064
674 1215
675 1016
675 850
675 1265
675 1141
676 898
676 1222
676 1254
676 1578
676 909
676 846
676 720
676 1109
676 922
677 1542
677 1158
677 968
677 784
677 1335
677 984
677 1593
678 736
678 1480
679 1458
679 1085
680 841
680 754
680 1406
681 924
682 1252
682 933
682 890
683 734
684 1229
684 1599
684 1584
685 1217
685 1382
685 949
686 1219
686 1463
687 1402
688 1385
688 893
688 1532
689 1027
691 1170
692 745
692 815
692 1239
692 957
693 709
694 871
694 1038
694 1042
694 1555
694 1018
695 1186
695 1442
695 1060
695 1260
695 1040
695 1072
696 713
696 1538
696 1429
697 1281
697 1537
697 1222
697 841
698 1476
698 1167
698 1265
698 1360
698 1467
699 1130
699 939
700 1442
700 986
700 1509
701 1322
701 1564
701 1550
702 768
702 1029
702 816
702 982
703 832
703 917
703 1383
704 1299
704 1030
705 744
705 846
705 1490
705 916
705 1468
705 799
706 1468
706 1543
707 773
707 1253
707 1271
707 1083
709 896
709 1193
709 1321
709 1296
709 1494
709 1274
710 1121
710 1290
710 718
710 1552
710 918
710 988
711 1064
711 1331
711 1364
712 845
712 1361
712 725
712 1494
713 968
713 1384
713 1194
713 1354
713 728
713 1147
713 1406
714 1193
714 1247
714 1507
714 925
715 922
715 1002
716 1312
716 1539
716 1242
716 1368
716 986
717 742
717 1287
717 1100
717 1133
717 849
717 1395
718 906
718 1390
718 815
718 1459
719 1121
719 1582
719 1077
719 1309
719 892
720 1203
721 1384
721 1493
721 748
721 1108
722 1184
722 1484
722 788
722 1116
723 1573
723 1096
723 938
723 788
723 756
724 1537
724 836
724 1269
724 1564
725 739
725 1109
726 1163
726 948
726 1078
727 823
728 736
728 1115
728 1332
728 986
728 923
729 1185
729 868
729 970
729 1104
729 1369
730 804
730 1496
730 1577
730 1132
730 1392
731 1441
731 874
732 1126
732 786
732 1204
733 866
733 1257
733 1406
734 1216
734 773
734 1426
734 1244
735 885
736 1593
736 1494
737 1294
737 1073
737 1590
738 1389
738 1124
738 1333
738 919
739 1354
739 873
739 1043
740 773
740 1541
740 1080
740 1019
741 1408
741 988
742 932
743 1188
743 1061
743 1316
743 1432
743 1371
744 1031
744 1514
744 812
744 983
745 1560
745 1010
745 1090
747 1376
747 1233
747 1466
748 898
749 1444
749 1220
749 1385
749 943
749 1585
749 895
750 1335
751 1551
751 1461
752 959
752 1519
752 775
753 1540
753 1158
753 909
753 1489
753 1107
753 919
754 1226
754 1547
754 1580
754 883
754 1087
755 1556
756 1507
756 781
756 1114
756 1307
757 1353
757 1040
758 777
758 1418
758 1042
759 1075
759 1262
760 1350
760 968
760 1176
761 816
761 1350
761 1258
761 1270
761 1490
762 1199
762 1584
762 1077
763 1088
763 1490
764 1264
765 1193
765 1261
766 1259
766 1548
766 1046
766 1529
767 1190
767 840
767 1425
768 1119
769 1163
770 1504
770 1069
770 916
770 1563
770 1373
771 1494
771 1303
771 792
771 1468
772 1360
772 984
773 1186
773 902
773 1321
773 1197
773 816
774 1408
774 1121
774 930
774 1164
774 983
775 1426
775 1491
775 1401
776 1061
776 1257
776 786
776 1269
776 1246
777 1216
777 1422
777 1142
778 1420
778 1168
778 891
779 1291
779 816
779 1429
779 1050
779 1467
779 1404
780 1359
780 1122
780 823
781 1408
781 947
781 1437
782 1582
782 1356
782 790
783 1504
783 1366
783 1302
783 1500
783 1182
784 1574
784 1498
784 1109
785 1137
785 1514
785 1554
786 873
786 1480
786 1526
786 987
786 989
786 1599
787 1276
787 885
788 1570
788 1317
788 1573
788 1081
788 1181
789 1165
789 914
789 1555
789 1365
789 991
790 824
790 1562
791 1444
791 1096
791 1399
792 1280
792 1443
792 1323
793 1312
793 1421
793 946
793 948
793 1076
794 1249
794 993
795 1078
796 1560
797 1514
797 1228
797 878
798 1578
798 1041
798 885
798 1151
798 959
799 997
800 1060
800 1413
800 1560
800 1081
800 1115
801 1570
801 1364
802 1121
802 871
802 1222
802 1037
802 1142
802 1499
802 1084
803 939
803 1005
803 1493
804 883
804 1113
804 1564
805 1314
805 1031
805 1439
805 844
805 1301
805 1213
805 1343
806 1352
806 1524
807 1230
808 1505
808 835
808 1454
808 1458
808 1598
809 1282
809 848
809 1073
809 986
810 1378
810 1066
810 876
810 1006
811 960
811 1252
811 1578
811 1599
811 1361
811 1117
812 1075
812 1564
812 927
813 962
813 1476
814 1445
814 942
815 1272
815 1219
815 1432
815 1259
816 960
816 1178
817 961
817 1481
817 1550
817 827
818 992
818 931
818 1158
818 1135
818 1330
821 1313
821 1511
821 1343
822 1096
822 838
823 1409
824 1051
824 1138
824 1590
824 923
824 1279
825 1383
825 1562
825 1598
826 1056
826 1030
826 1299
826 1241
826 858
827 1016
827 1277
827 1149
828 962
828 869
828 1484
828 1208
829 1048
829 1169
829 1409
829 1403
830 1446
830 907
830 1199
830 1269
831 1577
831 975
832 837
832 1164
832 1357
832 1276
832 1590
833 1443
833 1003
833 1516
833 1116
833 988
833 1213
834 1350
834 1228
834 1198
834 1580
834 1110
835 1470
835 913
835 1425
835 1589
836 1294
836 1104
836 1013
836 1207
837 1417
837 1070
838 1299
838 1302
839 1315
839 1381
839 1146
839 889
839 1019
840 1318
840 1103
840 1074
840 1590
841 1160
841 1098
841 1107
841 895
842 862
843 1509
843 1577
844 1060
844 1295
845 1570
845 1416
846 1444
846 855
847 1273
848 1100
849 1171
849 1492
849 1567
850 1507
851 1410
851 1574
852 1359
852 1492
853 965
853 1461
853 1019
853 1436
853 1021
854 1377
854 1247
854 1414
854 871
854 908
854 1229
854 1393
854 1212
854 895
855 1205
855 873
856 1177
856 1163
857 1228
857 1043
857 1113
857 1311
858 1361
858 1433
858 860
860 1270
860 957
860 1543
861 1480
861 939
861 1356
862 1284
862 1044
863 1282
863 1546
863 1521
863 920
864 1041
864 1403
865 1545
865 1295
865 975
865 924
867 964
867 1423
867 1499
867 1113
867 923
867 1213
869 1312
869 1544
869 1132
869 957
870 1071
870 1076
870 904
871 1062
871 1542
871 907
871 1305
871 1275
872 1017
873 1377
873 1080
873 986
873 1151
874 1539
874 1395
874 1428
874 1492
875 1186
875 1237
875 1239
877 1161
877 1358
878 1592
878 1130
878 1588
879 1255
880 1385
881 1505
881 1163
881 1420
881 1421
881 1174
881 1150
882 993
882 1281
882 1130
883 891
883 959
884 1513
884 1466
884 1211
886 1480
886 1521
886 1182
887 899
887 963
887 1086
889 1227
889 1389
889 1359
889 1342
890 1162
890 1109
890 1437
890 1311
891 1027
891 1315
892 1161
892 1170
892 1178
892 1566
893 1041
894 1522
896 1313
896 977
896 1108
897 1281
897 969
897 1228
897 1104
897 1053
898 900
898 1342
899 1076
899 1562
899 1179
900 1361
900 1082
900 1418
901 935
901 1384
901 1290
901 1259
901 1338
901 1597
902 1188
902 1518
903 928
903 1511
903 1197
903 1200
903 1023
904 1240
904 1242
905 1361
905 1035
906 1316
906 1268
906 1341
906 990
907 1000
907 1099
907 985
908 1416
909 1153
909 1413
909 1289
910 1028
910 1157
911 1559
911 1510
911 1566
911 1042
911 1342
912 1559
914 1388
914 1166
915 1575
915 1544
915 1179
916 1560
916 1432
917 1236
917 1502
918 1031
918 1525
918 1050
918 1308
919 1099
919 1356
920 1446
920 1364
920 1397
920 1246
922 1512
922 1097
922 1129
923 1069
924 1384
924 1497
924 1332
924 1401
926 1576
926 1208
926 1563
926 1403
926 1053
927 1595
927 1118
928 1571
929 1400
929 1499
930 1095
930 1161
930 1545
930 1112
931 1290
932 1547
933 1213
934 1255
934 1512
934 1225
934 1354
934 1306
935 994
935 936
935 1207
935 1435
936 1587
936 1085
937 1030
938 972
938 941
939 1104
940 1281
940 1354
940 1387
940 1305
941 1472
941 1314
941 1229
941 1403
941 1307
941 1180
942 1201
942 1020
943 1184
943 966
943 1359
944 1565
944 1420
944 1296
944 1551
944 1245
945 1000
945 1426
945 980
945 1340
946 1348
946 1388
946 957
947 1162
947 1597
949 1217
949 1033
949 1015
950 1529
950 1599
951 1025
951 1510
951 1578
951 1461
951 1333
952 1377
953 1053
954 1466
955 1377
955 1424
955 1343
956 1185
956 1348
956 1354
956 1038
956 1460
956 1080
956 1051
957 1215
957 1512
957 1197
957 1430
957 1023
958 1288
958 1118
958 1512
958 1584
959 1475
959 1202
960 1314
960 1127
960 1559
961 1216
961 1004
961 1333
962 1326
963 1035
964 966
965 1408
965 1315
965 1327
965 1019
966 988
967 1062
967 1256
968 1375
969 1543
969 1481
969 1271
969 1592
971 1076
972 1321
972 1501
972 1287
973 1344
973 1033
973 1387
973 1492
973 1468
974 1431
974 1353
975 1384
975 1454
975 1455
975 1464
976 1106
978 1377
978 1191
978 1545
978 1227
978 1420
979 1219
979 1446
979 1324
979 1555
980 1220
980 1062
980 1369
981 1156
981 1495
982 1382
983 1000
983 1129
983 1010
983 1366
983 1049
983 1502
984 1219
984 1559
987 992
987 1404
987 1164
987 1501
989 1474
989 1156
989 1574
989 1386
989 1139
989 1270
990 1065
990 1060
991 1020
993 1252
993 1464
993 1417
993 1368
993 1342
994 1188
996 1000
996 1162
996 1107
996 1499
996 1565
997 1491
998 1122
998 1572
998 1587
999 1184
999 1057
999 1381
999 1296
999 1434
999 1595
1000 1408
1000 1447
1000 1468
1001 1377
1001 1003
1001 1179
1003 1479
1003 1321
1003 1054
1004 1533
1004 1350
1004 1510
1004 1304
1004 1309
1004 1053
1005 1105
1005 1169
1005 1189
1005 1558
1006 1442
1006 1313
1007 1241
1007 1356
1008 1491
1008 1069
1009 1299
1009 1396
1010 1384
1010 1454
1011 1459
1012 1447
1012 1131
1012 1269
1013 1504
1013 1091
1013 1559
1013 1117
1013 1215
1014 1258
1014 1571
1014 1260
1014 1281
1016 1028
1016 1284
1017 1198
1018 1508
1018 1029
1018 1229
1019 1127
1020 1380
1020 1074
1020 1113
1021 1296
1022 1473
1022 1047
1023 1498
1023 1324
1024 1029
1024 1581
1024 1200
1024 1491
1024 1428
1024 1140
1025 1048
1025 1090
1026 1062
1026 1312
1027 1563
1027 1146
1028 1105
1029 1100
1029 1247
1030 1312
1030 1162
1030 1594
1032 1413
1033 1316
1033 1069
1035 1218
1035 1143
1036 1065
1037 1130
1037 1482
1037 1043
1037 1471
1038 1522
1039 1411
1039 1182
1039 1223
1041 1152
1041 1220
1041 1049
1042 1340
1044 1236
1044 1513
1045 1410
1045 1084
1045 1517
1045 1334
1046 1235
1046 1076
1047 1568
1047 1349
1047 1462
1047 1310
1048 1248
1048 1400
1048 1532
1049 1393
1049 1082
1051 1314
1051 1158
1051 1461
1051 1081
1052 1516
1052 1559
1053 1056
1053 1413
1054 1457
1054 1284
1055 1104
1055 1597
1055 1326
1057 1064
1058 1540
1058 1252
1059 1588
1059 1461
1060 1334
1060 1404
1061 1125
1061 1575
1061 1110
1061 1208
1062 1068
1063 1211
1063 1427
1065 1320
1065 1338
1066 1440
1066 1320
1066 1417
1066 1258
1066 1565
1067 1179
1067 1300
1067 1580
1069 1596
1070 1155
1071 1093
1071 1357
1071 1179
1071 1311
1072 1296
1074 1489
1074 1399
1075 1204
1076 1541
1076 1448
1077 1193
1078 1423
1078 1081
1078 1183
1079 1343
1079 1598
1079 1321
1079 1259
1079 1503
1079 1552
1079 1137
1079 1490
1079 1118
1080 1105
1082 1380
1082 1388
1082 1593
1082 1587
1082 1173
1085 1476
1085 1105
1086 1493
1086 1166
1087 1276
1088 1420
1088 1332
1088 1108
1088 1595
1089 1540
1089 1365
1089 1103
1091 1529
1091 1236
1092 1396
1094 1567
1095 1156
1095 1489
1097 1345
1097 1346
1097 1415
1098 1597
1099 1416
1099 1392
1099 1589
1100 1158
1100 1273
1101 1384
1101 1102
1101 1108
1101 1431
1102 1356
1102 1148
1102 1597
1103 1293
1103 1339
1105 1135
1105 1117
1106 1295
1107 1347
1107 1316
1107 1525
1109 1270
1111 1116
1113 1157
1113 1133
1113 1521
1114 1202
1115 1255
1116 1304
1118 1190
1119 1317
1119 1198
1119 1202
1119 1523
1120 1562
1120 1178
1120 1299
1121 1282
1121 1339
1122 1516
1122 1252
1123 1308
1123 1422
1125 1257
1126 1370
1126 1486
1128 1218
1128 1496
1128 1425
1128 1527
1128 1337
1129 1428
1129 1526
1130 1579
1130 1420
1131 1261
1131 1599
1132 1527
1133 1323
1135 1267
1136 1312
1136 1268
1139 1298
1139 1303
1140 1473
1141 1414
1142 1257
1143 1516
1143 1268
1144 1360
1145 1209
1145 1489
1148 1388
1149 1347
1149 1559
1150 1164
1151 1279
1152 1240
1152 1405
1153 1472
1154 1224
1154 1497
1154 1315
1155 1428
1155 1343
1156 1325
1157 1372
1157 1521
1158 1360
1160 1216
1160 1348
1162 1504
1162 1242
1162 1327
1162 1240
1163 1564
1164 1453
1164 1424
1164 1494
1165 1448
1166 1292
1166 1202
1166 1522
1167 1262
1167 1596
1167 1182
1168 1339
1169 1417
1169 1396
1169 1557
1170 1320
1170 1328
1170 1179
1171 1346
1171 1381
1171 1449
1171 1295
1173 1186
1173 1578
1173 1522
1173 1273
1173 1597
1174 1222
1174 1547
1174 1530
1175 1539
1175 1259
1175 1488
1175 1490
1176 1584
1177 1479
1178 1539
1178 1427
1179 1508
1179 1455
1179 1272
1180 1487
1181 1224
1182 1442
1182 1573
1182 1255
1183 1536
1183 1487
1183 1562
1184 1303
1185 1257
1186 1452
1186 1484
1186 1493
1187 1349
1188 1288
1188 1233
1189 1219
1189 1243
1189 1551
1189 1359
1189 1307
1190 1574
1192 1548
1192 1582
1193 1416
1193 1389
1193 1488
1196 1380
1197 1541
1200 1307
1200 1591
1201 1354
1202 1400
1203 1474
1203 1212
1203 1341
1204 1595
1205 1410
1205 1247
1206 1568
1207 1456
1208 1442
1208 1380
1208 1526
1209 1444
1212 1240
1214 1360
1216 1224
1217 1226
1218 1554
1219 1253
1219 1306
1219 1467
1221 1331
1221 1453
1222 1238
1222 1245
1223 1577
1223 1555
1223 1501
1224 1537
1225 1383
1226 1543
1228 1501
1228 1316
1228 1459
1228 1523
1230 1502
1231 1273
1231 1254
1231 1244
1232 1507
1232 1537
1234 1301
1236 1451
1236 1266
1237 1578
1237 1458
1237 1309
1238 1404
1239 1448
1239 1329
1239 1300
1239 1495
1240 1440
1240 1581
1242 1450
1244 1422
1244 1553
1245 1550
1246 1561
1247 1569
1247 1323
1248 1576
1248 1299
1248 1437
1249 1414
1251 1556
1251 1327
1252 1486
1252 1500
1252 1404
1253 1380
1253 1361
1254 1514
1254 1570
1255 1505
1256 1297
1256 1379
1257 1327
1258 1409
1258 1521
1259 1335
1260 1494
1262 1266
1264 1327
1267 1499
1268 1537
1271 1274
1271 1522
1272 1315
1272 1301
1273 1409
1273 1274
1275 1348
1276 1451
1277 1386
1277 1590
1278 1317
1278 1301
1282 1461
1283 1422
1286 1369
1288 1359
1291 1390
1291 1329
1294 1450
1295 1480
1295 1464
1296 1488
1297 1465
1297 1480
1299 1447
1299 1548
1299 1425
1300 1425
1300 1566
1303 1572
1303 1424
1305 1528
1306 1405
1309 1555
1310 1530
1310 1437
1312 1346
1314 1458
1314 1430
1316 1334
1317 1379
1318 1395
1320 1567
1320 1340
1320 1471
1322 1488
1322 1430
1326 1471
1327 1515
1327 1401
1331 1377
1331 1424
1331 1495
1333 1359
1333 1366
1334 1382
1335 1427
1335 1467
1336 1381
1336 1375
1337 1576
1340 1523
1340 1594
1340 1565
1341 1538
1341 1497
1344 1406
1345 1353
1346 1409
1346 1501
1352 1566
1355 1454
1357 1563
1357 1379
1359 1485
1359 1528
1360 1418
1360 1586
1361 1449
1361 1405
1362 1591
1363 1458
1365 1448
1366 1456
1366 1563
1368 1518
1374 1401
1377 1414
1377 1406
1378 1433
1379 1437
1380 1471
1384 1500
1385 1391
1386 1556
1389 1416
1392 1514
1395 1597
1396 1477
1396 1415
1398 1424
1398 1403
1399 1540
1402 1509
1404 1488
1405 1414
1406 1409
1409 1477
1409 1430
1411 1485
1412 1483
1415 1477
1418 1421
1419 1537
1419 1549
1420 1443
1421 1582
1421 1438
1422 1550
1422 1530
1423 1427
1424 1548
1427 1486
1428 1441
1428 1482
1429 1582
1429 1436
1430 1473
1431 1517
1434 1440
1435 1538
1435 1527
1436 1472
1437 1451
1438 1534
1438 1469
1440 1554
1440 1597
1445 1574
1447 1491
1447 1588
1448 1557
1450 1461
1452 1551
1453 1472
1454 1552
1456 1588
1457 1581
1460 1510
1460 1553
1464 1472
1467 1496
1470 1547
1470 1556
1472 1504
1480 1587
1483 1532
1490 1540
1490 1494
1491 1537
1491 1569
1496 1578
1497 1506
1506 1508
1509 1551
1515 1545
1515 1564
1517 1531
1523 1529
1530 1580
1531 1534
1534 1553
1535 1537
1535 1580
1540 1567
1544 1589
1544 1548
1547 1553
1548 1597
1549 1567
1549 1596
1563 1577
1568 1569
