1600 4800
0 226
0 354
0 614
0 860
0 784
0 662
0 28
1 354
1 779
1 204
1 117
1 23
1 602
1 1246
2 384
2 1026
2 1091
2 390
2 903
2 973
2 622
2 724
2 184
3 952
3 609
3 842
3 1467
4 160
4 1156
4 233
4 718
4 218
4 155
4 61
5 1097
5 125
5 851
5 540
5 85
6 209
6 1474
6 117
6 141
6 1391
7 1380
7 1125
7 1317
7 71
7 1167
7 209
7 627
7 830
8 1186
8 1130
8 1264
8 948
9 1593
9 1275
9 903
10 64
10 1145
10 1164
10 1599
11 312
11 564
11 1494
12 136
12 205
12 1244
12 880
12 144
13 676
13 637
13 520
13 648
13 1263
13 1497
13 1341
14 938
14 817
14 826
14 141
15 1150
15 372
15 1173
15 950
15 487
16 729
16 1205
16 1495
16 1013
16 817
17 815
17 1429
17 149
17 759
17 1430
17 890
17 895
18 513
18 756
18 1085
18 166
19 1056
19 259
19 227
19 552
19 817
19 1299
19 1492
19 1045
19 309
19 1245
20 193
20 68
20 1549
20 1298
20 1268
20 920
20 666
21 865
21 644
21 1481
21 554
21 147
21 471
22 1251
22 1094
22 841
22 1580
22 1326
22 1295
22 1168
22 469
22 1015
22 1175
22 122
23 932
23 1226
23 76
23 431
23 1042
23 436
23 117
23 892
24 936
24 721
24 877
25 426
25 1249
25 82
25 868
26 748
27 1218
27 72
27 587
27 300
27 1419
27 1233
27 1558
27 250
27 1307
27 1212
27 927
28 544
28 807
28 172
28 1262
28 1553
28 1395
28 1109
28 1563
28 1438
29 1561
29 585
29 1299
29 950
29 78
30 675
30 197
30 785
30 278
30 1270
30 408
30 1369
30 1531
30 1144
30 1342
30 1599
31 586
31 1148
31 837
31 1014
31 1154
32 487
32 1450
32 171
32 235
32 1454
32 916
32 660
32 794
33 928
33 1217
33 1318
33 263
33 1000
33 917
33 1301
33 284
34 546
34 163
34 965
34 1004
34 653
34 1133
34 1071
34 464
34 51
35 1410
35 67
35 483
35 965
35 1324
35 783
35 48
35 1170
35 1396
35 347
35 1245
36 102
36 211
36 1068
36 1597
36 94
37 337
37 795
37 1281
38 105
38 972
38 78
38 1077
38 823
38 890
38 1595
38 412
38 447
40 1465
40 788
40 1125
41 528
41 1596
41 308
41 788
41 1566
42 1184
42 162
42 390
42 1200
42 532
42 564
43 1432
43 1401
43 266
43 405
44 612
44 198
44 1271
44 334
44 381
44 567
44 1147
44 861
44 1439
45 1236
45 141
45 1190
45 567
46 114
46 611
46 333
46 1070
46 642
47 1504
47 1538
47 1347
47 995
47 393
47 1588
47 1182
48 49
48 684
48 302
48 1039
49 289
49 1313
49 811
49 492
49 1387
49 242
49 733
49 1215
50 515
50 1030
50 363
50 268
50 472
50 476
51 486
51 613
51 166
51 311
52 1095
52 714
52 786
52 1269
52 1463
52 858
52 63
53 968
53 905
53 1002
53 1262
53 1431
54 1348
54 76
54 575
54 464
54 1073
54 799
55 195
55 836
55 521
55 492
55 1584
55 689
55 411
56 720
56 1070
56 125
56 486
56 607
57 477
58 1186
58 999
58 73
58 1052
58 184
58 1210
58 1148
59 741
59 1132
59 1581
59 342
59 827
59 222
59 1502
60 801
60 1059
60 103
60 1544
60 1161
60 1388
60 1010
60 692
60 571
61 842
61 1291
61 1357
61 1552
61 1460
61 244
62 504
62 441
62 1139
62 1225
62 1459
63 1191
63 415
63 1589
63 1179
63 1471
64 954
64 593
64 1460
64 869
65 1288
65 1386
65 1539
65 772
66 1315
66 1513
66 1294
66 174
66 658
66 567
66 1177
67 545
67 901
67 651
67 699
67 446
67 799
68 685
68 1303
69 645
69 1351
69 328
69 841
69 1386
69 523
69 1197
70 1474
70 1154
70 1314
70 718
71 420
71 1268
71 280
71 1049
71 762
72 844
72 534
72 871
73 1184
73 166
73 1136
73 467
73 762
74 1121
74 1572
74 1125
74 421
74 1064
74 628
74 1237
74 1460
74 1599
75 1541
75 233
75 1358
75 660
75 1177
75 1085
76 865
76 356
76 1034
76 1172
76 1429
76 665
76 1438
77 320
77 961
77 1544
77 842
77 588
77 337
77 1172
77 349
78 1482
78 364
78 430
78 1134
78 149
78 958
78 1279
79 689
79 747
79 156
80 705
80 1412
80 1323
80 1036
80 404
80 116
80 276
80 1076
80 1205
80 1365
80 122
81 1070
81 961
81 1597
81 429
81 278
82 421
82 1352
82 233
82 1418
82 299
82 275
83 737
83 449
83 228
83 1445
83 1318
83 1224
83 330
83 523
83 779
83 409
84 1545
84 1140
85 1409
85 519
85 1129
85 875
85 182
85 1243
86 1065
86 209
86 977
86 118
86 1178
86 1499
86 351
87 1048
87 499
87 437
87 1518
88 1025
88 676
88 1348
88 939
88 814
88 464
88 721
88 1268
88 250
88 862
89 176
89 657
89 913
89 1248
89 705
90 1217
90 1203
90 1011
90 1275
90 925
90 1535
91 137
91 233
91 1323
91 1429
91 150
91 1430
92 710
92 553
92 1513
92 592
92 759
92 734
93 1508
93 1097
93 1067
93 653
93 910
93 816
93 1529
94 722
94 579
94 548
95 643
95 837
95 647
95 1550
95 817
95 1329
96 449
96 1138
96 1179
96 382
96 815
97 1480
97 749
97 101
97 679
98 1193
98 682
98 794
98 454
98 1191
99 579
99 259
99 743
99 1193
99 301
99 782
99 497
99 1555
99 1587
99 470
99 765
100 420
100 709
100 166
100 935
100 135
100 1415
100 1194
100 1464
100 570
101 1475
101 1163
101 237
101 1550
101 181
102 512
102 1377
102 1420
102 303
102 307
102 1110
102 1175
103 736
103 129
103 834
103 1059
103 872
103 1162
103 1262
103 849
103 723
103 598
103 347
103 380
104 304
104 1151
104 477
104 1126
104 159
105 1153
105 1434
105 484
105 551
106 468
106 741
106 462
107 832
107 218
108 928
108 313
108 114
108 900
108 151
109 422
109 555
109 204
109 367
109 785
109 242
109 1459
109 473
110 1319
110 331
110 203
110 589
110 677
111 576
111 1066
111 276
111 1540
111 998
112 617
112 1565
112 1441
112 1333
112 910
113 1472
113 1361
113 1474
113 1091
113 1584
114 1221
114 1226
114 1165
114 689
114 189
115 1200
115 1010
115 1212
116 169
116 926
116 134
117 236
117 1359
117 1043
117 189
117 1407
118 195
118 1543
118 361
118 1013
118 925
119 355
119 1416
119 626
119 1530
119 731
119 861
120 385
120 853
121 577
121 706
121 796
121 357
122 1031
122 263
122 1322
122 316
123 602
123 540
123 1525
123 846
124 289
124 348
124 653
124 798
124 1407
125 448
125 357
125 360
125 1131
125 1548
125 474
125 668
126 233
126 1107
126 969
126 1014
127 515
127 716
127 660
127 1304
127 1114
127 636
128 1124
128 1573
128 358
128 1206
128 155
128 1598
129 1240
129 1049
129 1586
129 1575
130 581
130 525
130 175
130 691
130 757
130 474
130 826
131 912
131 673
131 332
131 1397
132 993
132 1541
132 1051
132 1261
132 279
133 440
133 1497
133 339
133 459
133 987
134 578
134 388
134 773
134 1222
134 169
134 1293
134 498
134 795
135 520
135 634
135 958
135 1054
136 280
136 916
137 1438
138 353
138 1058
138 711
138 1129
138 1354
138 879
138 1360
139 295
139 169
139 777
139 910
139 1166
139 1072
139 406
139 950
139 603
140 290
140 835
140 711
140 1581
140 1135
140 1396
140 917
140 185
140 410
140 990
140 1567
141 544
141 453
141 299
141 494
141 784
141 1303
142 1593
142 730
142 1282
142 834
142 678
143 1480
143 1595
143 611
143 1542
144 803
144 357
144 1446
144 395
144 685
144 1587
144 1206
144 921
145 256
145 825
145 288
145 1301
145 583
146 1457
146 866
146 844
146 549
147 504
147 740
147 412
148 480
148 1297
148 591
149 258
149 1353
149 459
149 242
149 703
150 1505
150 777
150 204
150 588
150 885
150 566
151 385
151 1057
151 1190
151 1453
151 1426
151 563
151 632
151 1566
152 1124
152 1452
152 1133
152 558
152 818
152 1494
153 1568
153 1410
153 1347
153 455
153 199
153 1481
153 1489
153 1304
154 775
154 553
154 1389
154 373
154 919
154 699
154 382
154 1310
155 954
155 654
155 1338
156 1234
156 405
156 1142
156 630
156 1271
156 701
157 353
157 166
157 1318
157 330
157 1147
157 431
157 1458
157 1491
157 1113
157 955
157 766
157 415
158 1520
158 1513
158 1203
159 257
159 1320
159 490
159 462
159 1363
160 291
160 1419
160 237
160 975
160 886
161 296
161 772
161 1381
161 1326
162 201
162 1366
162 966
162 1183
163 779
163 429
163 913
163 434
163 947
163 535
163 762
164 347
164 268
164 862
164 1319
165 283
165 244
165 815
166 548
166 1010
166 728
167 483
167 412
167 1509
168 1382
168 731
168 309
168 901
168 367
169 512
169 1410
169 837
169 1031
169 650
169 1066
169 465
169 1491
170 921
170 1002
170 1043
170 268
170 487
171 746
171 1532
171 1462
171 1564
171 605
172 1127
172 969
172 340
172 1429
172 1148
173 320
173 1299
173 1164
173 1324
174 707
174 293
174 456
174 334
174 1487
174 496
174 660
174 251
174 348
174 540
174 702
174 1310
175 1312
175 1289
175 239
175 276
175 1590
175 1149
176 962
176 702
176 720
176 594
176 1562
176 1118
177 1189
177 682
177 364
177 908
177 1004
177 847
177 1303
177 1550
177 1394
177 1554
177 663
177 252
177 1502
178 1410
178 1523
178 725
178 470
178 1592
178 1147
179 1575
179 1449
179 973
179 495
179 695
179 1242
180 1172
180 821
180 1171
180 421
181 1410
181 483
181 261
181 1223
181 714
181 243
181 511
182 1346
182 1222
182 1262
182 691
182 502
182 1046
183 952
183 838
183 698
183 310
183 1178
184 1249
184 386
184 1350
184 414
185 416
185 1254
185 1072
185 1052
185 701
186 450
186 1495
186 453
186 778
186 1041
186 1149
186 1463
186 509
186 990
187 761
187 1346
187 1035
187 1445
187 1507
188 1538
188 675
188 361
188 842
188 621
188 349
189 1040
189 907
190 1090
190 739
190 967
190 327
190 1139
190 1338
190 1118
191 1457
191 444
191 382
192 898
192 1577
192 427
192 1420
192 1366
192 793
192 1180
193 1250
193 485
193 1381
193 1256
193 204
193 221
194 1564
194 1252
194 645
195 386
195 1415
195 1033
195 681
195 627
196 555
196 1264
196 404
196 826
196 571
196 990
197 328
197 1067
197 1420
197 1581
197 433
197 436
197 312
198 1537
198 677
198 233
198 1371
198 629
198 921
198 539
199 1095
199 487
199 880
199 1173
199 1564
200 611
200 1156
200 1446
200 839
200 649
200 1294
200 912
200 502
200 1466
201 1321
201 844
201 1262
201 1043
201 1368
202 521
202 967
203 1152
203 698
203 1143
203 1063
204 935
204 1042
204 884
204 699
205 964
205 934
205 615
205 231
205 973
205 1490
206 1234
206 1101
206 1429
207 827
207 767
208 1439
208 1297
208 1451
208 1486
208 1103
209 1091
209 941
209 1263
209 1359
210 1312
210 1093
210 522
210 983
210 282
210 1052
210 255
211 417
211 552
211 904
211 221
211 1247
212 1450
212 546
212 1338
213 1159
213 1416
213 555
213 726
213 1176
213 956
214 997
214 1094
214 1367
215 566
215 967
216 1208
216 515
216 948
217 833
217 1265
217 372
217 1430
217 920
217 283
217 1534
218 672
218 1088
218 1347
218 1533
219 784
219 1465
219 243
219 1132
219 1524
220 1209
220 774
220 685
220 1391
220 1078
220 569
220 1437
221 644
221 1513
221 595
221 1174
222 795
222 1561
222 1367
223 288
223 1420
223 1355
223 376
223 1116
224 1378
224 327
224 744
224 972
224 1143
224 696
225 353
225 1508
225 999
225 776
225 336
225 1522
225 371
225 1306
226 482
226 400
226 1264
226 594
226 793
226 1148
227 1248
227 765
227 271
228 507
228 1195
228 255
229 1346
229 355
229 903
229 1384
229 1517
229 848
229 756
229 1592
229 1087
230 1320
230 1249
230 1564
231 1380
231 1574
231 647
231 841
231 1454
231 627
231 1364
231 508
232 961
232 451
232 1347
232 1318
232 680
232 1387
232 524
232 885
232 439
232 730
232 415
233 1438
233 1478
233 1293
233 1328
233 982
233 1302
234 1313
234 684
234 1581
234 1454
234 659
234 280
235 963
235 1316
235 1349
235 843
235 271
235 821
235 567
235 989
236 643
236 963
236 461
236 1399
236 1148
237 1366
237 452
237 382
238 1488
238 1355
238 499
238 1133
238 1006
239 1282
239 1192
239 1484
239 686
239 337
239 1339
239 443
239 1503
240 290
240 450
240 836
240 524
240 560
240 313
240 1307
241 1056
241 517
241 1063
241 1389
241 1553
241 466
241 1175
241 507
242 1320
242 1005
243 736
243 1442
243 1352
243 656
243 627
243 245
243 1496
243 604
244 1191
244 1588
244 1114
244 1566
245 1574
245 488
245 749
245 562
245 1301
245 886
245 1046
246 857
246 1521
246 1340
246 1343
246 303
247 1254
247 1593
247 1528
247 309
247 454
248 1481
248 1092
248 1351
248 479
249 689
249 674
249 884
249 1334
250 972
250 957
250 272
250 1233
250 893
251 1410
251 1200
251 1203
251 371
251 1052
251 861
252 496
252 1139
252 694
252 1339
252 1279
253 433
253 789
253 269
253 438
253 1137
254 555
254 717
255 483
255 644
255 742
255 594
255 1430
255 441
255 796
255 1565
255 511
256 1381
256 1032
256 722
256 951
256 959
256 1311
257 1150
257 1251
257 1364
257 1103
258 802
258 1219
258 1534
258 1039
259 549
259 1031
259 1224
259 813
259 1263
259 1336
259 1403
259 862
260 1121
260 1409
260 1126
260 1286
260 1169
260 1336
260 411
260 1532
260 699
260 863
261 737
261 1516
261 1551
261 784
261 443
261 1245
262 1376
262 322
262 1188
262 1221
262 805
262 523
262 1590
263 396
263 397
263 625
263 950
263 1305
264 593
264 786
264 644
264 765
264 670
266 1414
266 361
266 1130
266 306
266 1459
266 854
266 378
267 1547
267 1065
267 1091
267 511
268 724
268 1397
269 1504
269 971
270 1251
270 680
270 1297
270 441
270 635
270 1438
271 511
271 1140
272 1161
272 1233
272 664
272 862
272 703
273 425
273 1483
273 572
273 829
273 1303
274 1501
274 1282
274 1381
274 1323
274 629
274 413
275 833
275 751
275 1232
275 1455
275 278
275 1115
275 542
275 447
276 706
276 494
276 433
276 978
276 1135
276 1391
277 836
277 1291
277 1163
277 1429
277 1561
277 699
277 862
278 805
278 391
278 1063
278 361
278 873
278 1288
278 1587
278 727
279 608
279 1504
279 809
279 1357
279 659
279 1555
279 574
280 387
280 998
280 493
280 882
280 1331
281 1520
281 282
281 1578
281 709
282 673
282 742
282 302
282 1392
282 1169
282 1371
282 1275
282 285
283 1044
283 700
284 1119
285 1061
285 551
285 1129
285 336
285 595
285 568
286 1057
286 899
286 1123
286 1133
286 1556
286 1592
286 379
287 1209
287 300
287 1585
287 666
287 345
287 474
288 585
288 909
288 1140
288 1528
288 927
289 451
289 901
289 667
289 1275
289 406
289 919
289 1496
289 1465
289 315
290 836
290 383
290 1385
290 341
290 1368
290 1530
290 479
291 1474
291 1447
291 487
291 630
291 798
292 546
292 422
292 682
292 1148
292 1459
292 1012
292 443
292 924
293 867
293 294
293 519
293 716
293 471
293 824
294 888
294 1393
294 1533
294 359
295 777
295 699
295 1253
296 1058
296 1593
296 823
297 536
297 1473
297 494
297 1544
298 1497
298 700
298 990
298 574
299 992
299 550
299 1234
299 692
299 503
300 678
300 870
300 935
300 475
300 569
300 351
301 999
301 939
301 971
301 1198
301 1361
301 468
301 1108
301 542
302 866
302 644
302 1548
302 1142
302 542
303 1318
303 1414
303 1130
303 972
303 468
303 1341
304 1378
304 843
304 655
304 1007
304 403
304 661
304 796
305 936
305 650
305 1068
306 803
306 515
306 970
306 1559
306 1113
306 1211
306 348
307 1109
307 1069
307 671
308 833
308 1037
309 1504
309 554
309 810
309 503
309 1241
309 1335
309 382
310 1383
310 1100
310 830
310 1172
310 1524
310 1400
310 1182
311 1154
311 479
312 706
312 1381
312 1161
312 332
313 525
313 1393
313 1175
313 1405
314 845
314 558
314 657
314 1298
314 723
314 1340
314 542
315 707
315 520
315 1006
315 891
315 1469
316 1432
316 332
316 1319
316 914
317 743
317 359
317 1359
317 880
317 847
317 1501
317 991
318 567
318 326
318 1288
318 1164
318 1388
318 1296
318 1079
318 415
319 1089
319 513
319 549
319 1093
319 1095
319 1077
319 700
320 714
321 449
321 581
321 1160
321 343
321 409
321 1439
322 841
322 522
322 556
322 1233
322 1468
322 1343
323 513
323 503
323 1550
323 371
323 1111
323 924
324 1593
324 586
324 732
324 620
325 1025
325 1026
325 579
325 1126
325 1266
325 1522
325 375
326 903
326 1319
326 945
326 1041
326 531
326 1562
326 411
327 1267
327 1427
327 1589
327 855
327 859
327 1119
328 993
328 1569
328 1510
328 715
328 1014
328 1467
329 624
329 1512
329 830
329 1231
330 1431
330 996
330 367
331 449
331 776
331 788
331 1081
331 412
331 1470
332 604
333 598
333 899
333 1180
334 1576
334 530
334 871
335 1051
336 1380
336 453
336 1099
336 1515
336 471
336 1275
337 1451
337 980
337 437
338 1308
338 957
338 703
339 1537
339 709
339 869
339 646
339 723
339 991
340 1163
340 798
340 430
340 767
341 1077
341 1383
342 1253
342 1297
342 1014
342 1399
342 375
343 612
343 1255
343 1483
343 1298
343 855
343 1308
344 1553
344 1023
344 598
344 407
345 1264
345 1529
346 768
346 538
347 388
347 869
347 1483
347 981
348 428
348 1586
348 413
349 1184
349 399
349 1557
349 571
349 830
350 1517
350 530
350 1362
350 1302
350 687
351 864
351 1088
351 1511
351 680
351 1578
351 563
351 1273
351 666
351 509
351 414
352 1545
352 938
352 867
352 582
353 1377
353 1252
353 848
353 1394
353 1235
353 894
354 1544
354 649
354 1262
354 1424
355 1135
355 411
356 1418
356 972
356 1262
356 1015
356 825
356 861
357 1209
357 933
357 934
357 1576
357 939
357 398
357 1296
357 665
357 438
357 1463
357 1494
357 924
358 1112
358 1396
358 766
359 1313
359 382
359 1188
359 918
359 1053
359 606
360 549
360 1003
360 525
360 659
360 1116
361 779
361 650
361 982
362 856
362 402
362 994
362 1115
362 1005
363 1199
363 1265
363 1492
363 1271
363 1560
363 761
363 799
364 1357
364 719
364 1075
364 789
364 630
364 631
365 1442
365 1106
365 1362
365 1401
365 412
365 382
366 1057
366 504
366 1417
366 1579
366 821
366 1493
366 408
366 1310
367 1413
367 1222
368 1232
368 1035
369 1362
369 1207
370 1024
370 1056
370 1050
370 1285
370 681
370 943
370 1424
370 1520
370 466
370 502
370 634
370 923
370 1406
371 424
371 830
372 929
372 377
372 1268
372 1117
373 1144
373 1467
373 684
373 1184
374 882
374 1123
374 647
375 610
375 1115
375 685
375 1453
375 975
375 763
375 1598
375 639
376 505
376 1195
376 631
376 1513
377 1514
377 718
377 1487
377 1072
377 405
377 1078
377 1209
377 1119
377 575
378 760
378 1468
378 1031
379 729
379 1366
380 560
380 1098
380 871
380 1488
381 1186
381 1565
381 903
381 1417
381 1163
381 985
381 1117
382 1539
382 1598
382 927
382 894
383 696
383 1164
383 981
384 865
384 684
384 670
384 583
385 663
386 705
386 593
386 625
386 1402
387 1218
387 1157
387 970
387 1232
387 692
387 1021
388 910
389 880
389 850
389 924
389 525
389 1189
390 1508
390 1159
390 1579
390 877
390 685
390 1167
390 980
390 438
390 1239
391 896
391 1395
391 1275
391 1133
392 793
392 970
392 516
392 1589
393 1091
393 1221
394 511
394 678
394 463
395 753
395 1345
395 1365
395 1337
396 705
396 456
396 745
396 807
396 1274
396 908
396 661
396 474
397 738
397 1480
397 554
397 1243
397 915
397 532
397 952
397 603
397 1148
397 1342
398 1536
398 1217
398 1412
398 1128
398 1549
398 1010
398 1080
398 702
399 1574
399 1288
399 745
399 1101
399 1559
399 1341
400 1552
400 1181
400 966
400 1487
401 867
401 1339
401 1301
401 531
401 1029
402 747
402 1101
402 914
402 1205
402 1493
402 477
403 777
403 1245
404 805
404 806
404 972
404 530
404 1366
404 1435
404 1501
404 542
405 930
405 1253
405 1161
405 1292
405 1212
405 695
405 538
405 862
406 1344
406 1249
406 458
406 440
406 1116
406 1502
407 945
407 1494
407 959
408 448
408 1536
408 1132
408 1294
408 602
408 695
408 794
408 1179
409 1344
409 747
409 1043
409 1333
409 958
410 1281
410 968
410 1001
410 429
410 720
410 1008
411 480
411 1355
411 957
412 707
412 1540
412 908
412 766
412 702
413 806
413 1386
413 1358
413 912
413 1075
413 503
414 449
414 820
414 1438
415 1121
415 771
415 776
415 1068
415 562
415 1370
416 1568
416 803
416 1445
416 487
416 1040
416 600
417 706
417 1252
417 689
417 724
417 502
417 1240
418 1120
418 1387
418 910
418 1172
418 922
418 1307
419 1064
419 892
419 1461
420 1287
420 1319
420 875
420 1132
420 694
420 1208
421 1217
421 845
421 975
421 1583
421 889
421 1244
422 425
422 1161
422 623
422 1329
422 1372
422 766
423 698
423 1414
424 1075
424 1211
424 599
425 457
426 1595
426 956
426 1245
426 1502
426 1407
427 1072
427 884
427 765
428 1312
428 1125
428 820
428 1276
428 760
429 1477
429 490
429 1564
429 1236
429 1372
429 957
429 510
430 611
430 1127
430 1387
430 471
430 1465
430 859
431 616
431 1398
431 901
432 1577
432 829
432 782
432 1055
433 552
433 1256
433 1593
433 1499
433 1182
434 1137
434 1039
434 686
434 987
435 1240
435 745
435 1534
436 902
436 647
436 1297
436 914
436 1330
436 597
436 1051
437 1380
437 1381
437 1354
437 911
437 976
437 630
437 1016
437 1529
437 1055
438 998
438 1130
438 1005
438 820
439 691
439 1500
439 976
440 1250
440 443
440 836
441 1382
441 588
441 1299
441 569
442 1509
442 1166
442 1007
442 1521
442 691
442 1017
442 923
443 517
443 820
444 1386
444 1311
444 1586
444 1078
445 874
445 1573
445 493
445 1494
446 1249
446 1153
446 935
446 583
446 1451
446 725
447 1318
447 545
447 535
448 928
448 673
448 844
448 1591
449 1536
449 1570
449 1348
449 1257
450 1313
450 1187
450 1575
450 689
450 793
450 794
450 1181
450 1502
451 921
452 1380
452 517
452 807
452 1515
452 780
453 686
453 1496
454 642
454 605
454 1324
455 844
455 1265
455 1055
456 600
456 865
456 1313
457 1568
457 978
457 945
458 1005
458 875
458 989
458 1286
459 741
459 744
459 918
459 861
460 1169
460 981
460 1533
461 944
461 721
461 1226
461 1101
462 1504
462 1569
462 494
462 1585
462 952
463 570
463 1564
463 910
464 1158
464 882
464 1107
465 900
465 1589
465 988
465 509
465 1599
466 481
466 997
466 595
466 1240
466 1369
466 1435
466 1599
467 1189
467 551
467 1105
467 1265
467 921
468 1281
469 1136
469 1273
469 482
469 541
470 672
470 1028
470 1038
470 500
470 532
470 951
470 889
471 1045
471 1174
472 728
472 543
472 950
472 535
473 1025
473 778
473 1348
473 1402
474 545
474 1189
474 1439
474 1450
474 1299
474 1012
474 1272
475 673
475 1506
475 1542
475 1159
475 1043
475 1181
476 1017
476 923
476 1490
477 1250
477 1123
477 1576
477 1469
478 792
478 1513
478 1581
479 1539
479 1255
480 1124
480 680
480 1000
480 874
480 1004
480 916
480 1174
481 615
481 779
481 523
481 816
481 1241
482 840
482 1361
482 1562
483 1474
483 611
483 1028
483 487
484 1044
484 1469
484 662
485 977
485 1246
485 766
485 825
486 1458
486 1168
487 1313
487 806
487 918
487 793
488 1344
488 1194
488 1554
488 919
488 831
489 1475
489 733
489 1099
489 1389
489 1457
489 724
489 1341
490 579
490 1127
490 1291
490 1228
490 1301
490 698
491 584
491 1346
491 1564
491 1424
492 906
492 846
492 690
492 1140
492 629
492 1241
493 801
493 1065
493 917
493 952
493 542
494 1336
495 1456
495 1500
495 686
495 919
496 696
497 644
497 1379
497 1162
497 1005
497 655
497 761
498 704
498 1150
498 1579
498 958
499 997
499 1224
499 1516
499 658
499 694
499 1462
499 603
500 1417
500 1099
500 657
500 785
500 565
501 1086
501 1273
501 1555
501 1148
501 798
502 737
502 648
502 917
502 1462
502 665
503 1555
503 596
503 729
504 839
504 1103
504 1263
504 924
504 669
505 1009
505 850
505 1491
505 1236
505 917
506 671
507 1596
507 930
507 942
508 1283
508 1287
508 950
508 662
508 1595
509 1385
509 1076
509 1014
509 1207
509 957
510 739
510 1572
511 1453
511 1139
511 1467
512 653
512 1038
512 597
512 694
513 1063
513 1384
513 531
513 1437
514 624
514 911
515 1449
515 782
515 1561
516 681
516 1595
516 1333
516 1175
517 1057
517 933
517 1439
518 897
518 602
518 747
518 1548
519 1554
519 652
519 1215
520 800
520 1152
520 1031
520 1522
521 737
521 1591
521 1323
521 789
521 857
521 1146
521 1271
522 1490
522 731
522 1550
523 801
523 966
523 905
523 1516
523 749
524 993
524 1540
524 533
524 986
525 1538
525 1258
525 639
526 1589
526 1319
527 688
527 1062
527 1292
527 982
527 950
528 1569
528 1092
528 637
528 1359
528 569
528 1245
528 1055
529 1248
529 708
529 871
529 735
530 712
530 969
530 1533
531 1392
531 914
531 668
531 1021
532 748
532 1296
532 698
533 834
533 805
533 871
533 1327
533 1359
533 1042
533 791
534 1380
534 1515
534 1422
534 1039
534 1334
534 1503
535 1251
535 682
535 1559
536 1144
536 1586
536 1478
537 1280
537 1058
537 612
537 1420
537 1077
537 1208
538 1186
538 1123
538 581
538 748
538 1230
538 1172
538 605
539 721
539 1562
539 892
539 1001
540 1508
540 1318
540 1194
540 1578
540 1307
540 886
540 829
541 1205
542 577
542 1395
542 1371
544 1163
544 1462
544 663
545 1094
545 1126
545 1178
545 847
545 1425
545 917
546 1061
546 1412
546 1134
546 1455
546 1468
546 1373
546 1151
547 1082
547 915
547 677
548 871
548 1224
548 812
548 1335
549 900
549 1520
549 1529
550 1272
550 1147
551 872
551 623
551 1072
551 951
551 1022
552 1088
552 1570
552 624
552 636
553 749
553 812
553 1410
555 743
555 1511
555 664
555 639
556 1432
556 1193
556 1481
556 638
557 1273
557 1315
557 1599
557 647
558 690
558 1562
558 1548
559 635
559 1171
559 1421
559 1302
560 1052
560 782
561 1190
561 1454
561 734
561 1175
562 1443
562 1396
562 916
562 1112
562 633
563 710
563 1575
563 811
563 593
564 1423
564 1465
564 1180
564 1406
565 1035
565 752
565 819
565 1236
565 1463
566 742
566 818
566 1338
566 1308
567 813
567 920
568 1202
568 795
568 1222
568 1471
569 1357
569 657
571 1475
571 652
571 1517
571 817
572 921
572 1348
573 1059
573 1146
573 967
573 1330
573 1530
573 980
573 1238
573 1559
573 954
574 868
574 1124
574 1528
574 860
575 960
575 1305
575 935
575 777
575 1513
575 1004
575 1367
575 986
575 1049
576 1334
577 1266
577 1053
578 1390
579 992
579 679
579 1196
579 1106
579 1462
579 1048
579 1531
579 1084
580 666
580 762
580 783
581 1468
582 1228
582 604
583 969
583 669
583 1087
584 1167
584 1450
584 1235
584 751
585 864
585 615
585 1528
585 1055
586 1477
586 1230
586 1520
586 885
586 701
587 1280
587 966
587 967
587 1554
587 601
588 1253
588 671
589 1376
589 1228
589 717
589 953
589 1053
590 892
590 942
591 771
591 713
591 620
591 877
591 1535
592 628
592 753
592 941
593 904
593 943
593 1215
594 1440
594 782
594 951
594 825
594 1500
595 994
595 1384
595 974
595 1303
596 776
596 1273
596 1499
596 1160
597 904
597 938
597 785
597 600
597 889
598 1472
599 1249
599 939
599 1325
600 902
600 1262
600 1150
601 864
601 626
601 1494
602 642
602 678
603 1280
603 844
603 1071
603 1597
604 1513
604 1485
604 752
604 1104
604 658
604 884
604 859
604 1118
604 607
605 800
605 617
605 1001
605 1177
605 733
605 894
606 770
606 1157
606 1161
606 1012
606 1021
607 841
607 845
607 717
607 1084
607 880
607 1333
608 959
608 1074
608 1043
609 993
609 1004
609 670
609 1403
610 1177
610 1498
610 685
611 1415
611 1214
611 1407
612 731
612 1430
613 1472
613 694
614 808
614 1149
615 866
615 1130
616 947
616 1187
617 880
618 968
618 1570
618 956
618 1494
619 1546
619 1299
619 876
619 1453
619 943
620 1298
620 1540
620 831
621 640
621 1178
621 783
622 1544
622 1102
623 646
623 1511
623 1067
623 1580
623 1201
623 1310
624 1482
624 971
624 1181
625 882
626 1089
626 1459
626 1397
626 859
627 1449
627 844
627 1334
628 771
628 645
629 1496
629 862
630 675
630 1157
630 1543
630 1395
631 1352
631 1196
631 1292
631 1079
632 1157
632 711
632 1556
632 1561
632 1082
632 1339
632 1183
633 889
633 762
633 1258
633 829
634 849
634 1538
635 1091
636 874
636 1019
636 780
637 1570
637 900
637 1488
637 1232
638 887
639 1575
639 783
639 1137
639 1364
639 1558
639 1496
640 824
640 1385
640 1504
640 1464
641 1216
642 1346
642 1448
642 1041
642 1019
642 671
643 649
644 781
644 1527
645 1271
645 1050
645 731
646 985
646 1417
646 1019
647 714
647 685
647 1421
647 1549
647 1044
647 1333
647 958
648 689
648 1084
648 1167
649 865
649 1409
649 1449
649 1578
649 654
649 755
650 1342
650 1575
650 1419
650 880
650 1202
650 1427
650 1273
650 1022
652 835
652 1351
652 1301
652 1590
653 1324
653 756
653 1502
654 1002
654 810
654 1101
654 789
654 1372
654 669
655 961
655 901
655 1038
656 851
656 1517
657 968
657 976
657 887
657 990
658 1185
658 1252
658 850
658 890
659 1309
660 1159
660 1407
660 1010
660 1587
661 746
661 1235
661 1271
661 701
662 1296
662 1523
662 1077
664 1075
664 1570
666 1258
667 1371
667 1140
667 1541
667 958
668 1548
668 1364
669 1223
670 1224
670 1325
670 1522
670 1146
670 989
671 1479
672 1366
672 1010
672 1570
673 1107
674 1415
674 679
674 1330
674 922
674 1148
675 1156
675 1252
675 1070
675 913
675 1297
675 1110
675 926
676 1581
677 1458
677 1519
678 1587
679 1121
680 811
680 1521
680 1593
680 1242
680 1499
681 1448
681 1038
681 1271
682 1184
682 780
683 746
683 739
684 1478
685 1505
686 804
686 1310
688 1507
688 1429
688 822
688 859
688 1277
689 715
689 1017
690 1127
690 1259
690 1454
690 976
690 948
690 924
690 959
691 772
691 969
691 884
692 1419
693 821
693 1455
694 1025
694 739
694 1479
694 1260
694 1324
694 722
694 754
695 1044
695 1171
695 1308
695 1020
695 1596
696 1568
696 970
696 1002
696 1323
696 854
696 1368
697 1128
697 1516
697 911
698 768
698 1539
698 1127
698 1198
698 1267
698 1334
698 921
698 893
698 1183
699 1185
699 1489
699 1497
699 1307
700 841
700 1418
700 828
701 1573
701 1319
701 1468
701 1023
702 1574
702 1292
702 789
702 1206
702 1591
703 834
703 1110
704 1473
704 1166
704 1591
705 1287
705 872
705 946
705 858
706 1549
706 1233
706 761
706 1499
707 833
707 1222
707 712
707 1067
707 1138
707 883
708 1529
709 1244
709 719
710 977
710 1298
710 973
711 1407
712 856
712 1160
712 998
713 1099
714 1184
714 1379
714 793
715 751
715 857
715 1178
715 925
716 800
716 888
716 1208
716 894
717 770
717 1411
717 1361
717 882
717 1207
718 1466
718 1450
719 1340
719 1055
720 1553
720 1236
720 1588
720 951
720 1337
720 1596
721 802
721 997
722 1347
722 1234
722 883
722 1364
723 1003
723 1105
723 1144
724 1312
724 1446
724 1436
724 1149
725 1130
725 1521
725 1550
726 992
726 893
726 836
726 1102
728 1529
728 1506
729 1582
729 1117
729 798
730 962
730 1252
730 1066
730 1264
730 855
730 1530
730 1565
730 894
731 1456
731 1140
731 927
732 1093
732 1064
732 1164
732 1357
732 1362
733 1217
733 815
733 788
733 766
734 1467
735 1565
735 1183
736 1537
736 995
736 1481
736 1389
736 1135
736 791
737 1059
737 1233
737 1265
737 985
738 1249
738 1068
738 909
738 1148
738 1108
738 1561
738 892
738 1054
739 1222
739 1457
739 946
739 861
740 1313
740 1060
740 1227
740 1199
741 1026
741 1481
741 1043
741 1205
741 1207
741 1181
742 1311
742 1222
743 811
743 1558
743 1210
743 1245
744 868
744 1488
744 1140
744 1087
745 869
746 904
746 1395
747 999
747 938
748 1528
748 1101
748 1144
748 925
749 769
749 1465
749 1406
750 968
750 1233
750 1548
750 1013
751 1073
751 981
751 1337
752 1408
752 1314
752 791
752 1470
753 1410
754 1104
754 818
755 913
755 995
756 1308
757 990
757 922
758 1248
758 1124
758 1098
758 1132
758 977
758 1399
758 1020
759 792
759 810
759 930
760 841
760 1370
760 1402
761 865
761 882
762 1358
762 857
763 1070
763 1355
763 839
764 1293
764 1238
766 1249
766 818
766 1468
767 1166
768 1188
768 1229
768 1364
769 1504
769 1029
770 1254
770 1415
770 1031
770 971
771 1592
772 1228
772 814
772 1296
772 1147
773 1184
773 1100
773 1231
773 1103
773 1139
774 1467
774 1222
775 1096
775 1433
775 932
776 1450
776 1587
776 855
776 984
778 1377
778 1569
778 812
778 924
778 1535
779 1589
779 1402
779 1023
780 907
780 1373
780 830
781 1185
781 1005
781 1139
781 822
781 798
782 993
782 1441
782 1541
782 1586
782 1591
783 939
784 1486
784 1170
784 1338
785 800
785 1574
785 1033
785 1198
785 815
785 947
785 1307
786 1541
786 1414
786 1099
786 1451
786 1140
786 889
787 825
787 866
787 953
788 1408
788 1193
788 1515
788 1235
789 1586
789 794
789 1340
789 927
790 980
791 1193
791 817
791 1365
791 1115
791 1471
792 1514
792 1167
792 1424
792 1044
792 1142
793 1218
793 1387
793 852
793 1018
794 1071
794 1585
794 1145
794 1082
795 885
795 1081
796 856
796 849
797 1361
797 1066
797 1196
797 1409
797 1047
798 1537
798 802
798 805
798 935
798 905
798 906
798 1173
799 833
799 1366
799 1279
800 1005
801 1476
801 1546
801 1244
802 1365
802 1461
803 1078
803 1300
804 928
804 1383
804 1319
804 1142
804 862
805 824
805 1402
805 1212
806 1318
807 1464
808 1232
808 1425
808 1210
809 1281
809 1146
809 1375
810 1440
810 1463
810 963
810 813
810 1075
810 1177
811 999
811 1458
812 813
812 1136
812 1169
813 1100
813 1503
814 1354
814 1445
815 1571
815 1230
815 944
815 1398
816 986
816 830
816 1197
817 1019
817 1271
818 1581
819 914
819 899
821 1389
821 1300
821 1374
822 961
822 1073
823 1027
824 1251
824 901
824 1517
824 979
824 1400
824 989
825 849
826 1059
826 1041
826 1301
827 1282
827 1517
827 1101
827 978
828 1574
829 907
829 1581
829 1012
829 1563
830 1084
831 992
831 973
831 951
832 1127
832 1131
832 1422
832 914
832 1365
832 1502
833 1040
835 1536
835 1051
835 1599
836 1475
836 1300
836 1595
838 1320
838 1219
839 1473
839 970
839 1167
839 912
839 1180
840 1380
840 851
840 1399
840 856
840 1116
841 1319
841 1150
842 1585
843 1563
843 1424
844 1242
844 1275
844 1298
844 1082
844 957
845 1507
845 1259
845 1398
845 1435
846 919
847 931
847 1347
847 1516
847 1309
848 1400
849 1155
849 1021
850 1450
850 1122
851 1291
851 1201
851 1520
851 1171
851 1430
851 1338
852 1404
853 1380
853 1446
853 1006
853 947
853 1398
854 1180
854 1405
854 1383
855 1088
855 881
855 1457
855 893
856 933
856 1164
856 1330
857 1030
857 1486
858 1308
858 1247
859 896
859 1433
860 902
861 1161
861 1102
862 1421
862 1584
862 1211
863 1152
863 1313
864 1221
864 905
864 1012
864 1591
865 1001
865 1197
866 1123
867 1395
868 1576
869 1101
869 1340
869 895
870 1070
870 1543
871 1254
871 1073
872 906
872 1008
872 1310
873 1000
873 1582
873 1036
874 1032
874 1094
875 1540
875 1351
876 1408
876 1409
876 1538
876 1031
876 1044
876 1524
877 1177
877 1116
878 1005
879 1158
880 938
880 1397
881 1042
881 973
882 942
882 1137
882 1458
883 1066
883 1437
883 1270
884 1480
884 1084
885 1142
885 1206
886 1152
886 1132
886 1304
887 1544
887 949
887 983
887 1339
887 1180
887 1087
888 1054
889 1319
889 1450
889 915
890 1285
890 950
890 1209
890 1439
891 1000
891 1550
892 1101
892 1497
893 1050
893 1353
893 1306
893 1513
894 974
894 1137
894 1495
895 1370
895 1077
895 1460
896 1344
896 993
896 1037
896 1119
897 1029
897 1511
898 1307
898 1542
900 901
900 1178
901 1228
901 958
902 1313
902 1455
902 1430
902 1022
903 1282
903 1094
903 1510
903 1034
903 1573
903 1141
906 1500
906 1173
907 1424
908 1466
908 1199
909 1414
909 1292
909 911
909 1458
909 1046
910 1501
910 1032
910 1232
911 1504
911 1539
911 1114
912 1043
912 1399
913 1216
913 1158
913 953
914 1345
914 1540
914 1109
914 1556
914 920
914 1405
915 1327
915 1008
915 1334
915 1501
917 1090
917 1282
917 1256
917 1369
917 1175
918 1184
918 1456
918 1393
918 1234
919 1131
919 1524
919 1367
919 1215
920 1188
920 968
920 1563
921 1063
921 1321
921 1584
921 1592
922 987
923 1108
923 1368
923 953
923 1054
924 941
925 1186
925 1542
925 1256
925 1116
926 1505
926 1407
927 1098
927 1074
928 1218
928 1061
929 1116
930 970
931 1450
931 1067
931 1509
931 1494
932 1411
932 964
932 1273
932 1449
932 1035
932 1199
932 1209
933 1284
933 1524
934 1377
934 1572
934 1491
934 1493
934 1502
935 952
935 1469
936 1561
938 1288
938 1369
938 1181
939 1495
939 1251
939 990
940 1185
940 1371
940 1471
940 1569
940 1337
941 1124
941 1256
941 1003
941 1068
941 1079
941 1053
942 1379
942 1055
943 1103
943 1019
944 1211
945 1250
945 1349
945 1294
945 1487
945 1488
945 1265
945 1518
946 1304
946 1271
947 1184
948 1195
948 1165
949 1474
949 1146
949 1374
950 1286
950 1168
950 1563
950 1055
951 1536
951 1128
951 1161
951 1321
952 1181
953 1332
954 1147
954 1453
955 1443
955 1540
955 1063
955 971
955 1428
956 1555
956 1214
957 1227
957 1104
957 1041
958 1566
958 959
959 1418
959 1039
959 977
960 1160
960 1207
960 1412
960 1560
961 1220
961 1262
961 1405
961 1375
962 1300
962 1246
962 1166
963 1275
964 1232
964 1578
964 1427
965 1065
965 1330
966 1121
966 969
966 1388
966 1207
967 1071
967 1554
967 1148
968 1566
968 1495
968 1342
969 992
969 1253
969 1299
969 1398
970 992
970 1220
970 1292
970 1339
971 1096
971 1130
972 1518
972 1339
974 1131
975 1050
978 1025
979 1595
980 1001
980 1385
980 1260
980 1262
980 1277
980 1438
981 1064
981 1069
982 1185
982 1081
982 1182
983 1376
983 1267
983 1156
984 1091
984 1075
984 1365
984 1157
985 1306
986 1474
986 1189
987 1242
987 1174
988 1186
989 1506
989 1027
989 1292
989 1138
990 1092
990 1033
990 1262
990 1049
991 1118
991 1287
992 1375
992 1147
993 1279
994 1298
994 1197
995 1582
995 1190
996 1439
997 1129
997 1257
997 1321
997 1325
997 1138
997 1525
997 1558
999 1393
999 1435
1000 1088
1000 1072
1001 1497
1002 1047
1002 1240
1003 1441
1003 1320
1003 1194
1003 1245
1004 1287
1004 1199
1007 1438
1007 1287
1008 1253
1008 1574
1009 1019
1009 1411
1009 1231
1010 1476
1010 1544
1010 1358
1011 1296
1011 1476
1012 1371
1013 1224
1013 1176
1014 1539
1015 1320
1015 1105
1016 1253
1016 1430
1017 1040
1017 1139
1017 1331
1018 1160
1018 1130
1018 1102
1019 1029
1019 1192
1019 1485
1019 1551
1020 1231
1020 1244
1021 1180
1023 1577
1023 1326
1023 1370
1023 1470
1023 1535
1024 1403
1024 1251
1024 1402
1025 1359
1025 1137
1027 1220
1028 1291
1028 1379
1029 1225
1030 1061
1030 1045
1030 1062
1032 1097
1032 1361
1032 1597
1034 1392
1036 1204
1036 1462
1036 1241
1036 1310
1037 1140
1037 1394
1038 1257
1038 1340
1038 1182
1039 1384
1040 1534
1041 1432
1041 1179
1042 1131
1043 1349
1043 1486
1044 1445
1044 1072
1045 1583
1045 1168
1045 1334
1045 1143
1045 1372
1046 1349
1047 1218
1047 1359
1049 1344
1049 1080
1051 1388
1052 1463
1053 1311
1054 1499
1055 1184
1055 1239
1056 1290
1056 1329
1057 1347
1057 1585
1059 1451
1059 1305
1060 1156
1060 1342
1060 1473
1061 1215
1061 1447
1061 1194
1061 1548
1061 1074
1061 1111
1061 1151
1064 1355
1064 1530
1065 1230
1065 1584
1066 1447
1066 1392
1067 1549
1068 1183
1068 1412
1068 1181
1069 1115
1070 1510
1070 1325
1070 1140
1070 1404
1071 1102
1071 1532
1071 1502
1072 1321
1072 1398
1074 1498
1074 1103
1076 1209
1076 1548
1077 1185
1077 1135
1077 1456
1077 1591
1078 1234
1078 1146
1079 1449
1079 1141
1080 1121
1080 1446
1080 1368
1080 1598
1081 1572
1082 1280
1083 1217
1083 1202
1083 1319
1084 1445
1084 1439
1085 1275
1086 1444
1087 1236
1087 1241
1088 1376
1088 1241
1089 1315
1089 1460
1090 1429
1090 1521
1090 1568
1091 1550
1091 1436
1091 1372
1092 1388
1092 1295
1092 1559
1093 1393
1094 1393
1094 1489
1095 1269
1096 1383
1097 1558
1099 1415
1099 1527
1100 1358
1100 1535
1101 1585
1102 1380
1102 1264
1103 1546
1103 1137
1103 1469
1104 1187
1105 1244
1105 1470
1106 1514
1107 1352
1107 1276
1109 1507
1109 1224
1109 1450
1109 1202
1109 1591
1110 1595
1110 1404
1111 1299
1111 1169
1111 1157
1113 1474
1113 1267
1114 1565
1114 1470
1114 1119
1115 1313
1116 1395
1116 1466
1117 1205
1118 1255
1118 1384
1118 1567
1119 1351
1119 1401
1119 1164
1121 1235
1123 1408
1123 1286
1123 1257
1123 1200
1123 1201
1124 1211
1125 1382
1126 1152
1126 1253
1127 1146
1128 1291
1129 1451
1129 1484
1130 1572
1130 1270
1131 1196
1131 1165
1131 1553
1131 1144
1131 1403
1131 1311
1132 1335
1132 1406
1133 1313
1134 1441
1137 1153
1137 1256
1137 1203
1138 1262
1139 1264
1140 1214
1140 1501
1141 1452
1141 1430
1142 1163
1143 1204
1144 1155
1144 1353
1144 1166
1144 1585
1144 1557
1145 1266
1148 1568
1148 1539
1148 1329
1148 1307
1149 1249
1149 1497
1149 1151
1150 1243
1150 1567
1151 1267
1151 1307
1152 1321
1152 1244
1153 1514
1153 1582
1153 1239
1154 1340
1155 1274
1155 1552
1156 1191
1157 1535
1158 1377
1158 1510
1158 1479
1158 1486
1158 1503
1159 1406
1159 1232
1159 1278
1161 1568
1162 1338
1163 1496
1164 1312
1164 1318
1165 1232
1165 1397
1165 1335
1166 1348
1166 1362
1166 1533
1168 1578
1168 1342
1169 1387
1169 1173
1170 1579
1170 1597
1171 1416
1171 1300
1173 1342
1174 1193
1174 1419
1176 1360
1176 1381
1177 1190
1177 1419
1178 1503
1178 1295
1178 1566
1178 1375
1179 1386
1179 1229
1180 1321
1181 1393
1182 1384
1183 1351
1184 1304
1186 1338
1186 1557
1186 1531
1186 1535
1187 1316
1188 1469
1189 1206
1191 1403
1192 1203
1192 1590
1193 1363
1193 1302
1194 1201
1195 1575
1195 1257
1195 1514
1196 1411
1196 1382
1196 1548
1198 1428
1200 1413
1205 1383
1205 1489
1205 1370
1206 1224
1206 1352
1206 1481
1207 1506
1207 1435
1209 1375
1210 1449
1210 1300
1210 1269
1211 1568
1211 1447
1211 1387
1211 1340
1214 1286
1214 1256
1214 1390
1216 1300
1218 1410
1218 1407
1219 1280
1219 1452
1219 1421
1219 1422
1221 1477
1221 1353
1222 1345
1222 1529
1223 1334
1223 1347
1223 1500
1224 1301
1224 1498
1225 1337
1225 1424
1225 1273
1225 1403
1226 1313
1226 1386
1226 1272
1226 1407
1227 1509
1228 1462
1228 1467
1228 1375
1230 1245
1230 1502
1231 1434
1232 1413
1233 1568
1234 1528
1236 1286
1236 1362
1236 1267
1236 1469
1237 1477
1238 1381
1239 1576
1240 1250
1240 1433
1241 1383
1241 1268
1242 1515
1243 1357
1244 1324
1244 1485
1244 1365
1247 1431
1248 1505
1249 1402
1250 1363
1253 1568
1253 1515
1253 1271
1254 1317
1255 1322
1255 1491
1255 1590
1256 1541
1257 1445
1257 1518
1258 1509
1260 1414
1261 1270
1263 1546
1263 1519
1263 1393
1264 1421
1264 1395
1265 1556
1265 1404
1266 1382
1266 1554
1266 1299
1267 1313
1267 1509
1267 1322
1267 1524
1269 1417
1270 1376
1270 1420
1270 1596
1271 1486
1271 1278
1272 1292
1273 1542
1273 1403
1273 1565
1275 1530
1277 1497
1277 1561
1278 1576
1278 1485
1278 1496
1278 1465
1279 1466
1280 1441
1280 1309
1282 1365
1282 1525
1283 1492
1283 1589
1284 1505
1284 1427
1284 1462
1286 1380
1287 1444
1287 1572
1287 1512
1287 1519
1287 1436
1289 1381
1289 1510
1290 1404
1291 1376
1291 1427
1292 1454
1292 1333
1292 1532
1293 1576
1293 1456
1293 1468
1294 1461
1295 1517
1298 1518
1298 1459
1298 1588
1298 1438
1299 1411
1299 1405
1299 1436
1301 1440
1303 1492
1304 1536
1306 1422
1307 1569
1308 1519
1309 1341
1309 1325
1310 1450
1310 1398
1312 1418
1314 1561
1315 1358
1316 1326
1317 1526
1318 1582
1319 1378
1319 1566
1320 1497
1320 1335
1322 1455
1323 1404
1327 1587
1328 1489
1328 1566
1328 1455
1330 1424
1331 1465
1331 1493
1332 1492
1332 1381
1333 1374
1334 1554
1337 1390
1338 1364
1339 1481
1339 1560
1339 1586
1340 1513
1340 1585
1340 1529
1341 1494
1343 1574
1343 1451
1343 1390
1344 1389
1344 1427
1349 1370
1349 1599
1350 1558
1353 1501
1353 1454
1353 1462
1355 1376
1360 1542
1363 1492
1366 1513
1366 1559
1368 1370
1371 1418
1373 1481
1373 1429
1375 1540
1378 1481
1378 1399
1379 1475
1379 1437
1383 1465
1383 1550
1384 1470
1387 1559
1387 1437
1388 1476
1390 1530
1392 1544
1394 1534
1395 1396
1396 1494
1398 1496
1399 1425
1399 1556
1400 1480
1403 1414
1403 1586
1404 1467
1405 1545
1405 1489
1406 1514
1407 1579
1407 1583
1410 1594
1413 1491
1414 1475
1417 1438
1423 1502
1424 1564
1425 1516
1426 1504
1430 1450
1433 1521
1435 1481
1438 1558
1441 1568
1443 1448
1444 1549
1446 1591
1448 1503
1450 1536
1450 1581
1450 1584
1458 1578
1473 1504
1474 1521
1476 1488
1477 1492
1478 1480
1479 1509
1479 1521
1479 1499
1480 1575
1482 1560
1482 1495
1483 1503
1484 1492
1485 1501
1487 1538
1488 1591
1491 1507
1492 1513
1500 1546
1501 1506
1501 1540
1503 1542
1505 1516
1512 1524
1516 1544
1519 1524
1527 1556
1532 1586
1532 1589
1540 1591
1543 1544
1546 1577
1547 1559
1552 1594
1560 1583
1565 1582
1581 1592
1587 1599
1589 1596
