1600 160
1 1083
2 1014
4 1106
4 71
5 955
8 646
9 138
9 743
14 787
17 523
19 691
27 424
35 1389
45 100
52 96
83 622
86 1354
92 1305
96 1192
105 850
107 1125
120 251
121 941
125 1286
126 1221
138 873
141 324
146 1084
164 844
172 1088
172 365
177 477
185 349
204 375
205 875
213 1563
220 849
228 290
233 281
239 347
246 396
246 1372
251 883
266 432
270 1059
271 1331
276 437
277 1214
283 589
293 1203
304 959
314 622
314 767
334 460
338 1216
346 1490
348 1015
349 965
356 1085
360 1392
375 481
379 1294
395 771
399 1557
405 1051
414 1000
444 1207
449 821
450 847
455 609
458 1266
464 1261
484 628
493 886
498 1066
503 1497
547 812
548 1456
552 577
567 854
577 1017
578 664
582 846
584 1439
588 1308
596 1008
610 701
630 1058
630 1292
630 758
645 759
647 955
649 900
651 1128
656 1027
669 717
681 779
702 1160
703 1083
707 1016
710 956
753 790
754 1509
767 1155
779 938
780 957
781 1358
791 1125
794 1302
808 818
810 1489
826 893
837 1161
844 1302
847 1103
849 1396
865 1506
870 961
872 1118
876 1571
889 1119
890 1212
898 1414
912 928
917 1489
922 1054
926 1200
928 1224
934 1451
935 1214
939 1420
947 1548
949 1313
954 1156
967 1553
975 1259
976 1445
980 1292
983 1450
1005 1414
1017 1030
1035 1265
1051 1544
1054 1596
1080 1099
1098 1393
1103 1555
1119 1264
1125 1542
1129 1340
1138 1441
1143 1342
1172 1254
1231 1459
1242 1434
1296 1564
1324 1540
1381 1531
1548 1596
1552 1557
