1600 4000
0 40
0 872
0 651
0 493
0 1519
0 83
0 157
0 543
1 1061
1 749
1 910
1 1328
1 1426
1 917
1 796
2 498
2 139
2 244
3 1456
3 65
3 459
3 737
3 1033
4 34
4 38
4 518
4 492
4 81
4 1363
4 21
4 1564
4 1596
5 123
5 252
6 658
6 1075
6 1373
6 101
6 783
7 609
7 1066
7 1179
7 429
8 192
8 545
8 103
8 175
8 1231
8 214
8 984
8 1499
9 1224
9 1114
9 924
9 703
10 378
10 1398
10 1388
10 101
10 1238
11 801
11 586
11 1166
11 214
11 1193
12 192
12 707
12 1098
12 459
12 1037
12 367
12 383
13 352
13 709
13 888
13 565
13 1326
14 1344
14 1355
15 1321
15 722
15 1179
15 748
15 814
16 137
16 526
16 633
16 885
16 1145
16 1467
17 289
17 199
17 1256
17 80
17 371
17 799
18 642
18 1587
18 1254
18 1359
19 456
19 905
19 651
19 1580
19 413
19 542
20 1463
20 474
20 1593
20 1373
20 231
21 1573
21 1352
21 442
21 1147
21 1468
21 1438
22 1593
22 962
22 374
22 159
23 1203
23 1557
23 1491
23 1007
24 1382
24 1449
24 1420
24 783
24 496
24 147
24 1429
24 312
25 160
25 546
25 1244
25 904
25 566
26 1185
26 1034
26 1486
26 691
26 1398
26 1433
27 168
27 1413
27 389
27 238
28 744
28 1544
28 844
28 1166
28 464
28 241
28 1493
28 1051
28 1468
28 831
29 1016
29 788
29 855
30 74
30 498
30 46
31 936
31 1517
31 1586
31 1123
31 373
32 1040
32 1418
32 67
32 1004
33 1405
33 1533
33 379
33 973
33 910
34 464
34 169
34 126
35 696
35 1355
35 733
35 78
35 63
36 1375
36 518
36 1343
37 1417
37 978
37 323
37 1479
37 719
38 1312
38 769
38 706
38 109
38 241
38 1204
38 1176
39 732
39 837
39 1229
39 1102
39 849
39 1212
39 478
40 1448
40 774
40 998
41 1346
41 966
41 1512
41 1385
41 107
41 348
42 398
42 1233
42 1074
42 1554
42 696
42 188
43 656
43 943
43 885
43 494
43 103
44 232
44 269
44 917
45 772
45 332
45 1102
45 211
45 348
45 157
46 961
46 1122
46 1035
46 49
46 86
46 1079
46 665
47 160
47 1573
47 347
47 1356
47 1101
48 964
48 1160
48 1129
48 971
48 1487
48 436
49 418
49 642
49 206
49 51
49 988
49 894
50 241
50 1333
50 1117
50 759
51 608
51 338
51 409
52 114
52 580
52 1045
52 590
52 386
53 577
53 324
53 1546
53 270
53 79
53 861
54 866
54 484
54 72
54 124
54 1209
54 380
54 1597
55 364
55 286
55 295
56 162
56 947
56 1382
57 866
57 1507
57 1005
57 1421
57 1135
57 539
58 930
58 334
59 1196
59 1389
59 286
60 1129
60 645
60 382
61 1088
61 897
61 181
62 620
62 476
62 404
62 1245
62 758
63 938
63 318
64 617
64 515
64 1577
65 713
65 382
65 1543
66 1392
66 547
66 163
66 1207
67 808
67 613
67 1207
68 1526
68 873
68 906
68 1014
69 873
69 1115
69 1054
69 1209
70 1472
70 1227
70 668
70 861
70 1076
71 1560
71 937
71 682
71 99
71 1157
72 994
72 1260
72 81
72 952
72 440
72 1498
73 1306
73 1548
74 214
74 1391
75 1522
75 627
75 308
75 1529
75 1274
75 475
76 1002
76 1020
76 375
77 320
77 969
77 1330
77 499
78 1345
78 1347
78 1478
78 588
78 1293
78 655
78 1458
78 1467
78 158
79 1346
79 707
79 554
79 945
79 948
79 407
79 1335
79 863
80 144
80 1483
81 843
81 576
81 84
82 328
82 1484
82 1038
83 1001
83 1418
83 367
83 1424
83 1075
83 919
83 1209
83 1468
83 828
84 1272
84 731
84 1055
85 345
85 1570
86 578
86 772
86 1170
86 371
86 153
87 817
87 1075
87 446
88 194
88 1586
88 1295
89 1498
89 1301
89 654
89 1455
90 696
90 769
90 1061
90 101
90 1449
91 480
91 433
91 739
91 156
91 574
92 920
92 689
92 579
92 916
93 1554
93 596
93 182
93 538
93 1534
93 383
94 1011
94 1060
94 1275
94 1598
94 1100
95 1065
95 1250
95 300
95 1394
96 1410
96 995
96 414
96 951
97 1540
97 366
97 1392
97 790
97 186
97 831
98 320
98 560
98 1301
98 1122
99 1345
99 1186
99 1476
99 1553
99 819
99 371
99 343
99 895
100 320
100 1577
100 859
100 764
101 1347
101 1252
101 1093
101 173
101 816
101 978
101 179
102 898
102 1043
102 1371
102 1541
102 1199
103 1029
103 294
103 241
103 662
103 151
104 450
104 346
104 1190
104 230
105 834
105 421
105 1545
105 1199
105 664
105 894
106 640
106 145
107 488
107 1451
107 467
107 757
107 251
108 552
108 234
108 875
109 421
109 1414
109 582
109 137
109 842
109 1533
110 866
110 1542
110 1001
110 1110
110 1113
110 250
111 408
111 1579
111 923
111 493
111 919
112 965
112 1196
112 1494
112 1207
112 857
112 667
112 1310
113 993
113 1393
113 1516
113 1321
114 1355
114 835
114 133
114 431
115 200
115 1513
115 138
115 1457
115 1492
115 1591
116 838
116 1243
116 749
116 590
116 575
117 1252
117 1190
117 199
117 428
117 976
117 1012
117 733
118 858
118 1355
119 832
119 948
119 925
120 281
120 1484
120 604
120 993
121 977
121 836
121 525
122 768
122 585
122 372
122 1445
122 1430
123 202
123 1196
123 374
123 503
123 1180
123 862
124 968
125 530
125 492
125 604
126 968
126 1202
126 563
126 341
126 1433
127 928
127 1538
127 771
127 327
127 206
127 1465
128 1538
128 999
129 1093
129 678
129 1294
130 1297
130 426
130 1277
131 1283
131 1099
131 483
131 661
133 391
133 1389
133 1007
133 561
133 147
133 1565
134 704
134 418
134 1546
134 1114
134 914
135 242
135 1555
135 940
135 1012
135 671
136 609
136 1417
136 1068
137 835
137 197
137 460
137 1082
138 544
138 1591
138 1219
138 235
139 546
139 968
139 621
139 1071
139 574
140 169
140 199
140 239
140 293
140 151
141 290
141 644
141 394
141 1392
141 1468
141 1149
142 912
142 313
143 622
143 175
143 656
143 1107
143 628
143 1077
143 1526
143 668
144 750
145 1283
145 1270
146 449
146 1386
146 867
146 1243
147 339
148 528
148 618
148 493
148 1181
149 224
149 201
149 876
149 567
150 897
150 1555
150 1150
151 1441
151 612
151 265
151 969
151 846
151 175
151 181
151 342
151 1113
151 1019
152 521
152 667
152 1100
152 1173
152 911
153 1570
153 653
153 471
153 858
153 1564
154 961
154 930
154 1025
154 1284
154 1534
154 1095
154 432
154 345
154 734
155 993
155 1572
155 1510
155 657
155 181
155 1047
158 1160
158 753
158 1051
158 798
159 485
159 1321
159 1481
159 1035
159 1168
159 1077
159 472
159 1407
160 642
160 554
160 1235
160 1398
160 700
161 1395
161 458
161 1155
161 868
161 509
162 736
162 938
162 747
162 501
162 437
162 1087
163 995
163 1122
163 1507
163 903
163 941
163 1232
163 1435
164 714
164 266
164 1171
164 1585
165 416
165 809
165 619
165 1524
165 443
165 379
166 1122
166 1052
166 1170
166 230
166 262
167 200
167 674
167 244
167 1082
167 968
168 832
168 791
169 1440
169 513
169 548
169 907
169 1521
169 1075
170 690
171 1390
171 390
171 260
171 262
171 1151
172 1448
172 444
173 610
173 646
173 1191
173 1416
173 1457
173 1529
174 1313
174 546
174 243
174 810
174 934
175 1090
175 1003
175 1453
175 1240
176 418
176 453
176 1190
177 1168
177 401
177 487
178 1256
178 1278
178 327
179 1533
179 403
179 325
179 191
180 813
180 990
181 509
181 1157
181 337
182 193
182 779
182 684
182 659
182 883
183 612
183 494
183 1137
183 213
183 502
183 567
183 1270
184 1064
184 793
184 1361
184 1343
185 1313
185 1509
185 429
185 206
185 526
185 915
185 1077
185 1047
185 1374
186 934
186 1392
186 1014
186 1495
186 251
186 318
187 1565
187 811
187 526
187 1422
187 1171
187 244
187 572
187 797
188 1480
188 292
188 906
189 728
189 598
189 1017
189 470
189 1038
190 1394
190 612
190 662
191 737
191 804
191 231
191 363
191 1101
191 945
191 629
191 1369
192 329
192 1580
192 720
192 1557
193 1058
193 757
194 620
194 565
195 566
195 1183
196 897
196 978
196 1501
196 1246
197 1125
197 1352
197 585
197 1384
197 1329
197 371
198 680
198 212
198 622
198 1231
199 802
199 696
199 543
200 1507
200 1223
200 1494
200 1239
200 763
201 989
201 799
202 609
202 973
202 1181
203 306
203 932
204 767
204 1076
204 575
205 1534
205 1019
205 629
205 1206
205 807
206 1024
206 364
206 1134
206 950
206 760
207 1438
207 1367
207 383
208 713
208 1183
209 592
209 1557
209 1451
209 1165
210 377
210 978
210 827
211 1397
211 290
211 1018
211 430
212 934
213 418
213 867
213 696
213 782
213 626
213 248
213 793
213 282
213 286
214 609
214 232
214 689
215 419
215 1356
215 1489
215 341
215 695
215 927
216 505
216 418
216 1166
216 1407
217 1041
217 1103
218 1409
218 1221
218 933
218 711
218 680
218 1574
218 1067
218 1242
219 344
219 1109
219 1230
219 1488
220 992
220 1058
220 1538
220 1033
220 1290
220 1271
220 1468
221 1269
221 1329
221 1505
221 517
221 983
222 390
223 560
223 1549
224 256
224 642
224 867
224 1156
224 1322
225 617
225 398
225 782
225 912
225 1457
225 661
225 1015
226 382
226 1347
226 1073
226 435
226 1044
226 790
226 794
226 958
227 1202
227 426
227 715
227 546
227 549
228 527
228 593
228 401
228 1556
228 502
228 664
229 1218
229 261
229 614
229 235
229 367
229 657
229 853
230 1024
230 280
230 1369
230 1114
231 499
231 709
232 582
232 1353
232 1484
232 434
232 280
232 1210
233 632
233 1201
233 1214
233 1423
234 1186
234 777
234 364
234 300
234 1303
234 1372
235 360
235 1352
235 415
236 1396
236 306
236 331
236 1244
237 1576
237 937
237 1560
237 1168
237 882
237 1557
237 631
237 632
237 1080
238 682
238 717
238 782
238 1234
238 409
238 285
239 1114
240 1512
240 1457
240 1058
241 865
241 484
241 627
241 1469
242 353
242 299
242 985
242 1454
243 1570
243 527
243 407
243 380
243 412
243 927
244 586
244 590
244 1077
244 1463
244 1085
245 1368
245 708
245 655
245 432
245 1528
245 255
246 803
246 517
247 555
247 350
247 495
248 1261
248 1095
248 455
249 880
249 1344
249 812
249 766
249 767
250 856
250 673
250 1540
250 741
251 1185
251 1508
251 902
251 462
252 1474
252 1030
252 1296
252 593
252 530
252 1362
252 948
252 857
253 305
253 1508
253 533
254 1381
254 1192
254 1448
254 811
254 268
254 686
254 1112
254 508
255 1304
255 1394
255 1103
255 445
256 721
256 898
256 1060
256 1196
257 265
257 1159
258 744
258 490
258 339
258 430
258 798
259 395
260 1408
260 1077
260 778
260 997
261 512
261 418
261 428
262 1153
262 1554
262 677
263 585
263 747
263 844
263 1427
263 377
263 988
264 929
264 1513
264 1005
264 311
265 1009
265 846
266 712
266 467
266 880
267 1017
267 1247
267 883
267 1347
267 279
268 761
268 1307
268 1507
269 1512
269 970
269 1599
270 1441
270 1105
270 1524
270 920
270 1148
270 733
271 994
271 1415
271 1095
271 442
271 411
271 1375
272 1443
272 1445
272 677
272 1287
272 1096
272 781
273 1593
273 858
273 1250
274 1485
274 1298
274 597
275 1068
275 1550
276 588
276 1173
277 857
277 314
277 909
277 790
278 1384
278 733
278 639
279 1414
279 300
279 1426
279 595
279 596
279 1114
280 324
280 1045
280 1558
280 505
281 1552
281 1560
281 397
281 1496
282 365
282 1075
282 756
282 1531
283 954
283 874
283 1266
283 1530
283 1495
284 616
284 1555
284 931
285 1104
285 545
286 692
286 723
287 1113
287 673
287 1343
288 1286
289 577
289 1379
289 1354
289 822
289 1052
289 767
290 337
290 722
290 981
290 924
291 720
291 547
291 1205
291 1134
292 606
292 1127
293 480
293 1140
293 610
293 1131
294 1448
294 1293
294 1326
294 659
294 825
294 602
294 991
295 880
295 839
296 842
296 1300
296 1359
297 1346
297 535
298 1041
298 1150
298 774
298 495
299 352
299 1448
299 1488
299 859
299 1564
300 1478
300 1323
300 754
300 986
301 944
301 777
301 706
301 916
302 1280
302 1545
302 843
302 1163
302 1094
303 1495
303 1062
303 973
303 749
303 1554
303 1015
303 634
303 1437
304 1000
304 1419
304 1487
304 1562
304 1178
304 795
304 414
305 563
305 1132
305 1110
306 1131
306 434
306 723
306 1500
306 1374
307 1475
307 1514
307 1204
307 1528
307 985
307 634
308 548
308 613
308 714
308 1362
308 755
308 639
309 833
309 1377
309 611
309 592
309 565
309 1561
309 1182
309 543
310 1497
311 1166
311 1235
311 1464
311 1499
311 444
312 341
312 1338
312 315
312 1053
312 927
313 960
313 585
313 1418
313 587
313 1453
313 1262
313 346
314 1344
314 579
314 772
314 942
314 1586
314 404
314 1592
315 512
315 844
315 339
315 660
315 607
316 737
316 1154
316 329
316 502
316 1464
316 1343
317 752
317 1166
318 492
318 1423
318 1489
318 1395
319 1504
319 1551
319 374
319 510
320 524
320 844
320 1134
320 1453
320 818
320 1363
321 972
321 372
321 367
322 833
322 526
322 655
322 721
322 342
322 1531
323 995
323 746
323 334
323 1524
323 1464
324 479
325 1413
325 746
325 558
325 1298
325 765
326 424
326 762
326 659
326 656
327 1280
327 1040
327 1236
327 506
327 765
328 736
328 645
328 1065
328 1577
328 494
329 1569
329 996
329 452
329 376
330 1363
331 611
332 996
332 873
332 491
332 1585
332 504
332 762
332 1343
333 1288
333 1185
334 1196
334 947
334 1044
334 1111
334 1241
334 1055
334 893
334 447
335 928
335 839
335 1582
335 1586
335 469
335 799
336 900
336 1412
336 458
336 524
336 494
336 912
336 1459
336 1206
336 347
336 1277
336 447
337 1090
337 807
337 564
337 853
337 666
338 714
338 1204
338 1443
339 1096
339 561
339 1426
339 1533
339 731
340 776
340 876
340 1005
340 665
340 987
340 767
341 1591
341 508
341 639
342 1080
342 1195
342 742
343 1526
343 1172
343 726
343 390
344 1465
344 1163
345 1219
345 1383
345 1384
345 1514
345 1169
345 1274
345 988
346 1550
346 1267
346 471
346 639
347 1503
347 780
347 1516
347 859
347 703
348 1323
349 527
350 994
350 1222
350 457
350 397
350 1337
350 959
351 1440
351 739
351 1225
351 1532
351 592
351 979
351 436
351 892
352 692
352 420
352 661
353 744
353 428
353 1149
353 928
354 1318
354 948
354 629
354 1084
354 1092
355 697
355 787
355 1455
355 1206
355 359
356 1198
357 1269
358 1370
358 1091
358 1477
359 1334
359 393
359 1459
359 654
360 640
360 1112
360 1124
362 1114
362 565
362 1118
363 1440
363 924
363 925
363 678
364 608
364 1487
364 1238
365 640
365 1187
365 1067
365 1079
365 1431
366 963
366 684
366 1165
366 816
366 1143
366 1433
366 703
367 929
367 707
367 977
367 1426
367 1369
368 1089
368 1121
368 714
368 401
368 724
368 1012
368 854
369 555
369 998
370 924
371 1495
371 1063
371 1099
371 530
371 1585
371 436
371 758
371 1434
372 1192
372 1513
372 1396
372 1373
373 977
373 770
373 1377
373 1401
374 928
374 392
374 1599
374 1326
374 435
374 470
374 605
375 1330
375 1339
375 1469
375 1343
376 1096
376 510
376 521
377 690
377 738
377 1103
378 730
378 668
378 765
378 997
379 581
379 1135
379 628
379 507
380 537
380 1449
381 561
381 1309
381 1516
381 477
381 1023
382 866
382 614
382 445
383 451
383 1191
383 1035
383 438
383 919
384 1127
384 875
384 1387
384 1233
384 602
384 1210
385 1416
385 490
385 1476
385 1508
386 1123
386 1522
386 724
386 1147
387 993
387 1384
387 559
387 1424
387 1464
387 826
388 1056
388 1196
388 591
388 722
388 1523
388 729
389 891
389 578
389 866
390 1111
390 868
391 477
391 852
391 751
392 822
392 1561
392 1595
392 597
393 1408
393 537
393 522
393 1416
394 1534
394 611
394 1276
394 710
395 1342
395 527
396 1527
396 1276
396 837
396 711
397 580
397 836
397 1445
397 1510
397 753
397 1148
397 990
398 1163
398 935
398 423
399 1299
400 970
400 1174
401 1440
401 743
401 655
401 956
402 928
402 579
402 708
402 910
402 826
402 1054
403 1568
403 1497
403 1054
404 464
404 1000
404 597
405 1530
405 1140
405 1030
406 1452
406 1028
406 1181
406 847
407 1250
407 1003
407 1201
407 1144
407 729
407 1086
408 609
408 657
408 1521
408 568
408 699
408 862
409 597
409 921
409 701
409 1055
410 1017
410 452
410 789
411 584
411 1044
411 1190
412 509
412 934
412 1511
412 1293
412 698
412 733
413 1133
413 1303
414 885
415 657
415 1434
415 1551
416 1024
416 753
416 499
416 981
416 1400
416 637
417 634
417 1140
418 969
418 1325
418 435
419 898
419 543
419 1477
420 994
420 531
420 839
421 1281
421 1511
421 1032
421 1486
421 1556
421 1143
422 423
423 1314
423 871
423 1319
423 1022
423 954
423 1182
424 648
424 468
424 605
425 594
425 796
425 662
425 567
426 672
426 1220
426 799
427 1280
427 995
427 1347
427 1157
427 919
427 721
427 1234
427 1143
427 601
427 1148
427 1436
428 1382
428 1041
429 704
429 449
429 1286
429 876
429 1009
429 1245
430 1412
430 1291
430 1486
430 819
430 467
430 790
431 827
431 803
432 528
432 748
432 831
433 1169
433 781
434 715
435 1177
435 1381
436 612
436 613
436 517
436 964
436 1127
436 1263
436 1175
437 1360
438 1088
438 1325
438 1587
438 692
438 1213
439 1024
439 515
439 932
439 1558
439 455
440 1582
440 1362
440 1398
440 1047
440 1338
440 1564
441 1122
441 905
441 1099
441 460
441 1330
441 1589
442 1240
442 943
442 483
443 1032
443 1417
443 629
443 631
443 569
443 670
444 617
445 1474
445 934
445 786
445 952
445 510
446 1242
446 859
446 1258
446 477
447 1037
447 557
448 680
448 1118
448 787
448 1357
448 838
449 741
450 1225
450 1034
450 1080
451 1074
452 934
452 621
452 593
452 474
452 1307
452 893
454 1048
454 866
454 621
454 614
455 1282
455 1538
455 683
455 1074
455 1523
455 1046
455 1276
456 1346
456 1256
456 682
456 1261
456 1293
456 1263
456 695
456 507
457 1571
457 1006
457 567
458 1056
458 1418
458 1043
458 1204
458 669
459 821
459 675
459 1572
460 985
461 672
461 785
461 1205
461 1366
461 1562
461 479
462 771
464 1231
465 1476
466 696
466 1457
466 491
466 1120
466 798
467 1093
467 617
467 850
467 1267
467 980
467 1081
467 1052
469 1378
469 1291
469 1484
470 737
470 558
470 823
470 1146
471 681
471 778
471 1308
471 669
472 961
472 1418
472 1498
473 1541
473 1222
473 647
473 652
473 1404
473 989
474 1089
474 1355
474 1587
474 1372
476 899
476 1445
476 1385
476 650
476 972
476 530
476 1209
477 1272
477 1054
478 806
478 1288
478 1479
478 654
478 1586
478 565
478 1468
479 935
479 871
479 1199
479 1295
479 766
480 767
481 500
482 1173
482 524
482 807
482 1142
482 799
483 1254
483 1543
483 811
483 751
483 1054
484 681
484 717
484 1070
484 1325
484 593
484 767
485 928
485 673
485 850
485 978
485 532
485 1498
486 728
486 651
486 976
486 527
487 875
487 908
487 1581
487 977
487 819
487 1107
487 1266
487 1049
487 765
488 875
488 641
488 862
488 751
489 917
489 903
490 1216
490 676
490 1175
490 602
490 1471
491 857
491 963
491 663
492 675
492 1030
492 1163
492 1265
492 952
493 1029
493 1516
493 1464
493 1210
493 796
494 608
494 1197
494 1520
494 1012
495 1508
496 541
496 1544
496 1394
496 983
496 666
496 1176
496 927
497 1467
497 651
497 1460
497 1237
498 1413
499 676
499 647
499 1417
499 1578
499 527
499 881
499 1043
499 728
500 885
500 1530
500 645
500 526
501 1185
501 549
501 503
501 984
501 601
502 1455
502 913
502 1399
502 605
502 1439
503 1410
503 1322
503 1491
503 1587
503 889
503 1245
504 1099
504 652
504 819
504 628
504 895
505 1427
505 804
505 1016
506 516
507 1296
507 1116
508 900
509 992
509 1103
509 1373
510 748
510 877
510 1072
510 1587
510 1055
511 1489
511 1259
511 1246
511 1447
512 1212
512 902
513 1514
513 1492
514 857
514 795
514 1521
515 684
515 1012
515 597
515 1464
516 1010
516 1371
516 1262
516 1275
517 994
517 747
517 1490
518 745
518 623
518 1075
518 796
519 1142
519 749
519 982
519 1055
520 1293
520 1478
520 565
520 862
521 1550
522 645
522 937
522 1080
522 828
522 543
523 1510
523 1217
523 1165
523 1278
524 962
524 1255
524 1338
524 1148
524 1182
525 777
525 1423
525 1296
525 1140
525 1588
525 829
526 1156
526 551
526 1579
527 643
527 1486
527 1135
527 1551
527 695
527 894
528 1352
528 1421
528 1325
528 974
529 793
529 1466
529 929
529 1132
529 839
530 553
530 657
530 1522
530 1334
531 1108
532 883
532 972
532 1100
533 624
533 1475
533 772
534 1187
535 1548
535 1597
535 559
536 706
536 1405
536 741
536 1054
537 1360
537 854
538 1228
538 1566
539 1420
539 1519
539 1364
539 1493
539 1560
540 768
540 749
540 791
541 1253
541 998
541 1230
541 755
541 1559
542 1427
542 653
542 1455
543 1446
544 736
544 963
544 1485
544 728
544 761
544 1053
545 1346
545 1588
545 1559
546 1554
547 1516
547 1399
548 1222
548 1471
549 1576
549 1282
549 1436
550 585
550 1213
550 1031
551 794
551 1547
551 708
552 627
553 554
553 1391
553 791
554 1057
554 833
554 811
554 1298
555 1307
556 975
556 582
556 687
557 616
557 1280
557 1344
557 590
558 1498
558 858
558 1420
559 873
560 1533
560 1389
560 910
561 1508
561 1222
561 1542
561 763
562 664
562 1243
562 1165
563 618
563 1322
563 954
563 826
564 1567
564 1456
564 884
564 1335
564 1529
564 863
565 1250
565 657
565 1460
566 1026
566 680
566 1325
566 590
566 1009
566 1498
567 976
567 947
568 627
568 877
568 1326
569 1582
569 582
569 903
570 1442
571 1408
571 1111
571 983
572 784
572 953
572 1049
572 1479
573 896
573 804
573 1576
573 690
573 1555
573 1109
574 1152
574 1348
574 615
574 1289
574 875
574 946
574 1011
575 833
575 579
575 1059
575 1379
575 1167
575 1328
576 929
577 1399
577 1081
579 1329
579 1458
579 1277
580 1126
581 1107
582 928
582 902
582 1031
583 905
583 1243
583 1351
583 767
585 969
585 657
585 1271
585 1304
586 1298
586 1575
587 1163
587 926
588 1264
589 1521
589 975
589 1302
589 783
590 1227
590 974
590 1105
591 672
591 947
592 1290
592 1164
592 1357
592 732
594 1348
594 1550
594 806
594 1310
595 1297
595 1339
595 1412
595 1325
596 703
596 1498
596 1406
597 1338
597 924
598 833
598 980
598 772
598 924
599 961
599 1066
599 1217
599 911
600 1333
601 896
601 727
602 1072
602 1458
602 630
604 1478
604 1095
604 775
604 938
604 762
605 953
606 800
606 985
606 731
607 626
607 1476
607 1565
608 1305
609 786
609 892
609 1183
610 1307
610 1204
612 1002
612 1493
612 700
613 1506
613 1251
613 1528
614 1377
614 1252
614 1374
615 1033
615 882
615 1463
615 1081
616 1568
616 843
616 787
616 982
616 791
617 846
617 799
618 1156
618 1170
618 780
620 777
620 1393
620 1588
620 1599
622 1293
622 880
622 1176
622 1308
623 1211
624 697
624 708
625 1457
625 890
625 916
626 672
626 706
626 1435
627 769
627 698
628 737
628 1162
629 664
629 1083
630 1034
630 1150
631 1550
632 960
632 1474
632 1033
632 809
633 864
633 711
633 872
633 1068
633 759
633 1113
633 954
634 1456
635 1112
635 1306
635 1180
635 966
636 883
636 939
636 675
636 925
637 1265
637 1055
638 1136
638 1202
639 684
639 1293
639 1582
639 958
640 1288
640 1289
640 753
640 852
640 1500
641 1031
642 1257
643 1123
643 1256
643 1065
643 662
643 699
644 768
644 1049
645 1071
645 885
645 859
646 672
646 909
646 1055
647 1124
647 935
647 1037
647 941
647 1166
648 1329
649 1598
649 793
649 1066
649 1359
649 1351
650 838
651 659
651 729
652 852
652 1542
653 1148
653 1076
653 1213
654 1031
654 1525
654 988
655 803
656 964
656 1383
656 1240
657 1537
657 972
657 1565
657 1054
658 1568
658 1170
659 1127
659 1303
660 1376
660 1137
660 876
661 1456
662 807
662 1451
662 1206
662 859
663 1333
663 1003
664 1153
664 1414
665 930
665 1171
665 980
665 1142
665 950
666 1217
666 1162
666 779
666 1010
666 756
666 858
666 1183
667 1248
667 1036
667 1581
667 1358
668 1356
669 1192
670 673
670 1554
670 796
670 855
673 1472
673 802
673 1389
674 1248
674 945
674 1018
674 1532
674 1278
675 1317
675 810
675 957
676 737
676 913
676 1301
676 1566
677 1007
679 1431
679 1254
679 959
680 1292
680 895
681 996
682 1341
683 747
683 926
684 802
684 871
684 903
684 1241
684 795
685 1036
685 1237
686 870
686 905
686 751
686 851
686 1204
687 1099
687 1151
688 1403
688 818
688 1315
688 716
689 1313
689 970
689 735
689 1592
689 1215
690 1029
690 909
690 885
691 702
692 1482
692 754
692 1171
692 1182
693 1548
693 1182
694 1240
694 1520
694 1212
694 1324
694 1295
695 859
695 963
696 1578
696 1587
697 923
697 734
698 1091
699 1284
699 806
699 1324
699 817
699 1274
699 860
700 1138
701 782
701 991
702 819
702 1410
702 711
703 1179
703 845
703 1016
703 862
704 906
704 779
705 1040
705 1518
706 1015
706 959
707 1140
707 889
708 870
708 748
708 956
709 1248
709 901
709 1201
709 767
711 787
711 1340
712 1031
712 907
712 716
712 1140
712 1273
712 1466
713 963
713 1286
714 1000
714 1455
714 1245
714 957
715 1410
715 741
715 872
715 1195
715 1464
716 897
716 1475
716 808
716 920
716 1400
716 1497
717 1266
717 1508
717 1255
718 1384
718 1356
718 1383
719 1201
719 773
719 1538
719 822
721 933
721 934
721 1035
721 826
722 1367
722 1336
722 890
723 1027
723 1544
723 1172
723 1279
724 1352
724 838
726 1081
726 1378
726 1571
727 1167
727 1552
727 1057
728 1057
728 1142
728 1368
729 1156
729 731
730 929
730 762
730 974
730 1401
730 1308
731 808
731 1461
732 969
733 1062
733 1035
733 1483
733 1014
733 1018
734 992
734 1209
734 1491
734 1468
735 835
736 1260
736 1042
736 823
737 1056
737 1354
737 1419
737 1166
737 1167
737 1309
738 913
738 931
738 753
739 969
739 1303
740 1585
740 778
740 899
741 1153
741 1032
741 1099
741 1515
741 849
741 945
741 1105
741 799
742 1552
742 1299
742 1111
744 1564
744 764
745 968
745 1170
745 1300
745 1424
746 1328
746 1495
747 1075
747 1052
748 769
748 909
749 1194
749 1099
750 1422
750 1039
751 838
751 1222
751 1234
751 1527
751 989
752 1563
752 791
753 1007
753 882
754 970
755 1044
755 979
755 1175
756 784
756 1577
757 1166
758 962
758 996
758 1394
758 1299
759 792
759 1413
759 1234
760 1527
761 1114
761 1235
761 1364
762 1572
762 1061
762 1318
762 1550
762 1490
762 1529
763 1134
763 806
763 1488
764 1256
764 1551
764 1240
765 1127
765 1464
766 954
766 1324
766 1518
767 778
767 1227
767 1419
767 1514
767 850
767 1587
767 1208
768 1317
768 1223
768 1288
768 1016
769 1538
769 945
770 1005
770 883
770 1196
770 983
771 1030
771 781
771 1016
771 1048
771 1087
772 993
772 1034
773 841
773 780
773 1422
773 1111
773 1243
775 1126
776 984
776 1315
777 1570
777 1321
778 1345
778 1190
778 1135
779 868
780 829
781 1270
781 1542
782 786
783 1299
783 1175
783 1369
784 1511
784 1240
784 889
784 1183
785 987
785 1275
786 1128
786 809
786 1112
786 1439
787 967
787 1131
787 1557
788 900
788 1460
788 1495
788 1562
788 1246
789 964
789 826
789 910
790 1473
790 1531
791 1157
792 1035
792 1324
792 1157
793 854
794 1259
794 1453
795 1188
795 1516
795 976
795 1234
795 1370
796 1335
796 824
796 1531
797 1580
797 925
798 1451
798 1168
798 1402
799 1376
799 843
799 1112
799 1564
799 1470
800 1174
800 915
800 1004
800 1310
801 1413
801 1095
801 1293
801 1522
801 1140
801 1400
802 968
803 1160
804 1025
804 1418
804 1469
804 958
805 1305
805 849
805 1076
805 862
805 998
806 1442
806 1171
806 887
806 1150
807 864
807 1111
808 1411
808 1464
808 1279
809 1271
811 1152
811 942
811 1435
811 1524
811 1014
812 1027
812 963
812 1548
813 1442
813 904
813 1481
813 1329
813 856
814 983
815 1312
815 990
816 996
816 1427
816 1594
816 1339
816 1183
817 1101
817 877
817 1588
817 958
817 1151
818 890
818 1231
820 1220
821 1313
821 1187
821 1516
821 1485
821 1040
821 1495
821 1433
822 1056
822 1326
822 942
823 1425
823 1258
824 1017
824 1523
824 957
825 1570
825 934
826 898
826 1414
826 1168
827 1009
828 1408
828 1035
828 1356
828 1143
829 1128
829 945
829 867
830 1283
830 1293
830 1214
831 932
831 1034
832 1099
832 940
832 1360
832 1598
833 1376
833 964
834 1058
834 1588
835 863
837 1358
837 1342
839 1233
839 1400
840 1147
840 1412
840 1495
842 1008
842 1584
842 1173
843 1005
843 1176
844 1128
845 1183
846 931
846 1490
846 1270
846 922
847 1431
848 1186
848 1555
848 986
848 1419
849 1187
849 1163
849 1166
849 855
849 893
850 1025
850 1406
851 1322
851 1244
852 1350
852 1512
852 1241
853 1444
853 1092
853 1512
853 1394
853 959
854 1504
854 1062
854 1319
854 1323
856 1121
857 1156
857 1383
857 1498
858 1216
859 1498
860 1434
861 1391
861 1333
861 1295
862 1453
862 1339
863 961
863 1517
863 1230
863 1041
863 1203
863 918
863 1436
864 1209
864 1421
864 1142
864 1018
865 1505
866 1458
866 1586
868 1383
868 1018
868 1179
869 888
869 1355
869 1115
870 1284
870 1390
870 1583
870 1489
871 1170
872 934
873 1447
875 1558
875 1018
876 1027
877 1499
877 1285
878 1545
878 1259
878 1590
879 1356
879 1190
880 1072
881 989
881 1391
882 1026
882 1449
882 1323
882 1078
883 1380
883 1256
883 1003
883 1213
885 1196
885 1389
885 1080
885 1150
886 1458
887 1365
888 1123
888 1579
888 910
888 1499
888 989
892 1451
892 1458
892 1491
892 1403
894 1409
894 1040
894 1587
894 926
895 904
895 1193
895 1392
895 1488
895 1078
895 1535
896 1132
896 1422
896 1351
897 1164
897 1170
899 978
900 1587
900 1255
901 1148
903 1089
903 973
903 1038
903 944
903 954
904 1407
905 1351
905 1483
905 1117
906 1216
906 1226
906 908
906 1132
906 1324
908 954
908 937
908 1557
909 1076
909 1273
909 986
910 940
911 1067
912 995
912 1545
913 1599
913 959
914 1361
914 1483
915 1332
915 1585
916 943
917 1058
917 1331
918 1392
918 1335
918 1436
918 1101
919 1416
919 1482
919 1242
920 1086
920 1510
921 1442
921 1265
921 967
922 1072
923 1078
924 1442
924 1481
924 1010
924 982
925 968
925 1274
925 1215
926 961
926 963
926 1132
926 1587
927 1482
927 1307
928 1359
928 1594
929 1441
929 1146
929 1417
929 1298
929 1079
929 1245
929 1598
930 1051
930 1477
931 969
931 1072
931 1048
932 1121
932 1483
933 1027
934 1063
934 940
934 1554
934 1531
935 1129
935 1531
935 1564
936 1024
936 1030
936 1575
936 1324
936 1164
936 1018
937 1158
937 1081
938 997
938 943
938 1327
938 1595
938 1470
939 961
939 940
940 1008
940 1397
940 1303
943 999
943 1599
946 1001
947 1417
947 1579
948 1283
948 1447
948 1517
948 1519
949 1128
949 1209
949 1219
949 1424
950 1382
950 1549
951 1012
952 1001
952 1525
952 1143
954 1282
954 1411
954 1451
955 1568
955 1381
955 1086
956 1144
957 1410
957 980
957 1214
958 1463
959 1258
959 1299
959 986
960 1059
960 1480
960 1482
960 1421
960 1232
961 1312
961 1268
961 989
962 1184
962 965
962 1031
962 1169
962 1437
963 1281
963 1377
963 1067
963 1555
963 1437
964 1324
964 1583
964 982
965 1409
965 1030
965 1581
965 1210
966 1242
967 1288
967 1320
968 1219
969 1548
969 1083
970 1472
970 1157
970 1133
971 1545
972 1095
972 1299
972 1331
973 1229
973 1022
974 1367
975 1287
976 992
977 1360
977 1492
977 985
978 1453
978 1268
978 983
978 1276
980 998
980 1418
981 1092
981 1254
981 1266
981 1268
982 1504
982 1571
982 1157
983 1568
983 1539
983 1529
984 1104
985 994
985 1566
985 1322
987 1124
987 1150
989 1110
990 1185
990 1002
990 1264
991 1381
992 1576
992 1045
993 1463
993 1374
994 1126
994 1482
994 1459
994 1589
995 1475
996 1152
996 1115
997 1376
997 1133
997 1297
998 1350
998 1546
998 1374
999 1439
999 1416
1000 1129
1000 1102
1000 1493
1000 1467
1001 1199
1003 1281
1003 1411
1004 1491
1004 1342
1004 1231
1005 1248
1005 1346
1005 1388
1005 1426
1005 1299
1005 1211
1005 1533
1007 1357
1007 1406
1008 1222
1009 1271
1010 1177
1011 1294
1012 1478
1012 1479
1012 1207
1013 1364
1013 1493
1015 1032
1015 1577
1015 1365
1015 1339
1016 1120
1016 1421
1016 1562
1017 1199
1017 1181
1019 1527
1021 1402
1021 1421
1022 1145
1023 1315
1023 1594
1023 1077
1023 1540
1024 1141
1025 1162
1025 1523
1025 1117
1026 1546
1027 1440
1027 1399
1027 1151
1028 1142
1028 1572
1028 1287
1029 1472
1029 1251
1029 1518
1030 1347
1031 1511
1032 1512
1033 1312
1033 1099
1033 1422
1034 1257
1034 1523
1034 1085
1036 1423
1037 1154
1037 1316
1037 1201
1037 1372
1037 1247
1038 1193
1038 1426
1039 1497
1039 1194
1040 1123
1040 1286
1040 1287
1040 1228
1041 1256
1041 1139
1041 1468
1042 1444
1043 1389
1043 1293
1043 1485
1043 1136
1043 1427
1043 1432
1044 1182
1045 1347
1045 1427
1046 1261
1046 1301
1046 1590
1046 1173
1046 1117
1047 1576
1047 1358
1050 1395
1050 1566
1051 1322
1051 1517
1051 1552
1051 1528
1052 1102
1052 1530
1053 1236
1053 1390
1053 1319
1054 1476
1054 1446
1054 1162
1054 1201
1054 1340
1054 1406
1054 1087
1055 1504
1055 1161
1055 1304
1056 1202
1059 1490
1060 1102
1061 1261
1061 1262
1061 1581
1061 1087
1062 1513
1064 1319
1064 1143
1064 1127
1065 1213
1066 1262
1067 1440
1068 1169
1068 1455
1069 1587
1069 1294
1070 1277
1070 1102
1071 1118
1071 1231
1072 1436
1072 1181
1073 1258
1074 1545
1074 1149
1074 1213
1075 1185
1075 1385
1076 1190
1076 1575
1076 1547
1079 1540
1079 1285
1079 1161
1080 1227
1080 1561
1081 1523
1082 1114
1082 1267
1084 1340
1085 1108
1086 1370
1086 1190
1087 1098
1087 1534
1088 1142
1088 1516
1089 1546
1092 1239
1092 1162
1093 1108
1093 1487
1095 1160
1097 1226
1098 1224
1100 1428
1100 1299
1102 1165
1102 1389
1102 1429
1103 1539
1104 1111
1105 1331
1106 1568
1106 1138
1106 1228
1107 1279
1107 1348
1108 1512
1108 1488
1108 1563
1109 1502
1109 1446
1110 1529
1110 1431
1111 1120
1111 1149
1112 1485
1112 1358
1112 1581
1113 1341
1115 1253
1115 1459
1115 1564
1115 1213
1117 1127
1120 1393
1120 1587
1121 1390
1121 1136
1122 1377
1122 1188
1123 1185
1123 1191
1123 1328
1123 1236
1124 1290
1124 1365
1126 1380
1128 1582
1129 1445
1130 1470
1131 1162
1132 1455
1133 1154
1133 1147
1133 1180
1134 1477
1136 1516
1136 1145
1137 1208
1138 1490
1138 1371
1139 1178
1141 1572
1141 1149
1141 1440
1143 1548
1145 1483
1145 1279
1146 1154
1147 1349
1147 1238
1150 1186
1150 1357
1150 1464
1151 1515
1152 1568
1153 1315
1154 1365
1154 1438
1155 1562
1155 1172
1155 1257
1155 1335
1156 1457
1157 1361
1158 1348
1159 1582
1159 1278
1159 1279
1160 1390
1160 1267
1160 1271
1161 1285
1162 1319
1162 1199
1163 1496
1166 1482
1166 1340
1167 1173
1168 1232
1170 1540
1170 1592
1171 1341
1172 1480
1172 1405
1174 1354
1175 1371
1176 1352
1176 1257
1178 1466
1179 1349
1179 1290
1180 1407
1181 1247
1182 1241
1183 1428
1183 1397
1184 1265
1184 1434
1185 1217
1185 1419
1190 1409
1190 1508
1191 1263
1191 1282
1192 1440
1192 1391
1192 1370
1193 1287
1195 1251
1198 1501
1200 1284
1200 1269
1200 1287
1201 1536
1201 1580
1202 1254
1202 1301
1202 1276
1203 1480
1203 1321
1203 1481
1203 1561
1204 1290
1204 1548
1205 1441
1205 1356
1205 1394
1205 1306
1207 1280
1207 1423
1208 1599
1209 1302
1210 1387
1212 1458
1212 1578
1213 1280
1213 1320
1213 1266
1216 1276
1217 1338
1218 1459
1219 1491
1220 1407
1222 1316
1222 1226
1222 1522
1223 1554
1224 1398
1227 1487
1229 1417
1229 1561
1231 1386
1231 1371
1232 1400
1234 1282
1235 1303
1235 1550
1236 1433
1238 1240
1238 1586
1239 1298
1239 1427
1240 1251
1242 1534
1243 1279
1244 1368
1247 1464
1248 1505
1248 1259
1249 1250
1249 1485
1249 1426
1250 1581
1250 1391
1250 1529
1252 1312
1252 1492
1254 1543
1256 1378
1256 1585
1256 1432
1256 1273
1258 1451
1258 1549
1261 1315
1261 1485
1261 1589
1261 1590
1263 1379
1264 1367
1265 1316
1265 1594
1265 1406
1266 1314
1270 1545
1270 1523
1272 1403
1272 1527
1273 1586
1274 1293
1275 1305
1276 1418
1276 1423
1276 1308
1277 1570
1278 1447
1279 1454
1280 1338
1281 1351
1283 1339
1284 1414
1284 1577
1285 1567
1289 1559
1289 1407
1290 1534
1291 1549
1291 1583
1292 1569
1292 1332
1294 1556
1295 1321
1298 1319
1298 1389
1298 1428
1298 1532
1305 1378
1305 1592
1306 1495
1306 1471
1310 1517
1310 1472
1314 1333
1315 1470
1316 1497
1317 1351
1320 1417
1321 1448
1323 1372
1324 1467
1327 1340
1330 1440
1330 1419
1331 1584
1331 1514
1332 1576
1332 1467
1334 1420
1334 1542
1337 1353
1339 1481
1340 1553
1342 1374
1343 1394
1344 1464
1345 1474
1345 1481
1346 1361
1346 1492
1349 1549
1350 1476
1355 1421
1356 1393
1357 1437
1366 1368
1368 1431
1370 1415
1376 1595
1378 1478
1378 1546
1379 1596
1379 1405
1381 1411
1384 1476
1388 1588
1389 1423
1391 1496
1393 1419
1393 1518
1393 1595
1394 1431
1395 1415
1397 1455
1397 1513
1400 1573
1401 1416
1401 1489
1401 1491
1402 1417
1405 1481
1406 1462
1408 1496
1409 1587
1411 1544
1413 1459
1415 1477
1432 1574
1435 1537
1442 1527
1443 1514
1445 1572
1448 1545
1449 1474
1453 1537
1455 1530
1456 1548
1461 1568
1461 1494
1463 1573
1467 1473
1473 1578
1474 1516
1475 1487
1475 1524
1476 1512
1480 1532
1481 1484
1487 1532
1493 1572
1494 1496
1499 1570
1502 1533
1508 1593
1509 1520
1514 1598
1515 1582
1525 1549
1538 1579
1545 1549
1561 1578
1563 1579
1564 1579
1584 1592
1588 1594
1590 1593
