1600 160
6 51
9 285
15 1204
22 645
23 911
24 1051
27 471
33 1441
42 440
50 896
51 1415
68 295
70 271
77 1506
79 1064
87 150
93 423
95 169
99 117
101 620
102 253
113 1528
120 921
121 1243
127 920
139 906
148 960
151 251
155 813
170 1146
174 1033
175 1164
178 740
179 1429
181 464
188 1324
206 294
214 1330
214 1423
215 1560
218 731
222 895
225 1308
227 686
229 296
229 790
244 574
261 1594
261 1204
261 1102
262 1369
302 1388
302 612
311 768
311 1085
327 464
327 533
330 997
330 517
334 627
343 1466
343 1155
350 531
354 858
355 724
369 1362
374 640
374 650
377 679
389 1483
402 1235
427 1533
428 1334
434 1206
444 674
445 904
465 1263
469 1199
476 1587
480 1030
487 677
497 1189
500 908
505 933
509 720
511 792
518 1185
519 1138
519 1261
528 782
541 1143
547 1450
555 1080
555 1537
556 1585
573 749
577 869
601 1241
619 1006
621 1554
622 1308
632 1450
653 1326
671 678
679 849
688 1539
695 1276
697 987
699 1204
706 814
718 1096
765 1050
789 1432
790 884
792 1382
815 936
821 1182
826 1212
831 1507
834 1222
853 1557
871 1255
873 1023
886 1294
896 1596
902 1269
910 1514
911 1367
912 1071
926 1567
937 1049
940 1153
942 1367
950 1042
956 1309
957 1285
967 1235
968 1122
981 1077
988 1063
999 1351
1026 1495
1029 1519
1032 1229
1043 1048
1048 1468
1070 1320
1070 1298
1096 1495
1132 1149
1174 1329
1193 1543
1221 1572
1243 1319
1252 1414
1270 1370
1303 1361
1334 1517
1488 1542
1523 1539
