1600 4000
0 288
0 1265
0 27
1 1048
1 585
1 98
1 1306
1 562
2 1560
2 357
2 1318
3 289
3 642
3 643
3 963
3 1368
3 488
3 1260
3 728
4 1058
4 1572
4 269
4 1168
4 913
4 87
5 1320
5 1389
5 1549
5 722
5 316
5 1213
5 1502
6 421
6 840
6 1227
6 941
6 110
6 757
6 1116
7 544
7 1241
7 1521
7 646
7 1511
8 1027
8 36
8 1543
8 552
8 809
8 1353
8 299
9 1358
9 1363
9 446
10 1478
10 1193
10 757
10 245
10 1499
10 767
11 161
11 916
11 853
11 1365
11 671
12 1317
12 1033
12 1579
12 44
12 1103
12 1360
13 299
13 955
14 17
14 123
14 981
15 1432
15 714
15 203
15 86
16 793
16 866
16 937
16 1435
16 1578
17 42
17 1382
17 175
18 385
18 673
18 294
18 1329
18 855
18 892
19 152
19 796
19 912
19 1224
20 929
20 834
20 167
20 1385
20 688
20 1501
21 1328
21 1203
21 36
21 1182
21 487
22 1338
22 211
22 28
22 1158
23 994
23 156
23 933
24 642
24 445
24 622
24 1543
25 745
25 629
25 27
25 1356
25 493
26 448
26 891
26 915
26 1239
27 1568
27 99
27 1348
27 229
28 256
28 391
28 136
28 904
28 83
28 1492
28 1053
29 64
29 1153
29 1541
29 201
29 462
29 494
29 1199
29 1527
29 569
30 145
30 1302
30 895
31 136
31 137
31 642
31 1586
31 992
32 740
32 1007
32 370
32 182
32 124
32 543
33 1433
33 1290
33 1371
33 1222
34 240
34 1574
34 352
34 1456
35 1516
35 497
35 785
35 1492
35 216
35 1214
36 1057
36 1517
36 725
36 406
36 1596
36 1342
36 447
37 1025
37 674
37 326
37 1218
39 1025
39 746
39 1294
39 1329
39 467
39 1365
39 1014
39 383
40 1024
40 193
40 1345
40 195
40 1094
40 598
40 1404
41 1120
41 609
41 1445
41 1254
41 1452
41 1005
41 114
42 1064
42 116
42 1487
43 153
43 1067
43 388
43 245
44 324
44 292
44 1156
44 135
44 1253
44 974
44 469
45 216
45 50
45 683
45 1408
46 834
46 59
46 1267
46 1119
47 161
47 1219
47 1388
47 1101
47 368
47 728
47 1305
48 1465
48 578
48 260
48 756
48 638
49 456
49 209
49 306
49 1445
49 1367
50 1512
50 585
50 427
50 1581
50 593
50 1041
50 916
50 121
50 1309
50 862
51 514
51 1198
51 879
51 176
51 1295
51 978
51 1457
51 1148
52 864
52 1218
52 421
52 618
52 467
52 57
52 218
52 1404
53 1152
53 401
53 372
53 1477
54 1320
54 739
54 805
54 1165
54 1063
55 1536
55 1413
55 1195
55 1239
55 1241
55 1149
56 809
56 850
56 198
57 1472
57 138
57 733
58 770
58 439
59 707
59 1062
59 1199
59 689
59 311
59 1212
59 1596
60 1570
60 1285
60 456
60 177
60 1460
60 1215
61 355
61 1219
61 1517
61 1166
61 568
61 446
62 1184
62 99
62 395
62 1006
62 858
62 1467
62 701
63 1550
63 188
63 284
63 405
63 804
64 1288
64 425
64 428
64 1334
65 401
65 1297
65 1479
66 648
66 225
66 1236
66 964
66 1253
67 1152
67 1378
67 867
67 1232
68 1281
68 386
68 932
68 805
68 393
68 74
68 1035
69 325
69 1222
69 263
69 968
69 217
69 1114
70 1450
70 1585
70 1066
70 716
70 1126
71 1539
71 1159
71 775
71 1545
71 1139
71 220
71 1534
72 1442
72 1125
72 1447
72 1066
72 1035
72 879
72 821
72 697
73 1242
73 322
73 612
73 1238
73 1022
74 1281
74 998
74 305
74 1524
74 440
74 1023
75 1352
75 217
75 649
75 1424
76 1161
76 717
77 539
77 1225
77 355
77 550
77 1255
78 81
78 95
80 1064
80 1270
80 1239
80 86
80 494
81 472
81 1073
81 1597
81 119
82 1186
82 266
82 1124
82 1485
84 419
84 841
84 1069
84 1006
84 474
84 572
85 1415
85 1143
85 1069
85 902
85 775
86 841
86 775
86 1197
87 660
87 291
87 1316
87 1439
88 1432
88 902
88 285
88 198
89 1249
89 1234
89 1299
89 109
89 1589
90 1152
90 1554
90 476
90 508
91 376
91 1560
91 1186
91 1578
91 407
92 857
92 1122
92 598
92 1145
93 896
93 293
93 744
93 1131
93 1195
93 469
94 192
94 387
94 127
95 1250
95 323
95 422
95 585
95 1129
95 1035
95 1485
95 497
95 1113
95 1210
96 1472
96 1483
96 971
96 1517
96 678
97 728
97 713
97 570
97 1136
97 1005
98 1001
98 1035
98 1579
98 210
98 1183
99 1545
99 629
99 344
99 505
100 1457
100 974
100 767
101 1283
101 996
101 423
101 296
101 619
101 1392
101 726
101 1052
102 744
102 841
102 397
102 911
102 1106
102 922
102 668
102 957
103 283
103 267
103 580
103 565
104 610
104 515
104 327
104 206
104 155
104 669
104 542
105 1504
105 283
105 943
106 1176
106 153
106 339
106 1199
107 1142
107 764
107 1039
107 844
108 1382
108 1451
108 653
108 1549
108 1271
108 635
108 1372
108 543
109 804
109 998
110 439
111 1281
111 1000
111 843
111 876
111 1303
111 223
112 1447
112 910
112 1201
112 1457
112 1332
112 185
113 1447
113 1554
113 633
113 282
113 667
113 349
113 287
114 1572
114 1147
114 1484
114 973
114 1582
114 212
114 763
114 252
115 880
115 780
115 1223
116 931
116 364
116 1458
116 1460
116 1045
117 1090
117 1347
117 1095
117 298
117 205
117 880
117 659
117 955
118 601
118 1114
118 1217
118 877
118 1302
119 707
119 306
119 1457
119 1460
119 857
120 272
120 1132
120 460
120 1574
121 1113
121 1163
121 165
121 1478
122 569
122 308
123 898
123 966
123 1320
123 369
123 469
123 759
124 353
124 1385
125 1433
125 874
125 173
125 941
126 663
126 129
126 650
126 1518
126 447
127 1026
127 1556
127 1285
128 337
128 1470
129 760
129 683
129 1160
130 1408
130 1468
130 823
130 909
130 599
131 938
131 770
131 863
132 288
132 649
132 1178
132 1445
132 440
133 1312
133 772
133 1383
133 1035
133 1422
133 1042
134 160
134 705
134 1331
134 392
134 558
135 160
135 513
135 837
135 679
135 1197
135 1240
135 378
135 733
135 318
136 1343
136 939
136 596
137 1505
137 921
137 293
137 277
138 704
138 837
138 1159
138 936
138 1362
138 1175
138 1437
138 926
139 777
139 516
139 324
139 181
140 1544
140 874
140 1227
140 1038
140 849
140 786
140 1462
140 605
140 190
141 162
141 763
141 1082
141 1355
141 1251
142 185
142 1371
143 186
143 1002
143 1036
143 1370
144 329
144 941
144 382
144 1255
145 1110
145 1206
146 721
146 955
146 717
147 516
147 709
147 774
147 1032
147 685
147 1006
147 430
147 1104
148 674
148 1421
148 398
148 1207
149 721
149 1395
149 729
149 1381
150 1283
150 428
150 213
150 991
151 1024
151 1017
151 631
152 515
152 673
152 1417
152 1464
153 1323
153 1428
153 1206
154 912
154 1426
154 703
155 1505
155 1379
155 781
155 846
155 315
156 883
156 255
156 1437
156 646
157 392
157 1320
157 872
157 238
157 1461
157 574
158 1259
159 1496
159 1203
160 643
160 1583
160 211
160 916
160 1555
160 1180
161 307
161 969
161 174
162 265
162 1185
162 494
162 279
163 671
163 1155
163 847
163 502
163 319
164 360
164 552
164 667
165 837
165 1390
165 1299
165 1300
165 600
165 892
166 1084
166 389
166 1502
167 352
167 594
168 330
168 811
168 1325
168 1173
168 954
168 890
169 200
169 248
169 1369
169 347
169 257
170 1389
171 430
171 1327
171 1105
171 664
171 761
171 506
171 830
171 1119
172 266
172 1578
172 709
173 1378
173 1267
173 236
174 315
174 180
174 361
175 1074
175 1343
175 453
175 799
176 262
176 1192
176 1417
176 1230
176 1521
176 1045
176 1529
177 1544
177 387
177 638
178 838
178 798
178 191
179 984
179 1129
179 1185
179 1469
180 1541
180 476
180 879
180 647
181 1293
181 983
182 1561
182 1442
183 928
183 422
183 1227
183 363
183 1457
183 701
183 638
184 1252
184 1125
184 229
184 1316
184 1164
184 1100
184 791
184 1561
184 734
185 576
185 1505
185 1261
185 726
185 1563
186 1579
186 506
186 1043
186 1338
187 1059
187 1557
187 742
187 303
188 225
188 226
188 486
188 439
188 792
189 602
189 316
189 542
190 1218
190 237
190 1551
190 337
190 242
191 1025
191 710
191 749
191 1294
191 1140
191 598
191 376
191 1469
192 1062
192 1034
192 1360
192 1043
192 435
192 723
192 925
193 1539
193 779
193 462
193 1424
193 978
193 1397
194 1004
194 1391
194 1367
195 272
195 1227
195 1204
196 441
196 716
196 422
196 270
197 760
197 634
197 271
198 744
198 1265
198 951
198 379
198 639
199 955
200 1297
200 1092
200 413
200 1238
201 411
201 564
202 1431
202 843
202 1124
202 789
202 1275
203 1272
203 749
204 205
204 909
204 1043
204 855
204 1432
204 540
205 545
205 1346
205 1223
205 479
205 1338
205 1073
205 984
205 282
205 1531
205 831
206 407
206 1217
206 1111
206 791
206 733
207 322
207 1091
207 1485
207 848
207 945
207 690
208 418
208 1516
208 1493
209 352
209 778
209 900
209 1581
210 744
210 1513
210 1066
210 309
211 1347
211 1036
211 1562
211 603
212 1408
212 961
212 329
212 1419
212 794
213 1154
213 1311
213 1190
213 935
213 270
213 564
213 1566
213 639
214 488
214 1042
215 384
215 602
215 539
215 892
215 343
216 656
216 1161
216 1453
217 1128
217 1545
217 1135
217 881
217 467
217 1527
217 922
217 287
218 873
218 813
218 1421
218 826
218 763
219 237
219 272
219 1304
219 572
219 925
219 1246
219 1469
220 836
220 389
220 1512
220 1068
220 1271
220 475
221 259
221 356
221 854
222 288
222 1037
222 656
222 497
222 756
222 255
223 802
223 553
223 1577
223 1433
223 1019
224 1080
224 601
224 275
224 573
225 1581
225 1143
225 1306
225 926
226 1291
226 881
226 491
226 1211
227 969
227 514
227 1308
227 1516
228 1348
228 1544
228 778
228 1049
228 570
228 478
229 1025
229 1217
229 1553
230 397
231 1017
231 372
232 1293
232 901
233 824
233 513
233 1084
234 690
234 925
234 567
235 1349
235 1286
235 1126
235 895
236 1410
236 998
236 712
236 723
236 436
237 1336
237 1110
237 660
238 400
238 385
238 880
238 831
239 1384
239 900
239 1157
240 1284
240 1261
240 1030
241 713
241 1449
242 1034
242 899
243 560
244 1089
244 451
244 708
244 938
244 1551
244 597
245 609
245 1219
245 1003
245 878
245 951
246 1442
246 1570
246 1068
246 1198
246 824
246 383
247 768
247 731
247 374
248 1560
248 556
249 1289
249 466
249 1500
249 293
249 319
250 512
250 545
250 892
250 1001
251 1345
251 898
251 1219
251 555
251 334
251 592
251 593
251 1436
251 1340
252 257
252 818
252 1173
252 1015
253 377
253 1459
253 620
253 1101
254 1248
254 705
254 613
255 422
255 1373
256 1162
256 307
256 1541
257 1319
258 1400
258 521
258 1435
258 654
258 1552
259 1349
259 399
260 1025
260 428
260 496
260 1010
260 688
260 1300
260 1022
261 1334
261 1554
261 1445
261 526
261 607
262 673
262 802
262 1001
263 450
263 1315
263 1167
263 276
263 767
264 1227
264 720
264 434
264 1012
264 1366
264 409
264 1498
265 1226
265 461
265 1102
265 818
265 1340
266 387
266 1063
266 1292
266 1527
266 345
266 1050
266 1055
266 671
267 360
267 1205
267 271
267 925
268 1360
268 1242
268 1026
268 1228
269 1538
270 1233
270 347
270 923
270 1148
270 1343
271 348
271 1372
272 1027
272 932
272 1407
273 1179
273 348
273 1342
274 1212
274 758
275 1460
276 1492
276 628
276 845
276 327
277 899
277 1220
277 541
277 806
278 1394
278 1100
278 453
279 1313
279 491
279 469
280 1215
280 1378
280 1349
280 613
280 479
281 1074
281 582
281 1410
282 453
282 357
282 677
282 885
282 728
282 831
283 772
283 1316
283 744
283 1353
283 1103
283 657
283 1490
283 1142
284 904
284 882
284 1234
284 951
284 1243
285 536
285 1420
285 1101
285 1457
285 1460
285 665
285 796
286 1204
286 1166
286 631
286 351
286 335
287 995
287 491
287 463
287 399
287 403
287 1142
287 762
288 577
288 1539
288 1436
288 414
288 1503
289 1398
290 368
290 961
290 596
290 1334
290 471
291 1442
291 292
291 1029
291 549
291 1385
291 943
292 386
292 845
292 1014
292 1437
293 561
293 658
293 1522
293 571
294 1144
294 1243
294 918
295 1163
295 1207
296 621
296 1387
297 1445
297 372
297 1013
297 991
298 905
298 1482
298 1452
298 368
298 310
298 760
298 445
299 433
299 504
299 725
300 425
300 579
300 827
301 1568
301 868
301 774
301 1032
301 559
301 370
302 1384
302 1371
302 1213
303 937
303 425
304 1596
304 724
304 1174
304 1463
305 336
305 1314
306 832
306 427
306 1454
306 1553
306 1459
306 1334
307 1124
307 456
307 1046
307 1174
307 1114
308 1536
308 1345
308 1042
308 1174
309 672
309 736
309 324
309 1221
309 594
309 532
309 1183
310 706
310 1349
310 585
310 443
310 1181
311 518
311 693
311 1461
311 1594
311 1597
312 904
312 369
312 778
312 1486
312 1558
313 944
313 799
314 384
314 1571
314 1190
314 966
314 550
314 1510
314 1547
314 921
314 1407
315 1474
315 1531
316 1319
316 1567
316 1519
316 402
316 888
316 447
317 1540
317 1289
317 654
317 1042
317 756
317 1397
317 597
317 1591
318 821
318 645
319 554
319 388
320 1137
320 898
320 1452
320 1479
321 1233
321 1218
321 595
321 916
322 570
322 1402
323 877
324 1410
324 813
324 1236
324 1368
324 1439
325 1249
325 570
325 611
326 1042
326 1331
326 1270
326 775
327 817
327 1010
327 376
328 856
328 857
328 1053
328 1262
329 463
329 784
329 1208
329 606
329 543
330 864
330 989
331 1440
331 452
331 743
331 936
331 784
331 532
331 1460
332 1058
332 1325
332 913
332 1368
332 761
332 1179
332 572
333 1512
333 530
334 478
335 1184
335 1094
335 1074
336 778
336 1523
336 793
336 807
337 579
338 1423
338 541
338 1507
338 461
338 1327
339 946
339 909
340 1290
340 619
340 550
340 647
341 393
341 508
341 1189
342 1217
342 452
342 1220
342 625
342 562
342 825
342 764
343 897
343 727
343 395
343 606
344 388
344 1257
344 371
344 404
344 954
345 690
345 873
345 746
345 389
346 1144
346 1546
346 1269
346 1287
347 1273
347 695
348 967
348 551
348 937
348 686
348 1176
348 1534
349 1576
349 562
349 414
349 935
350 1138
350 444
350 1469
350 534
352 718
352 1396
352 661
352 472
353 1113
353 835
353 1213
353 1286
354 736
354 1476
354 636
355 644
355 1286
355 1098
355 1139
356 556
356 1469
357 548
357 1485
357 439
358 1296
358 946
358 811
358 1411
359 945
359 629
359 630
359 471
360 610
360 645
360 457
360 1358
360 401
360 892
361 1129
361 555
361 1551
361 560
361 1497
362 1400
362 858
362 1051
362 998
363 1434
363 652
363 887
364 999
364 972
364 1268
364 839
365 1005
366 1479
366 1383
367 1424
367 1589
367 1070
368 1003
368 1389
369 736
369 1410
369 1053
370 545
370 777
370 1520
370 693
370 890
370 923
371 1331
371 1055
371 1477
371 583
372 999
372 529
372 1142
372 507
373 733
374 832
374 447
374 1107
375 1440
375 996
375 391
375 1177
375 954
375 923
376 642
376 1253
376 903
376 1064
376 490
376 977
377 1571
377 731
378 1001
378 1209
378 1333
379 897
379 1340
380 1280
380 998
380 1512
380 1264
380 561
380 1169
381 1268
381 861
382 1125
382 1413
382 1192
382 1230
382 603
383 1344
383 451
383 557
383 1457
383 1174
383 951
384 903
384 1593
385 1163
385 1425
385 535
385 1208
386 393
386 1261
386 1236
386 1563
388 771
388 938
388 402
388 1138
389 551
389 971
389 1179
390 489
390 646
391 1541
391 1428
391 895
391 1023
392 1251
392 421
392 424
392 1199
392 443
392 412
392 1437
393 1532
393 1199
394 1420
394 484
394 502
395 504
395 1416
396 492
396 783
397 457
397 545
397 1597
398 1445
398 747
398 1388
398 1037
398 717
398 883
398 948
399 564
399 728
399 1371
399 479
401 570
401 847
402 921
402 1573
402 828
403 1456
403 907
403 1357
403 1213
404 1418
404 896
404 407
405 1417
405 1557
405 831
406 584
406 757
406 429
407 738
407 834
407 454
407 1158
407 496
407 825
407 1021
408 760
408 1417
408 1112
408 1468
409 993
409 1578
409 572
410 737
411 665
411 868
411 757
411 1145
412 770
412 994
412 1216
413 1191
413 1223
413 820
413 759
414 1537
414 1234
414 628
414 1244
415 1377
415 859
415 925
415 535
416 1097
416 659
416 565
416 1174
416 1571
417 568
417 1393
417 1520
417 1408
418 481
418 898
418 615
418 424
418 1401
419 1596
419 935
420 716
421 854
421 1232
422 929
422 932
422 903
422 809
422 667
424 580
424 460
424 1583
424 822
426 1384
426 737
426 842
426 555
426 1596
427 624
427 1593
428 1146
428 1015
429 1040
429 1463
429 1335
429 1006
430 555
430 1580
432 866
432 679
432 1160
432 1324
432 1360
432 696
433 1274
433 1591
433 583
434 593
434 1215
434 454
434 720
436 1322
436 493
436 909
436 1270
436 854
436 606
437 549
437 1543
437 1451
437 1229
437 943
437 920
438 946
438 1187
438 653
438 614
438 447
440 896
440 771
440 995
440 777
440 632
440 923
441 900
441 1373
442 1024
442 858
442 877
442 637
443 1580
443 631
444 1536
444 899
444 719
444 1429
444 599
445 1378
445 1284
445 1421
445 1199
445 889
445 1531
446 544
446 629
447 1209
447 507
448 1508
448 1351
448 1480
448 1450
448 923
449 506
449 1075
449 716
449 470
449 527
450 1267
450 468
450 599
450 1340
450 1278
451 1472
451 1032
451 1451
451 719
451 1487
451 956
452 1191
452 1582
452 1425
452 821
452 1462
452 1149
453 773
453 591
453 793
454 1280
454 1037
455 1377
455 1131
455 1587
455 1523
456 863
457 1252
457 1000
457 974
457 1394
457 1081
457 1020
457 540
458 712
458 612
458 1230
458 878
458 703
459 1540
459 1286
459 1513
459 1355
459 878
459 1490
459 919
459 602
460 729
460 996
460 1222
461 1285
461 999
461 745
461 976
461 541
462 672
462 1537
462 1121
463 897
463 1229
464 649
464 514
464 563
464 1009
464 1434
465 672
466 713
466 1071
466 1238
466 663
466 538
467 1483
467 569
467 592
467 953
468 1088
468 1209
468 788
468 818
469 641
469 1505
469 605
469 894
470 1592
470 983
470 995
470 767
471 1121
471 1348
471 678
471 811
471 623
471 565
471 796
472 802
472 958
473 728
473 1040
473 1594
473 832
473 908
474 1088
474 836
475 832
475 1528
476 929
476 1350
476 557
476 1499
477 1345
477 1288
477 1394
477 789
477 1373
477 1021
478 1030
478 717
478 1071
478 1391
478 764
479 519
479 1320
479 688
479 658
479 1021
480 1544
480 1411
481 768
481 1569
481 933
481 1098
481 1358
481 569
482 1242
482 1116
482 1438
482 1199
483 1201
483 1404
483 1006
484 1248
484 741
484 747
484 752
484 1072
484 1556
485 665
485 781
485 969
485 757
486 1317
486 1591
487 1313
487 1475
487 612
487 1029
487 1137
487 1266
487 822
487 661
487 956
489 822
490 953
490 608
490 791
490 583
491 1256
491 719
491 1042
491 1554
491 1562
491 1181
492 839
493 706
493 684
493 1261
493 789
494 1090
494 548
494 932
494 1320
494 1033
494 722
494 826
495 1306
495 758
496 1222
496 1269
496 1401
496 1119
497 630
497 888
497 730
498 1561
498 993
498 982
498 615
499 1200
499 1545
499 1344
499 532
500 713
500 1177
500 901
500 775
501 713
501 1495
502 508
502 783
503 1207
504 779
504 848
504 1498
504 1343
505 1219
505 550
505 1129
505 716
505 923
506 1216
506 1571
506 550
506 1478
506 1549
506 1331
507 1321
507 940
507 1143
507 695
508 1513
508 1009
508 850
508 1013
508 1301
508 1334
509 1296
509 697
509 1568
509 1052
509 1111
510 1026
511 610
511 644
511 1374
511 666
512 835
512 905
512 1354
512 1338
512 535
512 1240
513 663
513 955
513 1261
514 1450
514 1456
515 945
515 1043
515 620
516 1241
516 614
517 1488
517 1379
517 1243
517 548
518 1025
518 975
518 1135
518 947
518 860
519 876
519 573
519 661
520 801
520 1354
520 1093
521 752
521 1017
521 808
521 591
522 675
523 904
523 724
525 832
525 1139
525 1031
526 1008
527 687
527 785
527 1267
527 692
527 1493
527 822
527 1466
527 1598
528 868
528 719
529 1132
531 1284
531 902
532 934
533 633
533 1457
533 1477
534 574
534 897
534 1059
534 1405
536 1168
536 1190
536 847
537 924
537 1214
537 734
537 879
538 1547
539 724
539 1286
540 844
540 1493
540 636
540 574
541 1480
541 1225
541 1297
542 947
542 1316
543 1440
543 1002
543 717
543 1209
544 1593
544 1397
545 1312
545 867
545 584
545 913
545 795
546 1283
546 578
546 779
546 1332
547 1349
547 1222
548 1224
548 817
548 1375
549 1411
549 814
549 762
549 894
550 1282
550 835
550 1412
550 1285
551 742
551 1453
551 1566
551 1535
552 1519
552 671
553 813
554 808
554 1206
554 1531
554 1432
554 1499
554 668
554 1085
555 1284
555 1245
556 624
557 674
557 578
557 808
557 1055
557 947
557 668
558 577
558 1412
558 613
558 1191
558 1556
559 1248
559 858
559 1477
560 1506
560 1474
560 1382
560 1246
561 1064
561 845
561 1522
561 1331
562 1472
562 1007
562 917
563 1169
563 1414
563 726
563 1023
564 1536
564 1316
565 936
565 1353
565 1034
565 1329
565 756
565 698
565 1406
566 1457
566 1059
566 1092
566 1373
567 593
568 1379
568 1515
569 582
569 1478
569 847
570 872
570 1265
570 1299
570 1014
570 1567
571 624
571 922
571 1467
571 1184
572 1536
572 1091
572 1572
572 807
572 1019
572 815
573 1153
573 744
573 692
573 702
574 1030
574 742
574 1228
575 861
576 1545
577 1200
577 1056
578 1408
578 1239
578 893
579 624
579 1570
579 828
580 896
580 749
581 844
581 973
582 731
582 1583
583 1539
583 1551
583 1552
583 1565
584 1032
584 1357
584 1231
584 1563
585 1313
585 836
585 975
585 1144
585 1084
585 669
586 1505
586 1020
586 1517
586 735
587 849
587 1052
587 1285
588 1012
588 757
589 827
589 1419
590 1264
590 1427
590 1348
590 1446
591 896
591 809
592 835
592 1229
592 1073
592 1075
592 1469
593 1345
593 1069
593 941
594 885
594 859
595 875
595 1569
596 1174
597 962
597 858
597 1543
598 752
598 667
599 855
600 1032
600 1217
600 1128
600 1406
601 932
601 1158
601 1325
601 1485
601 1428
601 885
601 1337
601 1535
602 929
602 838
602 1139
602 854
604 1235
604 716
605 739
606 1313
606 1031
606 664
607 795
607 1099
607 978
607 1332
607 1115
608 1149
608 887
609 850
609 1029
610 1344
611 1221
611 1081
611 1138
612 1028
612 1480
612 1065
612 1009
613 1190
613 1448
613 1356
613 1075
613 1014
613 1183
614 1129
614 795
614 895
615 762
615 1593
615 679
616 1301
617 997
617 1086
618 1594
618 747
619 1336
619 1237
619 1208
619 1497
619 1343
620 1351
621 1192
621 1132
621 1004
621 1453
621 880
621 724
621 1557
621 1529
621 730
622 1337
622 666
622 754
622 1519
623 1032
623 1299
623 1115
624 1413
624 1229
624 1237
624 1397
624 633
625 1134
625 1091
626 700
627 1579
627 1422
627 1391
628 633
628 1506
628 1059
629 681
629 1484
629 979
630 1524
630 1313
631 1345
631 1379
631 1489
631 754
631 1078
632 1403
632 1115
633 1468
634 800
634 1121
634 686
634 1551
634 690
635 1103
635 1424
635 689
635 1243
635 1116
636 865
636 939
636 1189
637 1577
637 1182
637 1086
638 1292
638 1517
638 1170
638 730
639 776
639 1450
639 1169
639 1457
640 1488
640 1270
641 858
641 903
642 1160
642 1456
642 1457
642 1431
643 991
643 647
645 1577
645 709
646 1034
646 1013
646 1532
648 964
648 1029
648 1518
648 1307
648 1373
649 658
649 822
650 995
651 1072
652 1192
652 898
652 1484
653 1159
653 813
653 849
653 1461
655 853
655 719
656 789
657 1384
657 1550
657 720
657 820
657 1524
657 696
657 924
658 831
658 1321
659 1385
659 1457
659 886
659 1340
660 1385
660 799
661 1585
661 1403
662 1250
662 1527
663 1188
663 1190
663 798
663 1551
663 1270
664 812
664 958
664 1372
665 1027
666 1448
666 1228
666 758
667 1382
667 1514
667 1552
667 1558
668 929
668 1254
668 938
668 764
669 1090
669 741
669 968
669 1098
669 1361
669 1372
669 893
670 1188
670 726
671 1480
671 1581
671 1209
671 700
672 1248
672 748
672 1582
673 1319
673 1107
673 1494
673 1407
674 1091
674 1124
674 1539
674 1134
675 1313
675 1527
676 1507
676 1445
676 775
676 1163
676 1491
676 1495
676 799
677 1104
677 882
677 822
677 874
678 1345
678 1538
678 1500
680 1591
681 930
681 1321
681 1419
681 813
681 685
682 1179
682 1527
684 1209
684 915
684 1020
685 1162
685 1147
686 1562
687 1273
688 709
688 1577
688 1338
688 1011
688 825
688 1050
688 1566
689 769
689 1154
690 709
691 1178
691 1411
691 1541
691 885
691 878
692 1360
693 1276
693 874
694 1468
695 820
695 1237
696 1121
696 817
696 1141
696 794
696 1212
697 833
697 1529
698 1239
699 1196
700 1292
700 839
701 1375
701 1090
701 1445
702 1377
702 1540
702 1010
702 1239
702 952
703 1154
703 1091
703 882
703 725
703 1367
704 907
705 1380
705 1259
705 847
705 1583
705 758
706 936
707 1381
707 831
709 1574
709 1418
709 1483
710 741
711 958
712 736
712 1081
712 867
713 1257
713 1133
713 1557
713 734
714 1396
714 883
714 996
715 1504
715 1269
715 983
717 1571
717 1013
718 1287
718 1517
718 919
718 819
718 951
719 1504
719 1255
719 1528
719 1081
720 1156
720 1031
720 1321
720 789
720 986
721 1463
722 1364
723 1453
723 788
723 1183
724 1314
724 743
724 1453
724 1394
725 1569
725 1254
725 915
725 1016
726 802
726 1259
726 1491
726 1174
727 953
727 1229
728 1171
729 835
730 1295
730 1592
730 1177
730 829
731 1526
731 1214
732 1201
732 1260
733 1103
733 1599
734 766
734 1268
735 1009
735 951
736 1361
736 1144
737 1377
738 1347
738 859
738 1021
738 1526
739 806
739 1305
739 1223
740 1157
741 1347
741 1397
741 1077
742 1593
743 1243
743 870
743 1575
744 1423
744 1272
744 1210
745 1573
745 1446
745 1167
745 825
745 1467
746 1089
746 987
746 957
747 975
747 1522
747 1406
749 1032
749 1164
749 1550
749 1339
750 993
750 802
750 836
750 1277
750 1154
751 774
751 1064
751 814
751 975
751 916
751 1116
752 1266
753 1075
753 1142
753 955
753 1029
753 1030
754 1220
754 847
754 1319
755 1330
755 973
756 870
756 1386
756 982
757 1242
758 1476
758 1092
759 1032
759 1033
759 1117
760 1120
760 1290
760 1396
761 1000
761 1080
761 1419
762 1083
762 1227
763 896
763 803
763 1128
763 1072
763 886
765 840
765 1370
765 1396
765 1421
766 1463
766 1228
766 1351
767 1498
767 1499
767 1118
767 1023
768 1179
769 1172
770 1482
770 1020
770 1467
771 1057
771 1464
771 1323
771 1234
771 1428
771 1273
772 804
772 1320
772 1419
772 1461
772 886
772 1437
773 1392
773 1574
774 898
774 963
774 1379
774 906
774 1398
775 873
776 1239
776 1469
776 815
777 975
777 1297
777 1241
779 1353
780 1377
780 1466
781 1336
781 1556
782 1065
782 907
782 1508
782 957
782 1334
783 1501
784 1384
784 1425
784 1139
784 1496
785 961
785 1473
785 1324
785 1452
785 1082
785 1308
786 1196
786 1235
786 1452
786 1382
787 1268
788 804
788 1417
788 1162
788 1276
789 1298
789 1429
790 1330
792 849
792 897
793 984
795 1189
795 1226
795 914
795 1335
796 1031
798 961
798 1442
798 1286
798 1204
798 1013
799 1095
799 840
799 1551
799 1268
799 1467
799 892
800 843
800 1375
801 1174
801 1239
802 902
802 1516
802 1166
803 1131
803 1492
803 999
804 1280
804 1302
805 1134
805 1077
806 1546
808 1313
808 1059
808 1454
808 1371
808 1343
809 969
809 940
809 1326
809 1012
809 1435
809 1430
809 923
809 1565
810 1580
810 1419
810 1476
810 1549
810 1390
811 1258
811 1163
811 1391
811 1373
811 1406
812 1573
813 1024
813 1025
813 853
813 1463
813 1405
814 1413
814 1159
814 1481
814 919
814 1373
815 1315
816 1382
817 961
817 1551
817 1205
817 1365
817 855
817 924
818 963
818 1124
818 1205
819 1423
820 1090
820 1475
820 1221
820 1289
820 1138
820 1306
821 929
821 1422
821 1331
821 952
822 1223
822 849
822 1587
823 1118
823 1046
824 1483
824 892
824 1486
825 961
825 1449
825 1268
825 1275
826 1576
826 1583
826 1550
827 1161
827 1307
827 1323
828 867
828 1075
828 1254
829 1080
830 1036
830 1029
830 1254
831 896
831 1466
832 1260
832 1420
832 854
833 935
834 1472
834 1506
835 1380
835 965
835 857
835 956
836 1569
836 1338
836 1487
836 1075
836 953
836 1017
837 930
837 996
837 1103
837 887
839 928
839 1068
839 1173
839 1118
839 862
840 857
840 1540
841 1540
841 1419
841 1007
841 1200
842 1053
842 1102
844 1120
844 941
844 1401
845 1485
846 1348
846 983
847 1010
847 1138
848 971
848 1128
848 1551
849 865
849 1400
849 1097
849 1546
849 1071
850 1486
850 1313
851 1482
851 890
851 1034
851 1314
852 1599
853 1412
853 1451
853 1041
854 1129
854 1021
855 1032
855 1137
855 1499
855 1055
856 1388
856 1329
856 1431
856 1051
856 1245
857 1211
858 1315
858 1124
858 1320
858 1011
858 1085
858 1247
859 1228
859 972
860 1160
860 971
860 1310
860 895
862 1108
862 1533
862 1598
863 868
863 1093
864 1121
864 1346
864 1098
864 1171
865 1546
866 1418
866 893
867 962
867 1253
867 935
868 1350
868 1307
868 1236
868 1435
868 1238
869 1375
870 1587
870 1335
871 1584
871 1242
872 1576
872 1038
872 1489
872 1526
873 1251
873 936
873 1331
874 1396
875 968
875 1027
875 1173
876 1575
877 1070
878 1378
878 907
878 1136
878 1019
879 1188
880 937
880 1567
881 960
881 1528
881 996
882 992
882 1223
882 1162
882 1525
882 895
883 1540
883 1485
883 1240
883 1247
884 1510
885 1290
885 1044
886 1408
886 1486
889 1034
889 980
890 1436
891 1394
891 1570
891 1014
892 1255
892 1515
892 1587
893 1345
893 1517
894 1410
894 1516
894 1486
894 1587
895 1280
895 1349
895 1214
895 1114
897 1440
897 1319
898 1539
898 1292
898 1368
899 1159
900 1159
900 918
901 1125
901 1238
901 1383
903 1354
904 1222
905 1395
905 1066
905 1168
906 1568
906 1577
906 1268
906 1141
906 1558
907 1525
907 1148
908 986
908 1495
908 1103
909 1476
910 1283
910 1213
911 1238
912 1392
912 1124
912 965
914 1245
916 1442
916 981
917 1230
918 985
918 1243
919 1256
919 1117
921 1059
921 932
921 1482
921 972
921 1522
922 1324
922 1584
922 1535
923 1076
923 958
924 1184
925 941
926 1292
926 1482
926 1410
927 1144
927 990
927 1055
928 1549
928 1509
929 1401
929 1143
929 1047
929 1177
931 1384
933 1170
934 1420
934 1149
935 1082
936 1447
936 1557
937 1423
937 1235
937 987
938 975
939 1539
939 949
941 1332
942 1010
942 1587
942 1564
943 1371
943 1537
944 1138
944 1316
944 1137
945 1570
946 1086
946 981
947 1161
948 984
948 1321
949 1254
949 1062
949 1522
949 1273
949 1502
950 1224
950 1282
950 1570
950 1590
952 1015
953 1139
953 1117
953 958
954 1412
955 1021
957 1507
957 997
957 1255
957 1335
957 1593
957 1406
958 1370
959 1385
959 1276
960 1026
960 999
960 1546
960 974
960 1551
960 1521
960 1595
960 1468
961 1559
961 1243
962 1000
962 1565
963 1112
964 1457
964 1220
964 972
965 1028
965 1227
966 1339
968 1282
968 1517
968 991
969 1057
969 1557
969 1468
970 1257
970 1555
971 1156
972 1113
972 1575
972 1370
973 1226
973 1070
975 1181
976 1027
976 1294
977 1030
977 1224
977 1295
977 1149
977 1501
978 1516
978 1211
979 1202
979 1018
979 1210
979 1542
981 1193
981 1564
983 1001
983 1036
984 1132
985 1220
985 998
985 1224
985 1329
985 1304
986 1523
987 1554
989 1449
991 1090
991 1442
991 1575
992 1311
993 1400
993 1385
994 1465
994 1363
994 1027
995 1430
995 1596
995 1247
996 1351
996 1465
997 1563
998 1181
998 1086
999 1192
999 1237
999 1051
1000 1090
1000 1396
1000 1117
1000 1439
1001 1585
1004 1258
1005 1240
1006 1566
1006 1258
1006 1279
1007 1446
1007 1544
1007 1041
1008 1357
1009 1298
1009 1364
1010 1344
1010 1322
1010 1459
1011 1460
1011 1269
1013 1294
1014 1345
1015 1185
1015 1590
1017 1126
1017 1492
1017 1338
1018 1147
1018 1314
1018 1052
1021 1543
1021 1289
1021 1070
1021 1232
1021 1304
1022 1248
1022 1030
1022 1133
1022 1339
1023 1475
1023 1129
1023 1587
1023 1367
1024 1101
1024 1531
1025 1411
1025 1509
1027 1396
1028 1592
1028 1551
1028 1348
1029 1104
1029 1370
1030 1041
1030 1044
1030 1180
1031 1088
1031 1327
1031 1172
1032 1194
1032 1392
1032 1270
1032 1180
1033 1365
1034 1507
1034 1381
1034 1200
1038 1115
1039 1122
1039 1095
1040 1404
1041 1253
1041 1573
1042 1060
1042 1126
1042 1223
1044 1264
1044 1267
1044 1388
1045 1208
1045 1182
1046 1408
1046 1547
1046 1430
1046 1247
1048 1275
1048 1524
1048 1429
1048 1445
1049 1112
1049 1376
1050 1428
1050 1526
1050 1263
1051 1227
1051 1106
1053 1416
1053 1328
1054 1195
1054 1085
1054 1069
1055 1337
1057 1418
1057 1182
1058 1296
1058 1428
1059 1371
1059 1459
1059 1276
1060 1331
1060 1315
1064 1185
1064 1186
1064 1346
1064 1540
1064 1287
1065 1255
1065 1140
1065 1236
1065 1588
1065 1375
1066 1325
1067 1531
1068 1415
1068 1420
1068 1209
1068 1402
1071 1576
1071 1469
1072 1505
1072 1262
1073 1473
1073 1476
1073 1096
1075 1122
1075 1572
1076 1581
1076 1360
1076 1554
1076 1533
1076 1087
1077 1536
1077 1342
1078 1168
1078 1169
1079 1531
1079 1405
1079 1278
1080 1442
1080 1307
1082 1116
1084 1263
1085 1216
1085 1378
1085 1239
1086 1421
1086 1200
1089 1593
1089 1538
1089 1437
1090 1092
1090 1125
1090 1362
1091 1107
1091 1365
1091 1436
1093 1232
1094 1120
1094 1379
1094 1118
1094 1246
1095 1390
1096 1368
1096 1489
1096 1273
1096 1560
1097 1590
1097 1334
1097 1288
1098 1569
1100 1456
1100 1529
1101 1296
1101 1200
1101 1298
1101 1363
1102 1473
1102 1481
1103 1248
1103 1575
1103 1516
1103 1199
1103 1331
1105 1212
1107 1410
1107 1253
1107 1147
1111 1545
1111 1542
1112 1476
1112 1543
1113 1285
1113 1510
1114 1202
1114 1298
1114 1279
1115 1533
1115 1464
1115 1339
1115 1437
1116 1244
1118 1194
1120 1469
1122 1131
1123 1224
1124 1538
1125 1500
1126 1453
1126 1592
1127 1192
1128 1272
1128 1140
1129 1193
1130 1305
1131 1456
1131 1425
1131 1330
1131 1174
1132 1347
1132 1221
1132 1597
1133 1308
1133 1167
1134 1521
1136 1571
1136 1145
1137 1197
1137 1456
1139 1383
1139 1162
1139 1490
1141 1480
1141 1224
1142 1153
1142 1366
1143 1194
1143 1495
1145 1489
1145 1399
1147 1266
1147 1526
1148 1487
1149 1543
1149 1205
1150 1217
1150 1403
1151 1593
1156 1410
1156 1288
1156 1467
1157 1243
1157 1435
1158 1297
1158 1255
1159 1443
1161 1464
1163 1599
1164 1384
1165 1530
1166 1232
1166 1542
1167 1477
1167 1483
1168 1554
1168 1430
1168 1177
1168 1374
1169 1582
1169 1175
1170 1245
1170 1303
1171 1237
1171 1223
1173 1345
1173 1507
1173 1363
1173 1271
1173 1214
1174 1247
1174 1232
1175 1555
1175 1246
1177 1230
1178 1353
1178 1265
1179 1228
1179 1231
1180 1236
1182 1397
1182 1334
1183 1291
1183 1493
1183 1367
1183 1211
1184 1285
1184 1550
1185 1309
1186 1335
1186 1306
1186 1599
1187 1598
1187 1529
1187 1551
1187 1375
1188 1552
1189 1436
1189 1415
1191 1568
1191 1575
1191 1452
1192 1357
1192 1200
1193 1234
1197 1496
1198 1213
1199 1301
1203 1533
1203 1314
1203 1276
1204 1322
1205 1317
1206 1574
1206 1268
1207 1251
1207 1291
1207 1261
1207 1298
1207 1215
1210 1239
1211 1574
1211 1255
1211 1543
1213 1356
1213 1270
1214 1442
1215 1506
1217 1319
1217 1276
1218 1372
1219 1316
1219 1582
1219 1343
1221 1281
1221 1483
1222 1384
1223 1529
1224 1513
1224 1581
1224 1309
1226 1575
1226 1290
1226 1596
1227 1417
1229 1453
1230 1457
1231 1475
1233 1345
1233 1322
1234 1354
1236 1281
1236 1541
1236 1585
1236 1490
1237 1429
1238 1245
1239 1348
1239 1356
1240 1411
1240 1481
1240 1261
1240 1486
1241 1510
1242 1266
1243 1386
1244 1363
1247 1268
1247 1526
1249 1446
1250 1281
1251 1300
1252 1394
1253 1494
1255 1417
1256 1593
1256 1548
1257 1414
1258 1399
1260 1296
1260 1363
1261 1536
1262 1415
1262 1343
1264 1425
1264 1293
1266 1586
1266 1400
1267 1594
1268 1325
1274 1314
1274 1537
1279 1400
1279 1282
1280 1515
1284 1289
1288 1377
1288 1475
1290 1537
1290 1426
1290 1375
1292 1357
1293 1429
1295 1518
1295 1363
1295 1468
1297 1306
1298 1554
1298 1341
1299 1571
1300 1514
1302 1389
1304 1466
1304 1471
1305 1322
1306 1452
1307 1485
1308 1522
1310 1460
1311 1597
1311 1412
1312 1390
1314 1505
1315 1454
1316 1534
1316 1334
1316 1497
1317 1428
1319 1366
1320 1448
1320 1593
1321 1481
1321 1514
1321 1518
1326 1424
1327 1450
1330 1472
1330 1549
1330 1471
1332 1463
1336 1511
1336 1547
1336 1489
1336 1363
1337 1474
1338 1459
1339 1507
1339 1519
1340 1514
1340 1519
1341 1538
1344 1403
1345 1458
1346 1465
1347 1447
1347 1358
1347 1462
1349 1443
1349 1462
1350 1585
1350 1564
1350 1533
1352 1379
1353 1582
1354 1564
1355 1480
1355 1568
1355 1550
1357 1552
1358 1509
1358 1500
1359 1496
1359 1585
1359 1548
1359 1525
1361 1527
1364 1530
1369 1557
1369 1373
1370 1477
1372 1442
1372 1433
1373 1575
1373 1401
1373 1481
1374 1377
1379 1559
1379 1457
1381 1425
1382 1568
1382 1562
1385 1483
1385 1583
1386 1403
1388 1483
1388 1460
1388 1492
1388 1431
1390 1472
1390 1473
1390 1448
1396 1586
1396 1465
1397 1554
1399 1546
1401 1512
1402 1595
1403 1461
1404 1584
1404 1461
1407 1466
1407 1491
1408 1582
1409 1479
1411 1412
1411 1516
1411 1588
1411 1494
1416 1509
1417 1456
1417 1493
1420 1551
1420 1530
1420 1503
1423 1477
1425 1574
1426 1431
1427 1592
1428 1570
1431 1437
1432 1546
1435 1447
1435 1554
1435 1493
1436 1525
1437 1560
1439 1573
1440 1569
1441 1507
1443 1575
1447 1598
1452 1525
1452 1467
1464 1514
1467 1569
1470 1490
1471 1578
1472 1585
1477 1507
1480 1510
1483 1542
1489 1598
1491 1559
1495 1526
1496 1562
1497 1523
1499 1514
1503 1558
1514 1536
1514 1549
1518 1520
1530 1563
1530 1581
1537 1598
1546 1587
1555 1585
1555 1574
1562 1578
1586 1590
