1600 4000
0 1297
1 64
1 901
1 1381
1 237
1 50
1 1170
1 474
1 1532
1 894
2 58
2 1476
2 846
3 1168
3 659
3 1292
3 615
4 402
4 562
4 229
4 1231
5 295
5 200
5 615
5 431
5 1403
5 404
5 596
5 598
5 1371
5 1244
6 120
6 1451
6 1348
6 517
6 255
7 650
7 1012
7 285
8 448
8 228
8 197
8 1447
8 146
8 52
8 86
8 247
8 1499
8 1273
8 1558
8 1435
9 677
9 392
9 1264
9 342
9 151
9 1437
10 645
10 358
10 201
10 564
10 119
10 1599
11 1598
11 121
11 450
11 430
12 424
12 306
12 1120
12 469
12 1023
13 660
13 468
13 1577
13 23
14 1097
14 185
14 891
14 1372
14 1271
15 835
15 1476
15 774
15 839
15 1168
15 1331
16 131
16 709
16 1102
16 782
16 956
16 958
17 545
17 899
17 651
17 1173
17 1436
17 123
17 668
18 1393
18 1250
18 404
18 990
18 687
19 499
19 853
19 111
20 1385
20 1204
21 552
21 913
21 664
21 934
22 409
22 1402
22 876
22 1037
23 1315
23 297
23 626
23 308
23 1343
24 1062
25 986
25 770
25 1155
25 75
25 178
25 1330
25 180
25 730
25 383
26 576
26 1417
26 395
26 77
26 559
26 143
27 256
27 689
27 51
27 1529
27 783
28 742
28 1001
28 1578
28 747
28 846
28 880
28 944
28 434
28 693
28 926
29 736
29 561
29 1159
30 1283
30 1290
30 786
30 1050
30 1533
31 904
31 801
32 433
32 1581
32 828
32 1121
32 1055
33 1288
33 889
33 68
33 1377
33 1327
34 553
34 1010
34 740
34 1599
34 1498
35 1296
35 1533
35 811
35 462
35 438
36 248
36 1073
36 1432
37 1569
37 234
37 556
37 381
37 103
38 160
38 1288
38 1595
39 489
39 758
39 199
40 418
40 515
40 1489
40 468
40 1270
40 92
41 1443
41 244
41 1565
41 286
41 719
42 433
42 51
42 1253
42 119
43 927
43 519
43 247
44 509
44 746
44 1291
44 1136
44 1520
44 1595
44 893
45 961
45 802
45 643
45 229
45 1127
45 1074
45 247
45 1533
46 797
47 1316
47 1431
48 450
48 484
48 297
48 1290
48 466
48 630
48 91
48 125
49 1423
49 1161
49 482
49 118
49 666
50 331
50 1198
50 497
50 1589
50 473
50 1532
51 1344
51 1483
51 432
51 1527
52 1121
52 294
52 599
52 1211
52 1343
53 818
53 852
54 1156
54 873
54 1173
54 1082
54 507
54 1564
56 448
56 1096
56 1328
56 1015
56 655
57 1267
57 951
58 769
58 165
58 86
58 990
58 671
59 1282
59 1315
59 421
59 1228
59 144
59 1360
59 125
60 176
60 169
60 1341
60 785
61 1285
61 1414
61 1037
61 818
61 472
61 730
61 543
62 1218
63 737
63 324
64 800
64 1269
64 277
64 111
65 1433
65 226
65 1499
65 1030
66 1057
66 858
66 414
67 134
67 1193
67 652
67 1006
67 690
67 309
67 575
68 1273
68 1446
68 848
68 1010
68 665
68 443
69 953
69 291
69 1572
69 117
69 567
70 720
70 1161
70 1365
70 478
71 513
71 743
72 1376
72 267
72 292
72 1171
73 1338
73 143
73 723
73 437
73 858
73 989
73 1214
74 201
74 219
74 1373
74 765
74 166
75 162
75 1483
75 1164
75 1362
75 895
76 739
76 1189
76 935
76 403
76 1238
76 570
77 936
77 1088
77 373
77 207
78 1508
78 285
79 993
79 297
79 1481
79 1073
79 658
79 375
79 1400
79 191
80 336
80 1548
80 1461
80 102
81 1474
81 719
82 1129
82 708
82 277
82 230
82 1364
83 226
83 1004
83 365
83 114
83 1301
83 954
84 1275
84 709
84 1247
85 1408
85 1338
85 695
86 450
86 936
86 267
86 1489
86 535
87 1598
87 858
87 1143
87 462
87 575
88 453
88 230
88 200
88 1104
88 468
88 191
89 1156
89 709
89 235
89 878
89 853
89 1084
90 1250
90 548
90 1252
90 660
90 347
90 126
91 1057
91 741
91 554
91 1291
91 1105
93 166
93 619
93 1134
93 239
93 886
93 694
93 1528
94 848
94 1368
94 108
94 245
95 345
95 1386
95 494
95 1410
96 1057
96 946
96 532
96 190
97 600
97 443
98 312
98 113
98 1423
98 1040
99 1120
99 1383
99 458
99 843
99 1356
99 926
100 876
100 891
100 700
100 646
100 1155
101 1281
101 387
101 614
101 205
101 175
101 278
101 571
102 1125
102 1332
102 1432
102 668
102 383
103 1057
103 805
103 1103
103 856
103 957
104 678
104 1260
104 238
104 1299
104 435
104 221
105 672
105 705
105 1482
105 1549
105 1230
105 368
105 978
105 179
105 1338
106 1465
106 955
106 996
106 798
107 792
107 1322
107 1459
107 888
107 1053
108 417
108 1287
108 1480
108 460
108 1494
109 625
109 410
109 604
109 1430
110 960
110 1025
110 1312
110 740
111 244
111 775
112 1313
112 1182
113 1240
113 1594
113 686
113 199
114 392
114 141
114 1325
114 1297
114 690
114 1043
114 1425
114 1467
115 544
115 1345
115 1571
115 842
115 430
115 850
115 470
115 697
115 1437
116 426
116 381
116 191
117 739
117 721
117 1053
117 1553
117 829
117 958
118 1149
118 326
119 1088
119 968
119 752
119 920
119 1433
119 381
120 801
120 1090
120 931
120 966
120 172
120 1422
120 1137
120 533
121 418
121 1596
121 535
122 488
122 138
122 1556
122 928
124 408
124 940
124 180
125 391
125 1161
125 1232
125 567
125 1466
126 1024
126 1152
126 790
126 1403
126 253
126 831
127 1218
127 1053
128 1158
128 1517
128 334
128 1141
128 565
128 376
129 576
129 865
129 1284
129 1064
129 618
129 1269
129 345
130 564
130 629
130 1351
131 906
131 621
131 661
131 1561
131 859
132 931
132 677
132 936
132 1388
132 1389
132 914
132 661
132 1021
133 1520
133 1465
133 428
133 189
134 1070
134 1360
134 213
134 606
135 593
135 283
135 1265
135 889
135 1102
136 1209
136 1338
136 1479
137 1184
137 690
137 540
137 1501
138 288
138 736
138 842
138 632
138 1176
139 334
140 1569
140 1190
140 810
140 1038
140 1274
140 959
141 1284
141 1065
141 1550
141 528
141 1364
142 1056
142 930
142 772
142 1380
142 780
142 686
142 1039
142 150
142 215
142 729
142 1178
143 461
143 1230
143 239
143 566
144 1498
144 1114
144 549
145 904
145 1487
145 1233
145 1138
145 733
145 511
146 905
147 728
147 1261
147 1230
147 214
147 1534
148 640
148 225
148 1580
148 1243
148 1461
148 535
148 762
148 251
149 928
149 1585
149 283
149 1063
150 449
150 1484
150 1470
151 432
151 332
151 1241
151 559
152 1248
152 1409
153 1432
153 377
153 1346
153 713
153 941
154 1582
154 467
154 804
154 1572
154 527
155 1314
155 519
155 847
155 249
155 570
155 285
156 1529
156 668
156 1541
156 1588
156 1143
157 1034
157 1035
157 1524
158 1568
158 914
158 278
159 1338
159 1172
160 336
160 1494
160 1204
160 605
161 328
161 334
162 218
163 432
163 1319
163 199
164 1312
164 970
164 675
164 300
164 1359
165 530
165 939
165 790
166 1057
166 805
166 493
166 691
166 1556
166 1464
166 1022
167 834
167 485
167 421
167 1225
167 1143
167 988
168 261
168 1096
168 1201
168 1586
168 694
168 1148
169 1450
169 751
170 612
170 580
170 558
170 336
170 1336
170 1343
171 673
171 259
171 1221
171 1030
171 552
171 362
171 1035
171 557
171 1460
171 378
172 1430
172 1187
172 460
172 246
173 1501
173 1569
173 1461
173 1238
173 391
174 195
174 502
174 1430
174 1401
174 1082
174 379
175 1505
175 331
175 588
175 1326
175 639
176 313
176 1093
176 1367
177 1337
177 250
177 1521
178 706
178 387
178 900
178 263
178 461
178 1584
178 469
178 789
178 543
180 898
180 1539
180 297
180 1494
180 187
180 1565
181 1380
181 524
181 397
182 481
182 603
182 692
183 904
183 1481
183 1192
183 1073
183 242
183 1535
184 874
184 1501
185 771
185 324
185 1163
185 302
185 1303
185 442
186 1135
186 1165
186 895
187 968
187 793
187 191
188 1320
188 797
189 649
189 1230
189 478
189 303
190 418
190 1509
190 487
190 1206
190 665
191 935
191 692
191 253
192 995
192 1580
192 596
192 312
192 987
192 764
193 1024
193 673
193 194
193 259
193 840
193 1521
193 1273
193 1468
193 767
194 1479
194 1262
194 1301
194 253
194 1311
195 641
195 942
195 213
196 400
196 812
196 598
197 448
197 834
197 398
197 495
197 441
198 357
198 778
198 378
198 1144
198 602
198 573
198 511
199 370
199 1145
200 1296
200 675
200 605
201 1504
201 971
201 1113
201 605
202 1122
202 777
202 298
202 269
202 1489
202 599
202 761
202 286
203 888
203 713
203 993
203 781
204 1280
204 1380
205 745
206 493
207 1541
207 870
207 520
207 1564
207 444
207 1021
207 799
208 1065
208 1172
209 449
209 546
209 865
209 918
209 790
209 921
209 1207
210 623
211 906
211 1188
212 905
212 939
212 1518
212 1296
212 538
212 316
212 1149
213 631
213 1293
213 854
213 1527
214 1474
214 971
214 271
215 792
215 457
215 938
215 1153
216 794
216 1506
217 1056
217 586
217 1453
217 1455
217 697
217 575
218 240
218 580
218 317
218 710
219 593
219 547
219 276
220 1321
220 1578
220 972
220 1292
220 903
221 338
221 818
221 375
222 276
222 1381
222 598
223 962
223 1385
223 1226
223 1483
223 1459
223 598
223 824
223 1342
224 1160
224 946
224 1034
224 870
225 779
225 1030
226 1540
226 1389
226 596
226 309
226 1275
227 1123
227 949
227 926
227 919
228 1139
228 1421
229 258
229 1588
229 472
229 1245
230 771
230 1455
230 1246
230 1343
231 392
231 1096
231 1034
231 490
231 627
231 1335
231 666
232 842
232 620
232 1548
232 1519
232 1361
232 1174
232 631
233 888
234 776
234 1421
234 882
234 827
234 477
235 579
235 1449
235 625
235 1330
235 436
235 1116
235 604
236 968
236 1482
236 1011
236 479
237 836
237 901
237 294
237 1574
237 1481
237 1226
237 1037
237 1133
237 407
238 473
238 722
238 1396
238 949
239 1447
239 1034
240 967
240 712
240 403
240 341
240 1277
241 809
241 734
242 891
242 1541
243 800
243 644
243 580
243 951
244 1089
244 358
244 911
244 542
245 1597
246 547
246 963
246 358
246 1163
246 1013
247 1379
247 1464
247 1342
248 481
248 622
248 280
248 732
248 927
249 492
249 1044
249 1580
250 1552
250 650
250 675
251 437
251 655
252 1070
252 739
252 293
252 1062
252 295
253 418
253 738
253 677
253 983
254 768
254 378
254 634
255 293
255 966
255 396
255 1173
255 1532
256 448
256 1195
256 751
256 1525
256 1305
257 312
257 953
257 1194
257 1284
257 1510
258 747
258 1422
258 1231
258 271
258 1233
259 827
259 1000
259 333
259 821
259 378
259 635
260 1344
260 1417
260 1580
261 1485
261 1434
261 1007
261 890
261 286
262 1227
262 475
262 862
263 1396
263 884
263 485
263 543
264 928
264 978
264 629
264 1142
265 951
265 303
266 448
266 1416
266 361
266 1480
266 1200
266 339
266 1182
267 354
267 994
267 1446
267 1042
267 796
267 765
268 1186
268 1116
268 1460
269 1488
269 1545
270 970
270 634
270 709
270 1262
271 609
271 966
272 625
272 418
272 1241
272 1098
272 1234
273 1336
273 1137
273 1043
273 372
273 1029
274 376
275 1489
275 690
275 1570
276 1334
276 1158
276 1574
277 1376
277 1093
277 1012
277 694
277 311
277 1179
278 1399
278 1486
278 1111
279 712
279 459
280 1099
280 646
281 1009
281 1138
281 1193
282 604
282 1087
283 640
283 609
283 1344
283 1063
283 817
283 1591
284 1512
284 601
285 1378
285 707
285 1255
286 1125
286 968
286 1357
286 595
286 374
287 424
287 1260
287 722
287 1403
287 756
287 725
287 1147
287 477
287 1183
288 334
288 1491
288 1338
288 1339
288 380
289 1125
289 494
289 945
289 1363
289 789
289 1526
289 825
290 382
290 323
290 995
290 367
290 853
290 1214
290 1437
290 574
291 1312
291 931
291 1032
291 841
291 651
291 530
291 920
291 1176
292 352
292 306
292 951
292 379
292 764
293 1317
293 360
293 428
293 1332
294 928
294 718
294 1511
295 644
295 1067
295 439
296 547
296 1213
297 1486
297 381
297 1534
298 611
298 390
298 688
298 1137
298 435
298 1556
298 1083
299 1336
299 305
299 1345
300 338
300 991
301 809
301 1082
302 610
302 1589
303 678
303 433
303 1143
303 1429
303 631
303 827
305 1008
305 929
305 964
306 676
306 1060
306 1541
306 947
306 342
306 507
307 1536
307 1123
307 1220
307 1256
307 748
307 1365
307 344
308 744
308 738
308 540
308 1223
309 359
309 1427
309 1300
309 1530
309 926
309 1279
310 1473
310 962
310 724
310 798
311 1362
311 1283
311 1532
312 609
312 1191
312 725
312 1048
313 584
313 937
313 1259
313 493
313 1264
313 472
313 444
313 606
314 809
314 1065
314 494
314 1522
314 635
314 1310
315 464
315 1050
315 1486
315 1278
315 975
316 1456
316 1049
316 1082
317 739
317 485
317 1228
317 462
317 602
317 1598
318 1144
318 729
318 734
319 1538
319 357
319 903
319 904
319 1484
319 1045
319 1046
319 1561
320 563
320 1071
320 1039
321 434
321 1219
321 1581
321 1006
322 546
322 634
323 1137
323 1509
324 1582
324 543
324 958
325 1440
325 1225
325 1002
325 878
325 1457
325 563
325 628
325 1403
325 412
326 1088
326 867
326 1588
326 887
326 415
327 1159
327 937
327 819
327 1203
327 470
327 376
327 986
328 896
328 1095
328 843
328 1499
328 603
328 1309
329 1171
329 1109
329 374
329 751
330 634
330 1058
330 1246
330 1367
331 969
331 1383
331 1558
332 987
332 1166
333 898
333 1508
333 1255
333 583
333 1332
333 1535
334 1256
334 1322
334 1170
334 1140
334 444
335 624
335 1000
335 952
335 1415
336 739
336 746
336 1579
336 786
336 341
336 1054
336 349
336 894
336 1439
337 1576
337 883
338 1056
338 1386
338 811
339 581
339 1574
339 1165
339 1490
339 1534
340 1324
340 749
340 454
341 633
342 936
342 1228
342 1270
342 1052
342 1599
343 1544
343 1594
345 1184
345 868
345 584
345 843
345 594
345 1176
345 1023
346 400
346 970
346 677
346 968
347 1001
347 1373
348 1140
348 770
348 1523
348 1047
348 407
349 1178
349 645
349 559
351 1064
351 1552
351 1365
351 1111
351 666
351 861
352 1477
353 384
353 843
353 1420
354 1570
354 1105
354 1459
354 468
354 1303
354 1214
355 1445
356 523
356 1451
356 1456
356 1557
356 1047
356 1273
356 1146
357 1297
357 923
357 1308
357 511
358 1063
359 864
359 1060
359 781
359 782
359 397
359 527
360 1417
360 1200
360 595
360 435
360 1172
360 1460
361 973
361 763
361 741
361 630
362 400
363 697
363 1284
363 636
363 421
364 728
364 1040
364 1419
365 1339
365 1162
365 940
365 763
366 1398
366 1007
367 993
367 1231
367 1041
367 882
367 1305
367 639
368 1334
368 851
368 1033
368 1255
369 986
369 548
370 486
370 1580
370 1357
370 397
370 1273
370 1343
371 1440
371 1255
371 1418
371 1036
371 812
371 693
371 859
372 576
372 967
372 521
372 1580
372 1464
372 634
372 1051
373 1233
373 1428
374 488
374 1446
374 1561
375 1453
375 1584
375 499
375 1176
376 1219
376 960
377 1320
378 1474
378 1483
378 912
378 508
379 1344
379 818
379 1330
380 1093
380 1222
380 1529
380 654
380 499
380 1369
380 1211
380 1404
381 384
381 674
381 963
381 1511
381 1338
382 416
382 1565
382 1426
382 788
382 1213
382 1342
383 832
383 422
383 1127
383 1136
384 1360
384 1419
384 1484
385 991
386 1472
386 617
386 721
386 1415
387 1105
387 1025
387 850
388 1329
388 1258
388 1524
388 1319
388 823
389 434
389 410
389 1196
389 1325
389 1334
390 455
390 1044
390 1526
390 954
390 539
392 1293
392 854
393 1022
394 1123
394 805
394 489
394 1065
394 395
394 563
394 1436
394 1340
395 612
395 650
395 1274
395 623
395 1235
396 968
396 1274
396 1006
396 1330
396 1017
396 602
396 1341
396 670
397 449
397 586
397 1330
397 1277
398 1297
398 1115
398 446
399 480
399 1417
399 765
399 934
400 1157
400 1389
400 1206
400 1373
401 1308
401 790
402 1421
402 1170
402 1389
402 1118
403 1272
403 1360
403 719
404 1152
404 948
405 754
405 565
405 899
405 517
405 686
406 1592
406 1578
406 438
407 717
407 1233
407 1226
408 1160
408 1353
408 1194
408 1437
409 720
409 1185
409 1348
409 1534
410 704
411 538
411 1556
411 546
411 1308
412 642
412 643
412 813
412 1522
412 627
412 915
412 702
413 480
413 965
413 421
413 526
413 1304
414 1441
414 706
414 643
414 878
414 782
414 1519
414 1425
414 502
414 1142
415 1433
415 940
415 557
415 1463
415 1305
416 1403
416 628
416 1038
417 1353
417 615
418 1509
418 905
418 783
418 1232
418 1560
419 1538
419 438
420 1352
420 521
420 526
420 464
420 1009
420 1529
420 444
421 1569
421 619
421 1424
422 567
423 868
423 540
424 976
424 1202
424 1424
425 504
425 698
425 1532
426 666
426 1382
426 439
427 1058
427 908
427 463
427 1393
427 1490
427 855
428 1120
429 1184
429 1025
429 1313
429 1061
429 1455
429 1143
429 446
430 1320
430 1385
430 875
430 734
431 1555
431 1105
431 1266
431 1370
432 1217
432 853
432 599
432 1309
433 1515
433 1072
433 574
434 1034
434 1329
434 946
434 1468
435 641
436 856
436 1586
436 821
437 1568
437 962
437 621
438 717
438 944
438 957
439 538
439 1330
439 1526
440 729
441 1030
441 1034
441 1010
441 1595
441 733
441 574
442 1345
442 771
442 774
442 1002
442 493
442 1550
442 950
442 1526
443 675
443 1009
443 623
444 1520
444 593
444 1437
445 1338
445 1206
445 670
445 455
446 516
446 1226
446 1100
446 661
448 1536
448 674
448 592
448 498
448 756
448 1401
448 479
449 1426
450 516
450 807
450 1095
450 586
450 782
450 1271
450 730
450 702
450 1247
451 657
451 1322
452 1571
452 1476
452 1190
452 657
452 499
452 700
452 765
453 1409
453 612
453 553
453 1386
453 916
453 503
454 696
455 928
455 1069
455 1109
456 1296
456 729
456 1425
456 1222
456 1303
457 1377
457 1447
457 1205
458 1409
458 645
458 807
458 1544
458 489
458 1040
458 1432
459 1417
459 490
459 1326
459 654
459 1553
459 1465
460 640
460 742
460 807
460 1236
460 890
460 703
461 1396
461 604
461 1258
462 1129
462 909
462 921
462 829
463 656
463 1494
463 807
464 1007
464 772
464 631
465 1066
466 836
467 1177
467 1351
467 1464
467 1017
467 1502
468 897
468 976
468 852
468 1078
468 1015
468 571
468 926
469 1255
469 1302
469 879
471 1512
471 1125
471 1173
471 631
473 728
473 659
474 634
474 1449
474 790
474 1175
475 1071
475 1554
475 727
475 572
475 1469
476 1059
476 1378
476 1011
476 542
477 1522
477 623
477 1237
478 1376
478 1126
479 810
479 1258
479 1203
479 1435
479 1308
479 1405
480 1483
480 814
481 705
481 1345
481 1446
481 508
482 1160
482 891
482 1489
482 1267
483 704
483 685
484 1463
484 1415
485 1192
485 1193
485 1006
485 531
485 1269
486 746
486 1292
486 822
487 1404
487 1494
487 703
488 1368
489 1137
489 497
490 1324
490 1292
490 599
490 604
491 1080
491 1106
491 845
492 701
492 823
493 998
493 1132
493 879
493 1246
495 1104
495 966
496 1577
496 586
496 917
497 1281
497 612
497 1162
497 526
497 501
497 605
497 1183
498 1138
498 1355
498 996
498 1486
499 1344
499 1475
499 1444
499 1115
499 1053
500 730
500 1179
500 1541
501 1457
501 773
501 1278
502 710
502 878
502 1105
502 786
503 1325
503 1323
504 649
504 1034
504 1052
505 921
505 1123
505 852
505 1357
506 713
506 745
506 1565
506 725
507 512
507 1254
507 651
507 1085
508 1074
508 1510
509 1066
509 1203
510 1107
510 787
510 788
510 1045
510 820
510 1047
510 1174
511 748
511 946
511 1493
511 1303
511 760
512 1036
513 1575
513 1032
513 587
513 750
513 1144
514 680
514 1404
514 581
514 1463
515 1130
515 1211
516 681
516 1289
516 783
516 659
516 1016
517 882
517 792
517 665
517 1404
518 1280
518 1029
518 1066
518 559
518 758
518 1591
519 1285
519 1510
519 651
519 593
519 1274
520 1488
520 812
521 675
521 648
521 553
521 1264
521 1074
521 1270
521 1499
522 1188
522 795
522 692
523 652
524 1113
525 1047
526 1052
526 883
527 898
527 680
527 653
527 1102
527 1461
528 768
528 837
528 1414
528 779
528 1163
528 1487
529 1288
529 1296
529 538
529 987
530 610
530 653
531 1379
531 966
531 744
531 1111
531 1401
531 1596
532 1281
532 711
532 1159
532 975
532 1039
532 722
532 658
533 1088
533 580
533 805
533 793
533 1500
534 1537
534 1445
534 998
534 626
534 917
534 1304
534 988
534 1375
535 609
535 644
535 730
535 891
536 743
537 1320
537 1154
537 1540
537 1046
538 1418
538 785
538 1075
539 1576
539 1261
539 786
539 1205
539 894
539 991
540 774
540 1226
540 987
541 1502
541 1063
542 1056
542 1540
542 1575
542 1036
543 1352
543 1391
543 732
543 989
544 1591
545 1313
545 997
545 1518
545 1047
545 1563
546 963
546 1443
546 987
546 810
546 984
547 1209
547 1304
548 994
548 914
549 657
549 778
549 994
550 1458
550 1453
551 701
551 782
551 1143
552 577
552 1126
552 1580
552 1014
552 920
552 922
552 702
553 871
553 583
553 872
553 1454
553 983
553 1433
553 698
554 768
554 1568
554 1069
554 1390
554 979
555 1088
555 1061
555 874
555 1458
555 1043
555 568
556 568
556 1561
556 1546
556 963
557 834
557 1122
557 880
557 1104
557 1238
557 985
558 694
559 1280
559 1536
559 871
559 1100
559 1484
559 1006
560 1186
560 724
560 831
561 1176
561 1528
561 1264
561 1333
562 908
562 1030
563 1294
563 1457
563 629
563 957
564 898
564 591
564 697
564 1596
565 763
565 844
565 1515
566 652
566 882
566 819
566 915
566 924
567 778
567 626
567 1209
567 1311
568 1115
568 718
568 1183
569 1398
570 1091
570 1283
570 1289
570 782
570 1390
570 1393
570 1270
570 1081
571 867
571 1340
571 1149
571 894
572 1136
572 1121
572 674
572 1066
573 1195
573 1028
574 1476
574 814
574 917
574 1116
575 865
575 1105
575 726
576 663
577 1547
577 605
578 1002
578 1405
578 1415
579 1395
580 800
580 612
580 631
580 1357
580 599
580 1529
580 1119
581 1061
581 1548
581 1073
581 1557
582 1059
582 620
582 1062
583 857
583 981
583 1023
584 961
584 1249
584 1420
584 1469
585 1279
585 686
585 1151
586 800
586 612
586 1065
587 1544
587 1197
587 1366
588 672
588 1171
588 948
589 707
589 661
589 1030
590 1187
590 1475
590 1478
590 1356
590 909
590 913
590 1204
590 1243
590 958
590 1311
591 854
591 1030
592 1252
592 1431
593 1035
593 912
593 1460
593 958
595 940
596 875
596 1244
597 1569
597 1426
597 620
597 949
598 960
598 1473
598 1154
598 1169
598 638
599 818
600 1098
600 604
600 625
601 928
601 1048
601 846
601 1022
602 1078
602 823
602 758
603 1118
603 1027
603 1515
604 641
604 1228
604 974
604 1204
604 854
604 1302
604 959
605 839
605 788
606 635
606 1174
607 1104
607 1425
607 1426
607 1557
607 670
608 1477
608 692
608 957
609 675
609 772
609 1417
609 1297
609 1270
610 664
610 1262
610 763
611 842
611 807
612 937
612 757
613 1089
613 1220
613 777
613 1386
613 747
613 1243
614 778
614 1356
614 1516
615 1252
615 1286
615 747
615 1304
616 776
616 971
616 1366
617 881
617 879
618 704
618 1432
618 1102
619 1418
619 815
619 850
619 1522
620 865
620 1345
620 1059
620 901
621 1239
622 890
622 806
623 1205
623 822
624 704
624 1127
624 1001
624 1290
624 1018
624 926
625 1570
625 1331
625 1337
625 797
626 1236
627 1274
627 1311
627 822
628 1030
628 1484
628 876
628 1595
628 893
629 1381
629 1126
629 1063
629 1354
629 1035
629 758
629 1560
630 1427
630 987
630 1532
630 989
630 639
631 815
631 946
632 1480
632 657
632 1133
632 1577
633 642
633 1340
633 1455
634 675
634 652
634 781
634 1430
635 1293
635 782
635 1112
636 684
637 1360
637 1416
638 1177
638 995
638 1341
639 764
639 710
640 929
640 935
640 1226
640 1233
641 1282
641 1582
641 1103
641 913
641 1459
642 1301
643 675
644 1567
644 1179
645 1222
645 1519
645 1522
646 1126
647 1366
647 894
647 883
647 1238
647 870
649 1265
649 1098
650 1349
650 1190
650 789
650 1368
650 1405
651 1569
652 1416
652 1022
653 707
653 1548
654 1223
654 1128
654 1394
654 1429
655 986
655 1570
655 1082
655 1317
655 792
655 1398
655 663
655 730
656 1272
656 1245
657 801
657 1002
657 783
657 820
657 697
658 768
658 1122
658 712
658 1453
659 1355
659 1297
659 914
659 1041
660 841
660 846
661 1505
662 1458
662 1385
662 1154
662 1191
663 1348
663 1323
663 880
663 883
663 1111
663 760
663 1277
663 734
663 1599
664 1336
664 1416
664 1399
665 1414
666 998
666 1446
666 668
667 682
667 980
668 914
668 856
669 1227
669 1350
670 1123
670 1315
670 1029
670 1480
670 1013
670 1365
671 951
672 1553
672 1333
672 1559
672 728
674 1478
675 898
675 1193
676 881
676 1007
677 742
678 803
678 782
678 1328
678 1429
678 1046
678 1499
679 745
679 946
680 703
680 1341
680 1149
681 864
682 1352
682 1158
682 870
683 1106
683 1123
684 853
685 808
685 815
686 1324
686 1101
686 701
687 1080
687 1321
689 967
689 863
690 992
690 1178
691 997
691 757
692 1443
692 968
692 874
692 1082
693 1278
693 1450
693 942
694 1131
694 1041
694 1403
695 1388
696 828
697 1088
697 1316
697 901
697 1164
697 718
698 1050
698 902
699 799
700 1319
701 1352
701 1445
702 1349
702 811
702 1232
703 1025
703 1294
703 1489
704 864
704 1101
704 947
704 1460
705 1372
705 1497
705 1244
705 1022
706 829
707 1040
708 806
709 912
709 914
709 758
710 1220
710 812
711 1376
711 1577
712 772
712 1555
712 1371
712 1279
713 1474
713 1457
713 828
714 995
714 1029
715 1186
715 1443
715 1468
715 1445
715 831
716 979
716 1286
717 1270
717 886
717 1454
718 803
719 1490
720 1421
720 1257
720 1526
721 814
721 855
722 1376
722 875
722 1328
722 724
722 860
723 1445
723 1526
724 739
724 1451
724 971
725 1569
725 1154
725 1136
725 820
725 1146
726 1416
726 741
726 1558
727 938
727 1236
728 1405
729 1504
729 1586
729 1567
730 856
732 992
732 1283
732 1104
733 1459
734 1182
734 1292
734 795
734 1150
735 987
736 1562
736 1258
737 960
737 1450
737 1073
737 1016
737 1499
737 863
738 1534
738 1181
738 1524
739 768
739 1385
739 906
739 1486
739 761
739 1471
740 1282
740 1578
740 1157
741 1591
742 972
742 1472
743 1106
744 1530
744 1268
745 777
745 1201
746 1515
746 1511
747 1063
747 1325
747 1233
747 886
747 1241
748 985
749 1517
750 1387
750 1238
751 1481
751 1485
751 1230
751 912
751 913
752 1265
753 1171
753 1308
753 1550
753 1390
753 1515
755 1049
755 770
755 1123
755 1284
755 1409
756 1126
756 1484
756 1488
756 762
757 973
757 990
757 1279
758 1288
758 923
759 1187
759 1541
760 1417
760 1130
760 1355
760 1554
760 1235
761 1139
761 860
761 870
762 1427
763 840
764 1121
764 1298
765 1472
765 1331
765 1304
767 1010
767 1306
767 1085
767 1415
768 1438
768 1317
769 844
769 1261
769 1360
769 1298
769 1426
769 1522
769 1407
770 994
770 1132
770 879
770 823
770 1466
771 862
772 1451
772 1228
772 1005
773 1232
773 817
773 993
773 1033
775 1191
775 819
775 1559
775 1359
776 1203
777 778
777 1210
777 1500
778 1401
778 1051
778 831
779 1057
779 1379
779 1190
779 1547
779 815
780 1096
780 846
780 1576
781 1463
781 842
782 994
782 1260
783 1381
783 1547
783 982
783 1149
784 840
784 795
784 1477
785 852
786 1027
786 1194
786 1104
786 820
787 1152
787 1163
787 1050
787 1277
787 1151
788 1093
789 1393
789 1336
789 959
790 1097
790 1402
791 992
791 1267
791 1494
791 799
792 1509
792 1428
793 897
793 1450
793 1496
793 1146
794 963
794 1575
795 1536
795 1357
797 1522
797 975
798 1057
798 802
799 1238
800 1574
800 1192
800 1262
801 1203
801 1574
802 1232
802 1265
802 1370
804 1459
804 1061
805 900
805 1201
805 1469
805 1246
806 1073
807 912
807 1556
807 918
808 1520
808 1517
808 1586
809 1096
810 856
811 1511
811 1108
811 1175
812 1405
813 1140
813 1434
813 902
814 1348
814 1417
814 973
814 1561
815 1537
815 976
815 925
817 999
817 1322
817 1270
817 1047
817 1334
818 1403
818 1365
819 1325
819 1139
819 1307
820 1249
820 867
820 1075
820 852
820 1052
823 973
823 1267
823 1407
824 1315
824 1444
824 1286
824 1488
824 1045
824 1564
825 1216
825 1125
825 1414
825 1424
825 1139
826 1598
827 1129
828 1377
828 1259
828 1301
828 951
828 921
829 1460
830 1577
830 973
830 1438
830 1327
831 1120
831 1374
831 1068
832 1097
832 1012
833 1129
833 1242
833 1271
834 1253
834 1285
834 891
835 886
836 1222
836 885
836 1006
837 1557
837 995
837 877
837 1189
838 1064
838 1280
839 1197
839 1524
840 1248
840 1307
840 947
840 1530
840 1180
841 1260
842 1389
842 1489
842 1493
842 1302
842 922
843 1556
843 1079
844 1422
845 1586
846 1049
847 1308
847 1372
849 1314
849 868
849 1094
850 1441
850 899
850 1190
850 1224
850 1081
850 1309
851 1000
851 1066
851 988
851 863
852 1536
852 1358
852 1552
856 1233
856 1374
857 1525
858 1353
859 1361
859 978
860 1352
860 1036
860 901
861 1505
861 1593
861 885
862 1569
862 1097
862 1482
862 1230
862 1437
863 1418
863 1339
863 956
864 1271
864 1237
866 1506
866 1027
866 1476
866 1573
867 1534
867 1249
869 924
870 1026
870 1378
870 1236
870 982
870 1567
871 1464
871 1554
871 1246
872 1166
873 1157
874 1412
874 1068
874 971
874 1362
875 1199
876 926
877 880
877 1365
877 1367
878 1282
878 1583
879 1185
880 1376
880 1122
880 1326
880 1490
881 1404
881 948
882 1460
882 1528
883 1325
884 1437
884 1119
885 1377
885 1382
885 1191
885 1534
886 1588
887 1043
889 920
889 1078
891 1002
891 1206
892 928
892 909
892 1543
893 1537
893 1443
894 931
894 1522
895 1332
895 955
896 898
896 996
896 1590
898 997
898 905
898 1034
899 1113
899 1387
900 1399
900 1483
900 1303
901 1382
901 1359
901 1079
901 1053
903 999
903 1295
903 1426
903 1587
903 1182
905 935
905 1496
905 1279
906 1408
906 1125
906 1220
906 1576
906 1424
906 949
906 1048
908 916
909 1062
909 1209
910 1248
910 1520
910 1333
911 992
912 1542
912 1584
913 1318
913 978
913 1535
915 1037
915 1023
917 1009
917 1043
917 920
918 1243
918 1225
919 1202
919 1573
920 1515
920 1427
921 1451
923 1290
923 1107
923 1079
923 1339
924 1576
924 1533
924 1180
925 1208
925 1155
925 965
925 950
927 994
927 964
927 996
927 1000
928 1120
928 1540
928 1168
929 1405
929 1093
930 1337
931 1476
931 1103
932 969
932 1186
932 1125
932 1559
933 938
933 1035
933 1594
933 1346
934 1023
935 945
935 1141
935 1496
935 953
935 954
935 1340
937 1209
937 1334
938 1405
938 1414
939 1027
941 1336
941 1559
941 1385
942 1328
943 1464
943 1484
943 1396
944 952
945 981
945 1430
946 1597
947 1022
948 1153
948 1001
949 1454
950 1265
950 1139
951 1408
951 1054
952 1585
952 1096
952 1230
953 1452
953 975
953 1169
954 1041
954 1593
954 1467
955 1312
955 1547
955 1136
955 1366
955 1430
955 1497
955 1435
955 1372
956 1091
956 1407
957 1382
957 1433
958 1240
958 1017
959 965
960 1582
961 1082
961 1229
961 1507
962 1316
962 1190
962 1549
962 1439
963 1493
964 1216
964 1140
965 1389
965 1220
968 1064
968 1577
968 1494
968 1214
969 1122
969 1383
969 1191
969 1075
969 1471
970 1574
970 1287
970 1384
970 982
970 1242
970 1535
971 1286
972 1270
972 1235
973 1093
973 1164
973 1071
976 1273
976 1324
976 1081
977 1315
977 1452
978 1188
978 1094
978 1307
979 1152
979 1241
979 1261
979 1049
980 1052
980 1405
981 1403
982 1027
983 1468
984 1013
985 1448
985 1212
986 1578
986 1298
986 1560
987 1408
987 1220
987 1382
987 1132
987 1087
988 1144
988 1350
989 1360
991 1156
991 1592
991 1266
991 1304
991 1502
992 1559
993 1041
994 1058
995 1022
996 1152
997 1379
997 1121
997 1441
997 1040
998 1127
999 1187
999 1197
999 1110
999 1240
1000 1063
1001 1063
1001 1199
1001 1212
1001 1076
1001 1149
1002 1444
1002 1040
1002 1174
1002 1375
1003 1105
1003 1330
1003 1235
1003 1550
1004 1424
1004 1059
1004 1253
1006 1542
1006 1527
1006 1401
1006 1471
1007 1552
1008 1226
1008 1187
1008 1259
1009 1572
1009 1375
1010 1507
1010 1087
1011 1083
1011 1028
1012 1195
1014 1380
1018 1313
1020 1571
1020 1356
1021 1350
1022 1090
1022 1028
1022 1075
1023 1170
1024 1501
1024 1332
1024 1222
1025 1584
1025 1395
1025 1465
1025 1117
1026 1112
1027 1527
1027 1087
1028 1418
1028 1215
1029 1172
1029 1591
1030 1369
1031 1145
1031 1228
1031 1325
1032 1227
1033 1477
1033 1360
1034 1554
1035 1124
1035 1462
1036 1376
1036 1218
1036 1535
1037 1380
1037 1175
1039 1214
1040 1477
1040 1231
1042 1137
1042 1140
1044 1386
1044 1069
1044 1255
1045 1513
1047 1138
1047 1268
1050 1136
1050 1393
1050 1590
1050 1276
1051 1379
1053 1089
1053 1316
1053 1395
1055 1392
1055 1543
1056 1230
1056 1168
1056 1553
1057 1485
1057 1233
1057 1557
1059 1255
1060 1175
1060 1131
1060 1171
1061 1137
1061 1085
1062 1463
1063 1515
1063 1470
1064 1443
1064 1208
1065 1583
1066 1440
1066 1319
1066 1398
1068 1550
1068 1245
1068 1138
1069 1409
1069 1560
1069 1407
1070 1405
1070 1348
1072 1328
1072 1589
1072 1349
1073 1100
1073 1334
1076 1410
1077 1088
1077 1252
1077 1358
1077 1234
1077 1242
1077 1278
1078 1467
1079 1450
1080 1385
1080 1091
1082 1273
1083 1533
1084 1359
1087 1258
1088 1313
1088 1147
1089 1409
1092 1348
1093 1226
1093 1424
1094 1168
1095 1569
1096 1165
1096 1211
1097 1256
1098 1349
1098 1341
1099 1360
1099 1164
1100 1221
1101 1131
1103 1510
1103 1230
1103 1198
1104 1312
1104 1157
1105 1379
1105 1133
1105 1368
1106 1314
1106 1188
1106 1547
1106 1214
1107 1121
1107 1126
1108 1221
1109 1508
1109 1556
1110 1392
1111 1431
1112 1353
1113 1518
1113 1491
1113 1334
1113 1433
1115 1127
1115 1522
1115 1151
1117 1594
1118 1305
1118 1559
1118 1415
1119 1347
1119 1326
1121 1472
1122 1300
1122 1207
1123 1586
1123 1336
1123 1247
1124 1541
1124 1469
1125 1560
1126 1146
1127 1378
1127 1195
1128 1290
1129 1538
1129 1449
1129 1423
1129 1136
1129 1424
1129 1406
1131 1349
1131 1277
1131 1247
1132 1303
1133 1418
1133 1449
1134 1242
1134 1550
1134 1351
1134 1303
1135 1281
1135 1291
1136 1545
1138 1473
1138 1193
1139 1441
1139 1572
1140 1578
1141 1196
1143 1258
1143 1459
1143 1270
1143 1334
1144 1417
1146 1152
1146 1396
1147 1517
1148 1232
1149 1433
1150 1274
1151 1272
1151 1301
1151 1208
1151 1180
1152 1206
1153 1307
1155 1514
1155 1231
1156 1305
1157 1535
1158 1332
1159 1169
1159 1298
1159 1311
1162 1211
1162 1481
1162 1375
1163 1185
1163 1253
1163 1224
1163 1395
1164 1508
1164 1244
1165 1511
1167 1488
1167 1347
1167 1230
1168 1223
1168 1545
1171 1451
1171 1262
1172 1476
1173 1550
1173 1406
1174 1509
1176 1218
1177 1283
1177 1540
1177 1252
1177 1261
1180 1381
1180 1317
1180 1233
1181 1561
1182 1598
1184 1283
1185 1410
1185 1477
1186 1333
1187 1570
1187 1188
1187 1585
1188 1473
1189 1566
1190 1235
1191 1441
1191 1288
1191 1356
1191 1563
1191 1213
1192 1274
1192 1400
1194 1573
1194 1447
1194 1599
1195 1354
1195 1535
1197 1472
1198 1432
1198 1339
1201 1485
1202 1277
1203 1518
1204 1251
1204 1446
1204 1232
1205 1416
1205 1525
1205 1399
1205 1560
1206 1220
1206 1478
1207 1516
1209 1431
1210 1222
1211 1257
1211 1277
1212 1550
1213 1262
1214 1508
1214 1394
1215 1329
1216 1241
1217 1391
1221 1569
1221 1543
1221 1580
1222 1452
1223 1408
1223 1268
1224 1362
1225 1302
1226 1274
1227 1547
1228 1570
1228 1593
1231 1251
1231 1456
1231 1363
1232 1314
1234 1330
1235 1273
1236 1453
1236 1563
1237 1374
1238 1290
1238 1355
1238 1501
1240 1483
1240 1277
1241 1338
1242 1263
1242 1566
1244 1454
1244 1554
1248 1473
1248 1548
1248 1398
1250 1310
1250 1287
1251 1353
1251 1394
1251 1573
1252 1516
1254 1561
1256 1533
1257 1450
1258 1280
1258 1329
1258 1596
1258 1565
1259 1529
1261 1346
1261 1471
1262 1365
1262 1462
1263 1436
1265 1430
1266 1371
1267 1469
1269 1576
1269 1544
1272 1579
1273 1592
1274 1459
1274 1311
1275 1460
1276 1566
1277 1437
1279 1447
1280 1524
1280 1432
1284 1516
1284 1488
1289 1466
1290 1313
1293 1322
1293 1580
1293 1493
1294 1588
1295 1464
1295 1380
1295 1351
1298 1361
1298 1331
1300 1392
1300 1323
1301 1472
1301 1328
1303 1423
1303 1502
1304 1419
1304 1559
1305 1543
1305 1544
1305 1577
1305 1435
1305 1308
1306 1474
1307 1355
1309 1519
1310 1477
1310 1370
1311 1570
1311 1588
1314 1496
1316 1368
1318 1429
1319 1436
1320 1324
1320 1402
1320 1339
1321 1555
1322 1364
1323 1385
1323 1566
1324 1484
1324 1401
1325 1581
1326 1432
1327 1400
1327 1425
1329 1400
1330 1525
1331 1344
1331 1488
1333 1479
1333 1517
1334 1379
1334 1450
1338 1458
1340 1360
1344 1406
1347 1477
1347 1427
1347 1429
1348 1472
1348 1438
1351 1590
1353 1505
1354 1577
1354 1581
1355 1368
1356 1415
1356 1478
1358 1476
1358 1551
1360 1451
1360 1556
1361 1571
1364 1595
1364 1527
1365 1495
1365 1469
1369 1394
1370 1383
1373 1592
1373 1591
1376 1472
1379 1476
1379 1583
1383 1576
1387 1547
1388 1431
1389 1571
1389 1580
1389 1455
1390 1468
1391 1445
1392 1449
1393 1526
1394 1499
1395 1506
1397 1412
1399 1596
1401 1512
1402 1590
1402 1558
1402 1471
1403 1462
1406 1528
1407 1545
1407 1557
1408 1458
1409 1551
1409 1583
1411 1436
1416 1519
1417 1574
1425 1542
1426 1433
1427 1556
1431 1459
1432 1496
1433 1485
1435 1460
1436 1584
1438 1461
1439 1574
1440 1541
1445 1553
1448 1568
1448 1573
1451 1582
1452 1499
1462 1523
1464 1561
1465 1582
1472 1595
1476 1545
1477 1546
1478 1546
1490 1525
1490 1565
1491 1500
1492 1516
1496 1516
1501 1513
1504 1530
1504 1589
1509 1593
1515 1570
1519 1539
1520 1535
1534 1560
1539 1561
1539 1547
1548 1571
1548 1588
1551 1574
1557 1581
1589 1592
