1600 4800
0 450
0 355
0 325
1 643
1 933
1 936
1 1103
1 464
1 1456
1 1459
1 1015
2 833
2 999
2 428
2 492
2 212
2 374
2 799
3 753
3 442
3 1354
3 889
3 1327
4 33
4 1189
4 296
4 526
4 1137
4 1490
4 597
4 730
4 638
5 864
5 929
5 649
5 715
5 750
5 1074
6 478
6 933
6 1415
6 1511
6 201
6 702
6 1172
6 343
6 698
6 926
7 1574
7 97
7 450
7 273
8 35
8 485
8 1099
8 1390
8 274
8 1427
8 665
8 1530
8 62
9 451
9 1571
9 37
9 133
9 615
9 1350
9 1067
9 78
10 1579
10 179
10 995
11 675
11 166
11 1192
11 111
11 439
11 91
12 937
12 1358
12 691
12 119
12 510
12 959
13 224
13 647
13 872
13 655
13 593
13 817
13 1181
14 33
14 398
14 945
14 1428
14 1432
14 348
14 1375
15 513
15 801
15 164
15 1351
15 168
15 617
15 745
15 1417
15 17
15 406
15 923
16 1512
16 1468
16 1021
16 423
17 1264
17 122
17 196
18 1000
18 299
18 1541
18 166
19 1408
19 513
19 1319
19 519
19 850
19 1557
19 151
19 666
20 672
20 737
20 1160
20 745
20 664
20 271
20 1333
20 184
21 1253
21 1513
21 1066
21 1322
21 492
21 1105
21 849
21 370
21 629
22 896
22 321
22 1440
22 1399
22 121
22 863
23 408
23 633
24 1337
24 1323
24 973
24 718
25 512
25 617
25 142
26 323
26 727
26 79
26 945
26 55
26 310
26 534
26 408
27 960
27 545
27 673
27 930
27 520
27 335
27 597
27 1245
27 478
28 1217
28 675
28 549
28 1030
28 843
28 1201
28 214
29 172
29 780
29 819
29 243
29 343
29 1498
30 883
30 803
30 1333
30 1278
31 1152
31 261
31 1190
31 1224
31 1001
31 874
31 1204
31 826
32 401
32 1514
32 1268
32 1569
33 64
33 707
33 74
33 462
33 1038
33 853
33 1499
33 670
34 880
34 765
34 1248
34 435
34 381
35 1124
35 829
35 1440
36 1377
36 130
36 172
36 1359
36 1560
36 1177
37 739
37 1156
37 624
37 977
37 1236
37 317
38 1040
38 849
38 434
38 949
38 602
38 1119
39 1065
39 770
39 557
39 734
39 782
40 1504
40 1415
40 360
40 361
40 42
40 718
40 1103
40 1488
40 1013
40 666
41 1135
41 976
41 1138
41 1491
41 406
41 1368
41 415
42 1258
42 725
42 149
42 57
42 157
42 63
43 1377
43 445
43 862
44 388
44 551
44 860
44 568
44 651
44 1547
44 887
44 440
44 1271
44 156
45 448
45 514
45 299
45 235
45 621
45 1135
45 851
45 1459
45 824
46 129
46 866
46 1281
46 300
46 332
46 239
46 784
46 310
46 727
46 509
47 624
47 258
47 157
47 874
48 163
48 1097
48 682
48 1592
48 205
48 1010
48 181
48 152
48 1244
48 1085
49 64
49 1288
49 1050
49 262
50 769
50 614
50 1467
50 52
50 302
51 642
51 1134
51 822
51 55
51 857
51 734
52 161
52 1153
52 1509
52 1300
52 1501
53 200
53 657
53 1205
53 54
54 1219
54 677
54 1253
54 871
54 72
54 1226
54 210
54 1276
54 926
55 197
55 1096
55 113
55 305
55 307
55 756
55 86
55 1107
55 1116
56 1282
56 219
56 1118
56 887
57 360
57 681
57 229
57 70
58 964
58 230
58 426
58 1515
58 435
58 1591
58 505
59 1053
59 798
60 260
60 870
60 1073
60 564
60 150
60 474
61 120
61 434
61 1331
61 1136
61 863
62 1538
62 323
62 1556
62 1219
63 131
63 1150
63 774
64 452
64 1562
64 861
64 1566
65 516
65 1078
65 799
66 1506
66 515
66 266
66 1136
66 689
66 1586
66 1526
66 1406
67 280
67 546
68 907
68 92
68 559
69 1388
69 812
69 209
69 1331
69 890
69 1405
70 547
70 707
70 301
70 445
70 414
71 1159
71 1260
71 533
71 686
71 1006
72 1506
72 933
72 1581
72 144
72 635
73 324
73 1462
73 1303
74 1255
74 374
74 214
74 760
74 703
75 81
75 580
75 1116
75 790
75 455
76 584
76 1563
76 1077
76 487
77 1112
77 1279
77 579
77 734
77 1167
78 1280
78 1026
78 1156
78 807
78 1386
78 1578
78 1400
79 1217
79 234
79 779
79 973
79 1037
79 915
79 148
79 312
80 1147
80 405
80 846
80 383
81 648
81 1224
81 1132
81 505
81 798
81 287
82 208
82 1157
82 408
82 406
83 926
83 918
83 620
83 446
83 1392
84 1451
84 853
85 673
85 898
85 1445
85 296
85 714
85 1459
85 634
85 219
85 829
85 511
86 770
86 1155
86 1224
86 1546
86 1084
87 577
87 1242
87 875
87 548
88 801
88 1186
88 487
88 202
88 204
88 561
89 481
89 514
89 868
89 1382
89 1065
89 1354
89 1140
89 158
90 1446
90 970
90 1290
90 340
90 247
90 1529
90 316
91 1431
91 810
91 1030
91 1271
92 1363
92 1260
92 750
92 1007
93 880
93 1258
93 157
93 1031
94 1121
94 420
94 743
94 425
94 204
94 973
94 592
94 179
94 1430
94 1277
94 317
95 705
95 410
95 908
95 358
96 986
96 1044
96 942
97 295
97 939
97 942
97 1422
97 688
97 1524
97 342
97 506
98 484
98 1063
98 940
98 980
98 438
98 317
98 861
98 158
99 1252
99 638
100 1189
100 395
100 1133
100 1522
100 501
100 442
101 899
101 134
101 1575
101 493
101 1264
101 370
101 245
101 217
101 571
102 606
102 727
103 857
103 746
103 1307
103 1486
104 874
105 1344
105 169
105 1274
105 325
105 918
106 248
106 497
106 1306
106 1341
106 327
107 153
108 481
108 547
108 1219
108 517
108 1445
108 423
108 618
108 1393
108 916
108 1238
108 863
109 393
109 203
109 868
109 1494
109 702
110 354
111 987
111 1179
111 1401
111 1051
111 159
112 913
112 306
112 399
113 1166
113 422
113 1014
113 327
114 795
114 1434
114 595
114 853
115 1035
115 333
115 178
115 659
115 1141
115 473
116 1130
116 600
116 780
116 626
116 725
116 1429
116 248
116 505
116 282
116 606
116 1343
117 385
117 802
117 1062
117 397
117 174
117 631
118 458
118 517
118 447
119 896
119 626
119 267
119 1176
120 1008
120 1515
120 1086
120 1319
122 1152
122 963
122 868
122 903
122 264
122 1455
122 434
122 1014
122 158
122 1151
123 1183
123 481
123 1326
123 1070
123 967
124 388
124 813
124 1422
124 1522
124 247
124 1081
125 777
125 719
125 688
125 1395
125 1492
125 251
125 671
126 550
126 1489
126 324
126 133
126 502
127 1132
127 972
127 508
127 862
127 999
128 1442
128 1178
128 380
129 160
129 1508
129 873
129 589
129 366
129 1072
129 1107
129 1269
129 925
130 240
130 994
130 1468
130 453
131 1057
131 1498
131 659
131 1460
132 194
132 1477
132 615
132 171
132 1521
132 1460
132 1340
133 1376
133 1126
133 169
133 619
133 1464
133 415
134 385
134 422
134 1098
134 589
134 782
134 1519
134 1468
134 797
135 1029
135 549
136 1159
136 813
136 1365
136 1274
136 475
136 1277
137 1440
137 716
137 1327
138 1184
138 549
138 274
138 660
138 313
138 378
139 1202
139 1178
139 963
140 1051
140 1085
140 235
140 469
141 192
141 640
141 1102
141 664
141 1275
141 1340
142 640
142 1155
142 420
142 1381
142 1446
142 1069
142 817
142 1173
143 1412
143 1446
143 234
143 1578
143 686
143 858
143 187
144 421
144 678
144 1189
144 270
144 1466
145 505
145 172
145 262
146 1280
146 1536
146 866
146 308
146 570
146 1502
147 983
147 1003
147 588
147 926
147 815
148 1440
148 290
148 1447
148 585
148 1109
149 1312
149 1482
149 1029
150 800
150 450
150 233
150 1258
150 973
150 656
150 307
150 565
151 321
151 1380
151 1063
151 680
151 426
151 971
151 1164
151 621
151 1262
151 1041
151 408
151 474
152 1008
152 302
153 689
153 417
153 221
153 934
155 898
155 1065
155 1102
155 1550
155 1139
155 856
155 1338
156 583
156 1494
156 729
156 698
156 1276
157 259
157 271
157 920
158 360
158 298
158 591
158 506
158 531
158 599
158 345
159 407
159 931
159 1152
159 1262
160 944
160 1441
160 984
160 879
161 185
161 1425
161 397
161 257
162 500
162 532
163 531
163 981
164 1441
164 738
164 1063
164 974
164 1593
164 1562
164 798
165 968
165 970
165 956
165 1594
166 1065
166 1426
166 213
166 952
166 249
167 456
167 1175
167 587
167 367
167 239
168 1249
168 1124
168 455
168 199
168 239
168 1554
168 599
169 672
169 1571
169 1007
169 950
169 823
169 221
170 552
170 894
170 878
170 559
171 577
171 523
171 1516
171 476
171 1437
171 1119
172 994
172 612
172 741
172 1446
172 813
172 850
172 1012
172 246
172 442
172 190
173 193
173 738
173 776
173 490
173 1325
173 1582
173 212
173 596
173 1053
174 611
174 516
174 996
174 1254
174 1010
174 1118
174 667
174 1564
174 797
174 766
175 746
175 236
175 1495
175 1079
176 1061
176 774
176 1446
176 746
176 459
176 1555
176 502
176 797
177 1507
177 871
177 364
177 941
177 942
177 527
177 1356
177 369
177 1212
177 1081
177 346
177 924
178 1571
178 581
178 325
178 1384
178 298
178 651
178 752
178 305
178 1457
178 182
179 897
179 652
179 653
179 275
179 1589
179 1430
179 1209
179 1183
180 1200
180 1001
180 501
180 1281
180 1167
181 1579
181 498
181 1219
181 652
182 800
182 929
182 1122
182 1443
182 1366
182 1274
182 219
183 640
183 1520
183 1106
183 1131
184 421
184 1029
184 1093
184 937
184 298
184 1115
184 1198
184 528
184 1425
184 661
184 1592
184 1433
184 379
184 831
185 456
185 1231
185 1435
185 559
186 1194
186 972
186 749
186 879
186 821
186 1463
186 1278
186 575
187 1190
187 1065
187 1450
187 821
187 1144
187 284
188 395
188 812
188 1580
188 1043
188 376
188 346
188 828
189 242
190 1218
190 1353
190 719
190 406
190 951
190 1048
191 675
191 228
191 583
191 972
191 653
191 334
191 1324
191 849
191 1236
192 1379
192 1443
192 1159
192 1297
192 1112
192 921
192 606
193 1146
193 1266
194 451
194 457
194 266
194 1419
194 687
194 691
195 976
195 1073
195 1075
195 1265
195 639
196 1552
196 259
196 525
196 407
197 1345
197 1009
197 535
198 579
198 1546
198 1099
198 631
198 636
198 1118
199 388
199 968
199 978
199 1203
199 725
199 1567
200 904
200 745
200 1478
200 902
201 898
201 675
201 714
201 331
201 1546
201 1135
201 1560
202 1445
202 261
202 1189
202 1294
202 240
203 576
203 356
203 998
203 979
203 1047
203 1592
203 1502
204 835
204 1317
204 647
204 491
204 1461
204 1086
204 415
205 679
205 303
205 1139
205 886
205 1468
205 828
205 735
206 901
206 1165
206 287
207 1221
207 567
208 1194
208 1562
208 1270
208 1311
209 620
209 239
209 308
209 1308
209 1503
210 610
210 291
210 871
210 1134
210 945
210 1397
210 343
211 736
211 396
211 337
211 661
211 956
211 1375
212 1405
212 435
212 1400
212 829
213 686
213 762
213 603
213 508
213 604
214 838
214 782
214 1135
215 442
215 994
215 445
215 1118
216 1305
216 266
216 1036
216 1094
216 1263
217 320
217 641
217 872
217 395
217 883
217 725
217 951
217 378
217 1022
218 490
218 1009
218 595
218 1108
218 923
218 796
219 757
219 375
220 802
220 748
220 819
220 468
220 1459
220 1398
220 1438
221 801
221 773
221 262
221 843
221 1168
221 1596
222 1096
222 1177
222 1082
222 462
223 679
223 968
223 463
223 308
223 756
223 892
223 831
224 1449
224 1520
224 274
224 596
224 1591
225 961
225 869
225 943
225 788
225 917
225 726
225 541
226 1072
226 1305
226 1141
226 398
226 1311
227 552
227 1434
227 877
227 1191
228 1220
228 455
228 650
228 714
228 590
228 692
228 1140
228 1371
228 574
229 1560
229 915
230 1024
230 1465
230 364
230 1140
230 1273
230 315
230 540
230 670
231 741
231 747
231 1131
231 947
231 1499
231 1564
231 637
231 991
232 1353
232 457
232 418
232 813
232 1025
233 805
233 301
233 1046
234 1410
234 324
234 582
234 1575
234 795
235 960
235 258
235 334
235 1132
235 626
235 946
235 861
235 1471
236 967
236 1572
236 1580
237 866
237 771
237 523
237 300
237 560
237 403
237 949
237 1368
238 1198
238 1454
238 692
238 693
238 1563
238 1053
239 416
239 1090
239 573
240 1414
240 744
240 429
240 785
240 370
240 913
240 374
241 1186
241 549
241 855
242 705
242 298
242 629
242 471
243 1024
243 680
243 1225
243 971
243 1324
243 941
243 1366
243 953
243 507
243 1343
244 1074
244 988
244 588
244 429
244 871
245 1286
245 746
245 845
245 562
245 1499
246 256
246 820
246 1271
247 1126
247 590
247 1590
247 920
248 264
249 1422
250 657
250 898
251 825
251 708
251 820
252 1286
252 1320
252 331
252 1486
252 1429
252 1462
253 778
253 1163
253 1231
253 1331
253 1523
253 1555
253 1334
253 1239
253 1147
253 1406
254 352
254 1030
254 1224
254 297
254 843
254 622
254 593
254 566
254 1335
254 410
255 1122
255 579
255 1451
256 996
256 1384
256 301
256 1517
256 1495
256 1592
256 761
256 1498
256 767
257 1589
257 365
257 718
257 1343
258 945
258 850
258 436
258 569
258 1118
259 1443
259 1101
259 945
259 274
259 602
259 731
260 547
260 1532
260 1491
260 919
260 664
260 1374
261 288
261 677
261 1035
261 1227
261 1462
261 568
261 1401
262 295
262 1550
262 1169
262 1531
262 1399
262 1081
262 1019
263 298
263 1487
264 994
264 1135
264 479
265 752
265 1297
265 522
265 772
265 1461
266 1350
266 272
266 784
266 1526
267 566
267 923
267 318
268 328
268 488
268 371
268 872
268 342
269 896
269 359
269 1449
269 1226
269 750
269 404
270 353
270 610
270 1378
270 1390
270 725
270 1594
270 542
271 579
271 682
271 875
271 812
271 1389
271 1276
272 352
272 1312
272 1443
272 1132
272 912
272 1524
272 1174
272 1501
272 959
273 295
273 296
273 427
273 1356
273 1276
273 1117
274 1263
274 881
274 541
275 814
275 690
275 1429
275 312
275 1502
276 450
276 483
276 1412
276 781
276 1069
276 657
276 1177
277 458
277 1331
277 1564
277 1319
277 535
278 643
278 1481
278 1422
278 1204
278 917
278 1023
279 1027
279 1153
279 675
279 660
279 1473
280 958
281 773
281 741
281 1580
281 752
281 1395
281 1145
281 1213
282 1056
282 899
282 518
282 1005
282 1074
282 1045
282 1141
282 1558
282 1022
282 1503
283 630
284 704
284 1185
284 1228
284 1012
284 1206
284 567
284 697
284 573
284 831
285 497
285 1202
285 1351
285 311
286 577
286 1266
286 1475
286 797
286 615
287 742
287 328
287 627
287 564
287 1366
287 924
288 1257
288 906
288 850
288 506
288 1375
289 1368
289 546
289 815
290 623
291 1441
291 676
291 1540
291 364
291 974
291 1327
291 626
291 787
291 919
291 760
291 794
291 511
292 384
292 865
292 1080
292 1508
293 1252
293 605
294 536
294 553
294 913
294 564
294 1079
295 715
295 980
295 1176
295 604
296 937
296 1067
296 1259
296 912
297 1252
297 301
297 755
297 693
297 314
298 1368
298 756
298 854
298 1110
298 1499
299 352
299 1255
299 1576
299 1513
299 875
299 621
299 502
299 1087
300 1480
300 1363
300 948
300 663
301 587
301 1131
301 1169
301 1309
302 1350
302 1450
302 1422
302 687
302 1429
302 1210
302 319
303 1376
303 1107
304 379
304 380
304 1108
305 711
305 1552
305 1011
305 791
305 605
305 799
306 1309
306 948
306 893
307 490
307 625
307 471
307 630
307 1151
307 447
308 704
308 1411
308 868
308 1265
308 1332
308 700
309 1090
309 707
309 710
309 875
309 621
309 1325
309 475
310 1508
310 614
310 396
310 1228
310 919
310 665
311 676
311 516
311 647
311 1357
311 462
311 1234
312 1388
312 1361
312 1079
312 409
312 1085
313 416
313 604
313 1174
314 1282
314 842
314 1451
314 1146
314 860
314 1503
315 678
315 1192
315 1383
315 652
315 1337
315 765
316 584
316 1322
316 429
316 1489
316 853
316 919
316 860
317 419
317 615
317 552
317 587
317 1423
317 1555
317 696
317 1210
317 1083
317 383
318 1426
318 1284
319 837
319 1346
319 468
319 637
320 1509
320 599
321 1266
321 1594
321 462
322 865
322 886
322 1380
322 838
323 441
323 737
324 354
324 1446
324 391
324 1134
324 627
324 532
324 1435
324 1341
325 456
325 1430
325 446
326 353
326 674
326 801
326 1127
326 809
326 506
326 1597
326 1311
327 736
327 1386
327 723
327 346
327 794
328 772
328 1032
328 400
328 1461
329 489
329 380
329 1221
330 1112
330 1553
330 435
330 790
330 1231
331 1168
331 340
332 856
332 1267
332 388
332 789
333 811
333 1262
333 847
333 1490
333 1050
333 668
334 1426
334 987
334 343
335 1126
335 1385
335 557
335 656
335 1237
335 1178
335 1086
336 1441
336 1128
336 1197
336 719
336 1073
336 1524
336 600
336 1209
336 1467
337 1416
337 426
337 1390
337 692
337 1212
337 1086
338 584
338 1327
338 624
338 594
338 472
338 444
339 545
339 1443
339 1017
339 1374
339 1558
340 482
340 611
340 578
340 970
340 1119
341 952
341 1560
341 1563
341 1380
341 1079
342 664
342 829
343 995
343 1446
343 651
344 385
344 1364
344 1013
344 726
345 611
345 393
345 396
345 1198
345 1360
345 1555
345 536
345 541
346 1184
346 965
346 1383
346 361
346 1515
346 1166
346 1526
346 951
346 921
346 570
346 794
347 1302
348 740
348 647
348 1322
348 725
348 630
349 849
349 562
349 1333
349 516
349 1269
350 1366
350 979
350 710
351 995
351 427
351 652
351 909
351 1270
351 763
352 1314
352 426
352 586
352 465
352 498
352 627
352 1435
353 417
353 770
353 1155
353 968
353 683
353 907
353 562
353 1395
354 517
354 1449
354 1227
354 1014
354 1371
354 1150
355 1130
355 1541
355 1274
355 1205
356 1097
356 427
356 383
357 896
357 1552
357 1106
357 595
357 1430
357 601
358 800
358 1256
359 1216
359 481
359 897
359 1569
359 1573
359 1170
359 1461
359 727
359 1497
359 987
359 415
360 1342
360 612
360 805
360 1124
360 968
361 1414
361 1479
361 811
361 1138
361 1208
362 1280
362 1579
362 939
362 1342
363 1278
363 1355
363 1344
363 1196
363 822
364 1411
364 1061
364 1126
364 428
364 821
364 1301
364 1499
364 1147
364 988
364 1438
365 1025
365 1474
365 1030
365 366
365 1231
365 1458
365 1176
366 940
366 633
366 1401
368 1442
368 998
368 1326
368 1463
368 702
368 575
369 678
369 1097
369 941
369 1134
369 1166
369 402
369 1169
370 1218
370 1255
370 1361
370 888
370 1401
370 1020
371 1538
371 778
371 1386
371 1454
371 595
371 1018
371 893
372 616
372 1250
372 1546
373 899
373 1542
373 1574
373 1001
373 1200
373 1112
373 1500
374 481
374 406
374 664
375 436
375 917
375 503
376 668
376 1581
377 835
377 579
377 424
377 908
377 1009
377 1562
378 520
378 937
378 752
378 854
378 758
378 1398
378 892
379 1442
379 1238
380 1072
380 1598
381 447
382 425
382 515
382 996
382 1005
382 790
383 384
383 1282
383 619
383 564
384 841
384 1392
384 885
384 567
384 1337
385 1184
385 1480
385 1228
385 1200
386 1171
386 525
386 925
387 729
387 1418
387 606
388 1542
388 1127
388 1528
388 1543
388 912
388 1240
389 512
389 709
389 518
389 1416
389 1097
389 1131
389 1389
389 598
390 728
390 1166
391 905
391 527
391 1072
391 529
391 505
392 1125
392 802
392 643
392 565
393 1090
393 1474
393 1284
393 1198
393 1309
394 1444
395 1191
395 460
395 687
395 1359
395 1552
395 1075
395 1239
395 442
395 766
396 1255
396 1111
397 706
397 930
397 1089
397 743
397 879
397 1522
397 729
398 1312
398 1443
398 901
398 880
399 1316
399 445
399 1294
400 1300
400 454
400 463
401 1306
401 1370
401 1585
401 596
401 503
401 794
401 1215
402 677
403 714
403 939
403 592
403 1591
403 1563
404 1440
404 1096
404 504
404 538
404 1147
404 511
405 452
405 1544
405 1034
405 619
405 1291
405 1039
405 1553
405 414
406 834
406 676
406 1350
406 1065
406 975
406 1009
406 1367
406 1528
407 1292
407 1327
407 534
407 1535
408 663
408 1196
408 1363
408 602
408 916
409 1291
410 717
410 1045
410 1594
410 1467
410 732
411 698
411 859
411 1405
411 455
412 1058
412 902
413 1248
413 577
413 422
413 946
413 506
413 858
414 1291
414 784
414 439
414 927
414 569
414 765
414 831
415 484
415 581
415 492
415 1183
416 736
416 1209
416 1483
416 752
416 695
416 798
416 895
417 801
417 535
417 1558
417 1495
417 767
418 497
418 546
418 1124
418 1263
419 1292
419 876
419 1359
420 1093
420 1067
420 1198
420 1073
420 595
420 922
420 894
421 891
421 599
421 731
421 703
422 1031
422 1478
422 1545
422 842
422 1241
423 1414
423 781
423 909
423 1359
424 952
424 898
424 491
424 1011
425 1374
425 1279
426 672
426 746
426 502
427 743
427 975
427 1201
427 957
428 769
428 931
428 1351
428 1546
429 673
429 546
429 899
429 1480
430 1282
430 933
430 1354
430 1131
430 586
430 523
430 1550
431 912
431 1266
431 1394
431 1493
431 666
431 639
432 1126
432 551
432 1482
432 907
432 460
432 1296
432 660
433 1479
433 1566
433 1029
433 1030
433 1431
434 448
434 1250
434 806
434 1174
435 1415
435 654
436 1410
436 642
436 1348
436 1210
436 1534
437 768
437 1057
437 1577
437 492
437 693
437 986
438 609
438 740
438 485
438 458
438 506
439 971
439 1293
439 1004
439 727
439 1468
440 546
440 962
440 784
440 596
440 854
440 888
441 1539
441 772
441 1557
441 1529
441 731
442 1409
443 752
443 521
443 868
443 617
443 1313
444 580
444 806
445 810
445 1138
445 1522
445 764
446 728
446 723
448 1475
448 488
448 1033
448 814
448 883
448 1554
448 953
449 707
449 590
450 1249
450 804
450 623
450 468
450 534
450 1530
451 1153
451 1027
451 1482
451 1393
451 1044
451 605
452 608
452 1248
452 1491
452 500
452 470
452 1467
452 1214
453 676
453 1060
453 1288
453 1486
453 1336
453 1113
453 889
454 993
454 930
454 1128
454 904
454 938
454 1133
455 519
455 1002
455 690
455 986
455 860
456 656
456 940
457 1089
457 1015
458 1315
458 1324
458 1071
458 1492
458 509
459 526
459 1455
459 760
459 474
459 1150
460 764
460 475
460 695
461 625
461 1250
461 889
462 901
462 494
462 631
462 1336
462 793
463 1382
463 488
463 1259
463 1140
463 532
464 992
464 1570
464 1382
464 937
464 1385
464 1180
464 1366
464 1272
464 857
464 732
465 1296
465 660
465 1260
465 1399
466 1568
467 1282
467 642
467 549
467 1128
467 1002
467 556
467 1399
468 1432
468 726
469 771
469 711
469 970
469 1262
469 1558
469 922
469 1309
470 986
470 645
471 1193
471 1206
472 1122
472 996
472 1252
472 716
472 1470
473 868
473 681
473 715
473 1485
473 1332
474 739
474 1235
474 825
474 701
475 1153
475 880
475 730
475 860
476 1121
476 1284
476 517
476 1529
476 984
476 1209
478 1506
478 1445
478 710
478 844
478 1564
479 877
480 1120
480 1313
480 557
480 1361
480 1522
480 915
481 1337
481 600
482 1376
482 835
482 936
482 1228
482 1235
482 1463
482 1309
482 1502
483 1138
483 1301
484 1522
484 1573
485 1363
485 1077
485 869
486 1252
486 906
486 685
486 1267
486 1405
486 1173
486 855
486 1145
486 1213
486 542
487 550
487 553
487 792
487 606
487 1407
488 938
488 588
489 1576
489 602
489 740
489 1592
490 1315
490 924
491 1184
491 1190
491 1101
491 538
492 1449
493 521
493 1139
493 677
494 1444
494 581
494 646
494 522
494 1523
494 1174
494 824
494 1018
495 1312
495 1585
495 1326
495 1083
495 1030
496 600
496 674
497 1223
497 1064
497 1426
497 787
497 1399
498 890
499 986
499 1371
500 1467
500 879
501 552
501 809
501 1007
501 1461
503 994
503 611
503 643
503 1030
503 1106
503 758
503 1590
503 604
504 1088
504 1004
504 942
504 1423
504 1232
504 1495
505 1281
505 995
505 936
505 1070
505 597
505 1276
506 1376
506 1202
506 921
506 927
507 1576
507 1429
508 1469
508 1315
509 1349
509 524
509 1292
509 946
510 880
510 625
510 1064
510 1229
511 1031
511 937
511 1554
511 1084
512 802
512 900
512 678
512 1390
512 753
512 885
512 950
513 769
513 996
513 637
513 1129
513 683
513 733
513 1183
514 577
514 741
514 976
515 550
515 585
515 927
516 961
516 1187
516 741
516 746
516 727
517 580
517 842
517 1135
517 1394
517 1397
518 1296
518 1523
518 895
519 794
521 741
521 901
521 665
521 951
521 857
521 1148
522 1050
522 851
522 753
523 835
523 963
523 841
523 626
523 850
523 854
524 1593
524 530
525 1396
525 980
525 666
525 1531
526 937
526 692
527 1447
527 1256
527 1494
527 1502
527 1567
528 1290
528 1140
528 1165
528 854
529 985
529 1079
529 668
529 1045
530 1001
530 678
530 727
531 1160
531 592
531 756
531 853
531 1495
531 1532
531 767
532 971
532 944
532 562
533 1025
533 805
533 1417
533 1395
533 1338
534 746
534 1370
535 1109
535 719
536 822
537 1576
537 931
537 1150
538 576
538 964
538 902
538 1063
538 1548
538 978
538 915
538 1234
538 887
539 925
539 1126
539 855
540 1188
540 1132
540 1103
540 1395
540 666
541 1350
541 1099
541 1332
542 597
542 664
542 1497
542 1112
542 1438
543 1314
543 1573
543 1193
543 688
543 950
543 1083
544 1408
544 1531
544 1206
544 1070
545 648
545 905
545 1545
545 1585
546 1568
546 675
546 802
546 1302
546 602
546 1149
547 1481
547 586
547 660
547 1181
548 587
548 1214
549 928
549 929
549 1225
549 1451
549 1547
549 1335
549 636
550 675
550 1299
550 1434
551 1355
551 1496
551 1311
553 647
553 873
553 748
553 1018
554 1133
554 1012
554 669
554 1268
554 949
555 1025
555 1229
555 766
555 1543
556 1345
556 897
556 1339
557 698
557 1387
558 1136
558 715
558 1284
558 1133
558 998
559 1121
559 645
559 1480
559 1401
559 1165
559 1357
559 943
559 1137
560 1495
561 1531
561 909
562 676
562 715
562 1260
562 1235
562 1271
562 634
563 1254
563 617
563 1549
563 1553
563 885
563 1018
564 1384
564 1036
564 593
564 881
564 1369
565 773
565 1322
565 1068
565 788
566 1022
566 1573
566 1014
567 1438
568 1140
568 1524
569 679
569 813
569 1525
569 1178
569 987
570 767
570 789
570 1371
570 1055
570 1310
570 1215
571 730
571 1004
572 800
572 811
572 974
572 878
572 927
573 709
573 1263
573 623
573 1112
574 614
574 784
574 919
574 698
574 701
574 735
575 1411
575 678
575 778
575 977
575 1393
576 997
576 1351
576 1223
576 777
576 1353
576 1403
577 897
578 1024
578 802
578 643
578 900
578 751
578 1588
578 791
578 603
578 766
579 1064
579 1007
579 1296
579 1022
580 948
581 1122
581 1213
581 1437
582 1482
582 1020
583 1537
583 892
583 621
583 686
583 885
583 603
584 1411
584 1227
584 941
584 1112
584 988
585 1095
585 1598
585 1130
585 620
585 1102
585 924
585 1181
585 894
586 673
586 1522
586 883
586 922
588 1315
588 905
588 1550
588 1327
588 1431
588 1532
588 733
589 1157
589 1263
589 1523
589 1406
590 839
590 1133
590 1429
591 1078
592 1224
592 1545
592 1490
592 767
594 928
594 1587
594 885
594 1399
595 610
595 1411
595 1348
595 852
595 1240
596 965
596 971
596 814
596 948
596 1375
597 1229
597 1421
597 696
597 1565
598 696
598 867
598 1119
599 971
600 1370
601 1408
601 1442
601 964
601 1106
601 1427
601 603
602 1272
602 1141
602 894
603 770
603 1123
603 1177
604 649
604 810
604 1407
605 1549
605 980
605 1302
605 959
606 616
606 632
607 969
607 1564
607 638
607 727
608 968
608 642
609 642
609 1103
609 1043
609 821
609 1373
609 831
610 1205
610 998
611 992
611 1570
611 1444
611 1039
611 1307
611 658
611 1238
611 856
611 763
612 805
612 649
612 841
612 1579
613 1265
613 898
613 1522
613 669
613 1593
614 1189
614 1482
614 1259
614 916
614 1471
615 960
615 938
615 1323
615 1545
615 909
615 1044
615 1013
615 667
615 927
616 649
616 950
616 1503
617 800
617 1276
619 1505
619 1539
619 1223
619 654
620 724
620 1366
621 1025
621 1538
621 1157
621 1193
621 1485
621 1048
621 1181
622 1291
623 807
623 1289
623 881
623 1236
624 743
624 1585
624 628
625 901
625 1598
625 1355
625 1293
625 695
626 802
626 1258
626 1517
626 1271
627 999
627 842
627 847
627 665
628 1179
628 1373
629 1245
629 1297
629 1464
630 677
630 1528
630 1004
630 1330
630 760
630 1018
631 1316
631 1511
631 1097
631 957
631 1503
632 1299
632 1021
632 955
632 997
633 734
634 1130
634 1132
634 698
634 1501
634 735
635 1276
635 797
636 1394
636 820
637 1166
637 1297
637 1239
637 921
637 1051
637 958
638 1314
638 1059
638 1094
638 894
639 1313
639 804
639 1162
639 1099
639 853
641 1125
641 747
641 1272
641 1150
641 1567
642 950
642 1268
643 1156
643 1207
644 1049
644 762
644 867
644 1183
645 1217
645 1030
645 815
645 1455
645 822
646 1491
647 1478
647 1484
647 1423
648 1363
648 1251
648 1517
649 1378
649 1476
649 1033
649 720
649 1405
649 799
650 832
650 1435
650 918
651 746
651 1424
651 1586
651 668
651 1053
652 841
652 937
652 1389
652 1078
652 1018
653 1060
653 711
653 1004
653 1498
654 906
654 1336
654 887
655 1459
655 1403
655 1351
656 1170
656 1496
656 1145
657 707
657 810
657 909
657 1299
658 865
658 1357
658 966
659 1314
659 1191
659 1199
659 1167
660 1599
660 1552
660 1183
661 948
662 1321
662 738
662 1366
663 1528
663 1212
663 947
664 1450
665 746
665 843
665 1420
665 691
665 1399
665 1019
666 1269
666 1404
667 1545
667 1532
668 1141
669 1535
669 796
669 1295
670 756
670 1245
670 1431
671 1378
671 1477
671 975
671 1555
671 1464
671 761
672 1258
672 1177
672 859
673 1115
674 1352
674 1380
674 1173
675 1473
675 744
676 1413
676 807
676 1143
676 1343
677 1351
677 809
677 767
678 992
678 747
678 1020
679 1443
679 1484
679 975
679 1393
680 1196
680 716
680 688
680 1234
680 1274
681 970
682 1296
682 758
683 1125
683 745
683 1289
683 720
683 1557
684 825
684 1247
684 1243
684 759
685 810
685 1227
685 757
685 790
686 997
686 1388
686 1134
686 1300
686 1598
688 707
688 963
688 1106
688 1458
688 1044
690 1404
690 1223
690 692
691 1435
691 1310
692 710
692 1190
692 1517
692 1427
692 1556
693 1483
693 1108
693 888
693 733
693 1374
694 931
694 700
694 1351
695 1442
695 1324
695 1081
696 1125
696 842
696 1017
696 1243
696 1244
697 1016
697 836
698 1088
698 1573
699 1169
699 1091
699 1230
700 980
701 782
702 1027
702 852
703 1570
703 1187
703 1524
703 921
703 858
703 1051
704 1351
704 1527
704 986
704 1181
704 767
705 913
705 1298
705 882
706 1474
706 1508
706 1492
706 788
706 1270
706 1372
707 1138
707 790
707 862
708 1132
708 1540
708 836
708 1189
709 943
709 916
709 1466
709 1307
710 835
710 807
710 1291
710 791
711 1516
711 1581
711 1023
711 1119
712 1376
713 1427
713 1502
714 899
714 1289
714 1564
715 1258
715 1291
716 1386
717 1346
717 1169
717 1043
717 1114
718 1583
718 1399
718 1081
718 1502
719 1103
719 1213
719 1179
719 892
720 1408
720 737
720 748
720 1037
720 727
720 1597
721 1599
721 1453
721 991
722 1155
722 932
722 1061
722 1258
722 1067
722 779
723 1174
723 1474
723 1043
725 961
725 899
725 1411
725 1322
725 1243
726 1166
726 1167
727 1242
728 1009
728 1301
729 1458
729 1370
730 1277
731 1513
731 1355
731 853
731 1022
732 955
732 1332
732 1126
733 770
733 1136
733 1490
734 1284
734 1594
734 797
735 736
735 1345
735 1377
735 938
737 1569
738 976
738 1422
739 1443
739 1255
739 1289
739 790
739 1340
740 841
740 1422
740 1267
740 1083
741 1328
741 1077
742 1250
742 876
742 877
742 857
742 1146
743 837
743 883
744 772
744 1036
745 1542
745 781
745 923
745 1116
745 799
746 864
746 1273
746 1051
747 1122
747 904
747 1239
747 927
748 1573
748 1431
748 763
748 1335
749 1512
749 813
749 1453
749 976
749 1361
750 966
750 1553
750 1458
751 1112
751 1161
751 1198
751 1191
752 1145
752 1287
752 1433
752 791
753 929
753 1029
753 1129
753 1131
753 1467
753 1373
754 1575
754 1128
754 1548
754 878
754 1107
754 1334
755 1514
755 1293
755 1561
755 848
755 1017
756 1447
757 1401
757 774
758 1411
758 1482
758 1012
758 1525
758 1021
758 830
759 881
759 788
759 774
760 1223
760 1034
760 1135
760 1493
761 1568
761 1284
761 810
761 978
761 1011
761 987
762 1224
762 1303
762 1531
762 1116
763 1221
764 1416
764 1164
765 1152
765 873
765 1259
765 782
765 1423
765 1490
765 1558
766 1187
766 1584
766 1427
766 1278
766 830
767 1025
767 870
767 911
767 1111
767 1054
767 1022
768 1080
768 1380
768 1091
768 996
769 784
769 1494
769 1436
770 1442
772 962
772 1197
772 1102
772 789
773 962
773 1412
773 1495
774 1188
774 998
774 1321
774 947
774 1012
775 1424
775 1243
775 1556
775 989
776 1396
776 1277
776 1052
777 1205
778 994
778 1323
778 1392
778 1272
779 898
779 808
779 1577
779 857
780 1521
780 1411
781 1357
781 1494
781 1179
782 1016
782 1564
783 1463
783 1052
783 1577
783 1510
783 863
784 1512
784 1386
785 938
785 1102
785 1040
785 1590
785 1563
785 1597
786 1200
786 1474
786 1363
786 1318
786 847
787 1526
787 1237
787 827
788 839
788 1482
789 1352
789 1227
789 884
789 1524
790 1161
790 1398
791 916
791 1047
791 1371
792 1152
792 1347
792 1362
792 918
792 1243
793 1568
793 1362
793 1462
793 1037
794 1572
794 1390
794 1391
795 1587
795 966
796 979
796 1118
797 982
798 931
798 1402
799 1043
799 1049
800 1319
800 1560
801 1538
801 1253
801 1082
802 1122
802 1381
802 1456
802 1082
803 1403
803 1267
803 1356
803 1495
804 1152
804 1243
804 834
805 1302
805 1271
805 860
806 1353
806 1498
807 936
807 1035
808 1050
808 1341
808 950
809 1004
809 1433
809 1275
810 965
810 1064
810 1339
810 1011
810 1244
810 1016
811 1568
811 1125
811 1011
811 954
812 1443
812 1561
812 1117
813 906
813 1256
813 1039
813 1072
813 824
815 1555
815 1545
816 1463
816 894
816 1473
816 878
816 1375
817 1121
817 1316
817 1415
817 1386
817 1580
818 922
818 885
818 1439
819 1305
819 1459
820 1540
820 871
820 1048
821 899
821 1157
821 1199
821 1457
821 853
821 1304
822 1377
822 891
822 1187
822 1463
822 1051
822 1279
823 833
823 1142
824 1284
824 1197
824 1073
824 918
825 1073
825 1365
825 1431
826 1283
826 1116
827 1152
827 1153
827 1067
827 1047
827 1211
827 1533
828 884
828 1113
828 907
829 1477
829 1548
830 1329
830 879
830 965
831 1414
832 1009
832 1556
832 1114
832 1137
833 1186
833 1573
833 1487
833 1210
833 1118
834 1490
834 938
834 1370
835 1370
836 1478
836 1139
836 1174
836 1178
837 935
837 1009
837 1366
837 922
837 1180
837 1501
838 1195
838 1557
839 1427
839 1213
839 991
840 1066
840 1331
841 1257
841 1147
841 1597
841 1311
842 1120
842 882
842 1437
843 1396
843 1049
844 1344
844 922
845 1125
845 1188
846 1287
846 1015
846 1340
846 1374
846 1183
847 930
847 1115
849 904
849 1388
849 1039
850 1097
850 1162
850 1131
850 1241
851 1521
851 1363
851 1598
852 931
852 974
852 1071
852 1209
854 997
854 1005
855 1597
855 1159
858 1274
858 1126
859 1443
859 1440
860 1555
861 930
861 1426
861 951
861 1049
862 1048
862 1361
864 1323
864 876
864 1488
864 1585
865 1159
865 1264
865 1023
866 1003
866 1452
866 1582
866 1438
867 1184
867 1313
868 1190
868 1425
869 1156
869 1416
869 1141
869 1308
870 992
870 1527
870 1245
871 1290
871 1497
871 1595
871 1564
871 959
872 1164
872 1179
872 1596
873 1539
873 1190
873 1398
874 1097
874 1405
875 1126
875 1206
877 1463
877 1122
878 1220
878 948
880 962
880 937
881 1037
882 1434
883 1003
883 1435
883 1182
884 992
884 902
885 1415
885 1165
885 1176
885 1242
886 1563
886 969
886 1235
887 952
887 991
888 1216
888 1272
888 1117
888 1403
888 1181
888 1150
889 1031
890 1497
890 931
891 1463
892 1231
893 1280
893 973
894 1249
894 1193
895 1445
896 914
896 1077
897 1253
897 968
897 1490
897 1053
898 1047
898 959
899 1439
900 1585
900 1395
900 1491
900 1335
900 987
901 961
901 1061
901 1258
901 910
901 1264
901 1279
902 1440
902 1468
903 1408
903 1131
904 1195
904 1102
904 1459
904 1087
905 1256
905 1062
906 1507
906 1510
906 1100
906 1198
906 1213
907 1596
908 1074
908 1527
908 1020
908 1503
909 1545
909 1135
909 1369
910 1089
910 1083
910 1387
911 928
911 1189
912 1557
912 1499
913 967
913 1098
913 1582
913 975
913 976
913 1300
913 1143
913 1117
914 1250
914 1342
916 928
916 1089
917 1347
917 1575
917 973
917 1076
918 1253
918 1160
918 1426
919 962
919 931
920 1586
920 1219
921 1249
921 1445
922 1002
922 1533
923 1475
923 998
923 1396
924 1073
925 1155
925 933
925 1237
925 1500
926 941
927 1129
927 1385
927 1168
927 1139
928 1480
928 1461
928 1560
928 958
929 933
929 938
929 1169
929 1305
930 1071
931 1486
931 1236
931 1432
931 1214
932 1040
933 1211
934 936
935 1491
935 1447
937 1168
937 1562
937 1048
937 1436
938 1062
938 1108
938 1237
939 1415
940 1005
941 1166
944 1249
945 995
945 1187
945 1166
945 1519
945 1560
945 1183
946 1028
946 1483
947 1158
947 1323
947 1427
947 1528
947 1279
948 1287
949 1475
949 1348
949 1128
949 1416
949 1500
949 1311
950 1383
950 1546
950 1590
951 1258
951 1008
951 980
952 1206
953 1482
954 1306
954 1381
955 1339
955 1459
957 1088
957 1550
958 1517
959 1249
959 1037
961 1046
961 1247
962 1351
962 1023
964 1313
964 1058
964 1442
964 1485
964 1395
964 1398
965 1050
965 1492
965 1593
966 1280
966 1347
966 1081
966 1566
967 1506
967 1419
967 1485
967 1435
968 1212
969 1440
970 1448
971 1123
971 1485
971 1297
971 1108
973 1187
973 1417
973 1361
973 1491
973 990
973 1142
973 1050
974 1536
974 1067
974 1397
975 1479
975 1366
976 1486
976 1052
977 1465
977 1524
978 1454
979 1242
980 1468
980 1324
980 981
980 1434
981 1222
982 1599
982 1540
982 1335
983 1073
984 1174
986 1352
986 1575
986 1226
987 1377
987 1098
987 1517
987 1463
988 1383
988 1238
988 1052
988 1119
989 1344
989 1410
989 1423
989 1407
990 1306
990 1516
991 1444
991 1033
991 1065
991 1129
991 1593
991 1213
992 999
992 1483
992 1078
992 1022
992 1087
993 1153
993 1354
993 1191
994 1463
994 1575
994 1490
994 1174
995 1207
996 1283
996 1106
997 1475
997 1412
997 1559
997 1178
997 1597
998 1058
998 1251
999 1387
999 1465
1000 1577
1000 1282
1001 1263
1001 1366
1002 1409
1002 1352
1002 1545
1002 1150
1003 1511
1003 1525
1003 1144
1004 1280
1004 1140
1004 1116
1004 1279
1005 1365
1006 1544
1006 1305
1006 1524
1007 1281
1007 1326
1008 1052
1008 1238
1008 1339
1008 1244
1009 1285
1009 1235
1009 1462
1009 1310
1010 1563
1010 1171
1010 1559
1011 1058
1011 1173
1012 1482
1013 1057
1013 1061
1013 1105
1014 1090
1015 1117
1016 1475
1017 1488
1017 1584
1017 1266
1017 1433
1019 1353
1019 1537
1020 1477
1020 1326
1021 1474
1021 1187
1021 1570
1021 1578
1021 1311
1022 1564
1024 1186
1024 1416
1024 1577
1024 1547
1025 1568
1025 1208
1026 1590
1026 1383
1027 1433
1027 1481
1028 1424
1028 1563
1028 1029
1028 1122
1029 1478
1029 1452
1029 1393
1030 1447
1030 1556
1030 1333
1031 1482
1031 1535
1032 1078
1033 1329
1033 1273
1033 1050
1034 1482
1035 1142
1036 1163
1036 1237
1037 1159
1037 1371
1038 1495
1038 1220
1038 1412
1038 1137
1040 1144
1040 1052
1043 1215
1043 1221
1043 1190
1043 1292
1043 1148
1043 1081
1044 1352
1044 1327
1045 1422
1046 1336
1046 1506
1047 1549
1047 1302
1047 1399
1048 1056
1048 1256
1048 1488
1048 1459
1049 1191
1049 1074
1049 1076
1050 1340
1050 1343
1051 1316
1051 1245
1051 1373
1052 1122
1052 1358
1052 1595
1052 1563
1054 1204
1055 1058
1055 1581
1055 1294
1055 1454
1055 1457
1056 1059
1056 1271
1057 1316
1057 1193
1057 1560
1058 1511
1058 1163
1058 1114
1059 1313
1060 1473
1060 1451
1060 1103
1060 1426
1061 1193
1061 1291
1061 1164
1061 1276
1063 1453
1064 1130
1064 1485
1064 1172
1064 1592
1065 1355
1065 1075
1065 1533
1066 1465
1066 1167
1067 1505
1067 1395
1067 1077
1067 1146
1067 1277
1068 1139
1069 1530
1070 1209
1070 1480
1070 1360
1070 1375
1071 1223
1071 1073
1071 1497
1073 1345
1073 1240
1074 1456
1076 1468
1077 1130
1077 1558
1077 1273
1078 1113
1079 1398
1079 1240
1080 1374
1081 1153
1081 1148
1082 1349
1082 1094
1082 1545
1082 1263
1082 1277
1083 1231
1083 1326
1083 1583
1084 1382
1086 1296
1087 1189
1088 1312
1088 1323
1088 1369
1089 1279
1090 1221
1090 1101
1091 1539
1092 1403
1093 1473
1093 1506
1093 1187
1093 1128
1093 1293
1093 1523
1094 1510
1094 1417
1094 1558
1095 1155
1097 1375
1099 1377
1099 1443
1099 1141
1099 1595
1100 1458
1100 1396
1101 1317
1102 1443
1105 1474
1105 1454
1106 1364
1108 1465
1109 1157
1109 1357
1109 1561
1109 1309
1110 1234
1111 1370
1111 1117
1113 1575
1114 1301
1114 1138
1115 1428
1116 1346
1116 1226
1116 1492
1117 1326
1119 1582
1119 1264
1120 1443
1120 1573
1120 1196
1120 1211
1120 1407
1121 1125
1121 1230
1122 1439
1122 1134
1124 1488
1126 1443
1126 1316
1128 1421
1128 1423
1129 1500
1130 1345
1130 1210
1130 1484
1130 1263
1132 1208
1136 1446
1137 1506
1137 1585
1137 1397
1138 1400
1139 1353
1139 1580
1139 1401
1140 1574
1140 1484
1141 1427
1142 1450
1143 1160
1143 1275
1144 1439
1146 1595
1147 1378
1148 1474
1148 1281
1149 1405
1149 1295
1150 1186
1150 1355
1150 1594
1151 1179
1153 1266
1156 1359
1156 1370
1157 1218
1157 1430
1158 1532
1159 1287
1159 1549
1160 1413
1160 1552
1161 1498
1163 1546
1164 1504
1165 1281
1165 1428
1165 1274
1166 1599
1166 1375
1167 1540
1167 1567
1168 1252
1168 1552
1169 1174
1171 1209
1172 1280
1173 1258
1174 1497
1175 1279
1175 1293
1175 1454
1176 1228
1176 1457
1176 1210
1177 1473
1179 1378
1179 1284
1179 1437
1180 1226
1180 1311
1181 1448
1181 1433
1182 1491
1182 1191
1183 1486
1183 1239
1183 1528
1184 1216
1184 1571
1186 1322
1186 1238
1187 1411
1187 1586
1188 1190
1188 1514
1188 1291
1188 1578
1188 1371
1189 1295
1189 1587
1192 1273
1193 1539
1193 1351
1193 1298
1193 1299
1194 1364
1195 1326
1197 1409
1197 1287
1198 1376
1198 1411
1198 1490
1198 1587
1199 1530
1200 1206
1200 1336
1200 1337
1201 1220
1202 1419
1202 1335
1202 1465
1202 1434
1203 1299
1205 1414
1205 1558
1205 1271
1205 1528
1206 1225
1207 1570
1209 1560
1210 1559
1210 1579
1210 1462
1210 1526
1211 1298
1211 1373
1215 1331
1216 1361
1217 1498
1218 1458
1218 1524
1219 1328
1219 1302
1223 1368
1223 1478
1225 1417
1225 1367
1226 1280
1226 1579
1226 1434
1227 1431
1229 1436
1231 1483
1233 1555
1233 1533
1236 1307
1237 1348
1238 1570
1238 1526
1239 1598
1242 1440
1242 1486
1242 1359
1242 1551
1245 1332
1245 1404
1246 1527
1246 1466
1246 1363
1246 1556
1246 1247
1248 1448
1248 1297
1251 1352
1251 1333
1253 1476
1253 1578
1254 1339
1254 1268
1257 1511
1258 1433
1259 1463
1260 1472
1260 1368
1261 1284
1264 1413
1265 1299
1266 1480
1267 1319
1267 1368
1270 1331
1271 1580
1271 1499
1271 1529
1272 1416
1273 1341
1274 1348
1274 1478
1274 1311
1276 1493
1280 1577
1281 1529
1281 1522
1283 1386
1284 1304
1285 1354
1285 1524
1285 1286
1288 1527
1290 1327
1291 1475
1293 1349
1293 1357
1295 1408
1296 1537
1296 1357
1296 1529
1299 1442
1300 1312
1300 1412
1300 1329
1301 1414
1302 1433
1305 1446
1305 1391
1306 1437
1308 1597
1309 1344
1309 1396
1309 1589
1310 1324
1311 1531
1312 1434
1314 1571
1314 1388
1314 1325
1314 1464
1316 1527
1316 1465
1318 1459
1322 1481
1323 1507
1326 1401
1327 1485
1327 1552
1327 1393
1328 1491
1329 1338
1330 1503
1331 1361
1331 1489
1334 1520
1334 1444
1335 1345
1335 1417
1335 1418
1336 1571
1336 1432
1336 1373
1337 1394
1337 1526
1338 1566
1339 1482
1339 1423
1339 1560
1340 1442
1341 1415
1341 1391
1342 1498
1343 1573
1344 1492
1345 1473
1345 1521
1346 1588
1347 1499
1350 1585
1352 1463
1355 1537
1356 1408
1356 1593
1357 1444
1357 1450
1357 1458
1357 1535
1358 1496
1358 1587
1358 1510
1359 1525
1362 1380
1363 1581
1363 1393
1364 1465
1364 1481
1365 1450
1365 1545
1367 1448
1367 1460
1367 1397
1367 1599
1368 1372
1369 1467
1369 1403
1370 1478
1371 1566
1372 1430
1372 1519
1373 1565
1375 1538
1377 1445
1377 1449
1377 1405
1379 1465
1379 1483
1380 1513
1380 1535
1382 1418
1385 1473
1386 1418
1388 1572
1389 1468
1389 1511
1390 1534
1393 1436
1396 1527
1399 1549
1403 1528
1403 1455
1404 1518
1406 1561
1407 1557
1409 1472
1409 1540
1410 1412
1410 1426
1411 1561
1412 1448
1412 1534
1413 1419
1414 1546
1415 1530
1419 1443
1420 1544
1420 1450
1421 1555
1421 1583
1422 1585
1423 1588
1423 1438
1426 1517
1430 1474
1430 1459
1432 1516
1433 1559
1438 1513
1439 1589
1439 1599
1441 1537
1441 1469
1441 1599
1442 1537
1446 1516
1449 1539
1449 1484
1451 1544
1453 1549
1456 1553
1458 1463
1460 1514
1460 1483
1460 1518
1461 1555
1462 1589
1466 1592
1466 1595
1468 1573
1468 1563
1470 1556
1470 1485
1471 1514
1471 1597
1474 1477
1476 1515
1478 1537
1482 1546
1482 1523
1483 1512
1483 1548
1486 1590
1490 1504
1491 1538
1493 1556
1494 1499
1496 1511
1499 1540
1505 1562
1506 1586
1508 1572
1508 1587
1509 1567
1518 1550
1522 1539
1522 1588
1524 1547
1524 1525
1533 1536
1533 1585
1534 1570
1535 1561
1535 1566
1537 1556
1537 1596
1555 1571
1561 1572
1561 1576
1563 1567
1569 1590
1589 1593
