1600 4000
0 730
0 1403
0 508
0 133
1 224
1 1374
1 168
1 938
1 235
1 1102
1 626
1 629
1 1589
1 1214
1 735
2 260
2 806
2 881
2 1236
2 663
2 703
3 891
3 73
3 187
4 231
4 203
4 502
4 1337
4 412
4 1023
5 876
5 260
5 1167
6 258
6 291
6 1068
6 1467
6 839
7 720
7 9
7 1417
7 659
7 1165
8 920
8 429
8 94
8 1047
9 1508
9 902
9 785
9 1490
9 1464
10 1009
10 706
10 1332
10 591
11 33
11 1074
11 707
11 397
11 519
12 771
12 1065
12 689
12 1111
12 538
12 1212
12 477
12 542
13 68
13 1502
13 446
14 449
14 271
14 1362
14 1044
14 1591
14 379
14 316
15 1216
15 867
15 1475
15 1382
15 327
15 1000
15 1166
15 1399
15 184
15 159
16 1146
16 903
16 616
16 1255
16 1291
16 561
16 245
16 922
16 892
16 30
17 965
17 1161
17 843
17 396
17 718
17 1365
17 1402
18 320
18 305
18 1475
18 244
18 1527
19 358
19 390
19 102
19 394
19 747
19 77
20 768
20 895
20 309
20 295
21 818
21 915
21 1589
22 928
22 1470
22 485
22 1192
22 1163
22 1263
22 1426
22 118
22 827
22 1278
22 767
23 867
23 1507
23 75
23 492
23 1370
23 986
24 1411
24 484
24 390
24 786
24 628
24 1172
24 1046
24 664
24 1307
25 306
25 1325
25 1037
25 997
26 1506
26 1387
26 1413
26 254
27 1489
27 1283
27 375
28 805
28 555
28 175
28 624
28 1141
28 730
29 1202
29 172
29 789
29 949
30 256
30 1315
30 568
30 1131
30 623
30 312
30 1243
30 639
31 34
31 1534
32 1381
32 873
32 1451
32 1168
32 246
32 983
32 347
33 1386
34 769
34 1057
34 198
34 712
34 396
35 1057
35 1259
35 1548
35 622
35 399
35 435
35 1432
36 737
36 860
36 170
36 460
36 1553
36 1180
37 1184
37 291
37 1500
37 1134
38 721
38 858
38 773
38 1421
39 256
39 1452
40 631
41 266
41 1147
41 1109
42 963
42 1411
42 837
42 1296
42 433
42 978
43 411
43 1508
43 270
44 1260
45 1282
45 486
45 302
45 1488
45 1012
45 437
45 1435
45 188
45 1214
46 1224
46 722
46 1317
46 1486
47 368
48 56
48 981
48 314
48 1340
48 896
49 522
49 315
49 1351
50 1032
50 474
50 908
50 1114
50 1181
51 352
51 1346
51 934
51 1320
51 110
51 1328
51 1078
51 156
52 666
52 363
52 605
52 950
52 695
53 834
53 235
53 1487
53 1137
53 1045
53 1499
53 700
53 574
54 1146
54 1018
54 910
55 769
55 1221
55 294
55 1263
55 1169
55 722
55 221
55 1471
56 704
56 1537
56 1506
56 614
56 341
56 1079
56 1115
57 384
57 409
57 1401
57 1078
57 71
58 856
58 1123
58 1400
58 1564
58 894
59 273
59 315
59 1141
59 1445
60 1042
60 875
60 164
61 642
61 1309
61 1350
61 959
62 1056
62 258
62 1475
62 457
62 1236
62 628
62 501
63 611
63 1223
63 1258
63 884
63 1175
63 1212
63 575
64 890
64 142
65 348
65 516
65 814
66 1240
66 731
66 982
67 697
67 250
67 895
68 354
68 357
68 1157
68 1068
68 658
68 478
69 763
69 524
69 1556
70 73
70 441
71 513
71 486
71 333
71 1048
71 443
72 865
72 844
73 1541
73 1353
73 363
73 271
73 1468
74 648
74 267
74 133
75 1123
75 980
76 381
76 1199
77 904
77 1434
77 147
79 281
79 1204
79 742
79 1286
80 1349
80 282
80 368
80 1232
80 1202
80 1554
80 506
80 347
81 1443
81 709
81 607
83 240
83 466
83 250
83 1386
83 519
84 954
84 759
84 923
84 271
85 526
85 177
85 402
85 433
85 470
85 1047
85 1406
86 192
86 577
87 455
87 168
87 199
87 810
87 365
87 975
87 1532
87 1405
88 329
88 522
88 1193
88 884
88 1212
89 1409
89 730
89 842
89 590
90 707
90 1011
91 1545
91 1572
92 866
92 307
92 636
92 1349
93 1282
93 1061
93 650
93 492
93 877
93 1231
93 694
93 1276
93 1022
94 1001
94 1387
94 1549
94 1267
94 1501
95 472
95 1412
95 1044
96 705
96 285
96 750
96 769
97 1593
97 1491
97 740
97 342
98 297
98 699
98 979
98 406
98 535
99 1140
99 1109
99 1197
100 861
100 277
101 1288
101 338
101 284
101 874
102 1508
102 294
102 941
102 207
102 1458
102 122
103 513
103 1403
103 244
103 1561
104 1522
104 1133
105 1342
105 1193
105 347
105 1037
105 1094
106 456
106 602
106 1528
106 1501
107 257
107 770
107 1523
107 909
107 1374
108 352
108 562
108 979
109 1442
109 841
109 245
109 471
109 668
109 159
110 612
110 457
110 973
110 493
110 467
110 1302
111 1587
111 1254
111 1047
112 1184
112 425
112 559
113 194
113 227
113 939
113 1457
113 276
113 799
114 1340
114 796
114 413
114 1316
114 1453
115 754
115 199
116 1156
116 1480
116 1194
116 1354
116 1293
116 945
116 308
116 213
116 317
117 904
117 1298
117 1118
118 741
118 906
118 1514
118 467
118 1181
119 859
119 1011
119 1300
119 366
119 671
120 544
120 832
120 1218
120 228
120 711
120 786
120 1148
121 1481
121 466
121 875
121 501
121 1199
122 883
122 417
122 707
122 797
123 841
123 1193
123 1028
124 1555
124 1177
124 491
124 390
124 1575
125 1192
125 1315
125 844
125 1469
125 335
126 592
126 1544
126 1402
126 675
126 501
127 257
127 741
127 1352
127 1386
127 375
127 1371
128 668
128 1321
128 718
128 1296
128 153
128 444
129 835
129 198
130 1083
130 1130
130 387
131 928
131 1408
131 1028
131 966
131 1420
131 1362
131 1375
132 368
132 552
132 164
132 597
132 982
133 1313
133 554
133 1364
133 1398
133 1145
133 1338
134 1264
134 282
134 1435
134 365
135 568
135 1036
135 1300
135 855
136 911
136 1426
136 997
136 1174
136 367
137 904
137 1098
137 843
137 1486
138 338
138 188
138 1470
138 502
138 927
139 1473
139 653
139 465
139 1425
139 862
139 1214
140 1397
140 1364
140 205
140 1431
141 1248
141 1318
141 1096
141 1514
141 1390
141 248
141 220
142 1059
142 295
142 1449
142 1100
142 1557
143 735
144 1097
144 212
144 621
145 187
145 788
145 285
146 586
146 1066
146 626
146 883
146 468
146 664
147 901
147 427
147 302
147 1454
147 498
147 691
147 1428
147 727
148 416
148 606
148 727
149 714
149 979
149 589
149 1110
149 615
150 487
150 777
150 1136
150 689
150 691
150 1077
150 1435
150 478
151 289
151 210
151 948
151 1561
152 512
152 801
152 487
152 872
152 558
152 1047
153 1582
153 939
153 440
154 432
154 1529
154 458
154 701
155 1181
155 577
155 957
155 1046
156 1569
156 420
156 1062
156 1424
156 369
156 1593
156 1531
156 383
157 1498
157 1188
157 707
157 1100
157 1587
158 1521
158 1237
158 950
158 727
159 258
159 578
159 1553
159 959
160 932
160 1157
160 218
160 1483
160 364
160 1580
160 698
160 1243
161 1176
161 1525
161 1376
161 1277
162 818
162 228
163 979
163 622
164 827
164 487
165 1360
165 1374
166 1089
166 290
166 994
166 1350
166 616
166 943
166 528
166 789
167 293
167 838
167 1286
167 1136
167 1245
167 190
168 1224
168 341
169 216
169 506
169 1047
169 1237
169 911
170 679
170 328
170 680
170 333
170 1108
170 1561
170 1437
171 889
171 850
171 411
171 923
171 1394
172 793
172 1426
172 1572
172 687
173 1317
173 1099
173 622
173 1492
173 1149
173 1502
174 200
174 930
176 960
176 1281
176 300
176 1043
176 884
176 250
176 509
176 447
177 744
177 1324
177 925
177 1543
178 1145
178 487
178 391
179 651
179 1491
180 920
180 353
180 554
180 1256
180 806
181 945
182 422
182 1513
182 365
182 945
182 1240
182 732
183 1176
183 1235
183 766
184 1316
184 553
184 1394
184 1492
184 632
184 1276
185 849
185 1242
186 1057
186 346
186 766
186 1294
186 1521
186 850
186 474
186 990
186 351
187 488
188 900
188 710
188 304
188 1404
189 1432
189 369
189 1486
189 927
190 736
190 835
190 1450
190 1356
190 507
191 988
191 222
192 551
192 490
192 589
192 1101
192 880
192 884
193 268
194 800
194 1447
194 1269
194 374
194 1145
195 355
196 221
196 685
198 840
198 798
198 215
199 506
200 1393
200 981
201 1345
201 969
201 333
201 814
201 1173
201 380
201 732
202 978
202 797
202 1342
203 1273
203 1428
203 407
204 960
205 989
205 865
205 1333
205 629
206 1445
206 529
206 373
206 726
206 631
206 1529
206 634
206 858
207 569
207 972
207 284
207 1507
208 1597
209 388
209 773
209 487
209 909
209 910
209 1302
209 1500
209 1470
210 288
210 321
210 296
210 1293
210 1236
210 1364
211 376
211 706
211 786
211 1300
212 1369
212 1214
212 1591
213 1571
213 715
213 462
213 817
213 1394
213 1304
214 835
214 643
214 390
214 703
215 353
215 977
216 1432
216 1260
216 1481
216 855
217 728
217 1597
217 1213
217 950
218 706
218 1540
218 618
218 1306
218 1245
219 417
219 762
220 899
220 1225
220 622
220 1329
220 1234
220 1239
220 1433
220 922
221 428
221 1486
221 1330
221 1557
221 859
221 667
222 409
222 745
222 622
223 1066
223 528
223 1073
223 667
223 1020
223 254
224 706
224 1352
224 1293
224 1133
224 948
224 726
225 1570
225 916
225 287
226 1199
226 1010
226 1309
226 797
226 343
227 689
227 627
227 756
227 1042
227 731
227 700
228 1250
228 1031
228 1480
228 725
228 1337
229 433
229 929
229 662
229 1006
230 432
230 513
230 1586
230 1197
230 1206
232 776
232 843
232 316
233 1581
233 526
233 527
234 1098
234 525
234 1438
235 672
235 771
235 804
235 1512
235 1172
235 830
236 888
236 1170
236 731
237 1520
237 1290
237 1573
237 1269
237 615
238 244
238 1278
239 1382
239 420
239 1158
240 644
240 1414
240 278
240 1016
240 1529
240 1080
241 625
241 1219
241 620
241 1589
241 1542
242 1083
242 580
242 1028
243 1210
243 1387
243 971
243 1395
243 311
243 1466
244 1543
244 342
244 1531
245 805
245 1130
245 1524
245 446
246 1209
246 1051
246 740
246 302
247 1454
247 658
247 691
247 629
247 1145
247 378
247 988
248 722
248 991
248 1596
248 391
249 665
250 310
251 1176
251 489
251 1381
251 796
251 541
252 917
252 1279
253 1377
253 1123
253 653
254 991
254 772
254 358
254 551
254 396
254 1012
254 599
255 464
255 1576
255 459
255 885
256 1422
256 1491
256 693
256 1433
256 314
256 1563
257 518
257 1085
257 398
258 580
258 620
258 877
258 1550
258 495
258 668
258 1245
259 1380
259 1052
260 1381
260 1584
260 1498
260 1244
260 1277
261 1064
261 523
261 465
261 883
261 979
261 1078
262 363
262 1168
262 1232
262 626
262 919
262 1402
262 1055
263 546
263 616
263 1355
263 978
263 637
263 927
264 594
264 619
264 388
264 995
265 1282
265 1002
265 1579
265 528
265 753
265 1008
266 402
266 353
267 416
267 801
267 772
267 653
267 858
268 1122
268 770
268 609
268 1347
268 1126
268 381
269 1040
269 1458
269 547
269 1052
269 317
270 1387
270 1481
270 885
271 622
272 1506
272 836
272 841
272 427
272 461
272 372
272 286
272 1279
273 1018
273 1091
274 672
274 1285
274 487
274 654
274 1086
274 351
275 1452
275 317
275 1383
276 1378
276 677
276 1142
276 693
278 367
279 339
279 1532
279 1046
279 343
280 648
280 1412
280 1188
280 734
280 1311
281 800
281 633
281 872
281 1057
282 835
282 453
282 328
282 336
282 339
282 1395
282 571
283 1581
283 1476
283 917
283 446
283 1542
284 1176
284 1279
285 1241
286 1212
286 845
286 1599
287 1360
287 721
288 479
289 961
289 1482
289 1387
289 1389
289 978
289 1528
290 961
290 709
290 1159
290 364
290 300
290 508
291 1449
291 698
291 499
293 590
294 737
294 612
294 492
294 1521
294 1298
294 1397
294 695
294 1017
295 417
295 457
295 811
295 1109
295 476
296 1543
296 1391
296 1309
296 1373
296 1119
297 1104
297 1329
297 828
297 495
298 512
298 1008
298 1340
298 973
299 336
299 1122
299 1100
299 759
300 868
300 1044
300 438
301 928
301 486
301 1514
301 756
301 1527
301 1276
302 1578
302 593
302 1012
302 1526
302 988
303 561
303 1491
303 1381
304 1089
304 1162
304 1389
304 529
304 1521
304 695
304 696
305 597
306 1475
306 878
306 883
306 435
306 1144
307 1154
307 419
307 421
307 1532
307 1147
307 380
308 532
308 524
308 634
309 1381
309 1477
309 331
309 1301
309 472
309 569
310 1264
310 1358
310 622
311 591
311 358
311 407
312 1159
312 681
312 939
312 1107
312 506
312 412
312 445
313 1569
313 1282
313 1510
313 911
313 439
313 1213
314 325
314 396
314 721
314 442
315 481
315 673
315 998
315 648
315 1262
315 947
316 522
316 685
316 1553
316 1434
316 1019
317 1473
317 963
317 1582
317 1330
317 1396
318 1192
318 331
319 1299
319 380
319 1143
320 420
320 1226
320 720
320 881
320 1566
321 516
321 330
321 782
321 495
322 992
322 331
322 1567
322 895
323 1280
323 1415
323 393
323 362
323 1262
323 1105
323 1596
324 1001
324 1530
324 1291
324 702
325 1115
325 688
325 1394
325 763
325 959
326 1226
326 1228
326 805
327 620
327 1101
327 751
327 626
327 1559
328 965
328 870
328 1190
328 330
328 634
328 1559
328 921
328 794
329 412
329 1260
329 782
329 639
330 739
330 923
330 811
330 1039
330 856
330 667
331 806
331 1566
331 906
331 1365
331 1243
332 769
332 773
332 555
332 883
332 755
332 734
333 1185
333 1572
333 1093
333 1418
333 654
333 1523
333 1566
334 429
335 833
335 835
335 424
335 849
335 1201
335 852
336 899
336 1060
336 944
336 1049
337 857
337 530
337 1594
337 893
337 1494
338 1088
338 964
338 837
338 966
338 1000
338 1329
338 787
338 436
338 1557
338 1207
338 1497
338 1114
338 1151
339 592
339 1110
340 906
340 1010
341 1465
341 926
341 484
342 1177
342 510
342 1094
343 1249
343 587
343 1164
343 1069
343 1102
344 569
344 379
344 396
344 492
344 814
345 676
345 1093
345 998
345 971
345 813
345 790
346 1488
346 739
346 724
346 1478
347 1313
347 555
347 1261
347 942
347 349
348 648
348 835
348 989
348 361
349 506
349 588
349 855
350 867
350 1412
350 526
350 1263
350 692
350 1237
351 676
351 781
351 1094
352 868
352 967
352 1288
352 1015
352 1144
353 643
354 689
354 1193
354 1252
354 1503
355 515
355 1176
355 583
356 1393
357 816
357 1401
357 1254
358 1185
358 1257
358 921
359 484
360 1333
361 473
361 614
361 653
361 494
362 1223
362 682
362 1258
362 1322
362 598
362 1339
362 1532
362 382
363 929
363 1316
363 508
363 1502
364 904
364 1450
364 1067
364 406
364 1304
364 1465
365 371
366 707
366 1255
366 1292
366 757
366 509
367 490
367 1035
367 788
368 1501
368 605
369 1028
369 1520
369 440
369 666
370 1296
370 545
370 1468
370 373
370 646
371 773
371 1196
372 1031
372 839
372 1195
372 464
372 498
372 799
373 1257
373 1357
373 533
373 1398
373 471
374 1510
375 1201
375 710
376 897
376 1189
376 1478
376 1482
376 1525
376 1119
377 1557
378 985
378 493
379 577
379 467
380 395
380 652
380 666
380 511
381 528
381 1126
382 1381
383 1556
384 672
384 673
384 409
384 1098
384 947
384 1203
384 1268
384 666
385 920
385 1180
385 934
386 919
386 1584
386 780
386 478
386 751
387 723
387 1509
387 1590
388 1507
388 1449
388 1102
388 879
388 849
388 1301
389 1193
389 1262
389 1366
390 738
390 624
390 818
391 1378
391 1194
391 978
391 1042
392 1357
393 522
393 1596
393 1118
393 1019
394 481
394 1027
394 1445
394 874
394 1037
394 878
394 569
395 1490
396 670
397 687
398 1057
399 947
399 622
400 1321
400 1076
400 1545
400 879
401 519
401 1547
401 460
401 1173
401 1366
401 1438
401 1247
402 990
402 588
402 430
403 1374
403 914
403 1060
403 1322
403 1490
404 1557
404 484
404 1237
404 1111
405 480
405 741
405 581
405 551
405 1413
405 690
405 987
405 1215
406 1441
406 1482
406 619
406 1336
406 1597
407 800
407 1408
407 966
407 535
407 1277
408 896
408 1179
408 614
409 840
409 656
410 745
410 1166
411 1209
412 832
412 802
412 805
412 1352
413 1195
413 764
413 885
414 1352
414 659
414 1006
415 1083
415 845
415 741
415 1550
415 479
416 1402
417 1559
417 1361
417 1463
417 446
418 864
418 721
418 870
418 828
418 742
419 1360
419 1255
420 751
420 432
421 1155
421 974
422 1041
422 1210
422 1547
423 1562
423 1339
423 1189
423 446
423 503
424 614
424 1194
424 747
424 1047
424 1438
425 1184
425 954
425 1045
425 1038
426 1027
426 1162
426 1330
426 1174
426 952
426 538
427 706
427 1263
427 1173
427 1019
428 1187
428 976
428 952
428 1207
428 888
429 993
429 1549
429 981
429 1239
430 540
430 1157
430 775
431 961
431 932
431 553
431 1322
431 463
431 1364
431 510
431 447
432 1027
432 1069
432 501
433 805
433 870
433 778
434 1218
434 956
434 1434
435 572
435 453
436 1493
437 1186
437 572
437 918
438 1147
438 1020
438 558
438 1373
439 1293
440 1176
440 1506
440 844
441 610
441 549
441 491
441 782
441 1486
441 788
442 522
442 1596
442 878
442 1575
443 555
443 515
443 1335
443 1182
444 536
444 913
445 1024
445 933
445 620
445 1198
445 500
445 1275
446 997
446 1385
446 525
446 884
446 475
446 726
446 1078
446 1433
447 1581
447 494
448 1180
448 581
448 1095
449 683
450 1251
450 462
451 1396
452 921
452 1398
452 1439
453 1312
453 867
453 1125
453 902
453 903
453 1320
453 1448
453 939
453 1433
453 1597
454 679
454 1131
454 1447
454 737
454 655
455 680
455 1506
455 764
455 944
456 962
456 933
456 1005
456 719
456 1391
456 1551
456 1010
456 789
457 1279
458 795
458 579
458 1061
458 1030
459 897
459 1447
459 1128
459 1403
459 603
460 1475
460 1284
460 1319
460 1482
460 1245
460 1567
461 1123
461 1105
461 1368
461 601
461 1276
461 639
462 1523
462 1118
462 863
463 1540
464 1381
464 1321
464 813
464 1294
464 1517
464 478
464 479
465 1433
465 1418
465 1092
466 1125
466 1167
466 1168
466 699
466 1343
467 497
467 1236
468 1361
468 923
468 1029
468 1366
469 1192
469 739
470 1132
470 1369
470 1101
471 803
471 1316
471 1253
471 1390
471 979
472 736
472 1515
472 1093
473 1146
473 1483
473 708
473 997
474 940
474 1464
474 655
475 1186
475 510
475 915
475 951
475 1528
475 1596
475 543
476 621
477 592
477 491
477 1540
477 971
478 610
478 973
478 590
479 1082
479 574
480 840
480 1167
480 915
480 693
481 1315
481 1349
481 926
482 512
482 994
482 839
482 881
482 1139
482 798
483 685
483 630
483 1343
484 686
484 566
486 661
486 1597
486 1534
487 1024
487 1349
487 554
487 1426
487 732
488 1040
488 489
488 1594
488 629
489 990
490 1279
490 1028
491 668
491 1126
491 1034
491 911
491 789
492 1377
492 1096
492 1037
492 1325
492 951
493 1482
493 1165
493 1584
493 819
493 630
494 1128
494 1232
495 1599
495 807
496 603
496 716
496 1467
496 950
496 763
497 1264
497 579
498 1154
498 828
498 871
498 1361
498 570
498 956
499 1193
499 610
499 1513
500 1427
500 1367
501 1146
501 1307
502 756
502 599
503 1422
503 784
503 1079
503 1271
503 920
503 1180
504 521
504 1099
504 1441
505 904
505 1417
505 820
505 550
506 1344
506 1489
506 691
506 1331
506 1430
506 863
507 614
507 778
507 1038
507 1362
507 564
507 926
508 1480
508 713
508 1514
508 1583
508 1078
508 1151
509 999
509 946
509 1588
509 1014
510 616
511 864
511 992
511 837
511 1574
511 1549
511 1071
511 819
511 1302
511 1498
512 962
512 686
512 789
513 931
513 972
513 1356
513 1143
514 1524
515 641
515 706
515 1508
515 1455
515 1212
516 1592
516 592
516 946
516 724
516 1077
516 630
516 1271
516 1526
516 1470
517 1065
517 974
517 913
517 1528
517 1209
517 1017
518 1510
518 1001
518 811
518 1101
518 1368
519 600
519 915
520 1280
520 526
521 864
521 1162
521 1239
521 1274
521 1499
522 1370
522 1466
522 1137
522 1049
523 965
523 1236
523 1596
523 989
523 542
524 1216
524 1249
524 841
524 880
524 1148
524 1215
525 979
525 887
525 535
526 1466
527 570
527 963
527 1348
527 1022
528 582
528 1375
528 721
528 1524
528 1303
529 805
529 874
529 907
529 1098
529 1389
529 1453
529 828
530 1536
530 932
530 1221
530 902
530 728
531 728
531 1050
531 1202
531 548
532 626
533 1281
534 777
534 1281
534 1535
535 1322
535 1583
535 851
535 1532
536 1339
536 1015
536 1100
536 767
537 748
537 1005
537 727
538 798
538 559
538 1082
538 958
539 728
539 593
539 738
539 902
539 830
540 1584
540 1295
540 1293
540 567
541 1411
541 807
541 583
541 1115
541 843
541 1263
541 1207
542 1126
542 599
542 1175
542 666
543 1569
543 553
543 1196
543 944
543 1339
544 776
544 547
544 1540
545 1265
545 1516
545 853
545 1103
546 826
546 1540
547 643
548 1439
548 1342
548 1039
549 867
549 940
549 1519
549 976
549 596
550 1372
550 1335
551 841
552 809
552 1391
552 1319
553 676
553 974
553 1295
553 1588
554 1517
554 559
554 1585
554 603
555 1056
555 1092
556 688
556 961
556 562
556 770
556 1451
557 1335
557 558
557 743
558 1520
558 1535
560 593
560 1002
560 1204
560 1542
561 1287
561 599
562 1459
562 1397
562 1398
562 825
562 573
564 571
564 1146
564 1017
564 1219
565 1096
565 1506
565 1208
566 1452
566 1231
567 820
568 993
568 1394
568 1570
569 838
569 886
569 631
569 1109
570 1441
570 937
570 1363
570 574
571 1389
571 1252
571 1446
572 1272
572 1395
573 1442
573 1545
573 1573
574 951
574 661
575 1397
575 1358
576 844
576 1556
576 831
577 1571
577 1416
577 1591
577 1182
578 705
579 673
579 595
579 1292
580 1124
580 941
580 828
580 1021
582 1096
582 595
582 1365
583 1391
583 1487
583 1048
583 991
584 1212
585 664
586 625
586 1461
586 734
586 591
587 643
587 1262
587 727
587 1529
587 638
588 1508
588 975
588 879
588 1203
588 660
588 1206
589 643
589 1067
589 1163
589 851
590 1484
590 1076
591 971
591 1094
592 903
592 1326
592 1328
592 1204
592 1173
593 656
594 1265
594 1425
595 1270
595 1340
595 907
596 1050
597 810
598 1172
598 875
598 1148
598 1159
599 843
599 1460
599 1210
599 1500
600 961
600 1158
600 1003
600 1388
600 1395
600 1141
600 1565
601 1166
602 608
602 644
602 694
602 871
603 1283
603 1229
603 1278
604 952
604 1066
604 1459
604 1517
605 1196
605 1584
605 1433
605 862
605 1343
606 730
606 947
606 1588
606 922
607 756
607 1481
607 1151
608 768
608 1065
608 1571
609 1560
609 1282
609 1546
610 1294
610 807
611 1448
611 1460
611 987
611 1031
612 1073
612 1422
612 1120
613 834
613 1167
613 752
613 1400
613 633
613 1276
613 1215
614 1479
614 1354
614 1206
615 1250
615 1059
615 1093
615 777
615 1102
615 924
616 1316
616 1573
616 1523
616 1309
617 1199
617 618
617 1068
617 670
617 887
618 1284
618 1063
618 1331
618 1335
619 1262
619 1088
619 1451
620 1297
621 650
621 1039
622 1266
622 694
623 1348
623 809
623 1545
623 1102
623 920
623 636
624 1098
624 995
624 1559
625 1202
625 1073
625 1082
625 860
626 1090
626 1357
626 1268
626 1180
627 1353
627 1275
628 1395
628 1188
628 1198
629 667
630 1091
630 739
630 914
631 709
631 744
631 1098
631 633
632 730
632 1467
632 920
632 1471
633 671
633 769
634 1163
634 695
635 816
635 1495
635 1307
635 1327
636 832
636 1506
636 1262
636 1558
636 1436
637 888
637 1569
637 781
638 1592
638 885
638 1326
640 1395
640 1195
640 839
641 981
641 977
641 837
642 1401
642 701
643 832
643 684
643 813
643 1396
644 813
645 1254
645 916
645 654
646 801
646 676
646 1448
646 1548
646 1006
646 654
646 854
647 1301
648 864
648 1476
648 1318
648 762
649 1129
649 1042
649 1418
651 1196
651 860
652 1084
652 879
653 1446
653 1046
654 737
654 875
654 1364
654 1055
655 1248
655 1224
655 713
655 788
655 1589
655 669
655 1342
656 1235
656 973
657 808
657 1388
657 1393
657 1427
657 1460
657 1342
658 784
658 1465
658 1294
659 1574
659 1099
659 1520
659 1330
659 1559
660 1016
660 1026
661 1204
661 932
661 1085
662 1479
662 1519
662 1432
662 858
662 703
663 920
663 753
663 1514
664 1217
664 747
664 1296
665 896
665 1472
665 944
665 689
665 850
665 913
666 899
666 1284
666 812
666 1268
666 1049
667 1546
667 1578
668 909
668 1047
668 1147
669 728
669 1580
670 746
670 1513
670 751
670 1052
671 735
672 707
672 684
672 751
673 707
673 1002
673 1106
673 854
673 1564
674 1480
674 1070
675 1179
675 1084
675 1508
676 1079
677 1320
677 682
677 732
678 805
678 1359
679 736
679 1536
679 1015
679 1402
679 1019
679 1117
680 966
680 1330
680 697
680 1500
680 1597
681 809
681 1114
681 1356
681 902
682 797
682 1515
682 1490
682 1405
683 1363
683 1453
684 872
685 847
685 763
686 1122
687 1536
687 1236
687 824
687 988
688 861
688 1149
689 1129
689 1069
689 988
689 1342
690 1236
690 1231
691 1283
691 710
691 1287
691 1517
691 1326
691 1460
691 823
692 962
692 1127
692 874
692 907
692 780
692 1134
693 878
694 1583
695 738
695 1210
695 1006
695 1431
696 1290
696 1520
696 1308
696 1190
697 1345
697 803
697 1060
697 872
697 1032
697 1580
697 1423
698 1457
698 1091
699 1216
699 916
699 1077
699 1397
699 1557
699 953
700 1202
701 1537
701 884
702 1460
702 1491
703 1313
703 1537
703 1254
703 756
703 1210
704 1298
704 742
705 866
705 910
705 1422
705 1107
705 1022
706 757
707 1050
707 936
708 1092
708 1245
709 1036
709 1172
709 886
709 1592
709 1150
710 1396
710 781
711 947
711 1341
712 1389
712 1151
713 856
713 1302
714 1471
715 1547
715 963
716 1321
717 1114
717 1131
717 1477
717 798
717 1359
718 1095
718 841
718 1357
718 1233
718 1558
718 1530
718 732
720 1537
721 1363
721 1562
722 1199
723 1376
723 865
723 1190
725 1534
725 1089
725 756
725 1518
726 1064
726 1292
726 1012
727 827
727 1372
729 1064
729 1378
729 1459
729 1030
730 1290
730 910
730 880
732 752
733 970
733 1276
733 1151
734 871
734 1290
734 1169
734 1014
734 987
736 1248
736 1350
736 1577
736 1498
737 1440
737 1410
737 1101
737 1207
738 1051
738 1372
738 893
739 862
740 1308
740 757
741 931
741 1459
741 1335
742 1495
742 1142
743 970
743 1405
743 1314
744 1314
745 1291
745 846
745 1135
745 1144
745 1181
746 1049
746 1339
748 1424
748 1458
748 873
749 1177
749 1252
750 1329
750 1555
750 1467
750 1119
751 1091
752 780
753 1185
753 838
753 988
753 1213
753 1023
754 764
754 1092
755 1414
755 1095
756 1411
756 966
756 1008
757 1564
757 1214
758 1345
758 962
758 858
758 1033
759 1224
759 1161
759 853
760 1213
760 1318
761 865
762 1401
762 1570
762 1195
763 1540
763 1543
763 1514
764 971
764 1100
764 845
764 1231
765 1361
765 1211
765 1582
765 1571
766 1569
766 794
767 1125
767 779
767 858
767 1435
767 1535
768 1569
768 1510
770 1093
770 876
770 816
770 1077
771 1599
771 878
771 1019
772 788
773 1384
774 1297
774 893
774 1535
775 1388
775 1356
775 1461
775 927
776 832
776 1169
776 819
776 1364
776 1206
777 1412
777 907
777 1591
778 953
778 1473
778 1016
779 1128
779 1121
779 1123
780 1486
780 856
780 1565
781 1443
781 937
781 879
781 1342
782 1249
782 1317
782 811
782 1596
783 1251
783 1156
784 1585
784 1402
785 861
785 797
785 847
786 1473
786 1200
786 883
786 1396
786 1149
788 1067
788 944
788 1042
788 1300
788 1368
789 812
792 1168
792 1105
792 970
792 1394
793 1329
793 835
793 811
793 1457
794 1485
794 1487
794 1427
794 1464
795 1520
796 1548
796 1585
796 1558
796 956
797 839
797 1007
798 901
798 1365
798 1182
799 1331
800 1283
800 873
800 976
800 1236
801 1253
802 892
802 1409
802 1292
802 1543
803 1341
804 1545
804 852
804 989
804 1143
805 1222
805 1469
806 1365
806 1475
807 854
809 831
810 929
810 1090
810 1346
810 1578
810 1238
810 1151
811 1202
811 1330
812 1197
813 1293
813 1176
814 1320
814 971
814 815
815 932
815 1003
815 880
815 1523
815 1365
815 1177
816 976
816 1232
816 1466
816 1438
817 1592
817 1109
818 1221
818 1428
818 1211
818 1597
819 897
819 1377
819 1061
819 871
819 1130
819 915
819 1237
820 1421
821 1507
823 1233
823 829
824 913
824 1451
825 962
825 1125
825 1078
825 1401
826 935
826 1226
826 845
826 1524
826 1562
827 929
827 1123
827 1093
827 1188
827 1230
827 895
828 1091
828 1219
828 1170
828 1393
828 1304
829 1247
830 934
831 1190
831 1384
831 1234
831 1081
832 1200
832 1523
833 1144
833 905
833 1175
833 1308
834 1482
834 1421
834 1358
834 1053
835 1573
835 1148
835 916
835 1599
836 947
836 1351
837 1072
838 850
839 1216
839 947
839 1205
839 1461
840 868
840 1130
840 1391
840 854
840 955
841 1122
841 884
841 1269
841 1174
842 1066
843 1078
843 1244
844 1157
844 861
845 1335
846 914
846 1209
846 1516
847 988
848 1394
848 1479
848 1405
848 1598
848 1455
849 1177
849 862
850 1282
850 1099
850 1135
850 1047
850 1597
851 991
851 875
852 864
852 1023
852 1310
853 1546
853 1436
853 1557
854 996
854 1202
854 886
855 1028
855 1464
855 1435
856 1516
856 917
857 1052
858 1120
858 1129
858 1560
858 1534
859 981
859 1418
859 1578
860 1552
860 1112
860 1469
861 979
862 910
862 1491
863 912
863 1491
863 1576
864 933
865 1069
865 1052
866 1147
867 996
867 1190
867 1099
867 1337
868 962
868 1206
869 937
869 1330
869 892
870 937
870 1392
871 1527
871 1304
873 932
873 1452
873 1392
874 1425
874 1174
874 1118
875 1445
875 1042
876 944
876 1063
877 1439
877 905
877 1301
877 1471
878 1164
878 1042
879 939
880 1269
880 951
881 1311
882 1008
882 1593
882 1074
882 1116
882 1346
883 1271
884 1588
884 984
885 1403
886 902
886 1580
886 894
887 965
887 1369
887 1483
888 1137
888 1554
889 1013
889 966
890 1523
890 1189
890 1030
891 1464
891 1426
891 1332
891 1101
892 1424
892 1176
892 921
893 918
893 1221
896 993
896 1372
897 1292
897 1308
898 1553
898 1354
898 900
898 1093
899 1432
900 903
903 1333
903 1558
903 1499
903 1053
904 1124
904 938
904 912
904 1332
905 1346
905 1544
905 1489
905 1531
905 1500
906 1031
907 1030
907 1517
908 1498
909 1419
910 1039
910 1361
910 1247
911 1280
911 1542
911 954
911 1051
912 1274
912 1528
912 1316
913 1253
914 1511
914 1544
914 1001
914 1301
915 989
916 1333
920 1332
921 1079
922 1079
923 1548
925 1104
925 1341
925 1142
925 1175
926 1269
927 1572
927 1072
928 1547
928 941
929 1410
929 1020
931 1378
931 1452
931 1233
932 1108
932 1343
933 963
933 1323
933 1170
933 1172
934 1564
935 1146
935 983
936 1553
937 969
938 1127
939 1290
939 1131
940 1237
941 1318
941 1543
941 1327
941 1499
942 1547
943 1106
943 1148
943 1005
945 1478
945 947
946 1537
946 965
946 1382
946 1451
947 1219
947 1150
947 1348
947 1105
947 1425
947 1460
947 1146
948 1554
948 1174
949 1297
949 1580
950 1446
951 1070
951 1327
951 1011
951 1212
953 1184
953 1536
955 1113
955 1539
955 1582
955 1556
955 985
956 1358
956 1287
957 1040
957 1401
958 1417
958 1190
959 1072
959 1553
960 1345
960 1163
961 1232
961 1265
961 1401
961 1183
962 984
962 1373
963 994
963 1413
963 1291
963 1361
963 985
965 1026
965 1228
965 1275
966 1244
967 1084
968 1412
969 1186
970 1095
971 1568
971 1179
971 1343
972 1147
973 1226
973 1036
974 1552
975 1249
975 1316
975 1448
975 1421
975 1138
975 1362
975 1531
976 1348
977 1466
978 1350
979 1250
981 1491
982 984
982 1470
983 1096
983 1101
984 1117
984 1007
985 1045
985 1306
985 1052
986 1228
987 1355
988 1483
988 1169
989 1577
989 1271
990 1295
990 1599
991 1545
991 1142
993 1505
993 1514
993 1151
994 1123
994 1581
995 1411
995 1572
995 1480
996 1548
996 1559
996 1471
997 1550
998 1408
998 1365
999 1080
999 1500
1000 1064
1000 1114
1000 1181
1003 1177
1004 1314
1004 1572
1005 1450
1005 1231
1005 1341
1006 1565
1006 1310
1007 1045
1007 1450
1008 1446
1008 1136
1008 1503
1009 1515
1010 1031
1010 1415
1010 1100
1010 1396
1011 1378
1011 1130
1011 1166
1011 1144
1012 1222
1012 1544
1012 1520
1013 1032
1013 1165
1014 1423
1014 1166
1014 1271
1015 1233
1016 1062
1016 1423
1018 1058
1018 1444
1018 1447
1018 1065
1018 1460
1019 1563
1019 1309
1020 1289
1020 1221
1021 1203
1021 1462
1021 1095
1022 1525
1022 1334
1022 1437
1023 1041
1023 1139
1023 1404
1024 1441
1024 1442
1024 1137
1024 1394
1025 1062
1027 1498
1028 1316
1028 1414
1028 1287
1028 1038
1029 1193
1029 1282
1029 1597
1029 1127
1030 1413
1031 1171
1031 1235
1032 1080
1032 1164
1033 1270
1034 1136
1034 1068
1035 1208
1036 1499
1037 1216
1037 1477
1037 1258
1037 1515
1037 1407
1038 1473
1038 1357
1038 1168
1038 1585
1038 1047
1038 1119
1039 1295
1041 1224
1041 1141
1042 1248
1042 1262
1043 1119
1044 1280
1045 1127
1045 1453
1045 1342
1046 1358
1046 1308
1046 1278
1048 1328
1048 1113
1048 1519
1049 1371
1051 1091
1051 1287
1052 1465
1053 1273
1053 1163
1054 1582
1055 1440
1055 1109
1055 1593
1055 1470
1056 1155
1056 1353
1056 1489
1056 1557
1056 1437
1057 1420
1058 1155
1058 1470
1059 1555
1059 1331
1060 1188
1060 1168
1061 1577
1061 1071
1061 1567
1062 1398
1064 1161
1065 1392
1066 1191
1066 1421
1066 1501
1067 1254
1068 1225
1068 1587
1069 1408
1069 1310
1070 1224
1071 1415
1071 1203
1072 1376
1072 1103
1072 1458
1073 1211
1074 1469
1074 1434
1075 1191
1076 1118
1077 1203
1077 1111
1078 1254
1078 1432
1078 1530
1078 1277
1079 1446
1079 1228
1080 1255
1081 1453
1082 1581
1083 1550
1086 1186
1087 1580
1087 1254
1087 1327
1088 1447
1088 1267
1090 1163
1090 1211
1092 1574
1092 1260
1092 1233
1092 1459
1093 1347
1094 1285
1095 1352
1095 1578
1097 1387
1097 1590
1098 1356
1099 1272
1099 1125
1099 1159
1099 1360
1100 1331
1101 1394
1101 1301
1101 1532
1101 1277
1102 1382
1103 1571
1105 1463
1106 1373
1106 1189
1107 1113
1108 1592
1108 1495
1109 1399
1109 1338
1111 1425
1111 1169
1111 1209
1111 1434
1113 1568
1113 1155
1113 1293
1113 1138
1114 1255
1114 1361
1114 1301
1115 1304
1116 1235
1116 1499
1117 1139
1119 1126
1119 1547
1119 1427
1120 1217
1121 1299
1123 1499
1123 1369
1124 1139
1125 1153
1125 1363
1125 1236
1125 1208
1125 1182
1125 1150
1126 1544
1127 1516
1128 1442
1128 1557
1129 1237
1129 1554
1130 1487
1132 1153
1132 1387
1133 1402
1134 1553
1135 1504
1135 1550
1135 1179
1135 1149
1136 1192
1136 1144
1139 1420
1140 1497
1140 1300
1141 1312
1141 1281
1143 1306
1144 1212
1144 1437
1145 1388
1146 1184
1147 1573
1147 1558
1148 1315
1148 1412
1149 1430
1149 1432
1149 1213
1150 1552
1150 1320
1152 1168
1152 1464
1153 1345
1153 1414
1154 1291
1154 1482
1154 1562
1155 1216
1155 1564
1156 1388
1159 1321
1159 1429
1159 1302
1159 1369
1162 1219
1162 1508
1162 1583
1162 1298
1162 1429
1163 1227
1164 1475
1165 1246
1169 1406
1169 1381
1169 1222
1169 1554
1169 1565
1170 1409
1170 1251
1170 1531
1170 1307
1170 1277
1171 1473
1172 1409
1172 1477
1173 1440
1173 1221
1173 1575
1177 1561
1182 1186
1182 1521
1182 1593
1183 1307
1185 1251
1185 1551
1185 1456
1188 1376
1188 1538
1188 1254
1191 1378
1192 1372
1193 1216
1193 1266
1194 1442
1194 1515
1195 1223
1197 1476
1197 1349
1198 1381
1199 1202
1200 1450
1200 1357
1201 1533
1202 1288
1202 1364
1203 1228
1203 1236
1203 1526
1203 1402
1205 1509
1207 1352
1207 1545
1208 1590
1209 1574
1209 1394
1212 1276
1215 1535
1216 1383
1216 1481
1219 1314
1220 1333
1221 1536
1221 1378
1221 1512
1222 1464
1222 1306
1222 1373
1225 1598
1225 1299
1226 1256
1226 1550
1227 1437
1230 1456
1230 1262
1232 1571
1232 1270
1232 1303
1233 1265
1236 1413
1237 1312
1238 1559
1239 1366
1239 1279
1240 1547
1241 1475
1241 1559
1242 1516
1245 1312
1245 1397
1246 1575
1247 1456
1247 1317
1248 1286
1248 1257
1250 1283
1250 1388
1250 1423
1252 1432
1252 1333
1254 1325
1254 1393
1254 1366
1255 1575
1256 1451
1258 1353
1258 1489
1260 1401
1261 1547
1261 1471
1261 1447
1262 1336
1262 1469
1263 1426
1267 1521
1269 1579
1270 1383
1271 1284
1272 1378
1273 1432
1275 1514
1277 1385
1277 1460
1277 1403
1278 1326
1279 1442
1279 1357
1280 1345
1280 1396
1280 1534
1281 1522
1282 1428
1282 1397
1283 1512
1284 1497
1285 1464
1286 1365
1287 1530
1289 1510
1291 1509
1292 1578
1294 1414
1295 1419
1296 1489
1298 1305
1300 1460
1301 1377
1301 1391
1305 1500
1305 1599
1306 1359
1306 1430
1309 1379
1310 1438
1311 1387
1312 1391
1313 1543
1313 1429
1313 1496
1315 1484
1318 1495
1319 1321
1319 1490
1323 1538
1325 1437
1326 1568
1330 1393
1330 1362
1335 1573
1340 1583
1341 1569
1341 1372
1343 1387
1344 1445
1347 1559
1348 1351
1350 1583
1350 1437
1354 1538
1354 1522
1354 1497
1355 1567
1359 1577
1359 1426
1360 1572
1366 1574
1366 1448
1366 1369
1367 1390
1368 1380
1368 1562
1371 1509
1371 1407
1374 1393
1375 1550
1378 1533
1379 1583
1380 1565
1380 1557
1380 1407
1381 1405
1381 1599
1384 1469
1386 1450
1386 1428
1387 1536
1387 1594
1391 1416
1392 1538
1393 1401
1394 1430
1395 1557
1396 1465
1397 1529
1400 1592
1402 1566
1404 1418
1405 1407
1408 1487
1410 1584
1410 1505
1416 1532
1417 1530
1418 1507
1420 1581
1421 1553
1423 1485
1424 1526
1426 1580
1426 1520
1426 1468
1431 1530
1434 1476
1434 1544
1436 1522
1438 1479
1442 1460
1442 1595
1448 1502
1449 1519
1453 1507
1457 1556
1461 1592
1461 1554
1462 1523
1466 1576
1467 1565
1468 1473
1475 1478
1475 1597
1476 1554
1484 1592
1486 1514
1491 1557
1491 1528
1492 1528
1495 1567
1497 1520
1498 1554
1500 1501
1505 1590
1506 1597
1514 1542
1516 1543
1517 1597
1520 1549
1522 1586
1524 1566
1528 1581
1530 1575
1530 1531
1532 1580
1532 1560
1565 1574
1566 1570
1566 1581
1578 1583
1585 1589
