1600 280
0 475
2 369
9 1464
16 1515
18 934
18 455
23 514
25 318
27 649
29 1595
35 594
36 960
37 368
37 1096
43 1211
44 434
44 436
51 978
57 1236
58 559
61 1049
62 801
69 684
70 139
71 817
72 1142
73 1088
73 722
73 1406
77 1283
77 1454
80 461
81 336
81 696
86 1469
95 1313
95 1330
102 808
110 500
110 702
112 1446
120 531
120 1167
124 659
125 1203
126 1124
126 1516
132 711
133 961
133 1242
134 161
138 1180
146 879
149 153
151 1215
152 1115
153 241
155 991
158 736
161 1226
161 211
163 1155
165 334
173 331
195 1574
210 566
217 879
218 496
222 1152
224 1102
232 840
239 1479
242 1526
243 938
245 378
246 1464
247 1523
247 1255
249 837
250 1423
265 789
267 335
268 299
280 1486
287 842
288 788
288 1334
291 441
293 1363
296 650
297 1598
300 902
304 1380
305 734
307 671
309 601
314 1370
315 715
318 1184
323 427
328 884
328 1068
330 817
336 1185
337 695
341 1460
349 564
352 987
356 975
359 381
360 1154
364 1455
368 1302
376 1517
394 426
399 665
400 600
409 1090
413 927
418 686
423 555
424 1302
444 770
448 548
462 1266
463 1150
468 835
475 1370
481 1116
484 775
486 1130
493 705
494 1460
494 1567
495 1389
500 1266
501 886
510 705
511 962
513 1174
517 666
522 1099
523 720
523 830
527 1544
527 1059
541 1285
542 1551
544 622
554 1067
561 743
566 1050
569 1226
575 1294
575 1399
577 858
579 1349
583 906
586 992
587 1295
591 772
592 634
593 1099
596 1505
598 1586
599 827
607 896
607 1442
608 870
609 864
613 844
615 687
624 1406
642 1103
645 679
652 1064
660 1082
663 1368
665 931
667 1435
670 1366
672 984
675 1141
675 1199
688 887
694 1226
695 1477
700 1097
708 1056
708 886
720 1064
720 790
722 1096
726 1435
726 1255
730 829
733 1293
747 952
750 1172
751 1548
756 1089
760 1092
765 1135
768 948
771 795
775 847
779 1121
787 1278
793 1344
795 1518
805 811
811 873
824 1368
835 1197
839 1385
851 1104
852 1144
861 1551
866 1043
870 1298
875 947
883 1424
883 1536
888 1417
908 928
909 1240
919 1400
931 1330
934 1304
942 1185
944 1006
948 1163
952 1326
955 1426
966 1235
978 1261
986 1163
997 1281
1014 1154
1016 1396
1021 1478
1028 1219
1039 1583
1043 1284
1055 1135
1060 1538
1070 1556
1084 1209
1107 1568
1111 1324
1111 1447
1112 1447
1113 1182
1117 1346
1134 1440
1141 1595
1175 1513
1206 1259
1206 1302
1207 1275
1213 1339
1227 1520
1234 1252
1240 1382
1249 1443
1282 1548
1284 1591
1285 1321
1300 1575
1309 1589
1312 1439
1336 1440
1359 1382
1364 1402
1429 1512
1441 1557
1460 1493
1464 1546
1496 1508
1543 1567
