1600 4000
0 1001
0 563
0 879
1 1538
1 836
1 1573
1 678
1 392
1 1483
1 561
1 1528
1 158
2 1048
2 1331
2 1542
3 1278
3 769
3 42
3 818
3 1054
4 814
4 954
4 749
4 230
5 160
5 1110
5 1544
5 1014
5 215
6 713
6 971
6 561
6 1171
6 1491
6 24
6 1243
7 250
7 444
7 180
7 850
7 743
8 620
8 1357
8 111
8 1168
8 405
8 795
8 701
8 958
9 1249
9 978
9 755
9 909
9 1537
10 260
10 272
10 368
10 790
10 1372
10 127
11 256
11 1513
11 298
11 1438
12 453
13 1480
13 363
13 686
13 239
13 1239
13 1049
13 1594
14 338
14 35
14 1548
14 467
15 1185
15 74
15 278
16 832
16 582
16 1199
16 945
16 883
16 731
17 999
17 487
18 835
18 802
18 699
18 1110
19 280
19 185
19 755
19 1163
19 1515
20 885
20 587
20 301
20 1423
21 1228
21 380
21 1357
22 612
22 138
22 290
23 1056
23 171
23 1419
23 1294
24 852
24 981
24 1599
25 1062
25 1193
25 798
25 1492
25 982
25 152
25 1437
25 862
26 99
26 1389
26 1517
26 1275
26 61
26 1119
27 34
27 995
27 679
27 1351
27 498
27 1210
27 351
28 1507
28 1188
28 1541
28 1160
28 109
28 686
28 510
28 1311
29 528
29 482
29 1317
29 616
29 810
30 1363
30 1596
30 1534
31 1112
31 778
31 1267
32 787
32 146
32 147
32 995
33 914
34 1392
35 369
35 1442
35 611
35 341
36 709
36 1146
36 327
36 1574
36 876
36 1082
36 955
37 964
37 1319
37 551
37 1513
37 333
37 85
37 60
38 672
38 437
39 1432
39 643
40 679
40 1256
40 171
40 110
40 1555
40 1108
41 98
41 1507
41 291
41 933
41 846
41 125
42 537
42 1061
42 470
43 144
43 1301
43 912
43 1574
44 1480
44 681
44 298
44 590
44 239
44 342
44 1567
45 321
45 836
45 649
45 1321
45 1196
45 304
45 406
46 1347
46 1159
46 1479
46 657
46 1178
46 1309
46 766
47 384
47 298
47 850
47 1270
48 882
48 1115
48 468
48 1127
49 1400
49 1308
49 277
49 670
50 640
50 124
50 548
50 976
51 355
51 932
51 254
51 175
52 480
52 791
52 216
52 60
52 1245
52 414
53 1160
53 441
53 1490
53 1381
54 1274
54 1372
54 253
54 1110
54 759
55 841
55 395
55 844
55 463
55 1522
55 187
55 510
56 1338
56 605
56 62
56 1015
57 1255
57 397
57 1295
57 1522
57 1146
57 414
58 458
58 1427
58 926
58 1439
59 737
59 212
59 532
59 1566
60 479
60 400
60 438
60 790
60 735
61 1139
61 396
61 1421
61 903
62 228
62 1508
62 522
62 1072
62 1139
63 1224
63 1291
64 512
64 1252
64 264
64 1137
64 1173
64 991
65 257
65 546
65 1058
65 1446
65 1137
65 532
65 1145
65 1343
66 1254
66 198
66 815
66 597
66 185
66 255
67 288
67 1248
67 604
67 1205
67 375
68 1089
68 1314
68 451
68 1480
68 522
68 123
68 1106
68 726
68 1270
68 891
69 690
69 1362
69 1549
69 1125
69 1007
70 1032
70 149
70 1103
71 236
71 174
71 1392
71 1458
71 243
71 729
71 636
72 101
72 935
72 969
72 1388
72 1427
72 1144
72 414
73 225
73 738
73 1256
73 425
73 1180
73 1118
74 1284
74 1541
74 782
74 658
74 1011
76 98
76 131
76 322
76 1219
76 1540
76 1255
76 1257
76 1294
76 1373
76 351
77 1034
77 1007
77 486
77 447
78 963
78 1227
78 1458
78 1337
78 157
78 895
79 1138
79 1587
79 692
79 366
80 952
80 1040
80 198
80 599
81 625
81 260
81 1367
82 769
82 1192
82 874
82 879
82 1232
82 401
82 1528
82 1050
82 987
82 159
83 929
83 277
83 879
84 123
84 933
85 1144
85 547
85 643
86 1504
86 1157
86 103
86 296
86 172
86 1068
86 1583
86 1168
86 1117
87 1024
87 833
87 1284
87 1349
87 1135
87 1423
87 1016
87 604
87 1247
88 419
88 134
88 104
88 1035
88 1005
88 397
88 1338
88 92
89 378
89 867
90 882
90 699
90 156
90 1494
90 878
91 664
91 705
91 1058
92 226
92 746
92 874
92 1102
92 562
92 275
92 959
93 224
93 347
94 162
94 452
94 170
94 174
94 500
94 1178
95 898
95 1353
95 650
95 243
95 596
95 760
95 1338
96 1040
96 438
97 898
97 1475
97 998
97 140
97 655
97 400
98 730
98 373
99 212
99 557
100 517
100 781
100 181
100 262
100 175
101 1377
101 560
101 1132
101 1072
102 160
102 162
102 1159
102 391
102 1422
102 559
102 1594
103 1317
104 1200
104 1511
104 184
104 535
105 689
105 807
106 688
106 113
106 619
106 814
107 1328
107 1081
107 773
107 149
107 870
108 641
108 1283
108 935
108 1288
108 461
108 762
108 957
109 1248
109 1197
109 438
110 1120
110 930
110 488
110 1481
110 700
111 163
111 903
112 737
112 1540
112 137
112 1009
112 795
112 1183
113 501
113 941
114 1477
114 1406
115 890
115 1166
115 1074
115 1122
115 1523
116 1272
116 1250
116 1315
116 710
116 1567
117 1318
117 807
117 363
117 139
117 1527
117 1022
117 415
118 394
118 1275
118 541
119 163
119 369
119 1109
119 917
119 1461
119 216
119 1372
120 386
120 1135
121 457
121 436
121 156
121 1521
121 903
122 1146
122 509
122 926
122 567
123 416
123 1313
123 644
123 655
123 368
123 720
123 501
124 857
124 652
124 1506
124 327
126 299
126 741
126 678
127 1032
127 1498
127 1012
127 1151
128 634
128 1330
128 1190
128 607
129 946
129 1058
129 1204
129 462
130 789
130 1061
130 1396
130 389
130 1134
131 1132
131 1114
131 1071
132 365
132 494
133 450
133 1542
133 1576
133 779
133 625
133 1181
133 1052
133 957
133 319
134 972
134 196
134 1036
135 496
135 1420
135 627
135 476
135 1247
136 1043
137 824
138 830
138 154
138 562
138 1533
139 480
139 227
139 1454
139 982
140 896
140 676
140 1191
140 1000
140 1392
140 893
141 1215
141 170
141 1107
141 1175
142 481
142 803
142 542
142 819
143 620
143 578
143 1435
143 332
143 789
144 1568
144 1350
144 558
144 1049
144 250
145 1328
145 1442
145 1268
146 1228
146 238
146 630
146 1047
146 536
147 737
147 196
147 1024
148 449
148 554
148 715
148 401
148 1364
148 987
148 351
149 483
149 262
149 748
149 403
149 1016
150 673
150 954
150 996
150 1071
151 777
151 719
151 623
151 854
151 1271
151 671
152 794
152 895
153 1120
153 1346
153 516
153 278
154 1185
154 518
154 1498
155 601
155 1503
156 865
156 1060
156 203
156 1167
156 1267
157 1578
157 1347
157 676
157 1165
158 691
158 1494
158 1123
158 1441
159 843
159 837
160 929
160 1132
160 847
160 271
160 338
160 1364
160 661
160 886
161 668
161 798
161 1279
162 171
162 1548
162 1263
162 723
162 885
163 1030
163 583
163 1295
163 274
163 728
163 1080
163 1019
163 1566
163 863
164 1153
164 455
164 1321
164 714
164 748
164 633
164 1531
165 416
165 659
165 1349
165 710
165 887
166 1472
166 1521
166 223
167 1538
167 341
167 253
168 337
168 1138
168 1421
169 453
169 623
169 1331
169 405
169 1565
169 383
170 320
170 553
170 785
170 634
171 488
171 1132
171 1138
171 665
171 571
172 292
172 649
172 202
172 528
172 1174
172 314
172 1181
173 792
173 828
174 197
174 1454
174 591
174 923
175 412
175 1557
175 1399
176 1363
176 975
177 1275
177 502
178 1250
178 731
178 951
180 393
180 787
180 1012
180 695
181 368
181 1512
181 582
181 1214
182 451
182 708
182 1002
182 951
182 661
182 695
182 247
182 1277
183 1568
183 237
183 1584
183 205
183 758
184 1312
184 1155
184 1222
184 1520
184 1463
184 1019
185 596
185 1470
185 423
186 353
186 1409
186 1061
186 1437
187 1428
187 892
187 591
188 460
188 1357
188 1454
189 741
189 1292
189 269
189 1316
190 1061
190 1542
190 1544
190 463
190 561
190 787
190 374
190 1111
191 400
191 1549
191 909
191 1464
191 567
192 664
192 537
192 878
192 747
192 406
193 936
193 1362
193 1269
193 911
194 992
194 1008
194 1373
194 301
194 1121
195 532
196 737
196 1410
196 1030
196 682
196 461
196 339
196 244
196 1145
197 1416
197 809
197 1155
197 284
198 1273
198 1186
198 1246
199 801
199 1371
199 251
201 825
201 1276
202 1092
202 838
202 779
202 1490
202 724
202 1406
203 848
203 1177
203 1376
203 1223
204 353
204 453
204 1061
204 395
204 242
204 1554
204 1147
205 425
205 1132
205 1327
205 934
206 997
206 614
206 1062
206 1542
206 782
206 1007
206 592
206 1070
206 788
206 1525
206 861
207 917
208 380
208 733
209 694
209 574
210 668
210 738
210 1002
210 532
210 1012
211 1263
211 620
211 454
211 1206
212 1397
212 741
212 1174
213 648
213 1592
213 1515
213 365
213 1254
214 1113
214 753
214 851
214 1231
215 733
215 781
215 810
215 1372
216 389
216 358
216 1160
216 1483
216 1266
216 951
216 665
216 1565
217 1264
217 313
217 716
217 405
217 887
218 1409
218 1202
218 1334
218 1558
218 1050
218 509
219 1001
219 546
219 939
219 964
219 1162
220 296
220 290
220 1312
220 798
221 1188
221 1317
221 453
221 1361
221 721
221 1432
221 1242
222 537
222 1287
222 737
222 1295
222 1095
223 330
223 1489
223 1363
223 1083
223 349
224 970
224 459
224 754
224 277
224 1113
224 251
225 1573
225 775
225 910
225 473
225 316
226 496
226 1425
226 696
227 483
227 1092
227 1414
227 693
227 858
228 1178
228 710
229 865
229 563
229 683
230 545
230 1287
230 1416
230 670
230 1460
230 311
230 1118
231 856
231 1442
231 1528
231 566
232 1544
232 609
232 1558
232 311
233 1186
233 1220
233 1357
234 276
235 1450
235 1026
235 539
236 319
236 309
237 866
237 931
237 875
237 780
237 822
237 1081
238 1048
238 1563
238 1253
239 1088
239 705
239 934
239 558
239 880
239 1172
239 699
240 544
240 297
240 270
240 597
240 1146
240 891
240 1150
241 787
241 1030
242 1546
242 1027
242 1405
242 1103
243 995
243 421
243 340
243 792
243 1246
243 542
244 416
244 395
244 1228
244 751
244 1143
245 426
245 536
245 298
245 1425
245 1216
246 1060
246 1237
247 1078
247 1465
247 676
249 1089
249 1124
249 358
249 1005
249 1104
249 1048
250 561
250 367
250 785
251 1382
251 1095
251 1557
251 535
252 897
252 1507
252 813
252 1231
252 732
252 1310
252 1151
253 257
253 1219
253 969
253 656
253 305
253 755
253 857
254 1067
254 1105
254 1335
254 345
254 861
254 350
255 1289
255 606
255 1545
255 1168
255 670
256 1121
256 490
256 1325
256 1205
256 1525
256 1239
256 447
257 329
257 843
257 1588
257 286
258 634
258 507
258 683
259 784
259 450
259 1202
259 894
260 584
260 491
260 1497
260 1501
261 1442
261 836
261 1268
262 835
262 347
262 1267
263 465
263 1242
263 283
263 525
263 865
264 1084
264 438
265 340
265 780
265 815
266 455
266 913
266 1458
266 531
266 916
266 473
266 1595
267 453
267 1156
267 333
268 856
268 950
269 1143
269 701
269 677
270 344
270 1396
270 934
271 1489
271 1374
272 904
272 782
272 1007
272 1423
272 1398
272 1175
273 930
273 1383
273 775
273 1170
273 759
273 1245
274 1075
274 603
274 454
275 1440
275 300
275 1149
275 1406
275 1055
276 423
276 522
276 787
276 1523
276 766
277 705
277 327
277 427
278 384
278 1158
278 1000
278 617
278 1009
278 1338
279 1354
279 427
279 525
279 497
279 1426
279 1047
279 1367
280 787
280 554
280 692
280 1135
281 1441
281 1378
281 458
281 1037
281 369
281 729
281 1147
281 668
281 733
282 1257
282 1325
283 1120
283 1163
283 1554
283 1526
283 1407
284 730
284 1378
285 939
285 492
285 1105
285 1592
285 923
285 765
286 698
286 417
286 693
287 1280
287 1177
287 1166
288 554
288 853
288 741
288 542
289 843
289 1389
290 1582
290 722
290 942
291 769
291 517
291 1543
291 903
291 975
292 800
292 1218
292 781
292 1235
292 950
292 1020
293 1032
293 434
293 772
293 495
294 472
294 806
294 1199
295 868
295 1094
296 1090
296 774
296 1516
296 435
297 737
297 356
297 1385
297 1036
297 1580
297 433
297 1595
298 299
298 1356
298 1359
298 658
298 1560
298 1018
299 1188
299 677
300 512
300 897
300 396
300 753
300 370
300 1073
300 1493
300 670
302 856
302 316
302 1416
302 630
303 1449
303 1018
303 1243
303 1182
303 1167
304 1494
304 719
305 1176
305 1346
305 558
306 1352
306 1521
306 1460
306 1463
306 377
306 858
307 745
307 906
307 1423
307 661
307 631
307 1499
308 890
308 804
309 585
309 1483
309 1031
309 727
310 1462
310 374
311 1506
311 708
312 1576
312 414
312 711
313 509
313 1223
313 687
313 568
313 861
314 587
314 1038
314 1522
314 1078
314 342
315 504
315 497
315 1149
316 576
316 1222
316 406
316 1559
317 761
317 826
317 805
317 423
318 1063
318 494
318 528
318 1169
318 403
318 1588
319 1344
319 747
319 1267
319 504
320 1230
320 945
320 1361
320 1077
320 821
320 1461
320 1240
320 703
321 1565
321 360
321 971
321 685
321 1170
321 1533
322 505
322 746
322 915
322 1028
323 1191
323 1146
323 1357
323 487
324 471
325 1067
325 370
325 1027
325 1204
325 1453
326 944
326 1545
326 1031
326 351
327 1347
327 1189
327 933
327 1374
328 1337
328 1387
328 870
328 1414
329 811
329 1232
329 755
329 1400
329 1535
330 1059
330 422
330 585
330 1532
330 1599
331 1376
331 484
331 773
331 1350
331 731
331 1278
332 382
333 416
334 833
334 1124
334 741
334 530
334 633
334 859
334 985
335 337
335 1347
335 676
336 1355
336 1515
336 717
336 622
336 1199
336 407
336 888
336 860
336 477
337 545
337 386
337 931
337 808
337 1581
337 1086
338 1492
338 1431
339 1416
339 1502
339 878
340 804
341 379
341 702
342 842
342 818
342 999
343 768
343 419
343 1520
343 979
343 1493
343 1178
344 1113
344 1153
344 918
344 998
345 1005
345 1599
345 374
345 376
345 1565
345 543
346 1599
346 1517
346 639
347 752
347 1450
347 1143
348 611
348 581
348 1054
348 1183
349 549
349 1577
349 1422
349 466
349 1211
349 1084
350 838
350 1076
350 1127
351 1231
351 1241
352 675
352 685
353 1478
354 697
354 962
354 1273
354 1297
355 484
355 1066
355 1579
355 1517
355 1045
355 1333
355 1464
355 1178
355 542
356 1288
356 578
356 555
357 1065
357 1421
357 1385
358 1312
358 1251
358 1482
358 414
359 1254
360 1361
360 977
360 885
360 1062
361 788
361 1343
361 838
361 1167
362 1206
363 1001
363 1049
364 1480
364 1581
364 464
364 1555
364 884
364 1178
365 384
365 1185
365 1001
365 1009
367 1000
367 900
367 471
368 1474
368 424
368 980
369 995
369 1305
370 448
370 388
370 1541
370 427
370 1466
371 1093
371 712
371 1108
371 1366
371 1558
371 762
372 802
372 905
372 1322
372 1138
372 918
372 470
372 986
372 1147
373 712
373 1315
373 661
373 1439
374 870
374 936
374 1365
374 987
375 1124
375 868
375 1111
375 825
375 1567
376 1408
376 499
376 828
376 1597
377 673
377 995
377 814
378 512
378 1472
378 1353
378 1035
378 587
378 1362
378 916
378 1332
378 950
378 1463
379 809
379 1321
379 1486
379 855
379 472
379 474
380 804
380 1325
380 494
380 381
381 1036
381 500
381 1014
381 631
381 412
382 1060
383 1184
383 475
383 1585
383 1571
385 744
385 409
385 479
386 959
387 832
387 818
387 1186
387 516
388 537
388 1118
389 869
389 1485
389 845
389 1421
390 1154
390 586
390 625
390 1586
390 1406
390 1599
391 928
391 1065
391 1290
391 710
392 771
392 1093
392 457
392 620
392 722
392 697
392 1149
392 1049
393 641
393 1165
393 446
394 401
394 1594
394 1001
395 616
395 1484
395 913
395 1461
395 568
395 1468
396 704
396 780
396 1456
396 657
396 1425
397 971
397 528
398 1347
398 617
398 745
398 873
398 913
398 538
399 867
399 1187
399 1079
399 1497
399 1500
399 1084
400 648
400 1550
400 861
401 1344
401 1039
402 1312
402 571
403 483
403 1066
403 971
403 703
404 624
404 1097
404 730
404 1440
404 1207
405 672
405 680
405 1594
405 1117
406 868
406 1350
406 894
406 415
407 746
407 1453
407 1550
407 656
407 498
407 658
407 1049
407 890
407 892
408 1103
408 617
408 522
408 606
408 625
409 935
409 1256
409 1525
409 699
409 1150
410 1057
410 932
410 1575
410 1179
410 887
410 891
411 929
412 897
412 1445
412 1355
412 1209
412 1149
413 661
413 598
413 447
414 515
414 1411
414 1258
414 1361
415 991
416 1157
416 934
416 1594
418 994
418 422
418 615
418 1352
418 1582
418 1487
418 474
418 986
418 1243
419 453
419 1485
419 1530
419 700
420 1079
421 1042
421 890
421 548
421 1587
422 521
422 1373
422 1293
423 1024
423 643
423 785
423 1562
424 1105
424 955
424 549
424 615
425 856
425 1481
426 721
426 1141
426 1084
427 482
427 1220
427 1508
427 779
427 639
429 1479
429 941
429 767
430 528
430 1419
430 564
430 518
431 1347
431 687
431 691
431 757
431 825
431 891
432 1285
432 620
432 1230
432 1586
432 856
432 921
433 524
433 957
433 846
433 503
434 995
434 1484
435 1285
435 1459
435 517
435 1175
436 612
436 1485
436 1552
436 1234
436 1368
437 697
437 1481
438 1514
438 501
440 491
440 1551
440 1125
440 1127
441 706
441 1538
441 1063
441 649
441 1011
441 1591
441 1594
441 475
441 1214
442 532
442 1055
443 1083
443 563
443 652
443 955
445 721
445 507
445 1273
445 1263
446 1419
446 1533
447 806
447 875
448 641
448 1478
448 524
448 1581
448 694
448 1017
448 1148
449 1232
449 529
449 1443
449 1543
450 1288
450 1059
451 1572
451 1005
451 559
451 1360
451 1428
452 1281
452 1383
453 490
453 879
453 1429
453 479
454 737
454 1570
454 654
454 979
454 1398
454 763
455 624
455 861
456 609
456 903
456 1041
456 598
456 1592
456 1146
457 513
457 459
457 1452
457 1550
457 1461
457 1496
458 576
458 967
458 1035
458 863
459 934
459 1286
459 1580
459 754
459 1274
460 707
460 1303
461 1322
461 1287
461 815
462 1344
462 520
462 1257
462 947
462 1305
462 925
462 1599
463 481
463 531
463 1333
463 855
463 1018
464 1120
464 882
464 467
465 1153
465 550
465 716
465 821
465 1566
466 1407
466 748
466 1043
466 822
466 759
466 767
467 1174
467 1240
468 1445
469 470
470 673
470 1315
470 1290
470 1008
470 1303
470 824
471 516
471 905
471 748
471 1586
471 1401
472 871
472 1066
472 501
472 1305
473 975
473 851
473 563
473 1332
473 1366
473 1589
473 953
474 480
474 645
474 1545
474 726
475 1502
475 1037
475 1107
475 631
475 1338
475 1406
476 1472
476 1225
476 1136
476 1523
476 986
477 803
478 530
478 884
478 1549
478 1255
479 871
479 1359
479 1488
479 1142
479 1047
479 1179
479 766
480 1196
481 778
481 1578
481 690
481 1362
481 820
482 1232
482 1266
482 1102
483 1152
483 535
484 1545
484 621
484 1144
484 1242
485 489
485 965
485 719
486 1224
486 905
487 1121
487 898
487 1477
487 810
488 1025
488 1140
488 1144
488 573
489 1313
489 1282
489 614
489 1261
489 1553
489 882
489 627
489 914
489 1593
490 1221
490 616
490 594
490 819
491 804
491 617
491 1104
491 1239
491 1177
491 1311
492 1376
493 1192
494 674
494 1031
494 1550
494 916
494 853
495 1461
496 785
496 1337
498 1254
499 512
499 1178
499 1274
499 556
499 1326
499 786
499 1146
499 891
500 1067
500 683
500 814
500 726
501 642
501 859
501 1352
501 1003
501 621
501 1427
501 1527
502 1120
502 1345
502 1541
502 1190
502 1100
502 1083
502 1150
503 708
504 928
504 947
504 557
505 1506
505 1063
505 969
505 1193
505 910
505 530
506 752
506 832
506 1461
506 654
507 749
507 1199
508 992
508 1360
508 743
508 1451
508 615
509 744
509 1104
509 1533
510 801
511 1285
511 907
511 941
511 530
511 851
511 1051
512 1035
512 877
512 752
513 1221
513 805
513 526
514 849
514 989
514 1545
515 866
515 773
515 1128
515 1068
515 848
515 1495
516 1138
516 1417
517 651
517 557
517 912
517 1072
517 1557
517 1597
518 993
518 616
518 713
518 1265
519 803
519 899
519 806
519 1482
519 589
519 947
519 1022
519 543
520 1170
520 1531
520 1455
521 1200
521 1424
522 936
522 587
522 1515
522 531
522 1300
523 1428
523 1228
523 1545
523 1071
524 978
524 1449
524 1459
526 1561
526 1533
526 846
527 1552
527 625
527 1180
528 1151
529 651
529 636
530 1177
530 745
530 1485
530 881
530 1044
531 961
531 997
531 649
531 1001
531 1167
532 1252
532 837
532 745
532 784
532 1490
532 948
532 1493
533 1280
533 577
534 642
534 1428
534 1551
535 576
536 1092
536 975
536 665
536 1597
537 553
537 1492
538 549
538 1415
538 940
538 1203
538 1081
538 1179
539 1025
539 1338
539 1196
540 1520
540 729
540 1403
540 1455
541 792
541 1383
542 1000
542 1390
542 1080
542 1594
543 1032
543 1440
543 710
544 784
544 1543
545 876
545 944
545 889
545 1114
545 670
546 1377
547 668
547 1478
548 1025
548 1422
548 1116
548 884
548 859
548 956
549 1413
549 1160
549 1488
549 657
549 1016
549 603
549 671
550 1255
550 1578
550 875
550 1200
550 1115
551 1179
551 732
551 942
551 1599
552 996
552 741
552 631
553 1416
553 1321
553 939
553 844
553 1558
553 823
554 1002
554 1290
554 1291
554 920
554 952
554 695
554 1341
554 861
555 1345
555 1506
555 1188
555 1445
555 1289
555 1136
555 1246
556 960
556 1393
556 572
557 1568
557 900
557 972
557 785
557 855
557 1242
558 1211
558 1330
558 1272
558 923
558 1054
559 1441
559 587
559 1084
559 1342
560 745
560 571
560 1220
560 798
562 649
562 1324
562 1262
562 1459
562 1302
564 1157
564 650
564 848
564 925
564 1055
565 1176
565 1477
565 1421
566 1377
566 1544
566 1289
566 1198
566 1391
566 912
567 1544
567 1359
567 855
567 1374
569 1123
569 910
569 686
570 1520
570 1276
570 1429
570 1524
571 1328
571 730
571 1055
572 1217
572 1123
572 883
572 1302
572 1432
572 1467
572 796
573 1401
573 618
573 1077
574 1384
574 1108
575 713
575 755
576 1583
577 1383
577 1450
577 1421
577 625
577 1115
578 1000
578 1509
578 1416
579 633
579 1539
579 1158
579 1595
580 1008
580 1161
580 1471
581 1130
581 1531
581 1278
582 819
582 1415
583 739
583 1191
583 584
583 684
583 757
583 991
584 899
584 931
584 665
584 798
585 808
585 1198
585 862
586 1368
586 811
586 903
587 1155
587 1384
587 1003
587 621
587 978
588 1507
589 976
589 1481
589 1445
590 644
590 779
590 721
590 597
590 669
591 1520
591 1585
591 716
592 1431
592 1585
592 1338
592 758
593 743
594 1256
594 1075
594 1204
594 1247
595 1326
595 1202
595 1368
595 950
596 988
598 1585
598 1446
599 1412
599 1324
600 1555
600 1053
600 1469
601 1331
602 1136
602 1361
602 954
602 1020
602 765
603 1264
603 853
604 1418
605 1025
605 967
605 1225
605 849
605 1235
605 888
605 1013
606 705
606 1533
606 1034
606 1426
606 765
607 1455
608 810
608 1002
608 1157
609 1177
609 963
610 1355
610 932
610 1253
611 1058
611 624
611 1114
611 1343
612 902
612 876
612 719
612 689
612 1592
612 1534
613 1549
614 1304
614 1314
614 1214
615 794
616 804
616 1298
616 660
617 716
617 782
618 1296
618 1034
618 1310
618 623
619 1143
620 693
621 974
621 1422
621 1454
621 1017
621 799
622 921
622 1319
622 1421
622 976
623 1194
623 1295
623 982
623 639
624 763
624 804
625 896
625 1511
625 782
625 1104
625 1358
625 795
626 769
626 1538
626 1077
626 645
626 662
627 869
627 903
627 851
627 759
628 1210
628 914
629 1498
629 967
629 1012
629 1350
629 791
630 912
630 964
631 669
632 886
632 939
632 734
633 1538
633 948
633 798
634 1098
634 696
635 1048
635 658
635 1380
635 999
636 1080
636 1538
636 1129
638 802
638 1543
638 1004
638 1211
638 1596
638 797
639 768
639 1522
640 1392
641 962
641 1199
641 1109
641 1206
641 856
642 1355
642 1063
643 1382
643 999
643 1103
644 1000
644 1254
644 1513
645 953
645 1519
646 1533
646 789
646 1399
647 1034
648 1025
648 1130
648 756
648 1557
648 1560
648 1435
649 1169
650 1384
650 1370
651 1220
651 1118
652 1299
653 707
654 1188
654 1385
654 1002
654 811
654 779
654 1173
655 810
655 1494
655 865
656 1320
656 1445
657 1009
657 916
657 1173
658 1570
658 847
658 1583
658 1425
658 1210
658 1150
659 967
659 1418
659 821
659 986
659 892
660 1546
660 1592
660 1318
661 1059
661 979
661 926
662 1545
662 778
662 1100
662 890
662 1019
663 1103
664 1278
664 1567
665 1381
665 1047
666 1568
666 1182
666 1573
666 1126
668 1037
668 977
668 926
670 899
670 1326
670 1429
672 1256
672 1298
672 900
673 1449
673 1260
673 1236
674 1126
674 1508
674 1399
675 1041
675 1395
675 1205
676 771
676 887
676 1593
676 988
677 1319
677 906
677 1073
677 1559
677 888
678 1065
678 1197
678 1522
678 1459
678 1085
678 1055
679 1409
679 1183
680 1156
680 711
680 1386
680 1174
680 1242
681 1232
681 1501
681 1303
682 1404
682 1442
684 1569
684 1527
684 1098
684 1138
684 1175
685 907
685 1211
685 1530
685 731
686 1280
686 1459
686 701
687 1272
687 1369
687 1477
688 746
688 1180
688 1516
689 905
689 1347
691 768
691 1440
691 1529
692 1560
692 1469
692 1230
693 966
693 1429
693 920
695 993
695 1385
695 1023
696 1120
696 1409
696 1030
696 874
696 1547
697 1261
697 1049
697 1434
697 926
698 773
698 1413
698 1383
698 936
698 1294
698 911
698 1141
698 1496
699 1324
699 1453
699 784
699 1463
700 1142
700 1245
701 804
701 1534
701 972
701 1294
701 1118
701 1151
702 1129
702 1059
702 948
703 745
703 1580
703 1086
704 808
704 1055
705 1478
705 746
705 1493
706 1456
706 780
706 1453
707 741
707 1305
708 1070
709 1450
709 727
710 1337
710 1274
710 1150
711 1121
711 1128
711 1547
711 1438
713 1146
713 1285
714 931
714 1477
714 1412
714 1228
714 1401
715 961
716 897
716 771
716 1007
717 1297
717 1028
717 845
717 1215
718 945
718 1188
719 1425
719 1459
719 1086
720 801
720 962
720 780
721 1037
721 1174
721 1593
722 979
722 1228
722 998
723 912
724 1449
724 878
724 1554
724 1203
724 1364
724 1494
724 1208
725 1149
725 1117
726 1038
726 1039
726 1208
726 1499
727 1425
727 883
727 852
728 997
728 1526
728 1453
729 1562
729 1135
730 1408
731 1422
732 803
732 783
732 1104
732 1299
733 1348
733 1192
733 1007
733 1427
734 905
734 1317
735 1490
735 1188
735 1069
735 767
736 1091
736 1291
736 750
736 1391
736 1393
736 1211
736 958
737 844
737 1272
738 1307
738 945
738 1046
739 1408
740 802
740 1347
740 1225
740 1583
740 951
740 1343
741 974
741 1070
742 1052
742 1597
743 1371
743 1086
745 1416
746 1524
747 992
747 1060
747 1290
747 1457
748 1093
748 1491
748 1240
748 1309
749 1303
750 1419
751 1144
751 1417
751 1077
751 1479
752 1281
753 1282
753 1415
753 879
753 1491
753 853
753 1239
754 824
754 1114
754 1374
755 1506
755 1300
755 1402
756 1526
756 1599
758 928
758 931
758 1527
758 1542
758 1066
758 1241
758 1434
758 1308
759 836
759 1269
760 919
760 793
760 1403
760 957
761 961
761 1084
762 1404
762 1443
762 1046
763 1053
764 1240
764 1219
764 1308
764 903
765 1102
765 1518
765 1171
765 1118
765 1436
766 1262
766 1074
767 900
767 1390
768 1262
768 980
768 1110
769 1409
769 1174
769 1590
770 1416
770 1318
771 772
771 1167
771 1555
772 1273
772 1100
772 1094
774 793
774 1507
774 1268
776 1474
776 1299
776 1246
777 1152
777 1449
777 1499
777 980
778 865
779 1493
780 1219
780 1510
780 880
780 1465
780 1531
781 1480
781 843
781 1427
781 1171
782 1224
782 1274
783 1112
783 1582
783 966
784 1448
784 947
785 1411
785 1172
785 1300
785 1428
785 1438
786 1290
786 1276
786 957
786 1243
787 1068
787 1422
787 1454
787 1371
788 1566
788 1205
788 943
789 1225
789 1514
789 1578
789 1517
789 918
789 1019
790 1380
790 975
790 1589
790 827
791 897
791 828
792 1106
793 1291
793 1230
793 1395
793 922
794 834
794 1251
794 1399
794 825
795 1395
796 1485
796 921
796 1267
796 1141
797 1281
797 1106
797 1236
797 1468
798 1225
798 1230
799 1431
799 825
799 1310
799 1350
800 1361
800 1434
800 1246
800 1183
801 1293
801 1302
801 1592
801 862
803 1193
803 1465
804 1499
804 859
805 1185
805 1262
806 1224
806 1134
806 1149
807 903
808 870
809 1315
812 1592
812 1203
812 1267
813 1520
813 1405
814 1024
814 1357
814 1491
815 1345
815 1441
815 1003
816 896
817 856
817 1493
817 1470
818 1388
818 1261
818 1208
819 1304
819 1586
820 1154
821 914
822 992
822 1445
822 839
823 1131
824 1292
824 1222
825 1293
826 1480
826 851
827 1342
828 1056
828 1272
828 1001
828 1294
828 1524
829 1353
829 1015
830 1144
830 1344
830 1115
830 1510
832 1419
832 881
832 1244
832 1180
832 1598
833 1094
834 1249
835 977
835 910
835 1037
836 951
837 865
837 1099
837 945
837 1458
837 1495
837 1241
837 861
838 908
838 1424
838 1363
839 1272
840 976
840 1198
841 1235
841 988
841 1135
843 920
844 857
844 1466
845 868
845 902
845 1580
845 1235
845 1050
846 855
847 1025
847 1479
847 1226
847 1567
848 1474
848 905
848 1151
849 1385
849 1164
849 1264
849 1046
849 1531
849 1023
850 1096
850 1125
850 1230
851 1541
851 1191
851 1102
851 893
852 1052
853 1147
853 1548
853 1141
854 859
854 924
855 1411
855 1000
855 1051
856 1284
856 1563
857 1120
857 1540
857 1584
857 884
858 979
859 870
860 873
860 917
860 1446
861 1258
861 1581
862 877
863 1386
863 887
864 893
865 895
866 1452
867 1378
867 1508
867 890
867 1019
868 1208
868 926
869 1548
870 1393
870 1523
870 951
870 1343
871 1477
871 1365
871 917
871 1211
872 1304
873 1128
873 1154
876 1418
876 1478
877 1283
877 1469
877 1391
878 1185
878 1166
878 1296
878 1081
878 1022
879 1382
879 1383
880 1490
881 992
882 1572
882 1008
882 1330
882 1173
882 1086
883 1250
884 929
884 1161
884 1105
885 1416
885 968
886 1596
887 1061
888 1509
888 1147
888 1017
888 1466
888 987
889 1096
889 1344
890 1258
891 1376
891 1218
891 997
891 915
891 1566
891 1215
892 1232
892 1464
892 1529
893 1412
894 1043
894 1097
895 1529
896 1460
896 1236
897 1218
897 1579
898 1124
898 1005
898 1500
898 925
899 930
899 1478
899 1495
900 1255
901 1269
902 969
902 1217
902 1473
903 1582
904 1186
905 1562
905 1275
907 1380
907 1180
907 972
908 1008
908 1457
909 1522
911 1372
911 1205
912 1071
914 1593
915 1467
915 1535
916 1572
916 988
917 1128
918 1103
918 951
919 994
919 1477
919 966
920 1131
920 1361
920 1525
920 1210
921 1029
921 1033
921 1487
921 1041
922 1042
922 1173
922 1398
923 1186
923 1066
923 1324
924 1577
924 1306
924 1301
925 1061
926 1548
928 1400
928 1176
929 1393
929 1561
931 1069
931 1134
931 1135
931 1136
931 1169
931 1309
933 1280
933 1475
933 1319
933 1293
933 1211
933 1278
934 1370
934 1469
935 1030
935 1428
936 1574
937 1217
937 1079
938 1369
938 1217
938 1590
938 1593
939 1259
940 956
940 1197
940 1087
941 1451
941 1331
941 1238
942 1347
942 1288
942 1066
942 1530
943 1189
944 1240
944 1119
945 1426
945 1052
946 1397
946 1599
947 1106
947 1051
948 953
949 1361
950 1158
950 1416
952 1497
952 1319
953 1318
955 1337
955 966
956 1242
956 1039
956 1007
957 1206
958 1570
958 974
959 977
959 1451
960 1400
960 1313
960 1512
960 1485
961 1282
961 987
961 1243
962 1517
962 1454
962 1239
962 1338
962 1469
963 1182
963 1540
963 1533
964 1114
965 1593
965 1375
966 1351
967 1220
967 1176
968 1505
968 1418
968 1076
968 1177
968 1018
969 1305
969 1143
970 1386
970 1494
970 1567
971 991
972 1218
972 1104
972 1237
972 1399
973 1586
974 1596
975 1063
976 1442
976 1543
976 1366
976 1082
977 1030
978 1041
979 1559
980 1502
981 1056
981 1214
981 1130
982 1254
983 1262
983 1376
983 1014
984 1409
985 1450
985 1529
985 1330
986 1419
986 1244
986 1308
987 996
987 1392
988 1302
988 1307
989 1165
989 1262
989 1557
989 1143
989 1016
989 1562
990 1472
991 1430
991 1527
992 1588
993 1519
994 1074
994 1261
996 1063
996 1141
996 1017
1001 1485
1002 1041
1002 1560
1002 1146
1003 1589
1003 1396
1004 1491
1004 1267
1006 1596
1008 1280
1008 1403
1008 1022
1008 1503
1009 1436
1009 1276
1010 1147
1010 1356
1010 1541
1010 1199
1011 1408
1011 1449
1013 1178
1014 1569
1014 1522
1015 1376
1015 1122
1015 1256
1015 1043
1016 1268
1017 1536
1017 1526
1018 1095
1019 1572
1020 1329
1020 1287
1021 1106
1022 1099
1023 1084
1025 1275
1025 1520
1025 1426
1026 1185
1026 1565
1026 1045
1027 1091
1027 1062
1027 1046
1027 1087
1028 1192
1028 1312
1030 1517
1030 1526
1031 1248
1033 1170
1033 1467
1033 1541
1034 1594
1035 1419
1035 1514
1035 1213
1036 1488
1036 1332
1037 1100
1037 1591
1038 1407
1039 1262
1039 1268
1039 1114
1040 1451
1040 1447
1041 1233
1041 1206
1042 1593
1042 1155
1043 1368
1044 1101
1044 1383
1045 1355
1048 1466
1048 1308
1049 1379
1051 1213
1052 1310
1053 1072
1053 1150
1054 1216
1054 1482
1054 1564
1055 1197
1055 1077
1055 1502
1056 1159
1056 1449
1056 1107
1057 1128
1057 1413
1057 1464
1060 1312
1060 1139
1061 1430
1063 1073
1063 1301
1064 1297
1064 1098
1065 1544
1066 1154
1066 1446
1066 1495
1066 1433
1068 1385
1068 1101
1068 1599
1068 1136
1068 1151
1069 1507
1069 1158
1071 1486
1071 1397
1072 1259
1072 1400
1073 1504
1073 1101
1073 1137
1073 1371
1073 1406
1074 1435
1075 1244
1075 1582
1076 1518
1076 1078
1076 1557
1077 1495
1078 1218
1079 1409
1079 1364
1080 1377
1084 1478
1084 1199
1084 1592
1085 1153
1086 1508
1086 1574
1087 1491
1087 1356
1088 1136
1088 1411
1088 1172
1091 1155
1091 1389
1091 1136
1091 1405
1092 1169
1093 1282
1093 1251
1093 1129
1095 1370
1096 1253
1096 1578
1096 1453
1096 1521
1097 1532
1097 1215
1098 1122
1098 1325
1098 1368
1099 1312
1099 1259
1099 1518
1099 1438
1100 1568
1100 1172
1101 1253
1102 1409
1102 1508
1103 1140
1104 1159
1104 1554
1105 1192
1105 1386
1105 1487
1106 1444
1106 1577
1107 1477
1109 1569
1109 1197
1109 1395
1109 1567
1111 1465
1112 1527
1112 1117
1113 1370
1114 1168
1114 1302
1115 1482
1116 1208
1116 1431
1117 1418
1118 1445
1118 1403
1119 1131
1119 1517
1119 1521
1119 1525
1119 1177
1120 1297
1120 1495
1123 1557
1124 1282
1124 1150
1126 1257
1126 1297
1126 1503
1127 1390
1127 1533
1129 1156
1129 1555
1130 1498
1130 1342
1131 1475
1132 1507
1132 1214
1134 1264
1135 1546
1135 1488
1135 1214
1136 1484
1136 1502
1137 1226
1138 1159
1139 1301
1139 1149
1140 1404
1141 1459
1142 1352
1143 1419
1143 1208
1145 1408
1145 1373
1146 1150
1147 1298
1149 1212
1153 1237
1154 1377
1155 1225
1156 1371
1156 1375
1157 1265
1157 1181
1158 1274
1159 1539
1159 1477
1159 1389
1159 1582
1159 1337
1159 1246
1160 1304
1160 1163
1160 1487
1160 1203
1161 1200
1161 1224
1162 1595
1162 1588
1166 1430
1169 1507
1169 1448
1169 1173
1170 1324
1170 1181
1173 1363
1173 1556
1173 1562
1175 1328
1175 1493
1175 1308
1176 1212
1178 1261
1178 1518
1178 1400
1179 1538
1179 1552
1179 1331
1181 1257
1181 1326
1181 1363
1181 1397
1182 1486
1182 1438
1183 1531
1184 1236
1185 1284
1186 1538
1187 1488
1187 1450
1187 1587
1187 1532
1189 1322
1190 1210
1190 1309
1191 1257
1191 1204
1192 1421
1194 1595
1194 1395
1195 1284
1197 1288
1197 1327
1197 1363
1197 1499
1199 1542
1199 1581
1199 1330
1200 1595
1201 1412
1201 1407
1201 1263
1202 1376
1202 1519
1202 1272
1202 1369
1203 1465
1204 1440
1204 1539
1204 1224
1204 1297
1204 1332
1205 1455
1205 1428
1206 1256
1206 1464
1207 1382
1209 1449
1209 1490
1209 1451
1209 1276
1210 1225
1211 1225
1211 1404
1213 1300
1213 1287
1214 1479
1214 1365
1216 1315
1216 1244
1216 1260
1217 1454
1217 1557
1218 1286
1218 1235
1219 1416
1219 1257
1219 1325
1221 1438
1223 1296
1224 1558
1224 1591
1224 1438
1225 1292
1225 1532
1227 1318
1227 1420
1228 1244
1229 1285
1231 1495
1232 1377
1233 1533
1234 1350
1236 1445
1236 1419
1237 1324
1237 1508
1239 1530
1240 1270
1243 1575
1243 1500
1244 1549
1244 1300
1245 1287
1246 1478
1246 1396
1251 1405
1251 1468
1254 1598
1255 1576
1255 1334
1256 1412
1257 1504
1262 1361
1265 1588
1266 1521
1266 1588
1267 1412
1271 1390
1272 1425
1273 1319
1277 1490
1277 1471
1279 1321
1283 1296
1283 1484
1283 1515
1288 1542
1289 1454
1291 1312
1294 1362
1295 1521
1296 1526
1302 1399
1304 1380
1304 1577
1305 1426
1305 1308
1307 1380
1307 1544
1310 1433
1312 1332
1314 1316
1315 1342
1316 1327
1319 1347
1320 1506
1321 1574
1322 1432
1322 1363
1323 1358
1324 1452
1325 1592
1326 1347
1326 1401
1328 1372
1331 1467
1333 1596
1336 1578
1336 1388
1339 1416
1339 1422
1342 1455
1345 1400
1345 1378
1346 1551
1346 1575
1350 1519
1350 1470
1351 1501
1352 1557
1352 1462
1357 1373
1358 1370
1359 1552
1363 1420
1365 1374
1365 1502
1366 1509
1367 1454
1369 1385
1369 1450
1370 1445
1370 1373
1371 1543
1371 1455
1372 1484
1372 1462
1372 1469
1374 1598
1375 1418
1375 1391
1375 1491
1375 1594
1378 1424
1380 1545
1383 1473
1383 1487
1384 1518
1387 1547
1389 1539
1393 1466
1393 1566
1394 1441
1394 1517
1397 1583
1397 1553
1397 1585
1404 1515
1404 1436
1405 1594
1406 1410
1409 1517
1411 1501
1412 1479
1414 1537
1416 1559
1420 1556
1422 1495
1427 1515
1430 1444
1432 1490
1432 1464
1432 1566
1434 1436
1434 1537
1436 1478
1437 1495
1439 1457
1441 1593
1442 1489
1443 1581
1447 1569
1447 1484
1448 1508
1453 1540
1456 1570
1457 1574
1461 1597
1468 1595
1475 1496
1476 1571
1478 1586
1479 1589
1480 1551
1482 1568
1485 1589
1487 1594
1493 1551
1496 1503
1501 1595
1504 1581
1508 1578
1510 1519
1514 1557
1514 1524
1515 1593
1520 1529
1521 1574
1521 1548
1525 1561
1526 1580
1528 1578
1535 1588
1536 1563
1536 1582
1542 1561
1548 1578
1548 1580
1548 1550
1555 1566
1574 1577
