1600 240
2 756
5 704
7 898
11 1382
18 616
28 722
31 246
33 350
44 1177
46 1356
52 979
63 1063
77 369
77 958
79 90
79 1034
84 942
86 802
88 1435
90 1549
91 462
94 1198
95 1554
96 223
97 770
98 1337
98 202
98 508
99 1226
105 1305
105 987
107 1262
109 838
110 1177
114 1360
114 321
116 579
116 422
128 729
129 769
130 554
131 509
141 1053
141 1244
141 229
141 534
142 1558
147 1414
148 225
149 561
151 376
153 1337
157 1296
161 1128
161 549
167 583
168 996
169 656
169 789
177 1485
178 258
179 1248
181 660
186 605
190 1434
195 1421
196 636
196 1580
197 1072
199 1418
205 876
208 1265
208 982
217 463
220 1393
222 1481
227 784
229 1402
235 653
236 1357
242 1430
246 898
254 1589
257 954
257 1511
261 1489
263 1377
265 1472
267 378
267 269
268 715
274 1057
283 625
283 641
291 813
294 388
296 1202
310 1573
310 383
324 358
326 1371
327 1196
328 552
335 868
342 968
342 535
344 1504
346 772
347 848
351 1120
362 1373
362 502
363 1128
363 1178
366 633
366 1181
367 716
369 658
389 1265
390 750
399 1204
409 434
410 420
417 1413
420 1477
421 1363
425 1108
443 952
443 806
450 453
452 886
455 462
469 999
477 905
481 494
482 691
494 1156
514 954
516 1329
524 1352
527 869
528 870
531 759
532 1370
536 963
537 1371
544 828
546 1446
562 1192
562 1225
574 1124
578 1095
584 704
590 1073
598 1486
600 605
609 979
617 1248
622 771
627 730
634 680
634 1183
648 726
659 1549
661 677
662 882
665 808
672 823
679 1078
682 1251
688 1106
698 1510
702 1350
708 979
718 1269
725 910
740 765
743 897
746 1187
749 888
750 1278
756 1476
764 1418
765 1183
789 1559
794 1211
796 1484
817 1048
817 1136
831 1146
837 1028
846 1005
885 1184
890 1412
894 1399
895 1103
897 1474
899 1342
913 1154
929 1401
936 1134
955 1089
955 1197
959 1212
966 1489
980 1495
983 1114
987 1499
1004 1194
1030 1540
1042 1141
1052 1356
1062 1174
1089 1283
1097 1233
1100 1179
1106 1503
1119 1468
1158 1384
1162 1584
1168 1472
1191 1585
1196 1596
1199 1492
1209 1301
1216 1473
1271 1446
1284 1497
1314 1404
1317 1322
1354 1417
1369 1599
1381 1574
1393 1507
1401 1565
1409 1577
1440 1493
1474 1495
1481 1574
1520 1564
