1600 4000
0 612
0 717
0 1294
1 3
1 677
1 265
1 1582
1 123
1 605
2 201
2 932
2 300
2 13
3 423
3 491
3 470
3 281
3 189
4 1581
4 524
4 141
4 822
4 941
5 1252
5 181
5 398
6 974
6 1430
6 36
6 725
6 118
7 559
7 269
7 167
8 505
8 450
8 974
8 1294
9 162
9 1189
9 1229
9 533
9 795
9 1053
10 611
10 837
10 870
10 742
10 1320
10 150
11 1105
11 1481
11 407
12 743
12 647
12 1259
12 1520
12 626
12 1531
13 1439
13 1426
13 1118
13 599
14 785
14 1500
14 1028
14 389
14 1223
15 203
15 1361
15 435
15 1561
15 1180
15 575
16 512
16 194
16 1446
16 201
16 458
16 524
16 1139
16 1268
16 187
17 1321
17 1417
17 1324
17 1598
17 1503
18 234
18 493
18 111
18 1364
18 501
18 730
18 1595
19 601
19 554
19 763
19 1133
19 1287
20 257
20 42
20 811
20 44
20 878
20 445
21 776
21 297
21 451
21 1109
21 723
22 1598
22 174
22 102
22 159
23 898
23 411
23 292
23 1435
24 1187
24 1412
24 1036
24 1392
24 406
24 155
25 1248
25 1125
25 1254
25 520
25 745
25 1201
25 274
26 72
26 266
26 1538
26 182
27 1256
27 522
27 1307
27 156
27 834
28 1323
28 1147
28 1575
28 1463
29 960
29 131
29 1223
30 578
30 1094
30 616
30 393
30 591
30 1172
30 469
30 1493
31 488
31 816
31 1112
31 781
31 957
32 703
32 138
32 1265
32 334
32 687
33 1322
33 267
33 1485
33 1167
33 1072
33 502
34 568
34 219
34 116
34 863
35 1441
35 1410
35 293
35 677
35 1140
35 212
35 958
36 996
36 459
36 364
36 177
36 307
36 1011
36 728
37 99
37 72
37 114
37 1429
37 1048
37 159
38 1443
38 1157
38 1417
38 1131
38 1397
38 478
39 930
39 1383
40 53
41 545
41 387
41 1284
41 1289
41 1398
41 1208
42 811
42 244
42 1471
43 826
43 1147
43 438
44 676
44 1513
44 203
44 1298
44 280
45 1480
45 491
45 204
45 984
45 476
45 797
46 1597
47 1408
47 642
47 1321
47 75
47 210
47 214
47 346
48 553
48 754
48 918
49 1290
49 131
49 1179
49 677
49 1314
50 1552
50 779
50 790
50 1111
51 356
51 425
51 1485
51 1076
51 855
51 511
52 1455
53 69
53 1266
53 980
53 439
53 605
54 1464
54 148
54 1365
54 340
54 216
54 443
55 546
55 933
55 1543
55 334
55 494
55 1138
55 1111
55 1277
56 1473
56 1506
56 1155
56 1038
56 654
56 1051
56 671
57 417
57 835
57 1254
57 871
57 1575
57 336
57 374
57 887
57 954
57 763
58 1041
58 59
58 828
58 1044
58 190
59 809
59 378
59 1359
59 494
59 1337
59 1435
60 337
60 273
61 192
61 418
61 259
61 1128
61 1075
61 1431
62 1505
62 450
62 1476
62 1037
62 1199
62 469
63 235
63 876
63 429
63 270
63 1205
64 872
64 1353
64 1416
64 171
64 1005
64 1489
65 877
65 1358
66 1160
66 1347
66 454
66 1391
67 782
67 817
67 184
67 859
67 667
67 254
68 705
68 1415
68 428
68 1232
68 1395
68 1113
69 1209
69 138
69 1124
70 97
70 868
70 676
70 1448
70 1387
70 943
70 1554
70 1244
71 864
71 545
71 186
71 1084
71 1438
72 289
72 1195
72 557
72 1080
72 1244
72 157
73 1000
73 1419
73 76
73 1126
73 823
74 1345
74 1428
74 1583
74 1143
75 546
76 423
76 333
76 274
76 1138
76 789
76 1334
76 632
77 582
77 487
77 944
77 921
77 731
77 415
78 725
78 749
78 109
78 222
78 799
79 100
79 1588
79 633
79 1115
79 732
79 734
80 801
80 547
80 718
80 686
80 311
80 1432
81 231
81 840
81 233
81 941
81 1070
81 847
81 720
81 893
81 639
82 417
82 1475
82 1125
82 966
82 846
82 1302
82 219
83 770
83 835
83 1538
83 902
83 1577
83 1397
83 1238
83 794
84 1072
84 1474
84 683
84 308
84 703
85 641
85 1089
85 1091
85 1032
85 201
85 1100
85 909
85 1296
85 501
85 1271
85 1374
86 1217
86 133
86 1497
86 1261
86 435
86 566
86 153
86 1083
87 1486
87 1381
87 1484
87 1301
87 862
88 804
88 489
88 395
88 1042
88 1363
88 1364
88 1458
88 1432
89 865
89 330
89 1258
89 230
89 750
90 306
90 348
90 1319
90 1279
91 1441
91 1187
91 585
91 362
91 1465
91 1488
91 633
91 117
91 1526
91 1336
91 345
92 192
92 773
92 1097
92 875
92 271
92 146
92 1279
93 648
93 1009
93 148
93 1542
94 937
94 1018
94 100
94 941
94 1593
95 961
95 1356
95 1437
96 1483
96 300
96 1429
96 1503
97 363
97 1295
97 1255
98 256
98 488
98 322
98 1253
99 154
99 1076
99 1510
100 784
100 570
100 203
101 485
101 1576
101 1495
101 664
101 188
101 189
102 1377
102 1569
102 492
102 786
102 500
102 761
103 1477
103 1394
103 710
103 622
103 783
104 1224
104 871
105 610
105 325
105 773
105 807
105 1511
105 457
105 432
105 1086
105 729
105 283
105 889
106 914
106 1274
107 434
107 1292
107 917
107 1430
107 231
108 761
108 1228
109 196
109 1421
109 175
109 691
109 1535
110 323
110 421
110 710
110 138
110 1003
110 631
110 570
111 1538
111 583
111 1224
111 716
111 1172
111 635
112 165
113 885
113 1123
113 741
114 656
114 557
114 1515
115 385
115 622
115 433
115 1553
115 787
115 1523
115 887
115 889
115 1374
116 1540
116 612
116 145
116 1242
116 1471
117 553
117 362
117 1367
117 559
118 187
118 683
119 1392
119 1589
119 1220
119 797
120 1184
120 1385
120 482
120 1336
120 223
121 130
121 451
121 1478
121 1321
121 1386
121 1106
121 885
121 1503
122 672
122 929
122 134
123 1570
123 1507
123 1163
123 1261
123 1457
124 1297
124 450
124 1061
125 1491
125 460
125 772
126 200
126 836
126 174
127 1471
128 1040
128 1195
128 317
128 838
128 429
129 562
129 244
129 1231
130 357
130 552
130 1581
130 1201
130 758
130 1464
131 171
131 1590
131 511
132 1305
132 871
132 1333
132 439
133 544
133 323
133 1385
133 1037
133 828
134 1568
134 804
134 357
134 1515
134 429
134 629
134 858
135 1152
135 829
135 1359
136 928
136 601
136 492
136 1017
136 279
137 1208
137 177
137 410
137 1387
137 1255
138 429
138 1458
138 379
138 955
139 304
139 906
139 1059
139 1232
140 1089
140 489
140 323
141 993
141 550
141 1289
141 914
141 372
141 538
142 1155
142 685
143 1376
143 195
143 493
143 370
143 728
143 665
143 1180
144 521
144 902
145 633
145 316
145 895
146 1126
146 438
146 342
146 1295
147 770
147 646
147 523
147 750
147 1238
147 602
148 213
149 423
149 488
149 1516
149 1422
149 497
149 1268
149 284
150 652
150 621
150 1413
151 1565
151 1331
151 981
151 734
151 359
152 868
152 1221
152 1223
152 1483
152 914
152 789
152 1278
152 1531
152 925
152 638
152 799
153 448
153 1048
153 181
154 1574
154 1586
154 724
154 1112
154 1405
155 549
155 1291
155 559
155 912
155 473
155 638
156 378
156 982
156 910
157 1481
157 266
157 172
157 1166
157 1427
157 1269
157 1083
158 547
158 969
158 1195
158 1389
158 1493
158 821
159 160
159 1408
159 805
160 838
160 1547
160 1356
160 957
160 830
161 561
161 1387
161 1148
161 949
161 254
162 961
162 1091
162 355
162 997
162 488
162 1161
162 1352
163 1425
163 234
163 549
163 606
165 376
165 1284
166 1153
166 507
166 886
167 1185
167 1500
167 1085
167 542
168 513
168 986
168 891
168 1573
169 1376
169 322
169 1491
169 802
169 1223
170 291
170 423
170 1260
170 1370
170 1402
170 531
170 1078
170 346
171 1041
171 1043
171 1147
172 995
172 262
172 1446
172 426
172 921
172 349
172 703
173 792
173 530
173 516
173 1046
174 414
174 1482
174 1458
174 341
174 990
175 1218
175 1235
175 1272
175 889
175 1019
176 936
176 242
176 1574
176 1550
177 666
178 1569
178 1029
178 725
179 1433
179 1334
179 871
180 345
180 484
180 1495
181 425
181 1006
181 560
181 824
182 1064
182 553
182 1368
182 695
183 813
183 1119
183 1087
184 921
184 933
184 1351
185 976
185 801
185 1243
185 884
185 1443
186 323
186 806
187 871
187 1005
187 822
187 1462
187 1470
188 1314
188 1450
188 1356
188 1331
188 1076
189 483
189 551
189 1384
189 942
189 383
190 1155
190 1338
190 1358
190 725
190 537
191 1103
191 1396
191 230
191 375
192 1026
192 1513
192 920
192 791
192 856
193 1158
193 501
193 534
194 512
194 1504
194 967
194 1576
194 1302
194 1465
195 447
195 1127
195 901
196 1314
196 1346
196 1581
196 528
196 624
198 963
198 526
198 711
199 716
200 784
200 1388
200 459
200 1348
201 616
201 1071
201 975
202 945
202 917
202 590
203 1448
203 426
203 1590
203 536
204 1319
204 1291
204 1392
204 306
204 1458
204 468
204 1491
204 285
205 706
205 931
205 1285
205 718
206 545
206 801
206 1576
206 1106
206 825
206 605
207 1240
207 980
207 1134
207 1532
208 762
208 420
208 1334
209 629
209 1527
210 1318
210 1297
210 402
210 1268
210 1300
211 224
211 1170
211 855
211 1048
211 921
211 317
212 1289
212 1469
212 982
212 1533
213 499
214 834
214 455
214 871
214 1362
214 856
214 1021
214 222
215 256
215 361
215 714
215 576
215 1598
216 362
216 316
216 1591
216 671
217 1281
217 794
218 857
218 1516
218 1561
219 672
219 903
219 1520
219 849
219 1586
219 1495
219 923
220 1441
220 648
220 1356
220 529
220 786
220 1432
220 602
221 1518
221 882
221 1323
221 532
221 548
222 971
222 1137
222 439
222 636
223 1569
223 1316
223 808
223 1227
223 1431
224 1192
224 367
225 877
225 438
225 1599
226 704
226 1568
226 642
226 837
226 423
226 1255
226 1326
226 884
226 1173
227 550
227 554
227 686
227 849
227 946
227 888
228 1404
228 953
228 500
228 1041
229 1468
229 414
230 921
230 1217
230 311
232 1080
232 1149
232 637
232 1062
233 394
233 767
234 901
234 1385
234 301
234 378
234 574
234 1151
235 1535
235 1591
235 926
236 752
236 1289
236 674
236 1451
237 1562
237 1085
237 375
238 1484
239 1010
239 268
239 1127
240 275
240 580
240 1356
241 504
241 1384
242 321
242 1122
242 1189
242 454
242 1033
242 278
242 1530
243 272
243 1505
243 1475
243 1180
243 935
244 448
244 1094
244 1063
244 1465
245 1374
245 1340
245 918
246 929
246 1250
246 291
246 1092
246 714
246 1194
246 313
247 1218
247 1003
247 430
247 591
247 1205
247 853
248 865
249 256
249 1011
249 797
250 802
250 549
250 519
250 1096
250 909
250 404
250 1525
250 696
251 968
251 1035
251 1415
252 368
252 1576
252 971
252 502
253 1590
253 1219
253 1419
253 1534
253 375
254 1026
254 617
254 1175
254 1176
254 351
255 1174
255 494
255 1287
256 744
256 1295
256 853
256 1590
256 444
257 1091
257 895
258 1121
258 267
258 931
258 703
259 525
260 1410
260 830
261 616
261 1385
261 939
261 783
261 1233
261 598
261 1182
262 488
262 809
262 307
262 1395
262 893
262 1503
263 528
263 1226
263 890
263 1128
263 679
264 386
264 1099
264 919
265 728
265 941
265 294
266 920
266 1592
266 1542
267 993
267 1287
267 425
267 1196
267 287
268 1248
268 1485
268 1363
268 1079
268 603
269 904
269 523
269 1359
269 985
269 957
269 1566
270 627
270 476
270 1540
271 1435
271 1150
272 1475
272 426
272 842
272 1453
272 1015
272 1050
273 1508
274 325
274 1413
274 313
274 1576
274 844
274 1459
274 468
274 1077
274 1332
274 856
274 283
275 451
275 1554
275 978
275 307
275 477
276 866
276 1288
276 1234
276 1332
276 599
276 1017
276 1466
276 1020
276 830
277 440
277 1523
277 944
278 681
278 1545
278 879
278 1456
278 1464
279 464
279 1205
279 1333
279 1208
279 411
279 1180
279 669
280 1417
280 1370
280 1419
281 325
281 1204
281 631
281 442
281 447
282 1442
282 615
282 392
282 455
282 1131
282 1548
282 1133
282 1455
282 660
283 839
283 394
283 1169
283 1115
283 1567
284 1049
284 894
284 1393
285 706
285 933
285 845
285 430
285 497
285 850
286 1071
287 1497
287 1397
288 1427
288 1422
289 1073
289 384
289 432
289 941
290 346
290 1539
290 701
290 1478
290 687
291 727
291 1453
291 466
291 1430
291 957
292 704
292 1199
292 1473
292 1143
293 1545
293 321
293 963
294 490
294 1419
294 886
295 1423
295 1226
295 930
295 1427
295 1007
296 298
296 803
296 1250
296 658
297 835
297 1479
297 1322
297 312
297 1338
297 1023
298 1244
298 1164
298 1459
298 1191
299 841
299 351
300 1245
300 1179
300 1133
301 1129
301 523
301 1293
301 1333
301 1274
301 637
302 336
302 885
302 653
302 1447
303 491
303 724
303 1335
303 767
304 531
304 635
304 1151
305 994
305 1164
305 942
305 819
305 409
305 1563
305 1405
306 608
306 1353
306 1462
306 1211
306 606
307 512
307 1409
307 648
307 1195
307 1425
307 1147
308 896
308 1344
308 1255
308 1322
308 1262
308 1424
309 1347
309 1193
309 528
309 1204
309 507
309 414
310 1252
310 1023
311 1536
311 551
311 1296
311 566
311 1238
311 1114
312 504
312 864
312 1033
312 1129
313 808
313 1096
313 500
313 446
314 1195
314 1142
315 900
315 1036
315 1009
315 1363
315 1597
315 511
316 362
316 653
316 1142
316 921
317 1283
317 1162
317 633
317 412
318 640
318 977
318 955
318 664
318 1187
319 729
319 1026
319 437
319 1046
320 1124
320 1373
321 1537
321 706
321 580
321 980
321 1269
322 1248
322 879
322 1200
322 1296
322 1304
323 1314
323 871
323 1392
323 1503
324 481
324 1506
324 357
324 1043
324 1370
324 349
324 1022
325 1472
325 1273
326 1061
326 335
326 944
326 1328
326 405
326 1500
326 829
327 806
327 615
328 792
328 1571
328 1163
329 1281
329 516
329 926
330 435
330 388
330 659
330 1461
331 931
331 380
331 981
332 757
333 1379
333 1028
333 1579
333 1101
333 816
333 729
334 936
334 777
334 589
334 785
334 348
335 576
335 849
335 1531
336 1441
336 528
336 697
336 1397
336 860
337 1137
337 468
337 1548
338 1338
338 516
339 1154
339 612
339 520
339 1163
339 1395
339 1141
340 1509
341 1403
341 587
342 865
342 1058
342 580
342 1418
342 1453
343 360
343 391
344 352
344 1573
344 564
344 772
345 1314
345 987
345 654
345 503
345 474
346 1450
346 433
346 1371
346 1593
346 411
347 1086
348 772
348 873
348 881
348 1266
348 1173
349 1413
349 807
349 1129
349 1338
350 1376
350 522
350 381
350 634
350 758
351 1304
351 642
351 1195
351 1272
352 1241
352 859
352 821
352 1110
353 1064
353 802
353 1556
353 1580
354 1472
354 940
354 981
355 739
355 1101
355 485
355 1252
356 1203
356 1110
357 1539
357 1481
357 1450
357 844
357 1037
357 758
357 669
358 1511
358 841
358 399
358 467
358 1082
358 635
359 673
359 743
359 1543
360 901
361 936
361 631
361 894
362 929
362 589
362 1435
363 434
363 1453
363 914
364 1369
364 427
365 1379
365 1578
365 635
365 389
366 1026
366 807
366 535
367 1570
367 1451
367 1245
367 806
368 1197
369 473
370 1090
370 1467
370 484
371 1449
371 1513
371 823
372 864
372 1400
372 1038
372 927
373 714
373 532
373 1300
373 1031
374 1187
374 1163
374 1476
374 413
375 814
375 1136
375 1114
375 988
376 1056
376 833
376 1507
376 1503
376 1021
376 1501
376 767
377 1269
377 733
377 502
377 1321
378 514
378 956
378 953
379 424
379 458
379 1355
379 1590
379 1052
380 1032
380 959
380 1123
380 763
381 981
381 1025
381 485
382 585
382 1309
382 483
382 1436
382 437
383 1484
383 798
384 1339
384 1270
385 1570
385 419
385 900
385 1222
385 1149
386 1082
387 1056
387 1369
387 871
388 1593
388 477
389 1451
389 907
389 620
389 1209
390 1314
390 715
390 1169
390 1394
390 952
390 632
390 1019
390 1116
391 1304
391 1593
391 1356
392 482
392 1348
392 1030
392 1234
392 1335
392 1369
392 1021
393 1209
393 1390
394 1232
394 662
394 1113
394 1371
395 499
396 536
396 810
396 1325
396 508
396 1213
397 1123
397 637
398 993
398 1498
398 1158
398 1015
399 1344
399 1412
399 1062
399 520
399 809
399 747
399 1131
399 781
400 1189
401 609
401 1498
401 563
401 734
401 639
402 1362
402 1305
402 507
402 997
403 1224
403 1170
403 651
403 423
404 1345
404 1219
404 580
404 847
404 624
404 689
405 1345
405 1350
405 615
405 948
405 574
406 1095
406 1137
406 818
406 723
406 1394
406 630
406 537
407 1034
407 1148
407 1435
408 425
408 1524
409 1236
409 1220
409 454
409 545
410 466
410 1474
410 801
411 465
411 1021
411 1406
412 792
412 498
412 832
412 1151
413 1112
413 629
414 1188
414 1418
414 1493
414 567
414 793
414 1019
415 480
415 961
415 708
415 1576
415 1324
415 946
415 478
416 1051
416 476
416 1141
417 1224
417 1310
417 1426
418 781
418 468
418 1111
419 1568
419 1101
419 909
419 950
420 449
420 967
420 472
420 938
420 1528
421 1157
421 618
421 1356
421 1169
421 498
422 472
422 686
423 1159
423 1555
424 577
424 588
424 1430
424 1057
425 583
425 1512
425 986
426 1489
427 1520
427 1353
427 562
427 578
428 1521
428 883
428 677
428 1150
429 480
429 993
429 1542
429 1068
429 471
430 1527
430 999
430 1450
430 1174
430 732
431 646
431 1322
431 1327
431 752
431 1138
431 852
431 1467
432 1452
432 592
432 1425
432 633
433 1095
433 499
433 758
433 727
433 1211
434 1432
434 438
434 895
435 980
435 1382
436 1378
436 1333
436 862
437 1076
437 701
438 1379
438 746
438 1554
438 472
438 1117
438 1439
440 570
440 1590
440 1375
441 1088
441 649
441 1358
441 1395
441 724
441 854
442 577
442 1249
442 809
442 1270
442 1271
442 1176
442 1303
443 960
443 645
443 587
443 690
443 1563
444 1414
444 486
445 803
445 941
445 856
445 956
445 1277
445 831
446 682
446 1500
446 1170
446 839
447 1059
447 522
447 983
447 1181
448 690
448 1146
448 567
449 1379
449 900
449 1582
449 822
449 1494
449 953
449 734
450 485
451 1187
451 910
451 529
452 952
452 1273
452 778
452 612
453 1072
453 1460
453 717
453 1271
454 929
454 1413
454 522
454 1291
454 1471
455 548
455 580
455 1513
455 1107
455 827
456 1391
457 632
457 1229
458 1446
458 1548
458 1070
458 1294
458 563
458 595
458 1244
458 1014
458 1238
458 1180
458 1149
459 608
459 874
459 1100
459 1142
460 1018
460 547
461 913
461 980
461 565
462 763
462 1404
463 1281
463 1479
463 743
463 1482
463 1582
463 815
463 820
463 1588
463 1596
464 743
464 1267
464 1502
465 483
465 1348
465 493
465 466
465 1563
465 761
465 1343
466 935
466 651
466 1052
466 1522
466 826
467 707
467 1021
467 1215
468 1453
468 530
468 1565
469 992
469 1000
469 1290
469 623
469 1402
470 938
470 747
470 588
470 654
470 1564
471 768
471 1128
471 489
471 493
471 1140
472 832
472 1454
472 1138
472 889
473 1074
475 484
475 939
475 683
475 943
475 788
475 1014
476 769
476 1350
476 1362
476 1112
476 1241
477 490
478 1569
478 1547
478 831
479 784
479 529
479 1072
480 1502
480 941
480 1117
481 856
481 1246
481 1151
482 1105
482 981
482 1365
482 1495
483 1347
483 741
483 842
483 594
483 1019
484 1416
484 1197
484 687
484 1459
484 1558
484 1308
485 807
485 521
486 928
486 1249
486 600
486 1593
486 1240
487 567
488 1378
488 1506
488 1294
488 626
489 1448
489 1002
489 1197
490 1315
490 1347
490 844
490 1548
490 1525
490 1494
490 1111
490 1277
490 1149
490 799
491 903
491 1545
491 1496
492 907
493 1069
493 815
493 1423
494 1010
494 578
495 1262
495 1153
495 1134
495 998
495 911
496 1514
497 838
497 1156
497 645
498 1384
498 811
498 1532
498 890
499 1326
499 1299
499 633
499 1210
500 870
500 1096
500 1116
501 1162
501 555
501 856
502 771
502 1260
502 1234
503 1326
503 566
504 1293
504 1454
504 1115
504 797
505 1401
505 507
505 950
506 1481
506 746
506 955
507 622
507 1308
508 593
508 1187
508 1183
509 1332
509 1086
510 1069
511 1355
511 1326
511 799
512 1313
512 1454
512 751
512 1073
512 723
512 892
512 703
513 1544
513 660
513 1053
513 686
514 704
514 1136
514 1341
515 901
515 968
515 1385
515 1288
515 1269
515 1598
516 1002
516 559
516 1105
516 1458
516 1587
516 1215
517 1593
517 530
517 862
518 712
518 802
518 635
518 1371
520 1540
520 1061
520 1050
520 1501
521 817
521 880
521 973
522 834
522 1329
522 1393
522 1489
522 630
522 1111
522 920
523 1568
523 808
523 1420
524 807
524 788
524 1019
524 670
525 1008
525 1502
525 1359
525 567
526 1097
526 834
526 1058
526 1556
527 622
527 1006
527 596
527 1206
527 1175
527 1180
528 1414
528 1175
528 953
529 722
530 1157
530 809
530 658
530 1426
531 1561
531 1597
531 862
532 1263
532 1175
533 1091
533 1125
533 1147
534 659
534 1500
534 702
535 760
536 1595
536 948
536 1237
537 937
537 1260
537 1237
538 1180
539 1233
539 773
539 1370
539 605
539 870
540 1577
540 677
541 1041
541 670
542 978
542 707
542 1085
543 832
543 1344
543 1283
543 837
543 1325
543 1327
543 987
544 765
544 953
544 837
544 1047
545 694
545 1371
545 733
546 1524
547 1412
547 951
548 1353
549 770
549 695
550 762
551 1410
551 772
551 1445
551 904
551 1481
551 1201
551 1395
551 758
551 703
552 832
552 1011
552 1405
554 584
554 832
555 1106
556 776
556 1528
556 1227
557 1009
557 719
558 564
559 1379
559 1356
559 1105
559 607
560 589
561 1177
561 1428
562 586
562 622
562 803
563 1220
563 741
563 870
563 1046
563 1399
563 1176
564 1212
564 656
565 1256
565 1065
565 1577
565 1363
565 821
565 1215
567 1234
567 600
567 1466
568 1324
568 1486
568 1178
569 1254
569 1456
569 1590
569 1210
569 1307
569 636
570 608
570 1159
570 750
571 661
572 1031
573 882
573 1374
574 1421
574 910
574 1012
574 854
574 1014
575 1248
575 1486
575 591
575 631
575 1304
575 861
575 862
575 1119
576 1186
576 1353
576 1459
576 1273
577 682
577 1427
577 1336
577 732
577 1215
578 1159
578 650
578 1293
578 948
578 1589
578 951
579 1442
579 794
579 1340
579 999
580 612
580 1425
580 1567
581 896
581 1282
581 1352
581 933
582 1146
583 967
583 1428
583 987
583 1340
584 611
584 899
584 678
585 1280
585 1384
585 1598
585 1173
585 791
586 710
586 1227
586 1009
586 1490
586 1044
586 1112
587 1288
587 1300
587 1239
588 633
588 937
588 846
589 611
589 744
589 617
589 1516
589 910
590 1091
590 1157
590 1543
590 1193
590 911
590 1436
590 1276
591 1369
592 715
592 899
592 1020
593 838
593 678
593 1414
593 891
593 830
594 1147
594 643
595 803
595 996
596 832
596 1118
597 1072
598 651
599 643
599 1199
599 1072
599 794
600 1028
600 678
600 719
600 986
600 1502
601 943
601 1107
601 1333
601 1437
602 1412
602 843
602 798
604 817
604 1516
604 669
605 1284
605 1129
605 751
605 851
605 765
606 1210
606 1483
606 666
607 980
607 879
608 1452
608 781
608 1432
609 1050
609 1236
609 654
609 807
610 1088
610 1158
610 1479
610 1393
610 733
611 927
611 1371
611 1247
612 1216
612 1026
613 1203
614 1167
615 1040
615 907
616 1380
616 743
616 735
617 1288
617 1250
617 1570
618 1177
618 1202
618 685
619 1394
620 641
620 1285
620 1384
620 649
620 1073
620 1013
621 1065
622 687
622 1080
623 1509
624 1286
625 1488
625 1166
626 1121
626 1167
626 888
626 665
627 902
627 1512
627 1418
627 1072
627 657
627 913
628 820
629 700
630 1096
630 1126
630 789
631 1113
631 1035
631 848
631 829
632 1507
632 1262
632 892
633 660
633 1367
634 1526
635 1012
635 990
636 1482
636 974
636 1335
637 772
637 1322
637 946
638 1409
638 1370
638 1020
639 961
639 847
639 1404
639 1533
640 1313
640 874
640 684
640 1204
640 1340
641 947
641 966
642 1145
642 839
643 1493
643 1596
643 1013
644 649
644 1227
644 825
645 652
645 783
645 1456
645 730
646 1162
646 701
646 1118
647 1126
648 714
648 1070
648 1148
649 849
649 839
650 721
651 1073
651 855
652 1536
652 1421
652 1523
652 1597
652 1566
653 824
653 777
653 1120
654 1021
655 746
655 1107
656 1173
656 1382
657 1429
658 1403
658 1215
659 1060
660 801
660 1420
660 1456
660 1179
660 1023
661 899
661 1447
661 1192
661 813
661 1236
661 1146
661 1500
662 1336
662 866
662 1031
663 1037
663 1093
663 677
663 1175
664 1082
664 971
665 833
665 1006
665 1299
665 1238
665 1340
666 1254
666 1133
666 1081
667 768
667 809
667 1037
667 1457
667 892
668 838
669 704
669 1538
669 1158
669 1137
669 826
670 932
670 1550
670 1588
670 1239
671 1411
671 1511
671 1259
671 1323
671 1230
671 1327
671 816
671 916
671 1302
672 803
672 1132
672 1007
672 853
673 1272
673 1057
673 1271
673 1438
674 1337
675 992
675 1514
676 1032
676 1171
677 859
678 914
679 1114
679 957
680 1409
680 1245
680 806
681 784
681 817
681 1154
682 1010
682 868
683 1258
683 721
683 732
683 1375
685 705
685 1180
685 1021
686 1377
686 700
687 740
687 1034
687 782
687 1199
687 950
687 1367
687 1564
688 1287
688 1260
688 1587
688 1081
688 1373
688 1247
689 929
689 1253
689 937
689 1292
689 1198
689 1266
690 1140
690 1109
690 1491
691 1043
691 1194
691 843
691 1047
692 1270
692 810
692 1484
692 1254
692 727
693 1570
693 740
694 1237
694 910
694 1302
695 1221
695 1574
696 1408
696 1193
697 900
697 1100
697 1084
697 720
698 1571
698 1271
698 1260
698 1127
699 905
699 1003
699 1292
699 1054
700 861
701 1513
701 1431
701 857
702 1385
702 907
702 1357
703 963
703 1016
704 896
704 774
704 848
704 1427
704 1083
704 1599
705 1254
705 779
705 880
705 787
706 993
706 1306
707 746
708 1237
709 1568
710 960
710 1485
710 1549
710 1596
710 1407
711 1472
712 1194
712 1589
712 1549
712 877
713 752
713 1313
713 1316
713 1430
713 1503
714 1321
714 1264
714 953
715 881
715 1049
716 750
716 1457
716 1017
716 989
717 1220
717 1415
717 1387
717 749
717 853
717 1212
718 964
718 1361
718 1138
718 1401
720 739
720 1092
720 1257
720 1232
720 977
720 1175
721 800
721 1145
721 1360
722 950
722 1191
723 826
723 1404
724 963
724 993
725 852
725 981
725 1141
726 1114
726 1163
726 941
727 864
727 1459
727 918
727 1369
727 764
729 1349
729 1326
729 1328
729 1360
729 1084
730 741
730 1385
730 1215
731 1568
731 1281
731 1108
732 1261
732 915
732 1150
733 1154
733 1156
733 941
733 1431
733 766
733 1311
735 850
735 1467
735 813
737 1563
737 1574
737 1547
737 1134
738 1046
739 944
740 1010
740 1527
740 1180
742 1157
742 1118
742 1519
743 1576
744 1572
744 998
745 996
745 1217
745 919
746 962
746 1225
746 1397
747 1045
748 1153
749 969
749 876
749 1558
749 1177
749 1053
751 1219
751 773
751 1564
751 1437
752 916
753 1035
753 1268
754 1171
754 1444
754 855
755 1370
756 1470
757 1459
757 1206
758 932
758 1511
759 1384
759 860
759 1013
760 1407
762 906
762 1490
762 1493
762 1178
763 1029
763 1015
765 1253
765 1260
765 1399
765 922
766 1493
767 1256
767 947
767 1427
768 821
769 1472
769 1066
769 823
770 1208
771 1524
772 1349
772 1331
773 977
774 1256
774 854
775 1367
775 955
775 878
775 1199
776 1582
776 1117
777 1200
777 995
777 1055
778 809
778 1314
778 1077
779 977
779 926
779 783
780 875
781 1536
781 1156
781 1170
782 1519
782 946
782 823
783 800
783 1102
783 1236
783 1529
784 1438
784 943
784 1043
784 1086
785 1403
785 1473
787 840
787 879
787 1456
787 1497
789 1033
790 1443
790 1157
790 1224
790 1577
790 1454
790 1072
790 1364
791 1324
792 1126
792 1385
792 1309
792 831
793 1441
793 1481
793 1085
794 960
794 993
794 1382
794 1320
794 1545
794 1399
795 1299
796 1200
796 1329
796 1159
797 1012
798 935
799 1376
799 1550
800 1361
800 1083
800 1229
802 1498
802 890
803 974
803 1552
803 1467
805 1208
805 1258
805 1408
805 1029
806 1090
806 1210
806 1108
806 952
807 1030
807 1000
807 1544
807 1434
807 1214
808 964
808 839
808 974
809 1383
810 1080
810 1236
812 1483
812 1551
813 1265
813 1162
814 1145
814 820
815 1576
815 1292
815 1190
816 1348
816 1210
816 1055
816 1469
817 961
817 916
817 1013
817 1333
818 837
818 1261
818 1230
818 1429
818 1370
819 1547
820 892
821 1412
821 1351
822 1445
823 1129
823 1297
824 1396
824 1130
824 853
825 1308
825 1292
826 1137
826 1017
827 944
827 1109
828 1473
828 868
828 1262
828 1169
828 1497
829 1539
829 918
829 1595
830 1266
831 864
831 948
831 1367
831 1309
832 1367
833 954
833 1272
833 861
834 1530
835 1344
837 1586
838 974
838 1459
840 1179
840 846
841 1110
841 1021
842 1394
842 965
842 1440
843 1431
844 1546
845 1450
845 1436
845 1366
845 1263
846 1141
846 1591
847 1476
847 1585
847 881
849 1581
849 863
850 1026
850 1266
851 1412
851 1484
851 1426
851 1307
851 1085
852 1021
852 1579
853 1316
853 934
854 1184
854 1278
855 1248
855 1572
856 1484
856 1596
857 1333
857 1293
857 1074
858 1520
860 1545
860 1262
861 1168
862 1162
862 1054
863 920
863 1152
864 1186
864 1416
864 1428
865 1029
865 913
865 1015
866 1518
866 1287
867 1322
867 1031
867 959
868 1288
868 1554
869 1122
869 1383
869 943
869 880
869 1396
869 1212
870 1225
870 1329
870 920
870 891
870 1212
871 1029
871 1068
871 1566
872 1452
873 1097
873 1146
873 1131
873 1570
874 1353
874 1255
875 1296
876 1218
877 1074
878 994
878 1010
878 1197
879 1095
879 946
879 1595
880 1194
881 1472
881 1507
881 1431
882 980
883 1404
884 1509
884 1418
886 1467
886 1236
886 1431
887 1274
887 1235
887 1073
889 1161
889 1197
889 1177
890 1121
890 1452
891 1532
892 1546
892 1071
892 1237
893 1558
893 1313
894 1568
895 1475
895 1029
895 1296
895 946
895 977
897 1345
898 1381
898 1179
898 1189
898 1366
899 1098
900 963
900 1284
901 971
901 1238
901 1529
902 1480
902 1225
902 1055
903 1385
904 979
905 1572
905 1161
905 1545
905 1547
905 1357
905 975
906 1322
907 1169
907 1461
907 984
907 1436
908 1459
908 1541
908 1310
909 1445
909 1573
909 1449
909 1322
909 1338
909 955
910 1355
911 1002
911 1443
912 1459
912 1078
913 1250
914 1155
914 1192
914 1545
914 1487
915 1530
915 1493
915 1111
916 1107
917 1537
917 1077
918 1320
918 1327
918 990
920 1546
921 1319
921 1246
922 923
922 1437
922 957
924 977
924 1554
924 1013
924 1446
925 1030
926 929
926 1219
926 1159
926 1229
927 1528
927 1585
927 1205
927 1432
928 1223
928 1546
928 955
928 1500
928 1215
929 1016
929 1241
930 1160
930 1055
931 1333
932 973
933 1184
934 1107
934 1219
934 1471
936 1444
936 950
937 1401
937 1233
937 1137
938 1048
938 1567
939 1032
939 1377
939 1230
940 1410
941 1421
941 1549
941 985
941 1307
942 1379
944 1135
944 1264
946 1155
949 1384
950 1036
951 1203
952 1491
953 1562
954 1242
954 992
956 1184
956 998
958 1026
958 980
958 966
959 1181
959 1427
960 1185
960 1410
960 1252
960 1516
960 1038
961 1365
961 1115
962 1352
963 1293
963 1518
965 1439
966 1152
966 1288
966 1014
966 1399
967 1457
969 1219
970 1488
970 1383
971 1537
971 1418
971 1358
973 1404
973 1247
974 988
975 1097
975 994
976 1572
977 1322
978 1440
979 1536
979 1242
980 1377
981 1316
981 1136
981 1048
981 1239
982 1568
982 1477
983 1215
983 1034
983 1058
984 1060
984 1196
984 1004
984 1558
984 1274
985 1286
985 1192
985 1202
985 1300
985 1241
986 1443
986 998
987 1234
988 1291
989 1009
989 1034
989 1406
990 1008
991 1378
991 1042
991 1350
993 1572
993 1259
994 1354
994 1104
994 1466
995 1055
995 1023
997 1361
997 1580
998 1466
998 1110
999 1393
1000 1519
1001 1304
1001 1010
1001 1524
1001 1415
1002 1543
1002 1433
1002 1498
1003 1280
1003 1449
1003 1549
1003 1551
1003 1022
1003 1150
1003 1119
1004 1393
1004 1498
1004 1544
1005 1567
1006 1299
1006 1398
1006 1213
1006 1118
1008 1323
1008 1415
1009 1121
1009 1570
1010 1442
1010 1357
1011 1259
1011 1175
1012 1340
1012 1101
1013 1057
1013 1189
1014 1555
1014 1588
1016 1411
1016 1150
1017 1356
1018 1338
1018 1475
1018 1141
1019 1173
1020 1477
1020 1598
1020 1270
1020 1178
1024 1313
1024 1499
1027 1304
1030 1512
1030 1528
1031 1260
1032 1123
1033 1104
1034 1496
1036 1222
1036 1566
1037 1291
1039 1113
1039 1244
1039 1175
1040 1049
1040 1058
1041 1359
1041 1427
1041 1534
1042 1478
1043 1094
1044 1368
1045 1345
1045 1499
1046 1488
1046 1177
1047 1592
1047 1092
1047 1598
1048 1058
1049 1275
1050 1426
1051 1528
1052 1106
1052 1070
1053 1266
1053 1398
1053 1311
1054 1115
1054 1468
1054 1143
1055 1480
1057 1058
1057 1313
1057 1406
1058 1266
1059 1191
1059 1382
1060 1120
1060 1251
1060 1325
1060 1598
1061 1485
1061 1332
1061 1469
1062 1233
1062 1173
1062 1166
1063 1352
1063 1341
1063 1271
1064 1308
1066 1542
1066 1095
1067 1329
1067 1138
1067 1319
1068 1200
1068 1481
1068 1415
1069 1522
1071 1194
1071 1240
1071 1563
1071 1407
1072 1560
1073 1508
1073 1078
1074 1426
1074 1192
1075 1496
1075 1449
1076 1549
1076 1329
1077 1187
1078 1580
1078 1459
1078 1533
1079 1106
1080 1336
1080 1178
1081 1597
1082 1395
1082 1429
1084 1443
1086 1387
1086 1303
1087 1470
1088 1140
1089 1320
1090 1154
1090 1165
1090 1295
1090 1341
1091 1530
1091 1171
1091 1238
1091 1401
1091 1498
1091 1149
1091 1502
1092 1109
1093 1530
1094 1450
1096 1221
1096 1515
1097 1413
1097 1551
1097 1150
1098 1266
1098 1330
1098 1270
1100 1489
1100 1294
1101 1131
1102 1226
1102 1578
1102 1533
1103 1394
1104 1339
1104 1117
1104 1575
1105 1510
1105 1173
1105 1565
1106 1121
1107 1393
1107 1533
1108 1482
1109 1355
1109 1197
1110 1121
1110 1251
1110 1444
1110 1403
1111 1421
1111 1168
1111 1331
1111 1335
1113 1244
1114 1401
1114 1277
1115 1318
1115 1338
1116 1202
1116 1573
1116 1570
1117 1323
1117 1463
1118 1257
1118 1566
1119 1124
1119 1127
1119 1327
1119 1203
1119 1208
1119 1273
1121 1239
1122 1423
1123 1256
1123 1591
1123 1561
1123 1402
1123 1244
1124 1306
1124 1141
1125 1202
1125 1495
1125 1595
1126 1327
1126 1497
1127 1348
1127 1300
1128 1208
1128 1311
1129 1250
1130 1352
1130 1131
1130 1509
1131 1306
1131 1293
1131 1231
1132 1226
1132 1315
1132 1420
1132 1517
1133 1488
1133 1494
1134 1378
1134 1352
1134 1547
1138 1545
1139 1280
1139 1255
1141 1370
1142 1520
1143 1352
1143 1389
1144 1473
1144 1562
1144 1387
1144 1429
1145 1255
1145 1494
1145 1561
1146 1547
1146 1358
1148 1246
1149 1223
1150 1184
1150 1573
1151 1236
1152 1473
1153 1256
1154 1284
1156 1512
1156 1575
1159 1186
1160 1275
1160 1599
1160 1279
1161 1506
1162 1415
1162 1353
1164 1424
1164 1190
1165 1498
1166 1416
1166 1562
1167 1344
1167 1277
1169 1532
1169 1436
1171 1353
1171 1453
1172 1406
1173 1275
1175 1205
1175 1498
1175 1178
1177 1553
1177 1341
1178 1429
1179 1232
1180 1407
1181 1246
1182 1312
1182 1458
1183 1222
1184 1221
1184 1578
1184 1393
1185 1506
1185 1557
1186 1560
1186 1571
1189 1205
1189 1592
1190 1224
1190 1449
1191 1203
1191 1255
1192 1243
1194 1465
1195 1542
1195 1407
1195 1369
1196 1510
1196 1483
1199 1314
1199 1495
1199 1367
1201 1318
1202 1318
1202 1446
1202 1359
1202 1423
1203 1485
1204 1209
1208 1291
1208 1294
1210 1497
1215 1476
1215 1543
1215 1494
1216 1232
1216 1511
1218 1284
1219 1273
1220 1258
1220 1519
1220 1336
1221 1245
1222 1297
1224 1572
1224 1470
1225 1572
1226 1346
1226 1578
1227 1280
1227 1447
1227 1487
1229 1408
1230 1435
1231 1253
1232 1368
1232 1373
1233 1275
1236 1512
1236 1260
1236 1393
1236 1302
1237 1473
1237 1349
1238 1498
1239 1413
1239 1423
1239 1273
1241 1485
1241 1430
1243 1258
1243 1521
1243 1533
1243 1246
1244 1536
1245 1564
1247 1377
1247 1443
1248 1310
1249 1551
1250 1332
1251 1406
1252 1582
1252 1393
1253 1362
1254 1273
1256 1452
1258 1261
1261 1475
1262 1474
1263 1549
1263 1510
1263 1327
1264 1285
1264 1358
1265 1548
1267 1379
1270 1510
1270 1531
1271 1431
1272 1433
1272 1279
1273 1579
1273 1427
1273 1332
1275 1476
1276 1305
1276 1578
1276 1566
1278 1531
1278 1400
1279 1290
1279 1458
1280 1570
1280 1509
1280 1320
1280 1456
1281 1328
1282 1350
1282 1383
1282 1364
1282 1434
1282 1307
1285 1536
1286 1450
1286 1381
1289 1482
1291 1392
1292 1457
1296 1348
1296 1508
1297 1344
1297 1576
1297 1407
1298 1415
1299 1553
1299 1405
1301 1361
1301 1506
1304 1553
1305 1378
1306 1482
1306 1566
1307 1536
1307 1398
1313 1370
1314 1598
1315 1365
1318 1478
1318 1435
1320 1348
1320 1580
1320 1398
1320 1563
1321 1447
1321 1449
1322 1563
1325 1438
1328 1586
1329 1349
1329 1586
1329 1565
1330 1535
1333 1450
1333 1565
1336 1594
1337 1436
1338 1506
1338 1488
1339 1459
1339 1391
1341 1391
1341 1585
1341 1524
1342 1411
1342 1462
1342 1453
1342 1398
1343 1536
1343 1591
1344 1440
1345 1455
1347 1417
1348 1460
1348 1556
1350 1582
1350 1530
1352 1550
1353 1404
1354 1400
1355 1565
1356 1396
1357 1591
1357 1439
1358 1532
1359 1572
1359 1518
1359 1397
1362 1480
1363 1573
1363 1390
1364 1371
1364 1596
1365 1589
1366 1410
1367 1543
1368 1498
1368 1380
1369 1376
1369 1387
1370 1406
1371 1383
1374 1443
1376 1563
1377 1505
1377 1400
1378 1542
1378 1428
1379 1416
1380 1538
1380 1382
1381 1598
1382 1593
1383 1387
1385 1578
1387 1465
1392 1398
1392 1562
1393 1483
1393 1397
1395 1555
1396 1397
1399 1474
1400 1412
1402 1513
1402 1461
1403 1526
1412 1582
1412 1535
1414 1457
1415 1578
1417 1545
1417 1549
1418 1505
1420 1574
1422 1541
1422 1462
1423 1489
1424 1521
1425 1579
1428 1465
1434 1584
1434 1586
1434 1446
1435 1554
1441 1483
1445 1497
1447 1495
1450 1485
1453 1525
1457 1556
1458 1465
1459 1530
1462 1574
1462 1550
1464 1474
1478 1560
1482 1570
1487 1565
1488 1554
1491 1519
1497 1543
1500 1591
1504 1596
1510 1553
1522 1528
1526 1563
1527 1572
1534 1581
1536 1537
1541 1551
1548 1555
1551 1597
1573 1595
1581 1585
