1600 4000
0 1353
0 362
0 1253
0 950
1 833
1 196
1 807
1 94
1 367
2 1184
2 163
2 1578
2 299
2 1548
2 821
2 757
2 1181
3 401
3 1573
4 744
4 1172
4 796
4 1478
5 625
6 165
6 715
6 620
6 817
6 1460
6 822
7 250
7 428
7 1188
7 958
8 552
8 825
8 18
8 1522
9 1568
9 1323
9 1292
9 1335
10 464
10 281
10 1580
10 863
11 1404
11 810
11 236
11 540
11 575
12 969
12 1203
12 1134
13 889
13 970
13 79
14 1379
14 876
14 975
14 790
14 122
14 1403
14 1406
15 518
15 1352
15 1386
15 781
15 1551
15 374
15 920
15 863
16 1595
16 1259
17 1187
17 1480
17 553
17 745
17 1141
17 633
17 1051
18 465
18 562
18 1031
18 607
19 684
19 519
20 1381
20 870
20 550
20 647
20 1237
20 1333
20 409
20 1308
20 702
21 256
21 291
21 1453
21 147
21 435
21 855
22 1512
22 751
22 1232
22 1234
22 180
22 920
23 76
23 244
23 1542
23 1197
24 416
24 866
24 971
24 338
24 339
24 1397
24 1018
24 62
25 554
25 1147
25 1092
25 1286
25 1535
26 918
26 934
26 334
26 1275
27 1520
27 332
27 1061
27 30
28 120
28 1393
28 941
29 1464
29 545
29 1348
30 152
30 1041
30 1244
30 904
31 349
31 1511
31 204
31 228
31 967
32 227
32 1092
32 995
32 1547
32 1492
32 373
32 1211
32 798
33 1416
33 847
34 552
34 366
34 583
35 679
35 681
35 363
35 685
35 1582
35 656
35 1086
35 478
36 679
36 299
36 333
36 1555
36 564
36 1462
37 229
37 101
37 231
37 1352
37 174
37 410
37 796
37 1375
38 1391
38 711
39 545
39 266
39 1325
39 1071
39 341
39 703
40 1571
40 424
40 520
40 1001
40 1401
40 1514
40 115
40 1332
40 1337
41 714
41 1516
41 401
41 502
41 759
41 767
42 1099
42 535
42 150
42 111
43 261
44 307
44 988
44 1365
45 1152
45 555
45 1484
45 1397
45 917
45 1561
46 456
46 385
46 1050
46 726
47 814
47 1254
47 1368
47 1565
47 270
48 1024
48 1029
48 1131
48 175
48 373
48 1079
48 152
49 1251
49 876
49 509
49 1238
49 1566
50 754
50 89
50 1275
50 796
50 637
50 413
51 1186
51 602
51 468
51 1519
52 928
52 677
52 461
52 114
52 1461
52 1493
52 1466
52 445
53 1555
53 1125
53 685
53 606
53 957
54 289
54 1186
54 358
54 166
54 402
54 947
54 1524
54 445
55 624
55 1448
55 1549
55 1416
55 398
56 1091
56 971
56 1251
56 1103
56 799
57 793
57 1202
57 1306
57 1217
57 1410
58 260
58 1485
58 1550
58 431
59 888
59 1547
59 1389
59 693
59 823
60 176
60 552
60 467
60 430
61 1344
62 293
62 1355
62 366
62 340
62 185
62 703
63 641
63 705
63 1399
63 927
64 1091
64 1382
64 682
64 188
64 1044
64 1428
64 1558
64 1433
64 956
65 1432
65 412
65 645
65 222
66 251
66 411
66 526
67 901
67 937
67 458
67 523
67 1298
67 247
67 376
67 1367
68 1485
68 333
68 141
68 1102
69 1153
69 646
69 166
69 1291
69 791
69 1047
69 886
69 1046
69 1081
69 442
70 209
70 114
70 1117
71 73
71 98
71 1124
71 191
71 138
72 816
72 579
72 838
72 1319
73 805
73 1445
73 1576
73 427
73 173
73 431
73 1136
73 1555
73 694
74 1463
74 1590
74 575
75 448
75 1490
75 828
75 1471
76 482
76 871
76 1226
76 237
76 814
76 206
76 566
76 1343
77 993
77 997
77 1416
77 1586
77 1275
77 223
78 774
78 236
78 1296
78 1266
78 1204
78 407
78 572
80 290
80 1413
80 199
80 1387
80 723
80 792
81 384
81 1378
81 1096
81 1195
81 1229
81 606
82 1175
83 1495
83 1567
83 575
84 993
84 997
84 1477
84 487
84 1320
84 1479
84 630
84 664
85 1250
85 1232
85 1330
85 629
85 1274
85 507
85 1180
86 641
86 810
86 268
86 365
86 1391
86 921
86 1434
87 954
87 988
87 182
87 431
88 1319
88 1547
88 1422
88 783
88 624
88 403
89 1448
89 425
89 515
89 564
90 1368
90 742
90 311
90 694
90 143
91 304
91 1065
91 1434
91 275
91 952
92 1570
92 230
92 811
92 178
92 1525
92 567
92 1407
93 1548
93 1006
93 189
93 217
93 1275
93 1245
94 544
94 1498
94 678
95 1482
95 1157
95 1279
96 520
96 746
97 1426
97 252
98 1458
98 875
98 781
99 864
100 602
100 1123
100 1348
100 610
100 871
101 903
101 845
101 1424
101 277
101 254
102 568
102 1004
102 1158
103 1344
103 569
103 419
103 716
103 807
104 403
105 592
105 1284
105 582
106 1442
106 835
106 323
106 200
106 1358
106 399
106 848
106 823
107 851
107 1446
108 930
108 690
108 724
108 318
109 545
109 1314
109 485
109 1036
109 334
109 149
110 648
110 1203
111 188
111 901
111 734
111 1351
112 463
112 1172
112 343
112 472
112 634
112 1147
113 614
113 486
113 681
113 362
113 1035
113 755
113 1270
113 1400
113 604
114 364
115 587
115 1100
115 1253
115 790
116 388
116 745
116 798
116 1244
116 473
116 1116
116 1086
117 1537
117 436
117 1332
117 1103
118 903
118 719
119 1145
120 896
120 1385
120 626
120 135
121 1537
121 1281
121 1060
121 1351
121 1588
121 695
121 1594
122 1338
122 195
122 1260
124 580
124 1191
124 615
124 1071
124 1519
124 602
124 1373
125 577
125 156
125 894
125 1159
126 139
126 589
126 408
126 188
126 382
126 223
127 594
128 248
128 978
128 290
128 1043
128 1404
129 496
129 522
129 981
129 894
129 567
130 1051
130 617
130 315
130 1101
130 934
131 753
131 714
131 948
131 527
132 296
132 465
132 1130
132 1252
132 1445
133 535
133 630
133 423
134 1251
134 1124
134 967
134 231
134 1132
134 660
135 1544
135 390
135 351
135 343
136 249
136 890
136 715
136 1531
136 1081
137 1056
138 352
138 647
138 874
138 268
138 915
138 756
138 1048
139 201
139 251
139 629
139 795
139 1119
140 640
140 1517
140 1236
140 1172
140 793
140 537
140 1082
141 240
141 1145
141 1151
141 919
142 999
142 871
142 715
142 844
142 1357
142 531
142 1078
142 1210
142 1565
143 1256
143 1194
143 1049
143 476
143 799
144 336
144 1512
144 1549
144 1079
145 1124
145 181
145 679
146 1161
146 1319
146 1029
146 1167
147 552
147 1381
147 640
147 1202
148 1256
148 618
149 1574
149 232
149 632
149 1022
149 735
150 1443
150 1418
150 879
150 305
150 664
151 193
151 987
151 1300
151 502
151 263
152 659
152 1373
153 544
153 965
153 1423
154 642
154 1413
154 679
154 1223
154 458
154 1482
154 172
154 1561
155 1094
155 1274
155 195
155 1371
155 278
156 989
156 162
156 996
157 477
157 1345
157 705
157 1092
157 1557
157 1497
157 1053
158 994
158 237
158 367
159 1316
159 1150
160 864
160 258
160 877
160 1423
160 530
160 1427
160 1461
161 1580
161 754
161 1260
161 1525
161 1526
162 905
162 617
162 1134
162 656
162 1331
162 1236
162 281
163 1000
163 182
163 1343
164 705
164 1435
164 940
164 1157
164 1340
165 316
165 791
165 727
166 464
166 626
166 341
167 420
167 1388
167 1107
167 1273
167 1596
167 735
168 986
168 1250
168 1572
168 589
168 272
168 1242
168 1085
169 1096
169 1328
170 1232
170 1140
170 1572
171 989
171 621
171 942
172 1000
172 756
172 1322
173 1344
173 909
173 1599
174 675
174 931
174 651
174 333
174 494
174 692
175 1344
175 388
175 1095
175 520
175 720
175 883
175 373
175 926
175 1247
177 514
177 451
177 394
177 946
177 533
177 1561
177 282
177 188
178 781
178 207
178 979
178 312
178 1566
179 578
179 371
179 1378
179 463
180 576
180 1284
180 623
180 1170
180 1427
180 604
181 882
181 1347
181 549
181 1410
182 929
182 449
182 228
182 707
182 1154
182 1412
182 1096
182 1433
182 1532
183 1585
183 228
183 1508
184 1153
184 995
184 1100
184 1101
184 1326
184 1080
184 890
184 764
185 272
185 554
185 842
185 1006
186 288
186 1347
186 220
186 228
186 583
187 761
187 195
187 1092
188 1164
188 215
188 1182
189 1312
189 1552
189 826
189 1379
190 1227
190 1195
190 446
190 294
190 1532
191 664
191 498
191 856
191 1046
192 928
192 1257
192 356
192 1158
192 1552
193 727
193 503
193 877
194 1304
194 1593
194 354
194 373
195 978
195 726
195 1277
195 1052
195 445
195 703
196 1571
196 392
196 1226
196 1259
196 951
196 1337
197 385
197 1107
197 211
197 1365
197 798
198 362
198 540
198 1084
199 322
199 1509
199 585
199 906
199 1423
199 689
199 594
199 1397
199 857
200 1005
200 1038
200 847
200 208
200 243
200 1396
200 792
200 1597
201 1342
201 1439
201 318
201 491
202 1245
202 322
202 1384
202 605
202 957
203 1463
203 746
203 1027
203 1118
203 647
204 1019
204 621
205 1216
205 489
205 1029
205 1525
206 1392
207 993
207 519
207 744
207 1192
207 1035
207 1239
207 1337
208 748
209 624
209 420
209 500
209 1599
210 1056
210 707
210 1413
210 1287
210 1385
210 887
210 951
210 1531
211 1448
211 1154
211 1540
212 316
212 1276
213 1520
213 657
213 266
214 867
214 1093
214 647
214 1518
214 654
214 443
215 751
215 1040
215 793
215 1112
215 665
215 955
216 480
216 1272
216 580
216 518
217 992
217 1410
217 1317
217 1542
217 1034
218 1358
218 722
218 755
218 1586
218 646
219 486
219 971
219 400
219 275
219 538
219 795
220 908
220 1265
220 540
220 925
220 1087
221 1344
221 1478
221 614
221 766
222 403
222 381
223 600
223 914
223 579
224 513
224 1437
224 782
225 882
225 1341
225 566
226 433
226 1034
226 502
226 1495
227 995
227 932
227 555
227 845
227 237
227 375
227 1113
228 1379
228 581
228 741
228 240
228 1393
229 373
230 1157
230 942
230 383
231 1390
232 1104
232 1009
232 1108
232 1496
232 1275
233 712
233 1280
233 637
233 517
233 1574
234 273
234 705
234 1337
234 305
235 529
235 1234
236 1130
236 271
236 1526
236 253
236 415
237 896
237 1440
237 994
237 618
237 1307
238 1066
238 499
238 1047
239 776
239 1030
239 719
240 1265
241 1014
241 750
241 798
242 817
242 507
242 1598
244 1441
244 1460
244 1085
244 926
245 337
245 890
245 931
245 617
245 1543
246 1544
246 719
247 524
247 493
247 366
247 812
248 1210
248 1320
248 593
248 1041
248 474
248 252
249 1342
249 1387
249 268
249 670
250 1432
250 1089
250 475
251 1184
251 968
251 1481
251 811
251 816
251 1240
251 505
251 635
251 861
252 270
252 1008
252 881
252 885
252 1213
253 1120
253 486
253 488
253 1580
253 945
253 758
253 1591
253 413
253 1567
254 1165
254 1516
254 413
255 618
255 702
255 895
256 1555
256 443
256 572
256 1435
257 274
257 579
257 326
259 1474
259 1314
259 1128
259 810
259 950
259 380
260 574
260 1213
260 502
260 1199
261 754
261 762
261 562
261 588
262 891
262 1379
262 1547
262 747
263 433
263 967
263 867
263 1009
264 1137
264 1338
264 925
264 1358
265 832
265 1412
265 738
265 516
266 301
266 599
267 1404
267 498
267 1124
267 1517
267 430
268 549
268 779
268 1515
268 1076
268 1055
269 328
269 592
269 400
269 308
269 853
269 1270
269 507
270 402
270 1188
271 611
271 875
271 1230
271 432
271 692
271 1181
272 800
272 1380
272 1190
272 764
274 1089
274 1346
274 1515
274 1039
274 944
274 636
275 1582
275 930
275 1109
276 1093
276 645
276 586
276 1295
276 1181
276 1533
277 930
277 584
277 394
277 1519
277 751
279 1522
279 628
279 748
279 1006
280 1153
280 522
280 839
281 706
281 421
281 1357
281 1493
281 694
282 1278
282 642
282 454
282 1537
283 418
283 934
283 1003
283 1486
283 1230
283 1299
284 1185
284 706
284 1346
284 621
284 914
284 1211
284 1596
284 797
285 1573
285 555
285 701
286 1049
286 386
286 885
286 582
286 866
287 718
287 495
288 761
288 579
288 1357
288 1287
289 705
289 1306
289 1459
289 378
289 767
290 833
290 762
290 572
291 1250
291 614
291 1071
291 1329
291 412
291 764
292 673
292 678
292 299
292 1037
292 944
292 403
292 312
293 585
293 1029
293 982
293 1423
294 896
294 1588
294 597
294 1407
295 537
295 1503
295 583
296 824
297 848
297 714
297 1231
298 528
298 1049
298 426
298 1031
299 1422
299 1134
299 893
300 1192
300 858
300 715
300 1492
300 1346
301 1226
301 1066
301 1054
302 898
302 420
302 875
302 811
302 939
302 1069
302 1167
302 948
302 761
303 1163
303 349
303 325
303 462
303 1015
304 1153
304 523
304 460
304 1548
304 436
304 1239
304 1406
305 1287
306 520
306 1549
306 614
307 920
307 1245
308 1341
309 397
309 582
309 607
310 1125
310 619
310 1358
310 403
310 918
310 1209
310 860
310 701
310 831
311 354
311 659
311 1203
311 700
311 1373
312 546
312 1366
313 336
313 1049
313 1298
313 1225
313 1197
314 1003
314 1445
314 846
314 335
315 691
315 1141
315 526
316 1130
317 1423
317 841
317 847
318 1380
318 1254
318 1577
318 1564
319 897
319 1394
319 1284
319 1389
319 1582
320 1282
320 1123
320 468
320 756
321 892
322 770
322 579
322 739
322 962
322 871
322 1227
322 559
322 627
322 1050
322 540
323 544
323 1216
323 547
323 1448
323 659
323 831
323 1592
323 1023
324 384
324 1189
324 1174
325 1308
326 1456
326 1338
326 1150
326 871
327 808
327 1172
327 564
328 515
328 652
328 592
328 823
328 1401
328 765
329 1005
329 1399
330 512
330 1005
330 789
330 623
331 1216
331 1221
331 779
331 1483
331 338
331 402
332 1414
332 1548
332 786
332 1076
332 637
333 1031
333 621
333 369
333 1311
334 381
335 385
335 1403
335 1207
335 410
336 1284
336 1572
336 744
336 1008
336 789
336 666
336 573
337 552
337 1357
337 1520
337 433
337 540
337 541
337 413
338 707
338 1159
338 809
338 792
338 1334
338 569
339 1033
339 683
339 1225
339 1176
340 1254
340 497
340 868
340 1561
341 646
341 351
341 613
342 345
342 1418
342 1453
342 1558
343 1503
343 1435
344 830
344 1100
344 526
345 1537
345 1009
345 813
346 841
346 1481
347 1458
347 1111
347 383
348 363
348 1003
348 1231
348 1586
348 371
348 756
348 1079
348 502
348 791
348 411
348 542
349 770
349 826
349 1138
350 771
350 355
350 973
350 526
350 1167
350 918
351 1280
351 774
351 1514
351 909
351 526
352 1104
352 1467
352 1118
353 1505
353 1545
353 1197
353 558
353 848
353 1267
354 520
354 1281
354 839
355 600
355 1330
355 1099
355 981
356 1522
356 804
356 1020
357 706
357 707
357 681
357 1388
357 503
357 607
358 678
358 1478
358 583
359 1256
359 570
359 1220
359 622
359 887
360 856
360 1307
360 530
360 635
360 1597
361 884
361 1371
361 732
362 1398
362 889
362 1339
363 1390
363 782
364 560
364 964
365 1201
366 1581
366 1456
366 376
367 401
367 804
367 1525
368 1106
368 1244
368 607
369 912
369 981
369 645
369 687
370 808
370 1309
370 1151
370 463
371 1196
371 721
371 1236
371 1468
371 635
371 670
371 1087
372 1507
372 1253
372 651
372 1294
372 882
372 1111
372 1532
373 868
373 1165
373 625
373 1462
373 540
373 1501
374 1066
374 1084
374 1354
376 1353
376 1198
377 1102
377 1487
378 1112
378 1267
378 646
378 865
379 1272
379 458
379 1450
379 1384
379 670
380 659
381 1275
381 799
382 560
382 921
382 938
382 1453
383 1301
383 455
384 994
384 1131
384 719
384 1215
385 1053
385 1204
386 746
386 1271
386 636
386 1151
387 417
387 1057
387 1094
387 582
387 946
387 1467
389 1464
389 700
389 438
390 801
390 596
390 701
390 1101
391 1314
391 723
391 510
392 1284
392 1096
392 489
392 651
392 1419
392 627
392 1366
393 704
393 1350
393 415
393 624
393 756
393 1238
393 671
394 1282
394 1284
394 964
394 1383
395 752
395 587
395 580
396 1249
396 1031
396 935
397 542
397 1228
397 718
397 922
397 1374
398 673
398 1428
398 1581
399 880
399 428
400 1434
400 1011
400 959
401 545
401 845
401 1517
401 1114
401 959
402 1069
402 1230
402 1564
402 1087
403 650
403 912
403 884
404 1344
404 649
404 1153
404 1374
405 1223
405 735
406 1002
406 1503
406 933
406 927
407 1019
407 1548
407 1389
407 1431
408 1076
408 596
409 484
409 517
409 684
409 589
409 1559
409 1531
410 708
410 1189
410 750
410 1487
410 1399
410 893
410 606
411 713
411 943
411 624
411 889
411 1149
412 971
412 684
412 1230
412 1023
413 1121
413 1574
413 1063
413 845
413 1006
413 496
414 610
414 1562
414 957
415 1217
415 1157
415 1159
415 1292
415 687
415 978
415 1011
415 1142
415 894
416 1361
416 1148
416 911
417 939
417 1489
417 980
417 1237
417 598
417 1178
417 1150
418 1030
418 1352
418 1225
418 1130
418 1485
418 1264
419 1362
419 503
419 566
420 868
420 870
420 426
420 467
420 1304
420 1567
421 994
421 622
422 810
422 565
423 1200
423 1331
423 582
424 730
424 1180
424 767
425 1314
425 1448
425 1480
425 1291
425 980
425 542
426 1280
426 492
426 1012
426 565
427 1282
427 549
427 464
427 1205
427 855
428 672
428 932
428 1416
428 588
428 1463
429 432
429 442
429 1306
429 1213
430 1474
430 1133
430 607
431 1060
431 1165
431 527
432 1346
432 644
432 648
432 943
432 795
433 1158
433 1590
433 1465
435 743
435 1200
435 1137
435 1556
435 790
435 1339
436 513
436 810
436 1132
436 565
436 502
437 793
437 1082
437 731
437 1197
438 772
438 1189
438 1255
438 520
438 937
438 561
438 950
439 993
439 1317
439 1324
439 1105
439 882
439 1238
440 1072
440 1381
440 1006
441 499
442 1573
442 1435
443 1435
443 973
443 1455
444 1361
444 932
444 996
445 1158
445 648
445 1257
445 1489
446 1296
446 939
446 1519
447 792
447 1354
448 951
448 1453
448 1294
448 759
449 899
449 956
449 917
449 1198
450 1384
450 1416
451 922
451 1507
451 1284
452 1278
453 713
453 1218
453 1571
453 821
453 558
454 1181
454 966
454 1183
455 608
455 485
455 1038
455 817
455 756
455 831
456 1312
456 677
456 621
456 1111
456 894
457 777
457 1541
457 518
457 815
458 505
460 816
460 1411
460 493
460 495
461 678
461 519
461 616
461 840
461 1392
462 1155
462 548
462 525
462 1134
463 1574
463 1478
463 1419
464 1445
464 1580
464 1167
464 817
464 1527
464 1404
465 1218
465 839
465 653
465 595
465 1364
465 1558
466 560
466 1439
466 1207
467 1001
467 882
468 1497
469 969
469 700
469 917
469 534
469 695
470 754
470 1084
470 487
471 945
471 490
471 1011
471 509
472 1060
472 658
472 1270
472 761
472 1050
472 1535
473 934
473 651
473 1260
473 1523
473 988
473 1085
474 1001
474 938
474 1385
474 1196
474 716
474 621
474 1465
475 674
475 891
476 1507
476 528
476 1491
476 1523
476 571
476 702
477 733
477 1361
477 1051
478 1241
478 1380
479 635
479 1217
479 587
480 934
480 1592
480 1009
480 1078
480 955
481 1581
481 1171
481 1093
482 924
482 510
482 1489
483 738
483 1171
483 1022
483 1119
484 1304
484 1190
485 1485
485 785
485 564
485 824
485 1561
485 669
486 1282
487 1440
487 1091
487 835
488 1153
488 1518
488 1426
488 1140
488 852
488 949
489 1497
489 1547
490 795
490 1316
491 1438
491 700
491 1110
492 838
492 974
492 979
492 1559
492 1370
493 808
493 809
493 1408
494 1120
495 954
495 1179
497 1584
497 1498
497 682
497 1566
498 1587
498 1252
498 1419
499 992
499 1224
499 1002
499 1230
499 1358
500 1115
500 851
500 1138
501 592
501 1369
501 986
502 976
502 1105
502 1010
502 1109
503 1376
503 837
503 1288
503 1271
503 1247
504 688
505 1016
505 881
505 1143
506 1560
506 546
506 1565
506 1478
506 695
507 870
507 524
507 787
507 1335
508 741
508 1414
508 904
508 878
508 655
508 912
508 924
509 944
509 1445
509 529
510 1560
510 525
511 1544
511 937
511 826
511 1124
511 1261
512 656
512 1400
513 1249
513 963
513 516
513 1123
513 838
513 1284
513 565
514 920
514 1169
514 1207
515 1160
515 1064
515 661
515 570
516 523
516 748
516 1495
516 794
517 1013
517 823
518 1254
518 1516
518 1497
518 925
518 831
519 739
519 1194
519 1372
520 640
520 946
520 1593
521 624
521 1459
521 717
522 864
522 769
522 911
523 1536
524 1062
524 840
524 1588
524 1113
525 742
525 1488
525 532
525 887
526 720
526 1107
526 564
527 1390
527 818
527 595
527 1208
527 570
527 1214
528 851
529 864
529 772
529 613
529 1414
529 912
529 1042
529 1140
530 546
530 1557
530 1596
531 1306
531 860
532 1433
532 747
532 1407
533 610
533 625
534 1474
534 890
535 567
536 1393
536 1058
536 667
536 1311
537 721
537 1327
537 1233
538 600
538 1145
538 1156
539 656
539 1140
540 989
541 1465
541 876
541 1437
542 771
542 828
542 553
542 1563
543 721
543 1266
544 1223
544 1038
544 862
545 676
545 1362
545 759
545 602
545 862
546 1220
546 877
546 1402
546 657
547 617
547 852
547 766
547 671
548 1320
548 1151
549 845
549 627
549 951
550 1548
550 1077
550 757
550 863
551 1490
551 1069
551 1119
552 764
552 1350
552 1384
552 1406
553 1094
553 1008
553 818
553 1173
553 1594
554 1216
554 1306
554 926
555 1048
555 1114
556 972
556 646
557 865
557 1258
557 885
558 1177
558 880
558 723
558 1075
558 1492
558 633
558 1021
558 1567
559 889
559 667
560 739
560 1438
560 606
561 793
561 746
561 747
561 939
562 1182
562 1043
562 1122
563 1273
563 1269
563 831
564 769
564 1507
564 1369
564 1034
564 1274
564 923
565 811
565 722
565 1043
565 1079
565 1499
567 1056
567 677
567 625
567 659
567 697
568 585
568 1226
568 949
568 887
568 1375
569 703
569 1053
569 722
570 589
570 1590
571 1447
571 1266
571 735
573 1376
573 961
573 1223
573 1096
573 1417
573 910
573 948
573 631
573 1086
573 1215
574 610
574 812
575 805
575 1224
575 1258
575 1366
575 1598
576 928
576 1237
576 1191
577 747
577 1358
577 1454
577 1078
577 1371
577 1148
578 914
578 1530
578 942
579 740
579 1381
579 1572
579 785
579 977
579 1278
580 1192
580 1436
580 1374
581 1016
581 1313
581 1391
582 1350
582 1201
582 821
582 1562
582 1403
582 669
583 1420
583 1106
584 1122
584 1225
584 1035
584 1261
584 603
584 1247
585 891
585 1450
585 632
585 685
585 725
585 795
586 1288
587 910
587 628
587 1334
587 919
588 688
589 1579
589 748
589 1037
590 1520
590 711
591 1435
591 1300
591 773
592 861
592 1597
593 1441
593 1529
593 1247
594 1216
594 849
594 1031
595 1160
595 1076
595 885
595 793
596 756
596 911
598 1120
598 718
599 1120
599 1524
599 1511
600 1032
600 844
600 602
600 670
601 1070
601 682
601 1477
601 821
601 854
602 1164
602 1327
603 786
603 1106
605 1265
605 1010
605 1134
605 1015
606 1381
606 1170
606 799
607 804
607 1092
607 1396
608 1185
608 1535
609 1536
609 1098
609 1107
609 1207
609 888
609 859
610 801
610 676
610 1413
610 1490
611 1385
611 1234
611 615
612 1114
612 1546
612 894
613 1381
613 1540
613 798
614 1541
614 1101
614 1460
614 794
615 1129
615 943
615 1404
615 863
616 810
616 804
616 1318
617 1411
618 1546
618 670
618 981
618 1118
619 1571
619 1350
619 967
619 939
619 1484
619 1328
619 956
620 634
620 1069
620 965
620 1223
621 1532
624 819
624 1366
625 1329
625 1106
625 1300
625 1143
625 1499
626 1233
626 1085
626 1213
627 692
627 1594
627 925
628 648
628 983
628 1120
629 752
629 851
629 834
630 1145
630 814
630 1431
631 1033
631 1465
632 1195
632 1061
632 734
633 834
633 646
633 712
633 1303
633 1053
634 805
634 1327
634 1103
634 984
635 1157
635 1531
636 816
636 1200
636 1365
636 989
637 1099
637 1082
637 1179
638 1428
638 884
639 793
639 1426
639 771
639 893
639 1462
640 929
640 820
641 1485
641 909
641 1582
641 952
641 1307
642 1285
642 1066
642 751
642 1332
642 1464
643 820
643 1463
644 1027
644 917
644 1287
647 744
647 1229
647 751
647 1013
647 854
648 673
648 1449
648 951
648 1593
649 1133
650 1462
650 1238
651 743
651 925
652 1262
653 1160
653 783
653 944
653 818
653 731
654 865
654 1407
654 1135
655 1000
655 1265
655 847
656 1552
656 946
656 692
656 887
657 1299
657 1198
657 890
658 1347
658 781
658 1519
658 1329
658 1210
659 1091
659 695
660 929
660 1537
660 1254
660 1270
660 1015
660 1338
661 1186
661 1212
661 741
662 952
662 932
662 893
662 901
662 1207
663 1025
663 1188
663 1135
664 1527
664 972
665 1000
665 1563
666 1251
666 887
667 1271
667 696
668 873
668 852
668 989
669 1326
669 1329
669 889
669 1179
670 963
670 1458
670 790
671 1224
671 764
672 1393
672 1039
673 704
673 993
673 1512
673 1355
673 1267
674 993
674 972
674 1596
675 1084
675 1101
676 1314
676 1538
676 715
676 1584
676 920
676 959
677 715
677 909
677 1360
677 721
677 1397
678 748
678 1135
678 1177
679 834
679 692
679 892
680 1547
680 1332
681 1061
681 1567
682 1163
683 997
683 1070
684 718
685 1481
685 1181
686 904
686 1350
686 1104
686 886
688 1347
688 1031
688 1097
688 1071
688 830
689 1360
689 1141
689 870
690 1138
691 1414
691 1478
691 1389
691 1424
691 722
691 1239
691 1051
691 830
692 1101
692 767
693 1057
694 1300
694 1271
694 1343
695 1194
696 1569
696 1389
696 1358
696 1139
696 1204
696 700
697 1183
697 988
697 1182
698 709
699 1416
699 1053
699 774
699 879
700 1379
701 1092
701 875
701 1106
702 1026
702 1443
702 1094
702 876
702 1166
702 1520
702 1212
703 1515
704 1476
704 742
704 786
704 788
704 1365
704 1178
705 933
705 1509
705 1106
706 1299
706 751
707 1121
707 1443
707 1381
707 1011
708 712
708 851
708 1029
710 1595
710 1380
710 1077
710 1335
711 896
711 1216
711 1093
711 1049
712 1422
712 1009
713 1581
713 996
713 1516
715 771
715 813
715 758
715 895
716 1083
716 863
717 1594
717 1567
718 737
718 1237
718 1018
719 1089
719 907
719 1422
719 784
720 1097
720 1082
720 1564
721 960
721 1354
721 799
721 1404
721 895
722 986
723 798
723 952
724 920
724 1395
724 875
724 846
725 1386
725 1083
725 1303
725 935
726 856
726 1389
727 736
727 1219
727 1251
727 1143
727 959
728 961
728 1195
729 937
729 1294
729 1439
730 1344
730 1448
730 783
730 1424
730 1268
731 1255
731 1264
731 1105
731 1362
731 1433
732 961
732 1526
733 995
733 1096
733 781
733 1357
733 1456
733 1265
733 1183
734 775
734 1097
734 1488
734 1398
735 1158
735 1147
735 1355
735 1451
735 862
735 1599
736 826
736 1475
737 1481
737 987
738 1571
739 1349
740 851
740 955
741 968
741 937
741 1194
741 1300
742 755
742 1487
743 1234
743 957
744 1121
744 1447
744 1069
744 1117
745 928
745 1282
745 1459
746 1377
746 1512
748 854
748 1174
748 925
748 1598
749 1137
749 906
749 1308
749 1343
749 1218
750 947
751 1522
752 1354
752 1200
752 1177
752 796
753 1403
753 1156
753 821
753 1507
754 1125
754 1584
754 762
754 1436
755 1234
755 1532
755 1213
757 1216
757 973
757 1136
757 1401
757 1180
758 1024
758 1484
760 1597
760 790
761 1250
761 972
762 1401
763 1577
763 1219
765 921
765 1484
765 1220
765 766
766 1217
766 1159
767 1299
768 782
769 952
769 1536
770 1024
770 1409
770 981
770 1240
771 1121
771 1482
771 1005
772 993
772 925
772 1294
774 868
774 1087
775 1572
775 791
776 961
776 1187
776 1103
776 785
776 948
777 1132
777 988
777 990
777 1428
778 1456
778 1393
778 1154
778 1158
778 1518
779 1296
780 1450
780 795
781 1152
783 851
784 1369
784 1533
784 1327
785 1313
785 1027
785 885
785 798
786 960
786 937
786 1269
787 1512
788 1035
788 947
789 1345
789 1298
789 872
790 1582
790 1493
791 1216
791 1383
791 1151
792 1155
792 1108
792 1210
793 849
793 1372
793 1533
794 866
795 994
795 1315
796 1184
796 1323
796 1292
796 1209
797 1449
798 1262
798 1048
799 1326
799 1041
800 882
800 1547
800 932
800 1394
802 1481
802 853
802 1022
803 1376
803 1552
803 935
804 969
804 1259
805 1473
805 999
805 1223
805 1230
805 885
807 973
808 1506
808 871
808 1488
808 892
809 1049
810 1569
810 1284
810 971
810 1336
811 1160
811 970
811 1008
811 1212
811 1405
811 1599
812 985
812 1107
813 1448
813 1028
813 1420
814 1507
814 1128
814 893
815 1425
815 1422
815 871
816 871
816 1327
816 1531
817 1331
817 1531
818 1378
818 1468
818 1573
818 890
818 891
818 1340
819 840
820 1059
820 1283
820 1364
820 952
821 1026
821 1082
822 1248
822 1257
822 1452
822 1042
822 1564
823 1513
823 1577
823 858
823 1279
824 928
824 999
824 1037
824 1069
824 1145
824 1146
825 965
827 1563
827 1581
828 1116
828 1237
828 1007
829 898
830 1343
831 1250
831 1074
831 859
832 1507
832 1566
833 1090
834 1156
834 1385
834 1545
834 1168
835 883
835 1190
836 1265
837 904
837 1315
837 1094
838 1251
838 1484
838 1560
838 956
839 1570
839 986
839 1021
841 1154
841 1247
841 870
841 1479
841 1076
841 927
842 1483
842 1174
842 999
843 1105
844 1441
844 883
844 1517
845 955
845 1468
845 1439
846 1037
846 1181
847 1272
848 1099
848 1073
849 1095
849 1099
849 943
849 1214
850 1246
850 950
852 1131
852 1134
852 1532
853 1352
853 1429
853 1431
853 988
854 1317
854 1067
854 1300
855 1363
855 1580
856 1563
856 1499
857 1241
857 1404
858 1298
858 1245
859 1413
860 1577
860 1351
861 1132
861 1227
862 1183
862 1223
864 1091
864 1385
864 1456
864 1298
865 1290
865 1201
865 923
866 1018
866 1031
866 1546
866 1489
866 953
867 1167
867 1460
867 1573
868 1446
868 1192
869 1201
869 1491
870 1068
872 1266
872 1500
873 876
873 1008
873 1212
874 1545
874 1167
876 996
876 1352
876 1238
877 1161
877 1068
877 1432
878 993
878 906
878 1438
880 1387
880 1179
880 1277
881 1511
881 903
881 1449
881 1106
882 1194
882 1419
882 1567
883 1478
883 894
884 1062
884 1102
884 1143
884 1371
885 1560
885 910
885 1236
885 1267
885 1397
885 1176
886 1418
886 1196
886 921
886 1051
886 985
887 930
888 1099
888 1252
888 1269
889 1295
889 1022
890 1536
890 1314
890 1433
890 1019
890 1150
891 1312
891 1555
891 1213
892 1448
892 1518
892 1207
892 955
893 901
894 1157
894 1040
894 1396
895 1339
895 1118
896 1248
896 1029
896 1516
896 1165
896 1262
896 1200
897 948
897 1053
898 1238
898 1578
898 1149
899 1250
899 1355
900 1235
900 1524
900 1015
901 1003
901 1487
901 1011
902 1298
903 1010
903 1517
904 1293
904 1299
904 1272
904 1215
905 1004
905 1346
905 983
906 1322
906 1549
906 1459
907 1504
907 1034
907 1535
907 1221
908 1384
908 933
908 1503
909 1282
909 1411
909 1446
909 1458
909 1173
910 1549
910 1262
911 1085
911 1108
912 1282
913 1107
914 976
915 1179
915 1300
916 1534
916 1513
916 1275
916 1118
916 1561
917 1162
917 955
918 1559
918 1223
919 1339
920 1226
920 1003
921 1552
922 1043
922 1072
922 1419
923 1289
924 1562
925 998
925 1576
925 951
926 1439
926 1494
927 937
927 1273
927 991
929 1267
929 1424
930 1589
930 1593
931 985
931 1265
931 1567
932 1170
932 1403
933 1430
933 1541
934 1541
934 1181
935 1071
936 1075
936 1487
937 1554
938 1011
938 1274
938 1370
939 1078
940 1062
941 1210
941 1508
942 1483
942 1524
943 1132
943 1262
943 1559
944 1292
946 1100
946 1467
947 1552
947 988
948 1184
948 957
948 1332
949 1265
949 1546
949 1372
950 961
951 994
951 1139
951 1399
952 1246
954 1290
955 1541
956 1216
956 1387
956 1579
956 1594
957 1496
958 1542
959 1185
959 1266
959 1019
959 1247
960 1545
961 1580
962 1578
962 1159
963 1463
963 1069
963 1087
964 1120
964 1599
964 1327
965 1208
965 1039
966 1368
967 1505
967 1591
967 1143
967 1015
968 1032
969 1233
970 1557
971 1051
972 1339
973 1252
973 1221
974 1548
974 1117
975 1417
975 1235
975 1205
977 1227
977 1092
977 1006
979 1341
980 1537
980 1094
980 1002
980 1104
981 1431
982 1505
982 1114
982 1380
983 1375
983 1361
983 1332
983 1050
983 1343
984 1531
985 992
985 1381
986 1099
986 1554
990 1084
990 1149
991 1427
992 1495
994 1470
994 1586
994 1305
995 1548
995 1401
996 1413
997 1181
998 1338
999 1058
1001 1453
1001 1208
1002 1416
1002 1299
1002 1182
1003 1191
1004 1472
1004 1462
1004 1550
1005 1034
1005 1307
1007 1445
1007 1318
1008 1073
1009 1416
1009 1108
1009 1501
1010 1373
1011 1477
1012 1093
1012 1087
1013 1347
1013 1274
1013 1106
1013 1210
1014 1148
1014 1132
1014 1278
1015 1334
1016 1354
1017 1213
1018 1539
1019 1591
1019 1145
1021 1186
1021 1482
1021 1108
1021 1406
1022 1144
1023 1526
1024 1157
1024 1574
1024 1491
1024 1306
1025 1440
1025 1532
1026 1177
1026 1077
1027 1122
1027 1489
1029 1089
1029 1252
1029 1498
1031 1324
1033 1473
1033 1540
1033 1202
1033 1587
1033 1398
1035 1506
1035 1042
1036 1047
1037 1542
1037 1256
1038 1362
1039 1074
1040 1385
1040 1447
1044 1162
1045 1116
1045 1534
1045 1215
1047 1073
1047 1420
1048 1165
1048 1487
1048 1305
1050 1223
1050 1561
1051 1259
1051 1419
1051 1458
1052 1418
1052 1212
1052 1231
1053 1476
1053 1127
1053 1134
1054 1532
1055 1418
1055 1546
1056 1125
1056 1511
1056 1516
1057 1200
1058 1402
1058 1084
1061 1512
1061 1590
1062 1448
1062 1175
1063 1304
1063 1081
1063 1540
1063 1313
1064 1522
1064 1301
1065 1368
1065 1461
1066 1447
1067 1335
1067 1302
1068 1176
1068 1143
1069 1286
1069 1481
1069 1259
1069 1389
1070 1194
1070 1293
1074 1548
1075 1521
1075 1404
1076 1146
1077 1282
1077 1133
1077 1180
1078 1189
1078 1438
1079 1216
1080 1482
1080 1173
1081 1468
1081 1120
1082 1090
1082 1597
1082 1444
1082 1110
1083 1093
1084 1473
1084 1398
1085 1350
1086 1377
1087 1536
1087 1481
1087 1456
1088 1226
1089 1582
1089 1463
1090 1285
1090 1437
1091 1108
1094 1578
1094 1294
1094 1140
1096 1458
1096 1560
1097 1130
1097 1391
1097 1135
1099 1139
1100 1104
1102 1228
1102 1297
1103 1466
1104 1138
1105 1314
1105 1285
1107 1250
1107 1544
1108 1338
1109 1462
1109 1451
1110 1480
1110 1445
1110 1414
1111 1162
1111 1179
1111 1116
1116 1218
1116 1557
1117 1578
1118 1359
1118 1174
1119 1466
1119 1267
1120 1594
1121 1386
1121 1138
1122 1134
1123 1475
1123 1455
1123 1560
1124 1497
1125 1313
1125 1152
1127 1434
1127 1355
1128 1448
1128 1332
1129 1231
1130 1377
1133 1470
1134 1473
1135 1355
1137 1329
1137 1389
1139 1406
1140 1337
1142 1200
1142 1454
1143 1317
1144 1249
1145 1343
1145 1320
1145 1395
1145 1279
1146 1324
1146 1479
1147 1330
1148 1356
1149 1562
1149 1523
1149 1498
1150 1539
1151 1217
1151 1484
1151 1437
1152 1184
1152 1509
1152 1595
1152 1245
1154 1598
1155 1498
1155 1306
1156 1243
1156 1487
1158 1576
1158 1527
1159 1496
1163 1205
1164 1458
1164 1359
1165 1172
1166 1314
1167 1428
1168 1505
1168 1181
1170 1525
1170 1303
1174 1383
1175 1582
1177 1259
1178 1269
1179 1581
1179 1233
1179 1205
1180 1419
1181 1219
1181 1207
1182 1209
1182 1591
1184 1263
1185 1578
1186 1481
1186 1385
1186 1531
1187 1374
1187 1385
1188 1417
1188 1274
1189 1484
1189 1260
1189 1531
1190 1221
1190 1243
1193 1361
1194 1433
1194 1340
1195 1230
1195 1372
1198 1417
1199 1523
1199 1502
1200 1292
1200 1457
1200 1564
1200 1245
1201 1382
1202 1593
1205 1346
1205 1413
1205 1479
1206 1457
1206 1578
1207 1296
1208 1563
1210 1224
1211 1460
1211 1292
1211 1254
1212 1485
1212 1498
1213 1282
1213 1324
1214 1419
1215 1307
1216 1391
1216 1432
1217 1342
1217 1410
1217 1548
1217 1265
1218 1252
1218 1444
1218 1386
1218 1331
1219 1315
1220 1300
1222 1496
1222 1316
1222 1356
1223 1594
1224 1247
1224 1239
1225 1476
1226 1548
1226 1403
1227 1376
1228 1284
1229 1247
1229 1539
1231 1335
1231 1464
1234 1569
1234 1550
1234 1552
1237 1323
1239 1563
1240 1313
1242 1428
1242 1557
1242 1303
1243 1491
1243 1437
1244 1448
1245 1455
1246 1571
1248 1509
1249 1314
1249 1544
1249 1387
1249 1500
1250 1481
1253 1509
1253 1590
1253 1302
1254 1492
1257 1536
1258 1595
1258 1454
1259 1412
1260 1326
1260 1328
1260 1393
1261 1487
1262 1555
1263 1361
1263 1308
1263 1414
1263 1560
1264 1340
1264 1405
1265 1287
1268 1303
1269 1506
1269 1285
1269 1290
1270 1496
1270 1575
1270 1501
1273 1539
1274 1374
1275 1520
1276 1495
1276 1343
1278 1467
1279 1412
1281 1304
1281 1333
1283 1419
1284 1381
1285 1541
1286 1336
1288 1443
1288 1380
1288 1446
1290 1380
1290 1426
1292 1574
1293 1382
1294 1318
1294 1353
1295 1577
1296 1408
1296 1488
1297 1429
1297 1391
1298 1415
1298 1513
1299 1539
1299 1570
1299 1310
1300 1332
1302 1549
1302 1543
1303 1580
1305 1428
1307 1484
1307 1462
1309 1344
1309 1562
1310 1475
1311 1476
1312 1426
1314 1360
1315 1568
1315 1442
1317 1500
1320 1545
1320 1396
1323 1554
1324 1574
1326 1462
1327 1445
1329 1575
1329 1526
1331 1355
1332 1403
1333 1539
1333 1549
1333 1412
1334 1592
1335 1352
1335 1448
1336 1386
1336 1594
1338 1540
1339 1410
1340 1540
1340 1388
1341 1464
1342 1389
1343 1552
1343 1467
1347 1591
1347 1400
1347 1374
1348 1440
1349 1387
1349 1466
1350 1392
1351 1425
1351 1453
1352 1354
1352 1453
1353 1518
1354 1386
1356 1454
1357 1447
1358 1591
1358 1599
1361 1436
1363 1558
1368 1403
1369 1386
1370 1434
1372 1559
1373 1523
1374 1485
1375 1389
1376 1417
1380 1475
1381 1382
1382 1550
1382 1424
1384 1551
1386 1473
1388 1410
1388 1538
1388 1572
1391 1590
1392 1514
1393 1490
1394 1422
1403 1569
1404 1447
1404 1552
1406 1515
1407 1409
1407 1436
1407 1567
1409 1587
1410 1504
1415 1556
1416 1518
1418 1436
1419 1592
1419 1596
1423 1565
1423 1487
1426 1451
1426 1492
1427 1517
1433 1539
1434 1529
1436 1460
1437 1525
1439 1513
1445 1521
1452 1569
1460 1551
1460 1494
1467 1474
1469 1505
1469 1531
1469 1513
1469 1479
1471 1525
1472 1485
1474 1502
1475 1539
1475 1484
1478 1538
1482 1507
1493 1574
1496 1518
1500 1592
1501 1569
1507 1526
1507 1597
1511 1571
1513 1574
1516 1538
1518 1545
1527 1567
1553 1590
1567 1580
