1600 4000
0 224
0 709
0 971
0 845
0 366
0 498
0 1530
0 605
0 1375
1 449
1 172
1 838
2 99
2 845
2 569
2 433
2 1206
2 1527
2 985
2 926
3 953
3 580
3 750
3 1566
4 1411
4 169
4 1580
4 529
4 178
4 212
4 1109
5 1410
5 1031
5 746
5 879
5 783
5 1487
5 1017
5 124
6 289
6 66
6 1313
6 217
6 1565
6 31
7 705
7 930
7 355
7 684
7 597
7 125
8 1556
9 1401
9 762
9 802
9 1106
10 1165
10 1338
10 116
10 357
10 926
11 100
11 1357
11 1094
11 1508
12 464
12 322
12 1263
12 1396
12 983
13 128
13 1506
13 1510
14 1438
14 531
14 268
14 899
14 758
15 1586
15 1580
15 1285
16 1506
16 1316
16 1559
16 966
16 166
16 1421
16 751
16 431
16 1200
16 1111
16 825
16 1430
16 313
16 1215
17 263
17 778
17 939
17 46
17 437
17 414
18 986
18 74
18 644
18 1382
19 640
19 1026
19 394
19 251
20 708
20 43
20 846
20 595
20 1395
20 1049
21 397
21 1197
22 313
22 363
22 300
22 1197
22 1430
23 387
23 582
23 937
23 42
23 588
23 1082
24 36
24 550
24 166
24 1512
24 1262
24 1462
24 599
24 1214
25 1522
26 1287
26 425
26 365
26 657
26 983
26 124
27 1145
27 386
27 675
27 358
27 1365
27 441
28 531
28 133
28 134
29 361
29 106
29 557
29 653
30 1017
30 250
30 549
30 1154
31 289
31 396
31 1038
31 751
31 1391
31 659
31 439
32 1219
32 963
32 1243
32 273
32 1523
32 59
33 1067
33 714
33 891
33 324
34 753
34 514
34 131
34 1163
35 952
35 506
35 1309
35 621
36 853
36 1550
37 124
37 1319
37 1247
38 806
38 1224
38 1386
38 1434
38 762
38 1020
39 1593
39 1322
39 606
40 1408
40 1261
40 1186
40 309
40 815
41 1216
41 929
41 90
41 1093
41 502
42 129
42 670
42 693
42 462
43 1003
43 748
43 1262
43 400
43 151
43 859
43 1118
44 875
44 643
44 141
44 1590
45 100
45 1573
45 1486
45 567
46 355
46 323
46 106
46 815
46 370
47 69
47 714
47 1099
47 364
47 1455
47 817
47 951
47 1181
48 1241
48 818
48 1404
48 1599
48 1321
49 943
49 915
49 191
50 437
51 256
51 948
51 860
51 637
52 624
52 662
53 550
53 264
53 142
53 215
53 633
53 574
54 1478
54 680
54 1417
54 700
54 350
54 1343
55 1510
55 211
55 1203
55 830
55 1302
56 512
56 1095
56 557
56 1492
56 469
56 855
57 1408
57 1262
58 1473
58 109
58 1362
58 467
58 469
58 318
58 671
59 418
59 355
59 484
59 523
59 946
59 316
60 1065
60 284
60 261
60 422
61 450
61 218
61 252
61 1430
62 1536
62 962
62 1427
62 1198
62 1199
63 513
63 133
63 1320
63 235
63 670
63 1360
63 561
63 1307
63 798
64 508
64 1262
64 1487
65 129
65 656
65 1296
65 443
65 316
65 381
66 249
66 1160
66 844
66 1422
66 1527
66 601
67 269
67 1421
67 943
67 594
67 1239
67 540
67 126
68 128
68 1023
68 1066
68 827
68 735
69 1384
69 299
69 334
69 495
69 497
69 1589
70 1314
70 1476
70 489
70 1322
70 331
70 1521
70 629
71 297
71 1388
71 470
71 857
71 1341
71 1279
72 1352
72 1202
72 1299
72 110
73 385
73 226
73 1218
73 469
73 633
73 635
74 784
74 989
74 1312
74 261
75 97
75 1011
75 591
76 112
76 363
76 419
76 214
77 126
77 502
78 397
78 143
79 1533
79 1074
79 845
80 1232
80 204
80 1052
80 1094
80 879
81 329
81 115
81 1284
81 1573
81 1476
82 1410
82 357
82 1039
82 176
82 146
82 599
82 728
82 1021
82 414
83 876
83 717
83 1338
83 656
83 1361
83 1146
84 813
84 1327
84 1136
84 1297
84 531
84 467
85 1032
85 1579
85 303
86 363
87 840
87 850
87 605
87 1166
87 495
88 864
88 867
88 133
88 1577
88 268
88 1422
88 662
88 1370
89 225
89 251
90 1061
90 1253
90 941
90 306
90 563
91 257
91 172
91 464
91 849
91 274
91 1525
91 920
91 1119
92 1140
92 1473
92 738
92 148
92 95
93 1446
93 1385
93 1258
93 685
93 718
93 1211
93 959
94 1593
95 688
95 209
95 355
95 748
97 1441
97 691
97 1019
98 1450
98 963
98 1285
98 1574
99 674
99 578
99 1518
99 691
99 1459
99 1176
99 223
100 583
100 140
100 1102
100 691
100 118
101 289
101 322
101 1124
101 1419
101 528
101 565
101 1118
102 1562
102 939
102 1428
102 725
103 1512
103 817
103 314
103 203
104 1128
104 466
104 314
105 480
105 235
105 228
105 1501
105 1327
106 866
106 1282
106 1274
106 1592
106 140
106 216
106 537
106 1245
107 1512
107 778
107 771
107 1468
107 471
108 1336
108 689
108 1371
108 275
108 646
109 848
110 512
110 1383
110 713
110 138
110 493
110 311
110 126
111 955
111 965
111 686
112 1216
112 226
112 1314
112 1547
112 1394
113 677
113 1223
113 1319
113 688
113 1044
113 599
114 546
114 1155
114 1448
114 1289
114 1387
114 1071
114 1403
115 336
115 1523
115 1140
115 534
115 599
115 1597
116 256
116 228
116 1320
116 1586
116 243
116 1118
116 1150
117 933
117 552
117 554
117 1099
117 940
117 1387
117 622
118 1273
118 610
118 963
118 1519
119 1511
119 979
119 1284
119 413
119 559
120 408
120 776
121 384
121 1594
121 1444
122 782
123 677
123 1193
123 1334
123 1463
123 1240
123 890
123 924
123 1247
124 313
124 1421
125 1541
125 811
125 689
125 338
125 342
126 1122
126 1058
126 1326
126 351
127 1504
127 197
127 1190
127 1007
127 1306
127 1277
128 836
128 854
128 1239
128 345
128 1597
128 1375
129 433
129 145
129 913
129 1522
129 469
129 150
130 436
130 1253
130 982
130 311
131 806
131 1318
131 397
131 558
131 1232
131 1557
132 401
132 1362
132 1491
132 1473
132 246
133 514
133 708
133 1351
133 432
133 1523
134 1026
134 1499
134 149
134 1116
135 321
135 324
135 1126
135 295
136 544
136 833
136 1380
136 1064
136 363
136 720
136 209
136 212
137 522
137 788
137 421
138 642
139 581
139 454
139 1158
139 333
139 1358
139 158
140 1096
140 1097
140 203
140 719
140 884
141 673
141 742
141 971
141 1532
141 656
141 497
141 503
141 1468
141 1372
141 607
142 1227
142 564
143 1569
143 758
143 254
144 817
144 858
144 1474
144 303
144 271
145 1114
145 811
145 623
146 226
146 197
146 204
146 826
146 1405
146 222
146 415
147 932
147 1031
147 1577
147 1229
147 403
147 380
148 1205
148 572
148 815
149 929
149 449
149 1546
149 539
149 1279
150 1289
150 330
150 1388
150 1453
150 720
150 849
150 1211
151 177
151 1427
151 963
152 1028
152 869
152 1384
152 1481
152 1485
152 590
153 801
153 234
153 590
153 1198
153 1458
153 310
154 416
154 1155
154 274
154 1013
154 1015
154 1595
155 1437
156 582
156 880
156 1396
156 919
156 216
156 729
157 562
157 987
157 1279
158 1476
158 1416
158 302
158 1397
158 341
158 1431
158 665
159 802
159 517
159 428
159 941
159 886
159 1438
160 840
160 273
160 1002
161 864
161 486
162 1570
162 1484
162 1150
163 513
163 571
163 172
164 706
164 1290
164 939
164 299
164 333
164 1168
164 888
164 762
164 1023
165 1380
165 518
165 424
165 777
165 434
165 1557
166 1093
166 1510
166 521
166 1067
166 1552
167 1448
167 1172
167 333
167 1157
168 969
168 740
168 334
169 296
169 577
169 1061
170 361
170 586
170 589
170 653
170 851
170 570
170 636
170 317
171 1097
171 722
171 1157
171 1191
172 1000
172 1481
172 240
172 343
172 1177
172 1434
172 1022
173 1184
173 1481
174 1326
174 738
174 213
174 798
175 833
175 466
175 1172
175 956
175 509
175 415
176 336
176 857
176 966
176 438
177 1419
177 486
178 370
178 1347
178 1375
179 513
179 1527
179 1497
179 1263
180 473
181 682
181 703
182 746
182 885
182 718
182 1415
183 888
184 1168
184 883
184 1574
184 1240
185 261
185 973
185 855
185 271
185 1431
185 635
186 1194
186 961
186 418
186 1466
186 1069
187 752
187 1569
187 1323
187 1356
187 1216
188 1048
188 730
188 1582
188 1376
188 1342
189 1301
189 1087
189 765
189 255
190 811
190 1252
190 390
191 1354
191 1127
192 1505
192 1138
192 1013
193 714
193 506
193 875
194 1345
194 1250
194 1510
194 615
194 872
194 1422
194 464
194 1499
195 993
195 995
195 1475
195 1032
195 1544
195 1482
195 267
195 654
195 495
196 626
196 334
196 1575
197 486
197 526
197 816
197 478
198 1105
198 1097
198 426
198 311
199 1460
199 244
200 1313
200 803
200 1317
200 1352
200 746
200 1515
200 944
200 439
200 602
201 1432
201 968
201 1066
201 247
201 216
201 858
202 1341
202 802
202 955
202 1171
202 733
203 1170
203 715
203 332
204 680
204 1215
205 345
205 1363
205 1243
205 397
205 1222
206 1570
206 668
206 437
207 920
207 985
207 331
207 540
207 1427
208 1185
208 1571
208 649
208 340
208 702
208 447
209 1313
209 1164
209 333
209 1402
209 479
210 643
210 1542
210 212
210 340
210 631
210 282
211 376
211 1474
211 755
212 330
212 246
212 1590
212 509
213 1094
213 1196
213 461
213 815
214 426
214 884
214 1173
214 440
214 1048
215 1539
215 966
215 1224
215 1134
215 718
215 372
215 469
216 352
216 483
216 1187
216 1509
216 685
216 494
216 305
216 1365
216 1177
217 507
218 872
218 1420
218 606
219 1501
219 1274
219 381
219 471
220 1138
220 1098
220 598
220 1551
221 1266
221 1501
222 705
222 627
222 470
222 763
223 784
223 923
223 1564
224 1526
224 882
224 707
224 678
225 642
225 1320
225 683
225 364
225 1035
225 1391
225 856
225 408
225 923
226 263
226 937
226 1005
226 887
226 976
226 533
226 1238
226 311
226 1151
227 690
227 970
227 250
227 556
227 1558
228 933
228 743
228 872
228 1447
228 1422
229 1377
229 404
229 1167
230 264
230 906
230 735
231 1416
231 983
232 1270
232 662
233 1201
233 1301
234 1370
234 244
234 529
235 888
235 916
236 1506
236 507
236 956
236 1491
236 887
237 380
237 1557
237 583
238 663
238 1442
238 1331
238 1522
238 559
239 416
239 592
239 1436
239 1357
239 390
240 379
240 1031
241 1008
241 1596
242 1377
242 1127
242 1256
242 1543
242 1229
242 816
242 950
243 926
244 376
244 1316
244 734
245 592
245 753
245 579
245 957
245 463
246 1313
246 373
246 854
246 1529
246 1373
247 492
247 1493
247 377
248 938
248 1230
248 752
248 1041
248 626
248 916
248 1590
248 1463
248 1272
248 1595
249 1313
249 627
250 720
250 289
250 1092
251 641
251 1540
251 1544
251 650
251 1519
251 849
252 448
252 385
252 734
253 570
253 1047
254 472
254 776
254 1098
255 688
255 546
255 816
255 626
256 424
256 1013
257 1473
258 672
258 708
258 414
258 327
259 911
259 1481
259 1324
259 1557
259 895
260 453
260 774
260 1547
260 459
260 694
260 342
261 1185
261 769
261 1187
262 996
262 1414
262 776
262 910
262 1459
262 508
262 1183
263 1440
263 401
263 367
264 1098
264 494
264 726
264 795
265 1221
265 1290
265 504
265 1307
265 542
265 1343
266 774
266 711
266 1256
266 1211
266 722
266 1046
266 1143
266 571
267 1349
267 517
267 552
267 1386
267 1037
267 598
268 1505
268 389
268 614
268 1195
268 1323
268 462
269 379
269 1433
269 1114
269 740
270 344
270 1487
270 1141
270 823
271 1352
271 1025
272 856
272 443
272 1268
273 1442
273 1477
273 1449
273 940
273 464
273 785
273 1396
273 984
274 1507
274 522
274 363
274 1171
274 281
275 1032
275 659
276 933
276 1486
276 935
277 864
277 1202
277 295
278 1388
278 660
278 662
278 342
278 765
278 735
279 1564
279 1077
279 694
280 1024
280 673
280 1057
280 1505
280 997
280 1195
280 1489
280 918
280 1046
281 1505
281 1132
281 751
281 1300
281 760
281 284
282 1280
282 883
282 454
282 1199
283 1424
283 353
283 765
284 1312
284 291
284 454
284 839
284 814
284 624
284 752
284 1151
285 1154
285 902
285 456
285 1484
285 312
285 444
286 1443
286 863
287 1408
287 1252
287 938
287 1557
287 950
287 636
288 1376
288 1094
289 385
289 1502
289 1005
289 980
289 1460
289 472
289 829
289 766
290 1360
290 1485
290 1430
291 384
291 513
291 515
291 1253
291 939
291 1239
292 513
292 1130
293 306
293 972
293 1541
294 568
294 1406
294 991
295 1026
295 514
295 710
295 466
295 1107
296 1153
296 931
296 1465
296 1203
296 1049
297 586
297 815
297 1209
297 1341
297 1567
298 1112
298 1564
298 1037
298 1446
298 543
299 836
299 938
299 1146
299 1087
300 1169
300 458
300 819
300 1095
301 610
301 1050
301 1317
301 1598
301 783
302 1484
302 684
302 765
303 866
303 515
303 772
303 1190
303 1417
303 1265
304 998
304 959
305 800
305 1541
305 1127
305 432
305 1330
305 1204
306 1056
306 617
307 1416
307 1458
307 1564
307 1245
307 1222
308 385
308 397
308 1313
309 1569
309 1414
309 1262
309 1167
310 581
310 906
310 556
310 1202
310 342
310 606
311 337
311 692
311 822
311 505
312 1325
312 916
312 1213
312 1240
312 1531
313 1547
314 1065
314 1165
315 546
315 547
315 447
315 1517
315 1581
315 432
315 1055
316 837
316 552
316 944
316 1072
316 755
316 438
316 698
316 858
316 1566
317 1229
317 877
317 411
317 1498
317 1339
317 1116
318 539
318 1066
319 393
320 1537
320 1467
320 1220
320 1357
321 1367
321 1238
322 641
322 495
322 851
322 1471
323 721
323 962
323 686
323 1570
324 1153
324 1353
324 721
324 467
325 961
325 1249
325 934
325 1001
325 654
325 1113
325 735
326 1256
326 857
326 1260
326 1551
327 609
327 772
327 776
327 840
327 1515
327 556
327 1421
327 366
327 719
327 1213
328 452
328 1540
328 358
329 538
329 887
330 865
330 490
330 784
330 634
331 785
331 340
332 1548
332 785
332 662
332 729
332 987
332 1181
333 1362
333 465
334 488
334 849
334 855
334 765
334 1247
335 1184
335 801
335 1559
335 342
335 1271
335 1086
335 575
336 436
336 709
336 1199
337 1476
338 1249
338 1186
338 1410
338 1092
338 340
338 917
338 1526
338 1143
338 511
339 393
339 394
339 1467
339 420
339 573
340 481
340 365
341 808
341 675
341 1244
342 544
342 929
342 430
342 432
342 851
342 537
342 731
343 424
343 461
343 1207
343 602
343 1500
344 907
344 1460
345 544
345 1120
345 677
345 1042
346 1189
346 934
346 1461
347 951
347 627
347 1044
347 1142
347 1111
347 1592
349 992
349 802
349 936
349 397
349 816
349 506
349 475
350 566
350 1530
351 1587
351 1412
351 1039
352 1062
353 1203
353 437
353 1294
354 400
354 737
354 418
354 1148
354 365
355 897
355 1128
355 617
355 852
355 1207
356 657
356 586
356 1340
356 1287
357 481
357 974
357 1070
357 720
357 1492
357 534
357 927
358 769
358 1276
359 861
360 1056
360 1547
360 1215
361 1566
361 712
361 684
361 1106
361 1462
361 542
362 1223
362 1371
362 1148
362 1300
362 567
363 827
363 1463
363 1124
363 1293
363 507
364 805
365 837
365 553
365 689
365 1272
365 988
366 967
366 1508
366 814
367 1318
367 1067
367 1196
367 1170
367 1144
367 411
368 698
368 1398
368 428
368 925
368 564
369 1543
369 716
369 1516
369 593
369 504
369 858
369 892
370 1348
370 1129
370 588
370 1197
370 1489
370 665
370 1242
371 1072
371 609
371 1001
371 1575
372 512
372 1333
373 1005
373 551
374 491
374 691
375 1504
375 516
375 741
375 1586
375 665
375 1149
376 548
377 1547
377 1388
377 877
378 418
378 883
378 1347
378 1126
379 1537
379 1090
379 421
379 1448
379 845
380 999
380 786
380 1526
380 952
380 1533
380 1438
381 1024
381 964
381 1356
381 405
381 1013
381 447
382 1139
382 1004
382 1398
383 776
383 1386
384 1584
384 1541
384 1111
385 1384
385 1514
385 789
385 570
386 1088
386 1553
386 1310
387 912
387 594
387 1046
387 570
387 1278
388 1568
388 639
389 649
389 434
389 1485
389 910
390 1276
390 1300
391 1106
391 757
391 1486
391 815
392 1233
392 773
392 414
393 1402
394 508
394 1285
395 1555
395 827
395 789
395 1110
395 1251
396 785
396 884
396 1134
397 1511
397 1162
397 822
397 1499
398 1489
398 775
398 431
399 744
399 1356
400 864
400 1504
400 482
400 812
400 980
400 917
401 1057
401 1318
401 1232
401 1141
401 1593
402 472
402 1288
402 890
402 1497
402 646
403 1225
403 1579
403 812
403 1523
403 829
404 425
404 451
405 1457
406 993
406 1031
406 583
406 1178
406 560
406 725
406 570
407 1475
407 868
407 1097
407 947
407 1268
407 1213
407 926
408 882
408 628
408 1367
409 505
409 586
409 1527
409 710
409 846
410 1536
410 1125
410 586
410 755
410 1174
410 666
411 704
411 676
411 1196
411 1071
411 1233
412 1067
412 539
412 1092
412 1564
413 968
413 607
415 507
415 502
416 1185
416 1409
416 457
416 1269
416 1404
416 1021
417 888
417 1033
417 1191
417 1006
417 527
418 770
418 868
418 1368
419 1450
419 1526
420 1396
420 500
420 1045
420 1062
421 1127
421 750
421 561
421 437
421 796
421 1085
422 1530
422 559
423 1121
423 1131
423 636
423 909
423 694
424 997
424 1523
425 1443
425 1253
425 711
425 1047
426 1025
426 1031
426 778
426 1105
426 1567
427 777
427 522
428 960
428 641
428 646
428 776
428 828
428 510
429 524
429 726
430 838
430 1237
431 778
431 749
431 1358
431 1304
432 1314
432 1378
432 486
432 1422
433 771
433 1475
433 1289
433 1452
433 922
433 830
434 576
434 1280
434 683
434 461
434 1583
434 1394
434 1173
434 1048
434 829
435 1184
435 1267
435 1427
436 1411
436 1062
436 848
436 1407
437 655
437 762
438 864
439 1094
439 1037
439 688
439 1496
439 765
439 958
440 1131
440 1269
440 1445
441 537
441 1042
441 1229
441 1175
442 878
442 1533
442 462
443 1001
443 767
444 523
444 524
444 828
444 1103
445 1585
445 773
445 630
445 663
446 1248
446 1313
446 1573
446 1488
446 1365
446 891
447 1569
447 611
447 1221
447 461
447 511
448 1076
449 1281
449 1191
449 1355
449 876
449 1466
450 1526
450 1538
450 1470
450 1205
451 1448
451 1595
451 1363
451 635
452 1153
452 1220
452 1068
452 1176
452 1373
453 1476
453 531
453 1556
453 921
453 890
453 1115
454 535
455 1243
455 1100
456 1072
456 1409
456 564
457 1245
457 1216
459 1347
459 508
460 976
460 1098
460 491
461 834
461 904
461 1332
461 1533
462 931
462 645
462 1489
462 921
463 1024
463 674
463 1098
463 1390
464 481
464 1283
464 617
464 1491
464 1399
464 1020
464 510
465 1065
465 1125
466 1124
466 997
466 1562
467 624
468 1418
468 803
469 1146
469 679
469 1296
470 800
470 1511
471 504
471 1260
471 703
472 1549
473 1197
474 1058
474 931
474 1256
474 1486
474 628
474 1268
475 1265
475 1323
475 1473
475 574
476 923
476 1252
477 1567
478 979
478 1220
478 558
478 998
479 1122
479 967
479 552
479 1448
479 908
479 1421
480 1473
480 733
480 1367
480 1073
481 681
481 1178
481 1597
482 798
482 936
483 533
483 1184
484 1186
484 1417
484 656
484 1074
484 855
485 1348
485 808
485 523
485 1453
485 976
485 1558
486 642
486 1506
486 1389
486 666
486 1531
487 674
487 970
487 1227
487 1584
487 1587
487 1109
487 629
487 663
487 987
488 1528
488 1134
488 991
489 566
489 1201
489 668
489 1461
490 712
490 1153
490 1468
491 681
491 795
491 881
492 1159
492 1191
492 1044
493 892
493 1261
494 1281
494 1099
494 1427
494 1050
495 641
495 868
495 913
495 594
495 690
495 1397
496 718
497 692
497 556
497 750
498 934
498 550
498 583
498 1162
498 626
498 668
499 1129
499 1130
499 1323
499 1101
500 741
500 1076
501 1209
501 1314
501 895
502 845
503 910
503 1168
503 817
503 1014
503 540
504 1412
504 725
504 694
504 825
506 800
506 1062
506 918
506 986
507 1050
508 676
508 723
509 964
509 651
509 1328
509 1585
509 534
509 767
510 834
510 679
510 648
510 1492
510 1403
510 1502
511 1509
511 519
511 1481
511 686
512 1496
512 874
512 696
512 786
512 859
513 1153
513 775
513 1171
515 1215
515 994
516 1312
516 650
517 1257
517 994
517 1497
518 900
518 534
518 847
519 1016
519 1399
519 1094
520 1089
520 1210
520 1110
520 1080
520 793
520 922
520 1081
521 1554
522 1312
522 714
522 785
523 1217
523 866
523 1187
523 1441
523 714
524 1193
524 1487
524 949
524 1592
524 985
524 894
524 1439
525 945
525 1483
526 1313
526 1366
526 949
527 1240
527 1422
528 668
528 1343
529 636
529 855
530 928
530 577
530 545
530 1359
530 1107
530 1499
532 1412
532 898
532 1548
532 812
532 1540
533 744
533 1525
533 971
534 679
534 1190
534 1065
534 766
535 886
535 788
535 766
536 818
537 854
538 921
538 1426
538 711
539 658
540 1125
540 1227
540 1439
541 1580
541 628
541 1589
541 1054
542 1324
542 985
543 896
543 1167
543 627
543 1269
543 1307
544 934
544 1041
544 1139
544 696
545 792
545 1032
545 684
546 1380
546 845
546 788
546 952
547 867
547 1045
547 1039
548 1090
548 811
549 1367
549 931
549 1413
549 759
550 608
550 1579
550 655
550 1271
551 1133
551 1193
551 995
551 988
552 1353
553 832
553 771
553 1422
553 1007
553 1336
553 1434
553 862
554 593
554 761
554 1251
554 1564
555 1210
555 1058
555 1235
555 1472
557 849
557 878
557 591
558 1072
558 1396
558 666
558 891
558 1116
559 1449
559 814
559 985
559 1502
560 578
560 936
560 653
560 719
560 1048
560 1372
560 765
561 1158
561 972
561 947
561 1021
562 1537
562 685
562 1272
562 698
562 858
563 1272
563 893
564 801
564 770
564 1379
564 933
564 711
564 1535
564 827
564 574
564 1439
565 1066
565 603
565 1452
566 1189
567 1325
567 845
567 656
567 758
568 835
568 1507
568 1579
568 940
568 1526
568 572
568 637
568 1087
569 1371
569 1204
569 575
570 934
570 1064
570 942
570 1326
571 1408
571 1583
571 1431
571 760
571 958
572 635
572 1261
572 781
572 1115
572 1374
573 613
573 982
574 1472
574 686
575 1239
575 981
576 712
576 899
576 1392
577 1034
577 1071
577 1587
577 884
577 1333
577 1117
578 1049
578 1103
579 699
579 732
580 1512
580 1138
580 1407
581 1505
581 1352
581 1480
581 1450
581 1544
581 1134
581 753
582 1252
582 820
583 696
584 1221
584 695
585 851
585 734
585 1319
586 1209
586 684
586 1462
587 1016
587 739
587 1533
587 1531
588 1463
588 597
588 763
588 1182
588 1279
589 1167
589 1432
589 794
589 1563
589 1373
590 1418
590 1571
590 1490
591 721
591 1279
591 871
592 1331
593 967
593 1422
593 1327
593 1435
594 800
594 1097
594 1234
594 1406
595 1216
595 774
595 1127
595 1383
595 946
595 1235
595 861
596 1344
596 1572
596 1256
596 1097
596 1587
596 886
596 824
597 1025
597 1506
597 716
597 1135
597 1521
598 1257
598 1458
598 1461
599 705
599 1527
600 824
600 1158
601 1419
602 1025
603 931
603 1262
603 1271
604 1499
604 1044
604 1109
605 1331
605 1059
605 1453
606 865
606 1089
606 879
606 1363
606 861
607 1330
608 1546
608 675
609 1082
609 1334
612 1013
614 668
614 1449
614 1260
614 1255
615 728
615 1278
616 708
616 1352
616 683
616 943
616 1364
616 853
616 1176
616 671
617 708
617 1495
618 1026
618 1455
619 1409
619 967
619 740
619 631
620 904
620 1473
620 1340
620 798
621 1377
621 1477
621 1422
622 751
623 1395
624 1583
625 1265
625 1302
625 1311
626 1344
626 813
626 1101
626 1520
626 1527
626 857
627 1282
627 784
628 1588
628 1294
629 700
629 1310
630 1060
630 1438
631 841
631 1421
631 974
631 1521
631 1235
632 988
632 1548
633 784
633 1351
634 1192
634 1036
634 1285
634 1319
635 967
635 1488
635 1302
636 1154
637 975
638 803
638 677
638 1478
638 1260
638 911
638 1135
638 759
639 1005
639 949
639 767
640 940
640 1013
640 1093
641 939
641 1136
641 696
641 1562
642 836
642 1161
642 1422
642 976
642 831
643 961
643 707
643 1419
643 728
644 992
644 1416
644 1397
645 737
645 751
646 1301
647 959
648 1490
648 653
649 1536
649 1538
649 933
649 807
649 814
649 1296
649 852
649 894
650 1440
650 1242
650 738
651 1157
651 1532
651 849
651 1591
651 1305
651 1244
652 754
652 979
653 1378
653 1262
653 1141
654 885
654 973
654 877
655 1281
655 1138
655 1577
656 1415
657 962
657 803
657 1447
657 1160
657 1358
657 943
657 733
658 1056
658 675
658 1028
658 1550
658 1398
659 1228
659 1557
660 836
660 681
660 1388
660 923
660 1373
661 903
662 1056
662 840
662 907
663 1318
663 1487
663 923
664 1217
664 1301
665 1398
666 711
667 1572
668 1447
669 1393
669 810
669 837
670 784
670 928
671 817
672 798
672 887
673 1325
673 698
673 1212
673 1245
674 903
674 1375
675 1056
676 928
676 1153
676 1320
678 1166
679 768
679 865
679 745
679 1006
679 1134
679 1599
680 838
680 1222
680 775
680 1364
680 1368
680 1019
681 901
682 1592
682 1575
682 911
683 1410
683 726
683 1053
684 1073
685 1155
685 1412
685 1227
685 1039
686 1102
686 790
686 921
686 1242
687 1248
687 857
688 1354
688 1134
688 1455
688 1584
688 1499
688 990
689 1555
689 895
690 1024
690 697
690 1550
691 918
691 702
692 995
692 1316
692 933
692 1576
692 1521
692 1405
693 1329
693 1268
694 801
694 1108
694 1590
695 839
695 937
695 974
695 1077
695 730
695 1245
695 1087
696 1274
697 1121
697 1416
697 1260
697 912
697 1329
697 1140
697 1271
697 1592
697 798
698 940
698 798
699 1298
700 1593
700 1550
700 1207
701 875
702 1071
703 896
703 865
704 1112
704 1505
704 1330
704 1414
705 1012
705 1047
705 1272
706 1350
708 1386
708 1422
708 1231
708 1116
709 1102
710 881
711 896
711 1508
711 1192
711 1079
711 1078
711 1525
711 1564
712 858
712 758
713 1585
713 778
714 747
714 1452
715 1081
715 1074
715 1334
715 1321
716 931
716 1159
717 1202
717 1163
718 1422
718 1270
719 1285
719 812
719 848
720 1059
720 1092
720 972
720 973
721 1339
721 1231
722 1098
724 1451
724 1060
725 1122
725 907
726 1128
726 843
726 1424
726 978
726 1106
726 1429
726 1020
727 1266
727 1347
727 1438
728 1060
728 941
728 756
728 1144
730 1032
730 1558
731 1225
733 806
733 1259
733 1072
733 1363
734 1089
734 742
734 1422
734 1298
735 1472
735 1348
735 1451
735 1041
736 769
736 1330
736 1163
736 1411
736 1187
737 773
737 1495
737 1279
739 1554
739 866
740 1414
740 1034
740 947
741 1582
741 1038
741 817
741 1432
742 805
742 813
742 815
742 1108
742 1082
743 1321
743 956
743 1069
743 1545
745 1163
747 1382
747 1482
747 915
747 1498
747 1567
748 1055
748 1116
749 1442
749 1033
749 1388
749 812
749 1292
749 1397
749 1239
750 1542
750 1321
750 1466
751 1253
751 1419
751 949
751 796
752 1409
752 1569
752 914
752 1022
753 1191
753 1291
753 758
754 1136
754 1400
755 1307
755 1334
756 1078
757 897
757 1548
757 1133
757 1231
757 1394
757 1529
757 1276
757 797
757 1342
758 1260
760 1576
761 1598
761 1406
762 1475
762 836
762 1532
762 1311
763 1099
763 814
763 1046
763 1531
764 1595
764 1218
764 1587
764 1269
765 801
765 1475
765 1226
767 1296
768 1536
768 947
768 804
768 1037
769 1120
769 1132
769 1138
769 1271
770 1265
770 949
770 1214
771 817
771 1516
772 1515
772 1516
772 1502
773 1467
774 1474
774 1060
774 882
774 1374
775 1060
776 1586
776 1081
777 976
777 1106
777 1331
777 923
779 1336
779 1325
780 957
781 1096
782 1401
782 869
783 1233
783 1029
784 827
785 1133
785 894
786 1267
786 1110
787 856
787 1203
787 1511
789 1376
789 1537
789 1126
789 1329
789 886
789 1371
790 816
790 1481
791 1583
792 1270
792 868
792 1150
793 1314
793 1187
793 898
793 842
793 1598
795 1002
796 1481
796 1436
797 1144
797 1387
797 803
798 1475
798 1448
799 1211
800 872
800 861
801 1105
802 948
803 1092
803 1160
803 1197
803 1077
803 951
803 1336
804 958
805 1321
805 956
805 1143
806 1372
806 1127
807 1008
807 875
807 1508
807 1166
808 936
808 1585
809 1304
809 1196
810 1051
811 1527
811 1528
812 835
812 1224
813 1316
813 1326
813 815
813 1554
814 1347
814 841
814 1355
814 1395
814 1599
815 1345
815 1512
816 1580
817 1535
817 946
818 1215
818 1454
818 1587
818 1175
818 1535
819 1459
819 1372
819 974
819 1175
820 1167
820 1417
820 975
821 884
821 1286
822 913
822 970
822 1251
823 971
825 1560
826 1286
826 1223
827 1127
827 1080
827 1279
828 1177
828 1476
829 1480
829 938
829 1547
829 1230
830 1475
830 1287
830 956
830 1311
831 1176
831 1389
831 1062
832 1240
832 1488
834 1459
834 1289
834 1211
835 1314
835 1572
835 1576
835 1522
835 1462
836 962
836 1000
836 1273
837 1569
838 876
839 842
840 1582
840 989
841 1597
842 1216
842 1218
842 1115
842 1182
843 1050
843 1567
844 1442
844 1081
844 1372
845 962
845 996
845 1590
846 1047
847 1272
847 1266
847 1109
848 1257
848 1599
849 1360
851 1476
851 1164
851 1343
852 1316
853 1282
853 1363
855 1102
855 1583
855 982
856 1241
856 1434
856 1183
857 870
857 1179
858 943
858 1203
859 1570
860 1136
860 1229
860 1523
861 1228
861 1262
862 885
863 931
863 1511
863 1386
863 1003
863 1197
863 1427
864 1122
864 1370
864 1236
864 1210
865 1059
865 1144
866 1533
867 1571
867 1202
867 1573
868 1417
868 1592
868 1163
868 1014
869 1120
869 1152
869 1129
869 1392
869 913
869 1137
869 1301
869 1398
870 1128
870 1527
870 1337
871 971
871 1229
871 949
871 1270
871 1559
871 1496
872 932
872 1433
873 1569
873 1413
874 1233
874 1099
874 1487
875 1292
877 1270
877 1307
877 1595
878 1036
878 1274
878 1149
878 1086
880 1585
880 1083
880 895
881 1422
881 1238
881 1143
881 1113
881 1051
882 1064
882 1293
883 1370
884 1259
884 1490
884 1013
884 1307
884 1501
885 1228
886 1382
886 1547
887 1273
888 1103
888 1335
888 1595
889 1100
889 1398
890 1318
890 1259
890 1036
890 1523
890 953
891 1157
891 1004
891 1036
891 1079
892 1549
893 1408
893 1179
894 1009
894 1005
895 1347
895 1230
896 966
897 1287
897 1197
897 1461
897 1334
898 992
898 1173
899 1441
899 1425
899 1277
899 958
901 1278
901 1095
902 1459
902 1054
902 1319
904 1213
905 1576
905 971
906 1217
906 1469
908 1433
908 1210
908 956
910 1178
910 971
911 1401
912 1138
912 1010
912 958
913 1417
913 1527
915 996
915 1415
916 1312
916 1264
916 1305
917 1137
917 1014
918 1082
918 1414
918 959
919 936
919 1594
919 1368
919 1182
920 1017
922 1204
922 1229
923 948
924 1184
924 969
924 1223
925 1450
925 1198
925 947
925 1528
925 953
925 1502
925 1151
926 1557
926 1468
928 1164
928 1231
928 1266
928 1401
929 1190
929 1129
929 1260
930 1223
930 1220
931 937
931 990
932 1292
932 941
932 1007
933 1174
935 1048
935 1455
936 1597
936 1572
936 1487
937 1223
938 1336
938 1511
938 1456
939 964
940 981
941 1378
941 966
941 1420
941 1103
941 954
942 1197
942 1183
943 1088
943 1455
943 1426
943 1307
945 1455
947 1146
949 1565
950 1473
950 1577
951 1377
952 1103
953 993
953 1409
953 1159
953 1359
953 982
954 1408
954 1057
954 1559
954 1527
955 1342
955 997
955 1134
956 1058
956 1491
956 1432
957 1472
957 972
957 1296
957 1302
957 1498
958 1191
958 1118
959 1286
959 1023
960 1353
960 1390
962 1139
962 1460
962 1109
963 1511
963 1147
964 1329
965 1186
965 1353
965 1050
965 1371
966 1379
967 1026
967 1023
968 1367
969 1121
969 1346
969 1046
970 1320
971 1240
972 1595
973 1348
974 1480
975 1478
975 1364
977 1255
977 1015
978 1457
978 1034
980 1010
980 1597
980 1130
981 1378
981 1033
981 1366
981 1439
982 1575
983 984
983 1393
984 1145
985 1541
986 1058
987 1104
987 1338
988 1546
988 1386
988 1418
989 1153
989 1445
989 1142
989 1046
990 1067
990 1480
990 1055
991 1395
992 1482
992 1578
992 1339
993 1394
994 1554
994 1303
995 1575
996 1427
997 1249
997 1496
997 1331
999 1519
999 1407
1001 1225
1002 1283
1002 1565
1003 1070
1004 1120
1004 1257
1004 1515
1004 1011
1005 1330
1005 1274
1007 1363
1007 1339
1008 1423
1008 1317
1009 1402
1009 1327
1010 1521
1011 1547
1011 1486
1012 1369
1012 1033
1014 1336
1014 1491
1015 1224
1015 1483
1015 1340
1015 1567
1016 1089
1016 1574
1016 1458
1016 1499
1018 1560
1018 1357
1020 1543
1021 1452
1021 1485
1021 1043
1021 1594
1022 1503
1023 1414
1023 1439
1023 1399
1026 1164
1026 1266
1026 1084
1026 1087
1027 1451
1027 1213
1028 1393
1028 1432
1028 1302
1030 1466
1030 1235
1031 1384
1031 1356
1031 1275
1032 1192
1032 1451
1033 1064
1034 1549
1035 1573
1035 1343
1035 1367
1035 1231
1036 1459
1037 1180
1038 1046
1039 1488
1039 1489
1039 1148
1040 1504
1040 1130
1040 1187
1040 1221
1041 1538
1041 1461
1041 1212
1042 1074
1042 1103
1043 1162
1043 1363
1043 1330
1045 1576
1045 1340
1046 1432
1046 1382
1046 1271
1047 1546
1047 1364
1048 1409
1049 1273
1050 1461
1052 1278
1053 1176
1053 1116
1053 1143
1054 1122
1054 1282
1054 1445
1054 1481
1054 1301
1055 1129
1058 1470
1059 1512
1059 1459
1060 1294
1061 1125
1062 1120
1062 1489
1062 1363
1063 1482
1065 1165
1065 1262
1065 1304
1065 1215
1066 1578
1066 1262
1066 1528
1066 1434
1067 1508
1067 1096
1067 1363
1067 1367
1068 1093
1068 1105
1068 1493
1068 1336
1068 1403
1068 1181
1070 1546
1070 1442
1070 1086
1071 1437
1072 1231
1072 1531
1072 1086
1072 1247
1074 1262
1074 1437
1076 1410
1076 1403
1078 1352
1078 1187
1078 1509
1079 1168
1079 1315
1080 1544
1080 1299
1081 1539
1081 1348
1082 1115
1083 1162
1083 1095
1084 1252
1084 1300
1084 1333
1084 1565
1084 1310
1087 1586
1087 1494
1088 1294
1089 1476
1089 1321
1089 1171
1090 1557
1091 1321
1091 1585
1091 1385
1092 1357
1094 1324
1094 1564
1095 1357
1096 1237
1096 1442
1097 1218
1097 1158
1097 1390
1100 1447
1100 1406
1101 1268
1101 1146
1103 1594
1103 1338
1106 1324
1106 1140
1106 1529
1106 1531
1108 1408
1108 1366
1108 1269
1109 1370
1110 1266
1110 1300
1110 1565
1111 1524
1111 1494
1112 1390
1113 1511
1114 1192
1114 1210
1115 1369
1116 1451
1116 1458
1118 1229
1119 1372
1119 1198
1123 1195
1123 1189
1123 1358
1124 1373
1125 1247
1126 1364
1127 1497
1128 1552
1128 1266
1129 1439
1129 1195
1129 1390
1129 1550
1129 1425
1129 1493
1129 1526
1129 1532
1132 1277
1133 1175
1133 1494
1135 1508
1135 1351
1135 1329
1135 1240
1135 1469
1137 1443
1138 1164
1138 1148
1139 1329
1140 1484
1140 1367
1141 1218
1141 1433
1142 1379
1143 1405
1144 1194
1144 1294
1144 1596
1146 1397
1147 1335
1148 1573
1148 1206
1150 1158
1156 1283
1156 1398
1157 1256
1158 1477
1159 1349
1160 1524
1160 1546
1161 1466
1161 1444
1162 1192
1163 1580
1165 1242
1165 1213
1165 1182
1166 1510
1167 1267
1168 1201
1168 1491
1169 1328
1169 1393
1171 1444
1172 1440
1172 1307
1172 1190
1174 1199
1174 1398
1174 1245
1174 1279
1175 1272
1175 1183
1177 1346
1178 1351
1179 1443
1181 1525
1182 1415
1184 1285
1187 1199
1187 1595
1189 1521
1189 1341
1191 1217
1191 1529
1192 1377
1192 1420
1192 1555
1193 1295
1194 1219
1194 1246
1195 1382
1195 1385
1195 1358
1196 1496
1198 1346
1198 1512
1198 1405
1198 1338
1199 1474
1199 1254
1200 1231
1201 1503
1202 1266
1203 1414
1203 1407
1204 1292
1204 1430
1206 1229
1207 1347
1208 1295
1209 1450
1209 1546
1209 1360
1211 1365
1211 1279
1212 1573
1212 1445
1214 1317
1216 1235
1217 1551
1217 1268
1217 1430
1217 1372
1218 1466
1219 1520
1219 1248
1219 1531
1220 1529
1222 1459
1222 1415
1224 1480
1226 1491
1227 1320
1228 1533
1229 1448
1229 1298
1231 1285
1231 1318
1231 1556
1232 1308
1232 1473
1234 1340
1234 1527
1235 1591
1236 1409
1236 1498
1236 1424
1238 1569
1239 1386
1239 1524
1240 1321
1240 1393
1240 1308
1240 1534
1241 1304
1242 1355
1243 1374
1244 1561
1244 1597
1245 1533
1245 1347
1245 1341
1246 1463
1247 1254
1247 1260
1250 1439
1251 1295
1252 1554
1253 1313
1256 1285
1256 1414
1258 1358
1259 1413
1260 1400
1260 1558
1261 1555
1261 1334
1261 1375
1262 1578
1262 1275
1263 1572
1263 1542
1264 1346
1265 1334
1266 1548
1267 1499
1269 1409
1270 1489
1272 1370
1273 1581
1273 1565
1274 1280
1278 1347
1278 1449
1280 1427
1280 1550
1281 1405
1283 1535
1284 1476
1285 1581
1286 1538
1287 1323
1289 1548
1289 1496
1289 1565
1290 1374
1291 1534
1292 1455
1292 1563
1295 1347
1295 1560
1295 1554
1296 1300
1296 1596
1298 1302
1299 1374
1301 1347
1303 1448
1303 1592
1304 1331
1305 1389
1308 1369
1311 1590
1312 1498
1313 1494
1314 1573
1315 1554
1317 1521
1318 1557
1320 1570
1322 1533
1323 1562
1324 1517
1324 1395
1330 1538
1330 1356
1330 1422
1330 1522
1332 1350
1334 1570
1336 1476
1336 1451
1336 1491
1337 1466
1337 1571
1337 1493
1338 1418
1338 1551
1341 1446
1341 1591
1342 1349
1343 1560
1344 1504
1345 1531
1349 1449
1349 1559
1351 1354
1352 1395
1355 1391
1357 1583
1357 1490
1357 1407
1358 1373
1359 1496
1360 1377
1362 1416
1363 1424
1364 1433
1366 1427
1366 1543
1367 1573
1367 1417
1367 1516
1370 1383
1370 1406
1371 1584
1372 1511
1372 1493
1374 1435
1376 1575
1377 1477
1382 1449
1382 1431
1384 1456
1385 1599
1386 1521
1387 1516
1387 1519
1388 1576
1390 1506
1390 1564
1392 1516
1397 1503
1398 1425
1398 1459
1400 1561
1402 1486
1403 1571
1403 1510
1403 1480
1403 1434
1405 1506
1406 1419
1408 1532
1410 1573
1410 1577
1411 1466
1411 1429
1413 1485
1414 1521
1414 1470
1416 1598
1417 1420
1417 1432
1419 1589
1421 1514
1421 1488
1421 1555
1424 1533
1426 1483
1427 1430
1428 1447
1430 1466
1433 1554
1435 1578
1437 1507
1444 1588
1447 1481
1452 1594
1454 1489
1454 1510
1457 1541
1459 1494
1461 1504
1462 1480
1464 1472
1467 1558
1471 1549
1475 1484
1478 1572
1479 1520
1481 1540
1484 1511
1484 1515
1485 1572
1487 1532
1490 1501
1493 1562
1497 1572
1503 1518
1524 1528
1526 1578
1528 1560
1537 1596
1540 1546
1548 1596
1574 1584
