1600 4000
0 40
0 1227
0 140
0 528
0 688
0 758
0 1468
1 1033
1 1518
1 1198
1 815
1 949
1 1118
2 1258
2 1107
2 621
3 1505
3 1063
3 303
4 1543
4 462
4 15
4 1169
4 819
4 372
4 159
5 225
5 1068
5 879
5 1302
5 1368
5 217
6 512
6 1291
6 205
6 401
6 1238
6 1208
6 1052
7 817
7 114
7 1098
7 470
7 1533
8 379
8 979
8 879
9 656
9 674
9 363
9 651
9 583
10 355
10 612
10 804
10 586
10 344
10 1114
11 432
11 1215
11 1531
11 1141
11 975
12 1344
12 219
12 433
12 1140
12 1077
12 187
13 1319
13 1003
13 301
13 1173
13 1494
13 151
14 1113
14 769
14 618
14 213
14 815
15 512
15 513
15 1004
15 1331
15 25
16 1328
16 1593
16 911
17 289
17 698
17 746
18 736
18 1478
18 743
18 1576
18 554
18 688
19 1347
19 996
19 232
19 428
19 560
19 1438
20 1428
21 453
21 774
21 392
21 306
21 222
21 127
22 915
22 1443
22 1127
23 1386
23 52
24 176
24 504
24 1261
24 1062
25 833
25 1199
25 1520
25 561
25 1172
26 1393
26 202
26 661
27 248
27 817
27 1509
27 461
27 728
28 1472
28 1058
28 580
28 333
29 392
29 1075
29 395
29 1488
30 185
30 1506
30 1245
31 612
31 548
31 584
31 1434
31 283
31 1533
31 1150
32 482
32 1285
32 974
32 945
32 469
32 440
33 1577
33 403
33 979
34 993
34 262
34 653
34 1297
34 1300
34 217
34 1435
34 446
35 936
35 505
35 1118
36 1537
36 801
36 1102
37 839
37 806
37 551
38 800
38 769
38 1347
38 432
38 308
38 1561
38 1562
39 124
39 428
39 1538
39 52
39 1535
40 1545
40 282
40 303
41 1219
41 582
41 491
41 1100
41 815
41 1327
41 187
42 188
42 949
42 548
43 600
43 1057
43 349
44 1042
44 875
44 652
44 1574
45 464
45 65
45 186
45 1467
45 1414
46 320
46 65
46 266
46 943
46 1054
46 351
47 169
47 477
48 1252
48 198
48 1390
48 210
48 404
48 1493
48 1528
48 59
48 1084
48 573
49 200
49 513
49 914
49 211
49 476
50 1008
50 951
50 827
50 993
50 935
51 830
51 1510
51 742
52 771
52 1350
52 1292
52 1457
52 1109
52 1567
53 614
53 415
54 1036
54 302
54 979
54 1173
54 1078
54 668
55 64
55 1542
55 1512
55 76
55 173
55 1520
55 1047
55 671
56 176
56 1027
56 1156
56 1046
57 868
57 1542
58 665
58 1228
58 701
58 765
58 1462
59 487
59 331
59 492
59 685
59 1330
59 1362
59 601
60 1216
60 1513
60 881
60 596
60 1525
60 86
61 1472
61 688
61 976
61 1200
61 755
61 181
61 505
61 1338
61 187
61 479
62 323
62 293
62 523
62 720
62 792
62 1085
63 257
63 419
64 521
65 553
65 722
65 724
65 987
65 607
66 1203
66 724
67 1186
67 452
67 426
67 595
67 1012
67 1427
67 248
67 987
67 573
68 976
68 601
68 886
68 300
68 308
69 312
69 1418
69 1294
69 1391
69 1492
69 248
70 906
70 891
70 276
70 757
71 582
71 556
71 430
71 785
72 1097
72 1353
72 781
72 848
72 1464
72 345
72 1085
72 1279
73 674
73 784
73 444
73 907
73 148
74 1089
74 1153
74 613
74 331
74 718
74 255
75 1390
75 556
75 1060
76 867
76 1353
76 398
76 273
76 1278
77 903
77 323
77 284
77 1583
77 535
78 387
78 645
78 264
78 1292
78 1394
78 985
78 1020
78 733
79 739
79 820
79 1134
79 607
80 98
80 232
80 844
80 973
80 1175
80 991
81 128
81 643
81 453
81 903
81 1484
81 402
81 1042
81 919
81 188
82 944
82 820
82 302
83 634
83 1050
83 348
83 1157
83 614
84 1376
84 998
84 1544
84 428
84 1580
84 1170
84 789
84 343
84 1403
84 799
85 1009
85 122
85 1170
85 135
86 673
86 930
86 391
86 157
86 703
87 268
87 414
87 588
88 1058
88 842
88 719
88 1235
88 246
88 1310
89 1456
89 700
89 1399
89 367
90 1254
90 711
90 1325
90 1524
90 340
90 189
91 1158
91 1513
91 526
91 1492
91 1174
91 1208
91 217
92 1304
92 1360
92 659
92 1477
92 1126
93 682
93 202
93 291
93 1148
94 457
94 1354
94 849
94 918
94 793
94 189
95 848
95 719
96 1472
96 1492
97 1249
97 291
97 1029
97 686
97 1136
97 601
97 283
97 893
98 1274
98 1523
98 614
99 913
99 164
99 1311
99 1063
100 1473
100 580
100 910
100 1524
101 1560
101 1419
101 1197
101 543
102 442
102 1014
102 367
103 666
103 356
103 246
103 1046
104 677
104 776
104 1545
104 558
104 1492
104 280
104 443
104 1566
104 703
105 256
105 1155
105 839
105 237
105 1454
105 791
105 731
105 1469
106 1094
106 811
106 1391
106 1200
106 243
106 1271
106 1564
106 125
106 606
106 127
107 873
107 706
108 368
108 657
108 821
108 1021
108 319
109 785
109 661
109 1462
109 695
109 1016
109 729
109 893
110 121
110 851
110 131
110 348
110 699
111 741
111 739
111 565
111 766
111 247
112 904
112 410
112 1442
112 492
113 689
113 767
114 1226
114 1339
115 642
115 524
115 167
116 1089
116 1211
116 932
117 673
118 401
118 962
118 1066
118 285
118 1461
119 978
119 511
119 1324
119 375
120 1554
121 1407
121 360
121 362
121 874
121 703
121 307
121 630
121 695
121 605
121 447
122 228
122 374
123 784
123 1501
123 629
123 1488
124 1408
124 837
124 871
124 1192
124 242
124 1465
125 1290
125 1182
125 919
126 640
126 833
126 738
126 1441
126 1054
126 728
126 1182
127 708
127 540
127 1117
128 1455
128 1301
128 231
129 1223
129 775
129 336
129 1112
129 1018
129 539
130 1362
130 1043
130 1578
130 958
131 304
131 1361
131 635
131 963
132 1374
132 260
132 1488
132 1496
132 761
132 670
133 457
133 1330
133 356
133 1542
134 1251
134 868
134 648
134 1576
134 170
134 503
134 696
134 989
135 625
135 915
135 1076
135 677
136 585
136 157
136 735
137 1265
137 1219
137 1531
137 1007
138 1497
138 827
138 140
138 838
139 929
139 1317
139 1277
139 157
139 1111
140 1029
140 817
140 594
140 1137
140 566
140 633
140 541
140 1182
141 954
141 1490
141 754
141 1314
141 1589
142 688
142 1313
142 810
143 960
143 163
143 1124
143 1190
143 501
143 693
143 442
144 801
144 221
144 462
144 895
145 1408
145 1315
145 520
145 1321
145 396
145 1516
145 177
145 1236
145 1468
145 1435
145 892
146 1504
146 232
146 904
146 937
146 209
146 509
146 478
147 1518
147 490
147 1347
147 462
147 631
148 552
148 1231
148 277
148 406
148 1496
148 1049
148 1468
148 1311
149 1109
149 879
150 708
150 1195
150 1132
150 204
150 783
150 1560
150 154
150 635
151 803
151 1253
151 941
151 1524
151 951
152 1287
152 1259
152 1163
152 172
152 335
152 1173
153 1319
153 798
153 927
154 472
154 739
154 455
155 1313
155 962
155 199
155 938
155 554
155 1484
155 1206
156 1235
156 188
156 1343
157 1298
157 1045
157 441
158 160
158 1287
158 808
158 231
158 1069
158 719
159 1448
159 825
159 1067
159 791
162 528
162 729
162 1089
162 1117
163 831
163 1023
163 397
164 1417
164 1042
164 627
164 754
164 438
164 1467
165 1145
165 1502
165 734
165 486
166 1362
166 188
166 717
167 481
167 940
167 974
168 594
168 746
168 1302
169 744
169 1057
169 1362
169 531
170 1152
170 1093
170 456
170 975
170 183
170 281
171 194
171 520
171 1130
171 1005
171 1519
171 916
172 768
172 850
172 972
172 607
173 1223
173 264
173 1200
173 825
173 1181
173 478
174 280
174 552
175 806
175 866
175 852
175 478
175 631
176 1287
176 938
176 1198
176 1521
177 1586
177 425
177 892
177 846
178 1275
178 1531
178 431
179 360
179 1291
179 404
179 334
179 1167
180 988
180 1149
181 1493
181 1271
182 448
182 706
182 899
182 426
182 779
182 816
182 798
183 681
183 1490
183 518
183 873
184 1468
184 1076
185 1060
185 519
185 616
185 1357
185 691
185 1597
186 641
186 581
187 258
187 228
187 1577
187 1005
187 1484
187 1238
188 737
188 1505
188 901
188 520
188 1551
188 1080
188 857
188 1055
189 450
189 268
189 346
190 704
190 1522
190 556
190 591
190 343
191 1384
191 1172
191 1060
191 1535
192 795
192 739
192 1318
193 1322
193 1419
193 816
193 1138
193 410
193 827
193 508
194 498
194 322
194 1228
194 1392
195 699
195 1574
196 641
196 451
196 1572
197 1300
198 306
198 1370
198 589
199 1177
199 489
199 1549
199 1328
199 921
199 1022
200 1325
201 234
201 957
202 990
203 384
203 763
203 1180
203 878
203 1550
204 929
204 1570
205 1485
205 885
205 1590
205 757
206 513
206 451
206 1379
206 1514
206 526
206 879
206 474
206 1246
206 607
207 1321
207 1561
208 900
208 1382
208 520
208 621
208 979
208 344
208 316
209 282
209 463
210 856
210 796
211 1023
212 379
212 838
213 548
213 1393
213 1042
213 1497
213 955
214 709
214 1287
214 939
214 439
214 509
214 1247
215 833
215 615
215 1259
215 366
215 1363
215 376
216 1436
216 890
216 1250
216 646
217 547
217 1384
217 1456
217 442
217 221
218 1248
218 930
218 1260
218 1311
219 1470
219 916
219 1496
219 857
219 1182
220 672
220 1337
220 1140
221 1512
221 1074
221 378
221 1149
222 370
222 1443
223 1048
223 1113
223 1404
223 1167
224 1017
224 1387
224 852
224 237
224 1574
225 320
225 902
225 810
225 879
225 719
225 758
225 984
225 1595
225 1117
226 1122
226 839
226 775
226 718
226 880
226 819
226 725
226 667
226 1278
227 1446
227 1099
227 235
227 1307
227 337
227 1051
227 415
228 1317
228 965
228 554
228 1389
229 929
229 877
229 558
229 742
230 1441
230 1477
230 870
230 937
230 1324
230 464
230 561
230 438
230 956
231 1154
231 1475
231 1384
231 589
231 600
232 1413
232 455
232 379
232 733
233 1440
233 449
233 1570
233 1125
233 776
233 876
233 1101
233 339
233 564
233 1304
233 828
234 1458
234 737
235 1165
235 530
235 946
235 602
235 598
235 1465
235 346
236 639
237 608
237 1142
237 1468
237 1213
238 1371
238 1599
239 1346
239 549
239 818
239 597
239 341
239 1470
240 1222
240 710
240 392
240 1230
240 1007
240 977
240 1394
241 877
242 930
242 882
242 804
243 354
243 740
243 1061
243 1039
243 478
244 848
244 603
244 293
245 1562
245 947
245 844
245 1259
245 431
246 1377
246 1155
246 653
246 1106
247 585
247 1582
247 466
247 562
247 821
248 709
248 1591
248 1032
248 908
248 1522
248 1047
248 1303
249 530
249 1484
249 858
250 1534
250 449
250 538
250 1293
250 630
251 1026
251 517
251 1005
251 688
251 401
251 1172
251 697
252 1024
252 1347
252 859
252 468
253 1376
253 933
253 814
253 697
253 1373
253 830
254 576
254 1442
254 1180
254 920
254 750
255 1040
255 1546
255 1163
256 867
256 1127
256 552
256 300
256 693
256 346
257 536
257 654
258 1121
258 1104
258 914
258 1299
258 1247
259 1156
259 1222
259 1288
259 1257
259 815
259 786
259 1244
260 1509
261 730
261 1435
261 740
262 1546
262 798
262 306
262 1363
262 1275
262 830
263 584
263 1003
263 628
263 525
263 941
264 1090
264 518
265 552
265 689
265 1530
265 1351
266 451
266 1450
266 375
266 1240
266 861
266 895
267 921
267 877
267 437
268 1184
268 837
268 1479
268 653
268 786
268 598
269 835
269 386
269 587
269 348
269 1106
270 1017
270 1012
271 1024
271 796
272 683
273 546
273 1098
273 559
273 1307
273 1428
273 375
273 729
273 666
273 699
273 1021
274 386
274 388
274 1460
274 1596
274 1100
275 1114
275 421
275 1205
275 1402
275 349
275 1278
276 593
276 1043
276 499
276 315
276 895
277 472
277 1162
277 1396
277 509
278 318
278 1033
278 553
278 1295
278 1042
278 1139
278 439
278 1436
278 862
278 863
279 456
279 1037
279 1530
279 755
279 442
279 287
280 1056
280 418
280 931
280 1130
280 796
280 1055
281 960
281 633
281 1245
282 388
282 582
282 777
282 754
282 1110
282 829
283 390
283 1257
283 596
283 919
284 710
284 318
285 577
285 1058
285 548
285 998
285 1158
285 841
285 383
286 1324
286 1490
286 364
286 398
287 1027
287 869
287 1544
287 713
287 1289
287 1489
287 1048
288 1228
288 595
288 412
288 1239
289 1048
289 1061
289 1561
289 775
290 776
290 1161
290 1419
291 1547
291 1529
291 1437
292 723
292 1220
292 470
293 425
293 493
293 373
293 980
293 1437
293 797
294 1346
294 295
294 1511
294 660
294 1014
294 951
294 696
295 1169
295 1190
295 1301
295 1558
296 1016
296 1130
296 371
297 472
297 571
297 485
298 696
298 894
298 478
299 824
299 414
299 998
300 547
300 659
300 1558
300 831
301 1446
301 1223
301 1299
301 570
301 1110
301 314
301 667
301 1534
303 1025
303 1355
303 558
303 1145
303 1118
304 867
304 870
304 1427
304 628
304 1557
305 352
305 649
305 1586
305 689
305 902
306 579
306 899
306 1285
306 426
306 977
306 1524
306 822
307 581
307 537
308 1510
308 1528
308 607
309 1112
309 700
309 1022
310 912
310 1293
310 349
310 1519
311 1040
311 482
311 1422
311 652
311 1260
312 1448
312 1003
313 1017
314 1250
314 427
314 1052
314 1364
315 497
315 563
315 1530
315 1500
315 381
316 1121
316 775
316 455
316 1351
316 980
316 761
317 1179
317 477
318 1416
318 1528
318 1101
318 1262
318 568
319 650
319 980
320 1538
320 773
320 1445
320 1236
320 1369
320 1439
321 961
321 1191
321 905
321 1067
321 1165
321 1108
322 952
323 1579
323 432
323 850
323 1268
324 387
324 1574
324 1193
324 331
324 1236
324 1270
324 508
325 1324
325 1332
325 1559
326 1485
326 994
326 747
326 949
326 671
327 608
327 1162
327 499
327 1109
328 1267
328 1332
328 462
328 1199
329 1256
329 932
329 1334
329 399
330 338
330 387
330 486
331 1416
331 1296
331 1245
332 1264
332 1465
332 1300
333 852
334 801
334 1569
334 1062
334 554
334 910
334 758
335 1184
335 1186
335 755
335 443
335 1245
335 1407
336 584
337 472
337 1004
337 854
337 1359
338 448
338 1390
338 346
338 854
339 1501
339 535
340 1518
340 718
341 992
341 475
341 1238
341 1030
342 952
342 1466
342 758
343 1344
343 744
343 1113
343 346
343 955
344 746
344 855
344 551
345 1252
345 1382
345 1328
345 1556
345 1371
345 1087
346 1579
346 510
347 1403
348 417
348 1459
348 604
348 1533
349 784
349 906
350 720
350 526
351 1314
351 839
351 622
351 494
351 367
351 531
351 1310
352 1586
352 417
352 988
352 819
353 953
353 986
353 1141
353 757
353 1401
354 552
354 705
354 1363
354 1542
355 562
355 1205
356 1571
357 832
357 540
357 669
357 1111
357 399
358 728
358 777
358 490
358 956
359 392
359 467
359 679
360 574
360 1595
361 744
361 805
361 517
361 936
361 1431
362 1155
362 567
363 576
363 1411
363 420
363 742
363 878
364 1344
364 1570
364 451
364 739
364 590
364 535
364 1564
365 1472
365 625
365 563
365 947
365 1302
365 1085
366 399
366 1503
366 1459
366 672
367 864
367 527
367 849
367 854
367 950
368 1519
368 709
368 1551
368 1213
369 737
369 1410
369 938
369 1585
369 1077
369 1114
370 1073
370 1473
371 1397
371 1375
372 1028
373 705
373 1402
373 931
374 1472
374 1489
374 1203
374 562
375 960
375 498
375 862
375 1399
376 1315
376 1044
376 760
376 699
376 636
376 572
377 513
377 650
377 401
377 498
377 627
377 1209
377 666
378 1409
378 966
378 1480
378 974
378 1535
379 948
379 1180
380 1065
381 1411
381 1290
381 684
381 1168
381 1245
381 382
382 1370
383 1594
383 883
383 1014
384 1061
384 457
384 682
384 691
384 984
384 793
384 1598
384 1439
385 1336
385 868
385 741
385 1227
385 1237
385 1560
386 426
386 1525
386 559
387 1112
388 1386
388 524
388 1044
388 1080
388 1564
389 1447
389 1103
389 1074
389 507
389 604
389 925
389 446
390 1075
390 1469
390 987
390 1166
392 1100
392 562
392 1276
392 733
393 1022
393 511
394 440
394 600
394 1541
394 1351
394 968
395 1496
395 1329
395 531
395 783
396 880
396 903
397 1441
397 622
397 399
397 1428
397 1206
398 1088
398 743
398 1580
398 565
398 1270
398 1403
399 1026
399 1135
399 1041
399 857
399 1594
399 734
400 809
400 1178
400 861
401 1355
401 1309
401 1247
402 1176
403 1066
403 875
403 817
404 1305
404 692
404 686
405 1155
405 1350
405 1032
405 1164
405 429
405 1599
405 955
405 478
405 1279
406 1130
406 1520
406 662
406 857
406 412
407 1406
408 695
408 1163
408 486
408 519
409 840
409 851
409 439
410 1188
410 1415
410 1043
410 979
412 520
412 958
412 777
413 1538
414 640
414 1248
414 849
414 1493
415 644
415 1259
415 1366
415 1399
415 667
416 961
416 1480
416 1167
416 1295
416 911
416 601
417 436
417 494
417 1074
418 1185
418 1188
418 711
418 904
418 942
418 526
418 881
418 1429
419 482
419 1411
419 1348
419 583
419 849
419 506
420 473
420 727
421 770
421 453
421 558
421 1455
421 760
421 1372
421 1309
422 1234
422 1109
422 1013
422 886
423 483
423 788
423 1268
423 844
424 938
424 658
424 1102
424 1383
425 1272
425 678
425 1534
426 1283
426 721
426 1238
426 1082
426 799
427 946
427 1057
428 1251
428 1447
428 624
428 598
428 1530
429 1322
429 1131
429 1374
430 1336
430 673
430 1538
430 1596
431 1555
431 750
432 1224
432 467
432 1213
432 1182
433 1574
433 1160
433 1011
433 1208
433 921
433 1306
433 956
433 1181
434 1124
434 1241
434 795
434 1092
434 1593
435 1353
435 1014
435 1558
436 1188
436 837
436 1389
436 1133
436 1109
437 477
437 839
437 917
437 893
437 1150
438 1164
438 497
438 786
438 819
438 1465
438 1436
439 960
439 553
439 817
439 471
440 1002
440 1389
440 1485
440 754
440 948
440 504
440 572
441 646
441 1005
441 1168
441 946
441 1591
441 1596
441 509
442 741
442 1127
442 712
442 1112
443 683
443 724
443 1431
443 1308
444 816
444 1454
444 1142
444 1303
446 1212
446 839
447 952
447 1586
447 500
447 1006
448 1457
448 1599
448 1327
449 1050
449 1509
449 681
449 1385
449 716
449 502
449 1048
449 1310
450 938
450 466
450 1555
450 1402
451 1123
451 524
451 1400
452 1305
453 647
453 982
453 1370
453 476
454 624
454 747
454 1515
455 741
455 1321
455 693
456 778
457 805
457 814
457 1010
457 467
458 1475
458 639
458 1589
458 527
459 1528
459 682
459 810
459 1479
459 799
460 742
460 1130
460 527
460 1586
460 820
460 1051
461 1121
461 868
461 581
461 1414
461 1445
462 1446
462 750
462 627
462 723
462 789
462 664
463 1472
463 604
463 965
463 598
464 1189
465 674
466 1283
466 1540
466 1444
466 909
467 604
467 525
468 1476
468 811
468 758
468 1495
468 1560
469 1473
469 1412
470 1140
470 778
470 1279
471 1131
471 1103
471 1331
471 1236
471 917
472 640
472 598
473 1578
473 846
473 1427
473 1589
473 567
473 1528
473 1565
474 1506
474 683
474 1567
476 686
476 1203
476 532
476 1332
476 479
477 968
477 722
477 1469
478 1443
478 1031
478 937
478 654
478 1390
479 1065
479 843
479 747
479 1457
479 1558
479 1207
479 1467
480 648
480 889
480 1514
480 1037
481 1345
481 809
481 594
481 908
482 608
482 711
482 871
482 1102
482 726
483 517
483 839
484 1458
484 1450
484 1299
485 1409
485 517
485 845
485 1103
485 1331
486 967
486 1104
486 1233
487 1190
488 1128
488 1457
488 1133
489 1579
489 924
490 1124
490 548
490 1130
490 1482
490 1173
490 1368
491 611
491 828
491 915
491 1061
492 640
492 1030
492 1160
492 1097
493 1109
494 1196
495 1020
495 1046
497 1509
497 1033
497 1579
497 848
498 1158
498 1033
498 1418
498 1230
498 1110
498 1468
499 1472
499 779
499 1452
499 829
500 1156
500 855
500 1209
500 1019
500 1055
501 1510
501 1382
502 1080
502 1392
503 1078
503 1095
503 1014
504 1505
504 1124
504 1015
504 763
505 1209
505 1033
505 943
505 1077
505 1080
505 1113
505 1341
506 1232
506 625
506 1079
506 1529
506 1471
507 1428
507 1292
507 1228
508 845
508 1462
509 1125
509 1075
510 514
510 1358
510 1487
511 1280
511 1159
511 1102
511 1520
511 628
513 582
513 1270
514 681
514 894
514 1529
515 1212
515 1116
515 1071
516 1159
517 1283
517 1388
517 1581
517 594
517 1528
517 1466
518 649
518 1041
518 1272
518 1402
519 1251
519 714
519 883
519 1372
520 1117
521 823
521 1550
521 720
522 1418
523 778
523 1076
523 887
523 858
523 1467
524 608
524 609
524 913
524 862
525 1196
525 917
525 1532
526 847
526 1587
527 833
527 675
527 743
528 883
528 1198
528 1495
529 908
529 1053
530 1271
531 648
531 842
531 1352
531 1487
531 1336
531 1435
531 988
532 1520
532 613
532 917
533 1176
533 1585
533 1392
533 1375
534 1081
534 797
534 646
535 832
535 808
535 751
535 984
536 1317
536 1102
537 1361
537 761
537 1093
537 865
538 824
538 987
538 716
539 1437
539 895
542 667
542 1246
542 1295
543 1401
543 1203
544 1440
544 964
544 1518
544 1092
545 1205
546 672
546 1336
546 1111
547 1506
547 1483
547 855
548 649
548 853
549 674
549 685
549 1236
549 1307
549 798
550 912
550 1082
550 949
551 698
551 728
552 1410
552 1338
552 1371
552 732
552 925
553 839
553 1129
553 1226
553 754
553 1144
553 606
554 1324
554 1499
554 926
555 1032
555 858
555 1440
556 820
556 567
557 1395
557 1445
558 674
558 590
559 1400
559 723
559 1382
560 809
560 1006
561 673
561 1505
561 1002
561 948
561 1143
562 1029
562 1190
562 860
563 1354
563 1037
563 627
563 1590
563 951
563 1274
563 1469
563 735
564 578
564 1092
564 1385
564 946
564 919
564 1407
565 1321
565 1385
565 716
565 818
565 1527
566 768
566 712
566 1422
566 758
566 1370
567 964
567 1028
567 588
567 601
568 1408
568 1588
568 668
569 968
569 843
569 1500
569 1221
570 867
570 740
570 1514
570 622
570 1103
571 1121
572 732
572 927
573 612
573 675
573 1514
573 907
573 1164
573 1010
573 1110
573 731
575 1005
575 751
576 1412
576 1191
576 583
576 1135
576 1433
576 1214
577 680
577 674
577 1399
578 708
580 879
581 1034
581 716
581 852
581 1208
582 712
582 686
582 1230
582 1240
583 1347
583 1001
583 1329
583 1298
583 858
584 684
585 678
585 1165
585 719
585 1298
585 957
586 1497
586 1235
586 917
586 1597
588 648
588 660
588 694
588 1273
589 1031
589 1575
590 648
590 890
591 833
591 651
591 1081
591 839
592 1176
592 875
592 822
592 975
593 833
593 1410
593 1377
593 779
593 1451
593 1486
594 671
595 929
595 1377
596 640
596 1548
596 1358
596 827
597 1417
597 884
598 740
598 1063
598 776
598 1262
598 1341
599 953
599 1386
599 620
600 1100
601 1539
601 1149
602 752
602 1080
602 1575
605 690
605 1354
605 1329
605 911
606 1473
606 777
606 1041
606 1277
607 1064
607 1207
607 1502
608 1109
609 1199
610 1224
610 1522
610 1333
610 861
611 808
611 1329
611 1198
611 1438
612 778
612 1207
612 763
613 1543
613 1364
614 1416
615 1498
615 1311
616 995
616 1004
616 1542
616 1511
617 896
617 826
617 947
617 1414
618 1318
618 852
619 777
619 939
619 910
619 1158
620 744
620 1509
621 960
621 1537
621 690
621 1459
622 1168
622 1181
625 977
625 941
626 1129
626 1218
626 1409
626 677
627 680
627 1465
627 633
627 1139
627 1533
628 720
628 731
628 1438
629 1188
629 1356
629 655
630 1382
630 1448
630 1242
630 883
630 1304
630 1276
632 1557
632 1246
632 999
633 1106
633 758
633 1402
633 795
633 1049
634 841
634 682
634 1427
634 1215
635 1448
635 1485
635 1173
635 1205
635 1144
637 1360
638 736
638 1457
638 1578
638 1035
638 1175
639 1264
640 1452
640 1390
640 1550
640 824
640 853
640 893
641 1395
641 1191
642 936
643 1475
643 839
643 1489
643 1151
643 1055
644 1377
644 834
644 1542
645 780
645 976
645 1360
645 954
645 797
646 1389
646 1210
646 1180
647 1330
648 1211
649 675
649 878
649 1267
650 1504
650 1193
650 693
650 1302
650 1206
651 1508
652 704
652 676
652 947
652 1053
652 703
653 1017
654 933
654 799
655 1564
655 925
656 1376
656 1307
657 672
657 793
657 1056
658 1508
658 777
658 1238
658 1048
658 889
659 718
660 1055
660 790
661 1074
662 711
662 1578
662 1202
662 1270
662 1081
663 908
663 1191
664 1376
664 1562
665 1452
665 1470
667 707
667 1286
667 1230
667 1488
667 1331
667 797
668 1544
668 980
668 725
669 1408
669 1261
669 917
670 1416
670 1485
671 807
671 721
671 758
671 1145
672 1350
672 1485
672 977
672 733
673 1217
673 931
673 946
674 836
674 1454
674 959
675 1390
676 1106
676 811
677 1285
677 844
677 781
678 1128
678 1334
679 1003
680 1011
681 1408
681 1123
681 1000
681 1231
681 1556
682 1385
682 977
683 1122
683 889
683 1596
684 1163
684 782
684 1259
687 721
687 1162
687 1326
688 1160
688 974
688 1265
688 927
689 1487
689 933
690 775
690 1550
690 1101
690 1103
691 1113
691 931
691 904
691 1335
692 1361
692 1130
692 980
692 1385
693 725
694 801
694 811
694 1257
694 827
695 792
695 1461
695 1502
696 1498
696 1400
697 1040
697 1577
698 1330
698 907
698 1481
699 1333
700 999
701 867
702 832
702 737
702 1442
702 995
702 1547
704 1488
704 1164
704 1427
705 1046
705 1151
706 1027
706 1179
706 1503
707 1141
708 1328
708 1360
708 1490
708 856
708 857
709 1161
709 1447
710 1553
710 1283
710 871
711 1381
712 1384
712 766
713 1482
713 924
713 1540
714 892
714 1205
715 929
715 1266
715 789
715 727
716 1314
716 1103
716 1468
716 734
717 1400
717 1482
717 815
718 1395
718 1279
719 1256
719 733
720 1345
720 918
720 1433
721 891
721 1284
722 865
722 1261
722 1557
722 952
723 1490
723 915
723 1403
724 1247
726 856
726 852
726 1568
727 1050
727 1158
728 981
728 1499
728 1466
729 1043
729 1078
730 1345
730 932
730 1417
730 753
730 1497
730 986
731 1097
731 1451
731 955
732 1192
733 1223
733 857
734 1315
734 1211
734 1468
735 1536
735 1576
735 915
735 1239
735 1535
736 1505
736 837
736 1263
736 1199
737 1580
738 1345
738 1212
738 1100
738 1594
739 1185
739 936
739 1555
740 1383
741 1402
741 955
742 1444
742 1169
742 858
742 894
742 1119
743 1577
743 817
743 954
743 956
744 936
744 1229
745 1029
745 1086
745 847
746 860
746 837
747 1395
747 1365
747 1019
747 1021
749 992
749 1545
749 1566
750 771
750 763
751 1221
751 815
752 889
752 1527
752 1021
752 1525
753 846
754 1026
754 1124
754 972
754 1068
754 1594
754 1078
755 804
756 1219
756 1027
756 958
756 774
756 1079
757 896
757 1536
757 1511
757 856
757 1086
758 848
758 889
759 1088
759 1443
759 905
759 1131
759 1517
759 1275
759 1373
759 1342
760 1382
760 1099
760 1228
760 828
761 981
762 1515
762 1364
762 1556
762 1214
763 900
763 1560
763 976
764 1379
764 1365
764 1262
764 1455
765 1057
765 914
765 1459
765 1278
765 1436
765 1438
766 1544
766 1104
766 1015
766 1244
767 932
767 1542
767 1057
768 803
769 1430
769 1167
770 1216
770 1595
770 1514
770 1371
771 1029
771 879
772 1280
772 1032
772 1528
772 1322
772 1292
772 785
772 920
773 1023
774 1313
774 1093
774 875
774 1323
774 1525
775 1184
776 1364
776 1210
776 1595
776 1309
777 1066
777 974
778 938
778 1360
778 1456
779 1445
780 1386
780 1147
780 1534
780 1445
781 1088
781 993
781 1542
781 1290
781 982
781 1592
782 1518
782 1158
782 1367
783 1158
783 1395
784 897
784 1266
784 1151
785 1175
786 1346
786 1164
786 951
788 1311
788 1260
788 1189
788 1126
789 1172
789 933
790 1476
790 1277
791 1512
791 1114
792 1552
793 1063
794 883
794 1237
794 1523
795 1542
795 904
795 874
796 1031
796 1159
796 905
796 1129
796 1521
796 1395
796 827
797 1443
798 1060
798 936
798 1196
798 881
798 1586
799 1091
799 1539
799 1158
799 1510
799 1321
799 1327
799 1559
800 1218
800 1405
800 1165
801 1024
801 1476
801 1258
801 844
801 1100
801 946
802 1273
802 1533
803 959
803 1415
803 1022
804 1000
804 1397
805 1392
806 1478
807 866
807 1292
807 1518
809 1234
810 1089
810 1549
810 979
811 1515
811 974
811 955
812 953
812 1370
812 1395
813 1312
814 897
815 1078
816 1219
816 1324
816 954
817 1477
817 840
817 1129
817 1319
817 1487
818 1323
819 997
819 1193
819 1066
820 845
821 876
821 1501
821 1311
823 872
823 1329
824 1519
824 1522
824 1587
825 970
825 851
826 1008
826 932
826 1052
827 1440
827 1014
827 1337
827 1437
828 1376
828 1304
828 1413
828 1195
828 1151
829 968
829 879
829 1084
829 1470
831 1216
831 910
832 962
832 868
832 1480
833 929
833 1384
833 982
833 1563
834 1329
834 1466
835 976
835 938
836 904
836 1465
836 1072
836 1127
837 1259
837 1488
837 1396
838 1185
838 1021
838 1122
839 1152
839 1531
840 1177
840 1350
840 1065
840 1235
840 1055
841 1099
841 1446
841 1455
842 923
842 1310
843 1377
843 1410
843 1221
843 1093
843 1551
843 853
843 959
844 1184
845 1193
846 1168
846 1397
846 1178
846 1051
847 1276
848 1583
849 1216
849 869
849 1482
849 1006
849 1307
850 998
852 997
852 1202
852 1274
852 1181
853 1157
853 1120
854 1010
854 1236
854 1203
855 1351
855 1548
855 909
856 1031
856 1034
856 1469
857 1226
857 920
858 1060
858 1382
858 1310
858 1567
860 1168
860 986
860 1386
861 1000
862 901
862 1292
862 1498
863 1072
863 1130
865 1543
865 1164
865 1237
865 918
866 973
866 1573
867 1489
868 1568
869 914
869 1526
869 1400
869 925
870 1108
870 1069
871 1187
871 904
871 1077
871 1527
871 1247
872 1441
872 1517
872 1269
872 1532
872 1534
873 928
873 1353
873 1370
874 928
874 1555
875 1270
876 1370
876 1196
877 1425
878 1410
878 971
878 1547
878 1048
878 953
879 1104
879 1074
879 1402
879 1119
880 1552
880 1181
880 1030
881 1345
881 1037
882 1545
884 1003
884 903
885 1379
885 1077
885 1143
886 937
886 1488
886 1176
886 1468
887 904
888 1244
889 1570
889 1265
889 1527
891 906
891 1471
892 970
892 1423
892 1243
894 1565
894 1038
895 1056
896 1229
896 1273
896 1281
897 961
897 1159
897 1369
897 1200
897 1113
898 1201
899 1226
900 1325
900 974
900 1073
900 1469
900 991
901 1002
901 1354
902 1202
902 1522
902 1389
903 1259
903 1459
903 1238
903 1048
904 1253
904 936
904 1195
905 1443
905 974
905 1500
906 1486
906 1560
907 1469
907 1135
908 1483
908 1585
909 1432
909 1468
910 1027
910 1451
910 1273
912 1013
913 1289
913 1565
913 1500
914 997
915 943
915 1392
916 1197
917 1318
918 1058
918 1293
920 1227
920 950
920 1366
920 1468
921 1153
921 1028
921 1064
923 1450
923 1222
924 1100
925 1393
926 1202
926 1124
927 1122
927 935
927 1079
928 1459
928 1481
931 1027
931 1510
931 1579
931 1490
932 1466
935 1024
935 998
935 948
935 949
936 1187
937 1188
938 1523
938 1493
938 1215
940 1423
940 1393
941 1061
941 1167
941 1392
942 1196
943 1442
943 1200
943 1584
944 1229
945 1516
945 1213
945 1119
946 1049
947 1506
948 1450
948 1003
951 1545
951 1387
951 1502
952 1522
953 1252
953 1073
953 1404
954 1358
954 1330
954 1594
954 1308
956 1224
957 1348
957 1214
958 1201
958 1127
959 1541
959 1262
960 1202
960 1015
961 1524
963 1227
964 1136
965 1040
965 1304
965 1410
966 1001
966 1218
967 1288
968 1189
968 1126
969 1237
970 1196
970 1237
970 1079
970 1023
971 1211
972 1123
972 1381
973 1374
974 1541
975 1475
975 1270
976 1100
976 1073
976 1013
976 1208
976 1437
976 1183
977 1312
977 1253
977 1097
977 1138
978 1147
978 1173
978 1078
979 1252
979 1236
981 1243
981 1527
982 1103
983 1113
983 1300
984 1284
984 1383
984 1482
984 1301
984 1466
984 1083
985 1552
985 1475
985 1124
986 1336
986 1553
987 1314
987 1478
987 1544
987 1554
988 1411
988 1496
988 1032
988 1462
988 1176
989 1585
990 1530
991 1505
991 1205
993 1324
993 1431
996 1234
996 1333
997 1571
997 1372
998 1364
998 1052
999 1068
1000 1472
1000 1027
1000 1110
1000 1240
1001 1183
1003 1519
1003 1108
1004 1599
1004 1065
1005 1038
1005 1492
1006 1546
1006 1132
1006 1110
1007 1051
1007 1172
1007 1168
1008 1381
1010 1545
1010 1011
1010 1460
1012 1086
1013 1280
1013 1415
1013 1482
1013 1165
1013 1332
1013 1432
1015 1414
1016 1219
1016 1126
1016 1566
1017 1357
1017 1102
1017 1389
1018 1050
1018 1259
1018 1033
1019 1312
1019 1164
1020 1406
1020 1503
1021 1130
1021 1207
1022 1334
1022 1177
1023 1336
1024 1586
1024 1470
1025 1199
1025 1506
1026 1384
1028 1495
1028 1365
1028 1245
1028 1439
1029 1160
1029 1044
1029 1270
1029 1399
1030 1466
1030 1286
1031 1088
1031 1438
1031 1383
1032 1507
1033 1236
1035 1365
1035 1159
1036 1061
1037 1379
1037 1094
1037 1389
1039 1226
1040 1168
1040 1586
1041 1357
1042 1317
1042 1140
1043 1084
1045 1590
1047 1342
1047 1163
1047 1095
1049 1133
1050 1295
1050 1554
1051 1356
1052 1254
1052 1097
1053 1573
1053 1165
1053 1230
1054 1315
1055 1342
1056 1426
1056 1413
1057 1457
1058 1184
1059 1101
1059 1087
1060 1282
1060 1134
1061 1377
1061 1285
1061 1292
1061 1493
1062 1141
1064 1348
1065 1343
1066 1161
1066 1113
1067 1074
1067 1490
1067 1108
1067 1178
1069 1312
1069 1345
1069 1174
1070 1506
1070 1475
1070 1385
1070 1324
1070 1400
1070 1183
1071 1213
1071 1527
1072 1168
1072 1243
1073 1480
1073 1420
1073 1327
1074 1565
1074 1219
1074 1560
1074 1594
1076 1150
1077 1094
1077 1243
1078 1491
1078 1183
1079 1546
1079 1166
1079 1394
1080 1145
1080 1441
1080 1296
1080 1427
1084 1338
1085 1156
1086 1280
1086 1342
1088 1272
1088 1176
1089 1548
1089 1268
1089 1524
1089 1433
1089 1213
1090 1500
1091 1215
1092 1205
1092 1494
1093 1189
1094 1196
1096 1401
1096 1549
1097 1115
1102 1106
1103 1581
1103 1115
1104 1114
1104 1594
1105 1310
1106 1184
1106 1578
1109 1312
1109 1191
1110 1523
1110 1593
1110 1116
1113 1500
1113 1406
1114 1310
1116 1465
1116 1234
1118 1417
1118 1259
1119 1573
1120 1184
1120 1582
1122 1581
1123 1312
1123 1203
1124 1285
1124 1268
1124 1237
1124 1176
1125 1458
1126 1467
1127 1351
1127 1160
1129 1513
1129 1327
1129 1595
1130 1382
1132 1225
1133 1286
1133 1425
1133 1303
1133 1435
1134 1553
1134 1187
1136 1285
1137 1259
1137 1334
1138 1381
1139 1170
1139 1294
1140 1199
1140 1304
1141 1254
1141 1415
1141 1262
1141 1239
1142 1313
1143 1424
1143 1425
1143 1545
1144 1359
1145 1542
1146 1460
1147 1466
1147 1157
1147 1399
1148 1434
1148 1599
1149 1248
1149 1452
1149 1580
1150 1296
1150 1356
1151 1466
1152 1221
1152 1326
1153 1539
1153 1316
1153 1359
1154 1386
1154 1355
1156 1282
1156 1316
1159 1283
1159 1521
1159 1592
1159 1374
1160 1320
1160 1244
1162 1309
1162 1491
1165 1445
1165 1233
1166 1362
1167 1421
1168 1411
1168 1264
1168 1210
1169 1298
1170 1395
1171 1291
1171 1243
1171 1223
1172 1204
1173 1390
1174 1281
1174 1574
1174 1579
1175 1368
1175 1443
1177 1324
1177 1328
1177 1269
1178 1373
1178 1487
1179 1305
1179 1283
1180 1395
1182 1554
1183 1526
1184 1198
1184 1452
1184 1365
1184 1500
1184 1502
1185 1227
1185 1458
1185 1373
1186 1246
1189 1220
1189 1484
1190 1319
1192 1361
1192 1259
1193 1375
1195 1225
1195 1372
1195 1368
1195 1241
1195 1567
1196 1266
1196 1278
1198 1329
1198 1557
1199 1540
1201 1573
1201 1488
1201 1211
1201 1245
1202 1401
1203 1542
1203 1535
1203 1337
1205 1439
1205 1322
1205 1374
1206 1584
1206 1341
1207 1542
1208 1296
1211 1267
1212 1501
1212 1245
1214 1288
1215 1355
1215 1552
1216 1511
1216 1430
1220 1255
1222 1589
1223 1245
1224 1392
1225 1235
1226 1524
1227 1430
1227 1529
1229 1278
1229 1350
1230 1270
1230 1433
1231 1570
1232 1315
1233 1550
1234 1468
1235 1589
1236 1556
1238 1531
1239 1401
1239 1301
1241 1299
1241 1360
1242 1541
1244 1542
1245 1330
1246 1389
1246 1296
1247 1270
1249 1259
1249 1477
1249 1491
1249 1377
1250 1320
1251 1324
1251 1425
1252 1319
1253 1489
1254 1453
1255 1550
1256 1563
1257 1379
1262 1518
1263 1491
1265 1588
1267 1350
1268 1270
1269 1433
1269 1465
1269 1508
1274 1530
1276 1377
1277 1442
1279 1350
1280 1457
1282 1486
1284 1506
1284 1300
1287 1331
1288 1292
1289 1552
1289 1434
1289 1401
1290 1502
1291 1546
1292 1317
1293 1475
1294 1395
1295 1569
1296 1406
1297 1344
1298 1453
1298 1561
1298 1468
1299 1302
1299 1462
1301 1505
1301 1347
1301 1415
1302 1379
1302 1387
1302 1531
1305 1440
1305 1400
1305 1438
1306 1409
1308 1382
1310 1398
1311 1456
1312 1526
1314 1519
1314 1342
1317 1572
1318 1516
1319 1399
1319 1402
1320 1436
1320 1446
1321 1368
1322 1401
1326 1556
1327 1378
1327 1453
1327 1495
1328 1425
1329 1416
1329 1588
1332 1466
1333 1401
1333 1437
1334 1566
1336 1499
1337 1579
1337 1546
1338 1357
1339 1539
1339 1437
1344 1551
1346 1501
1347 1570
1347 1425
1348 1540
1348 1415
1348 1373
1351 1397
1356 1450
1358 1568
1358 1593
1359 1412
1361 1367
1365 1432
1367 1430
1367 1463
1367 1383
1368 1457
1370 1573
1372 1540
1374 1583
1374 1500
1375 1387
1375 1524
1375 1563
1376 1440
1377 1435
1378 1400
1379 1393
1380 1535
1381 1473
1382 1479
1383 1434
1384 1589
1387 1502
1387 1566
1388 1563
1389 1553
1392 1408
1394 1495
1396 1490
1397 1411
1397 1516
1398 1593
1399 1592
1402 1485
1402 1558
1403 1541
1404 1407
1405 1466
1405 1491
1409 1461
1409 1598
1410 1597
1418 1562
1421 1525
1427 1506
1427 1438
1428 1572
1429 1550
1436 1469
1437 1572
1438 1548
1438 1549
1438 1462
1440 1536
1441 1474
1441 1454
1443 1585
1444 1595
1446 1586
1446 1465
1451 1488
1453 1482
1453 1559
1454 1502
1455 1477
1458 1523
1458 1562
1461 1483
1462 1487
1466 1537
1466 1526
1470 1582
1470 1590
1471 1479
1475 1532
1477 1585
1478 1542
1479 1586
1479 1530
1480 1498
1486 1597
1494 1549
1501 1502
1502 1508
1502 1592
1506 1559
1513 1524
1514 1538
1514 1584
1516 1595
1520 1538
1533 1580
1540 1556
1542 1561
1550 1597
1551 1578
1563 1583
1572 1580
1574 1599
1576 1577
