1600 4800
0 480
0 640
0 356
0 422
0 295
0 1577
0 111
0 433
0 1114
1 1234
1 1437
2 1156
2 420
2 395
2 13
2 436
2 280
2 1242
3 521
3 336
3 305
3 1456
3 1428
3 473
3 1244
4 1568
4 132
4 902
4 1159
4 1327
4 1212
4 383
5 536
5 1273
5 1240
5 157
5 367
6 899
6 1003
6 1389
6 462
6 23
6 1014
6 375
6 24
6 29
6 991
7 73
7 787
7 1541
7 1289
8 1482
8 594
8 44
8 1181
8 1495
9 1064
9 1134
9 950
9 1046
9 346
9 1566
10 643
10 614
10 1424
10 1237
10 856
10 635
10 1308
11 1233
11 1581
12 608
12 1285
12 614
12 1159
12 72
12 456
12 970
12 1096
12 408
12 1567
13 160
13 619
13 944
13 84
13 759
13 1373
13 638
14 328
14 1288
14 34
14 1109
14 1478
15 98
15 355
15 932
15 677
15 680
15 1165
15 911
15 1395
15 857
16 1029
16 487
16 554
16 271
16 688
16 1496
16 571
17 22
18 1251
18 1293
18 909
18 1101
18 1331
18 1142
18 444
19 624
19 673
19 271
19 1493
19 255
20 706
20 380
20 239
21 1145
21 1171
21 1038
22 290
22 358
22 172
22 82
22 1301
22 1272
22 1561
22 157
23 136
23 1318
23 1228
23 1173
24 164
24 552
24 969
24 337
24 1241
24 958
24 255
25 1284
25 72
25 1195
25 876
25 819
25 1015
25 568
25 92
26 101
26 429
26 628
26 821
26 1492
26 1115
26 670
27 330
27 1486
27 519
28 1329
28 918
28 1092
28 541
28 574
29 227
29 498
29 503
29 1336
29 857
29 858
29 1532
30 640
30 527
30 850
30 1459
30 1173
30 697
30 154
30 475
31 352
31 1202
31 880
32 33
32 1153
32 406
32 877
32 214
33 1473
33 77
33 687
33 603
33 891
34 992
34 679
34 1526
34 1238
34 215
35 705
35 803
35 1251
35 1488
35 529
35 1233
35 670
36 1018
36 444
36 917
37 1511
37 1007
37 113
37 818
37 629
37 278
37 922
38 1120
38 1350
39 576
39 356
39 1288
39 589
39 1463
39 248
39 1114
40 862
40 797
40 534
40 1329
41 1232
41 1479
41 229
41 878
41 1087
42 696
42 1192
42 1435
42 510
43 1104
43 83
44 1376
44 1251
44 901
44 1100
44 1422
44 596
44 1269
44 1149
45 1059
45 1420
45 378
45 880
45 314
45 830
45 1151
46 480
46 65
46 931
46 676
46 360
46 556
46 1423
46 497
46 660
46 470
46 1471
47 577
47 426
47 770
47 1327
48 680
48 621
48 1038
48 369
48 1172
48 1591
48 56
48 253
48 990
49 1281
49 1292
50 796
50 359
51 360
51 1331
51 59
51 174
52 1113
52 777
52 150
52 142
53 1185
53 1475
53 773
53 614
53 652
53 528
53 244
53 1594
53 125
53 1055
54 1215
54 578
54 708
54 327
55 1272
55 153
55 781
55 743
56 705
56 1409
56 424
56 1262
56 690
56 188
56 1247
57 258
57 610
57 1572
57 1017
57 1530
57 828
58 1505
58 978
58 1092
58 1204
58 222
59 707
59 717
59 1370
59 602
59 1398
59 601
59 570
60 198
60 778
60 875
60 341
60 1205
60 828
60 159
61 776
61 1389
61 843
61 1473
61 197
62 1024
62 1281
62 525
62 657
62 530
62 180
62 793
62 413
62 766
63 554
63 1355
63 301
63 302
63 1489
63 117
63 1339
64 1473
64 1505
64 805
64 1222
64 1095
64 1161
64 1260
64 717
64 110
64 1420
64 1430
65 1476
65 1221
65 1385
65 522
65 1581
65 1200
65 1360
65 727
65 573
66 858
66 987
66 1324
66 550
67 1440
67 339
67 1292
67 895
68 1061
68 1575
68 107
68 1260
68 247
68 1048
69 386
69 1147
69 972
69 1149
70 324
70 167
70 1297
70 1523
70 602
70 1119
70 575
71 1185
71 932
71 1221
71 262
71 620
71 242
71 407
71 408
71 542
72 1313
72 1401
72 340
72 956
72 223
73 1028
73 1326
73 146
73 1558
73 343
73 1497
74 289
74 495
74 431
74 433
74 729
74 829
75 320
75 378
75 419
75 408
75 386
76 1183
76 1103
77 1450
77 602
77 1043
78 288
78 772
78 1352
78 1416
78 236
78 1517
78 686
78 500
78 407
79 1280
79 960
79 200
79 521
79 1196
79 597
80 523
80 1007
81 960
81 705
81 226
81 964
81 100
81 133
81 970
81 1518
81 1199
81 1588
81 1301
81 1595
82 768
82 1561
83 224
83 836
83 229
83 203
83 845
83 238
83 1359
83 1461
83 822
83 1495
83 345
83 859
83 1500
83 349
84 1484
84 782
84 1357
84 1140
84 1274
84 1118
85 217
85 587
85 1492
85 893
86 257
86 746
86 475
86 1257
86 1377
87 234
87 196
88 1327
88 119
88 439
88 763
88 94
88 1375
89 1555
89 1115
89 804
89 1093
89 1375
90 946
90 495
91 337
91 1554
91 611
91 796
91 1358
92 1316
92 201
92 505
92 756
92 1588
92 1499
92 574
93 297
93 691
93 1039
93 981
93 95
94 802
94 1318
94 295
94 504
94 369
94 692
94 1342
95 352
95 1383
95 457
95 598
95 1110
96 962
96 1032
96 1484
96 366
96 975
96 1038
96 948
96 763
96 671
97 737
97 259
97 1445
97 838
97 428
97 1326
97 216
98 874
98 941
99 493
99 1356
99 173
100 1536
100 296
100 1065
100 1297
100 1435
101 551
101 1386
101 273
101 662
101 987
101 1468
101 1149
102 1199
102 1358
102 989
102 1342
102 415
103 743
103 1098
103 653
103 1201
103 124
103 127
104 1408
104 129
104 259
104 1480
104 1463
105 736
105 804
105 360
105 1577
105 587
105 153
105 1562
105 349
105 223
106 1248
106 1145
106 1140
106 1319
107 231
107 776
107 329
107 937
107 172
107 1487
107 1264
107 595
107 1237
107 1590
108 951
108 1234
108 210
108 1205
108 1527
108 1436
109 1441
109 650
109 1285
109 388
109 613
110 1378
110 1412
110 1196
110 1517
110 1213
110 319
111 896
111 810
111 1482
111 972
111 688
111 1333
112 1311
112 493
112 863
113 166
113 722
113 658
113 375
113 379
113 1438
114 129
114 1572
114 1589
115 1180
115 1219
115 772
115 638
116 560
116 1273
116 595
116 1212
116 1579
117 1280
117 891
117 1452
117 150
118 294
118 167
118 1160
118 745
118 1352
118 1354
118 1499
118 280
118 635
119 1592
120 762
120 615
120 589
120 782
120 335
121 561
121 578
121 1265
122 123
122 411
122 606
123 1282
123 996
123 1382
123 936
123 248
123 186
124 1019
124 1589
124 633
124 443
124 1595
124 1565
124 1277
125 712
125 1219
125 1174
125 606
126 481
126 226
126 195
126 773
126 621
126 823
126 1007
126 310
126 630
126 252
127 1065
127 526
127 1487
127 1328
127 946
127 1396
127 1558
128 706
128 840
128 524
128 273
128 920
128 1087
129 1474
129 1187
129 516
129 649
129 621
129 975
129 435
129 1560
130 1386
130 237
131 418
131 420
131 1541
131 278
131 888
131 762
132 1572
132 1448
132 815
132 531
132 245
132 855
132 1113
132 863
133 813
133 447
134 896
134 1449
134 986
135 1252
135 492
135 210
135 1556
135 404
135 381
136 1504
136 962
136 1058
136 1251
136 901
136 1411
136 1477
136 1543
136 650
136 749
136 1169
136 570
137 770
137 1029
137 1023
138 1353
138 522
138 1419
138 1171
138 852
138 313
138 283
139 1552
139 162
139 638
139 495
140 837
140 1189
140 841
140 1579
140 1391
140 1044
140 794
141 904
141 1192
141 944
141 1374
142 1216
142 945
142 285
142 1041
143 898
143 903
143 1063
143 1483
143 303
143 788
143 502
143 186
143 1275
144 1272
144 835
144 166
144 759
145 576
145 1444
145 645
145 1417
145 1421
145 1166
145 848
145 1297
145 890
145 539
145 1276
145 1150
146 400
146 960
146 607
147 513
147 386
147 1187
147 1577
147 475
147 1375
148 678
148 620
148 338
148 438
148 1206
148 1468
148 380
148 1215
149 449
149 1062
149 550
149 1546
149 622
149 625
149 409
150 416
150 1376
150 1126
150 426
150 1098
150 1561
150 1586
150 339
150 694
150 1043
150 1433
151 771
151 1354
151 365
151 1357
151 304
151 1265
151 1138
151 1050
151 639
152 1384
152 1494
152 1447
153 1122
153 1099
153 1294
153 794
153 223
154 550
154 781
155 596
155 653
155 950
156 1420
156 1231
156 655
156 1393
156 1273
156 1148
157 1438
157 1455
158 1080
158 1536
158 498
158 731
158 1119
159 1102
159 1457
159 646
160 1122
160 1036
160 332
160 498
160 1366
161 574
161 776
161 902
161 637
161 390
162 1505
162 370
162 1476
162 1514
163 864
164 1025
164 1222
164 1352
164 937
164 303
164 208
164 564
164 1045
164 990
165 195
165 939
165 1484
165 657
165 1108
165 1492
165 538
166 1099
166 396
166 365
166 717
166 274
166 727
166 1563
167 933
167 647
167 1163
167 588
167 1522
167 1207
168 1169
168 762
168 539
168 1249
168 1482
169 1224
169 879
169 560
169 981
169 1142
169 633
170 678
170 733
170 586
170 719
170 1552
170 797
171 976
171 1124
171 188
171 190
171 1268
172 583
172 1291
172 729
172 442
172 958
173 1253
173 263
173 843
173 760
173 280
173 1594
173 733
174 1482
174 301
174 1486
174 723
174 213
174 630
175 657
175 874
176 194
176 1083
176 397
177 267
177 434
177 1426
177 1140
177 1397
177 1462
178 568
178 289
178 1411
178 1192
178 1475
179 995
179 1002
179 1421
179 948
179 824
179 510
180 496
180 919
180 1338
180 751
181 258
181 1218
181 268
181 819
181 243
181 1203
181 1118
181 1023
182 645
182 392
182 904
182 619
182 814
182 302
182 912
182 1040
183 1200
183 370
183 1271
183 1523
183 815
184 911
184 1225
184 643
184 671
185 388
185 390
185 1063
185 305
185 532
185 574
185 543
186 1347
186 1062
186 618
186 887
187 1488
187 1411
187 1094
187 351
188 1376
188 1443
188 836
188 932
188 1444
188 263
188 1034
188 399
188 784
188 592
188 1493
188 1402
189 1250
189 1189
189 999
189 1323
189 1358
189 1113
190 1232
190 1041
190 1414
190 367
191 496
191 665
191 202
191 1482
192 569
192 698
192 1341
192 951
193 1021
193 518
193 1175
194 1501
194 1352
194 213
195 1477
195 695
195 1432
195 1115
196 792
196 722
196 1093
197 1058
197 457
197 1450
197 1035
197 428
197 1428
197 377
198 1508
198 647
198 903
198 234
198 491
198 430
198 1264
198 1494
198 1086
198 1240
198 766
198 287
199 960
199 859
199 363
199 443
199 1173
200 1184
200 511
200 1343
201 1434
201 1454
202 905
202 1007
202 1234
202 851
202 1205
202 792
202 1118
203 1440
203 387
203 1509
203 814
203 1168
203 882
203 1431
203 824
204 417
204 1346
204 1356
204 1469
204 1135
205 784
205 853
205 613
205 1551
206 1416
206 785
206 714
206 1101
206 805
207 1184
207 1395
207 482
207 506
207 885
208 1006
208 816
208 530
208 343
208 1087
209 994
209 713
209 298
209 1068
209 591
209 1233
209 1468
210 1418
210 1101
210 1038
211 232
211 633
211 1324
211 1391
212 1048
212 971
212 1284
212 845
213 672
213 737
213 962
213 710
213 775
213 1332
213 1371
214 482
214 524
214 1402
215 1257
215 938
215 299
215 492
215 780
215 1467
215 636
216 934
216 743
216 841
216 397
216 1048
217 536
217 285
217 565
217 597
218 257
218 488
218 1292
218 1294
218 815
218 561
218 863
219 1257
220 393
220 875
220 863
220 791
221 744
221 585
221 749
221 820
221 1205
221 824
221 1144
221 1055
222 409
222 564
222 1045
223 1152
223 1186
223 837
223 555
223 843
223 529
223 470
223 730
223 286
224 290
224 296
224 1257
224 954
224 1343
225 1587
225 346
225 1283
225 1533
225 455
226 866
226 231
226 425
226 489
226 527
226 1565
227 612
227 1511
227 1322
227 782
227 1142
227 700
227 1309
228 263
228 1352
228 1229
228 878
228 978
228 342
228 503
228 1115
229 907
229 435
229 1219
230 834
230 1476
230 582
230 1163
230 588
230 1005
230 1454
230 593
230 403
230 1016
230 1532
231 979
231 790
231 762
231 1115
231 1212
232 1184
232 1251
232 1348
232 1162
232 1457
232 1459
232 1460
233 1112
233 433
233 1540
233 423
234 1445
234 454
234 1318
234 1354
234 367
234 1299
234 663
234 637
235 1472
235 1444
235 518
235 1192
235 1010
235 920
235 414
235 639
236 898
236 1283
236 517
236 998
236 1583
236 1009
236 1239
236 537
237 416
237 1577
237 1356
237 946
237 252
237 351
238 800
238 484
238 1255
238 914
238 1459
238 1213
238 1182
238 1310
239 678
239 363
239 1067
239 270
239 594
239 1044
239 888
239 1021
240 576
240 1185
240 1463
241 1256
241 1233
241 1410
241 1309
241 1191
242 1574
242 938
242 939
242 766
243 645
243 1352
243 874
243 1239
243 1017
243 575
244 1540
244 1383
244 1128
244 713
244 1173
244 1279
245 770
245 1222
245 893
245 300
246 883
246 821
246 409
246 316
246 1534
246 1055
247 370
247 1038
247 1364
248 426
248 855
249 1202
249 1277
250 1376
250 466
250 1341
250 500
250 837
251 617
251 594
251 347
251 1148
251 1444
252 1581
252 335
252 816
252 562
253 834
253 1320
253 681
253 1421
253 692
253 536
253 443
253 445
254 632
254 444
254 292
254 383
254 311
255 969
255 623
256 809
256 644
257 1088
257 1510
257 489
257 907
257 1133
257 879
257 338
257 925
258 1131
258 953
258 862
258 1599
259 1221
259 646
259 622
259 1022
260 711
260 975
260 271
261 633
261 836
261 862
262 869
262 1050
262 1066
262 303
263 1440
263 580
263 1508
263 426
263 538
263 604
264 752
264 660
264 332
264 837
264 687
265 488
265 779
265 379
265 1441
266 1426
266 939
266 1420
266 1187
267 1476
267 1575
267 720
267 626
267 1521
268 1260
269 802
269 302
270 1442
270 1402
270 388
270 1356
271 707
271 819
271 568
271 959
272 1390
272 496
272 1425
272 1594
272 853
272 953
272 1146
273 407
273 915
273 567
273 601
273 666
274 481
274 583
274 713
274 652
274 1293
274 732
274 573
275 530
275 746
275 1178
275 335
276 1435
277 1541
277 392
277 687
277 1585
277 306
277 1331
277 1237
277 758
277 1560
277 1531
277 1342
278 1415
278 347
278 895
279 673
279 482
279 1251
279 1223
279 1295
279 1199
279 1396
279 1369
280 1573
280 456
280 1354
280 1073
280 530
280 979
280 1075
280 437
280 952
280 1594
281 1565
281 1223
282 1505
282 295
282 585
282 619
282 1515
282 878
282 1070
282 532
282 405
282 541
283 904
283 425
283 1194
283 594
283 1015
284 450
284 995
284 1101
284 784
284 339
284 1404
284 670
284 383
285 841
285 691
286 1056
286 449
286 1061
286 1510
286 1228
286 1136
286 1178
287 1059
287 516
287 1545
287 557
287 1591
287 730
287 766
288 929
288 1330
288 1498
289 1313
289 1326
289 1302
289 1590
290 1372
290 629
290 399
291 833
291 417
291 1542
291 1001
291 826
291 1211
291 1148
291 349
292 672
292 1284
292 395
292 1070
292 1396
292 1434
292 1246
293 1472
293 1189
293 1419
293 780
293 687
293 1434
293 1523
293 666
293 1243
293 764
294 480
294 1198
294 529
294 754
294 1208
295 705
295 864
295 1382
295 652
295 1008
295 819
295 1268
296 1360
296 958
297 517
297 527
298 1582
298 1491
298 1460
298 630
298 1209
298 954
298 1148
299 1131
299 941
299 848
299 1008
299 692
299 1239
299 767
300 1218
300 963
300 1070
300 1530
300 1051
300 1119
301 1412
301 1230
301 1552
301 753
302 1057
302 1215
302 835
302 1253
302 1266
302 1211
303 1289
303 1005
303 973
303 1238
303 983
304 737
304 1224
304 653
304 1528
304 1310
305 1372
305 889
306 450
306 1094
306 1384
306 874
306 1325
306 432
307 341
307 551
308 322
308 847
308 785
308 539
308 572
308 798
309 1383
309 1580
309 1553
309 465
309 1239
309 603
309 318
310 640
310 1579
311 576
311 609
311 675
311 624
311 848
311 1105
311 984
312 1140
312 739
312 1028
312 1340
312 1215
313 577
313 435
313 1407
314 372
314 1076
315 1504
315 1484
315 1299
315 636
315 1422
316 610
316 431
316 656
316 504
316 606
317 417
317 1484
317 589
317 720
317 1297
317 1050
318 418
318 355
318 556
318 1005
318 1265
318 1042
318 1331
319 414
319 613
319 1531
320 1237
320 1325
320 778
320 765
321 737
321 1286
322 1162
322 367
322 1106
322 1203
322 539
323 605
323 462
323 1007
324 1392
324 540
324 517
324 791
325 417
325 1092
325 625
326 1492
327 729
327 985
327 749
327 359
328 515
328 828
328 1503
328 844
328 1359
328 1398
328 1340
328 927
329 486
329 1448
329 361
329 906
329 1353
329 976
329 595
329 1110
329 1336
329 382
330 857
330 548
330 797
331 865
331 1308
331 574
332 544
333 1347
333 967
333 1287
333 1196
333 759
333 792
333 511
334 1287
334 1591
334 463
335 419
335 899
335 877
335 1585
335 759
336 1065
337 1073
337 1441
338 673
338 1445
338 846
338 500
338 820
338 1302
338 1308
339 1089
339 898
339 632
339 1277
340 1248
340 1523
340 1590
341 1411
341 1290
341 683
341 749
341 592
341 927
342 804
342 979
342 980
342 695
342 793
343 549
343 968
343 426
343 1485
343 917
344 1309
344 1326
345 394
345 1069
346 584
346 1552
347 676
347 998
348 388
348 1067
348 524
348 1037
348 1230
348 1262
348 374
348 375
349 800
349 997
349 1389
349 1552
349 498
349 759
349 1303
350 474
350 732
350 1349
351 833
351 1387
351 1199
352 814
352 897
353 856
353 973
353 718
353 662
353 999
354 984
354 1152
355 806
355 488
355 747
355 1588
355 380
356 1099
356 931
356 966
357 730
357 1347
357 989
357 647
358 516
358 1512
358 687
358 496
358 1555
359 1216
359 1392
359 1426
359 980
359 1334
360 1248
360 1160
360 841
360 560
360 859
361 1505
361 869
361 1383
361 494
361 1487
362 993
362 804
362 1476
362 1096
362 1514
362 1233
362 435
362 1204
363 1219
363 1507
363 1321
363 1297
363 594
364 601
364 1317
365 767
365 1404
365 1429
366 1574
366 998
366 1415
366 937
366 1243
367 1458
367 374
367 1497
368 720
368 1528
368 1290
368 643
368 383
369 704
369 1579
369 590
369 1301
370 896
370 611
370 1030
370 583
370 1575
371 1468
371 804
372 608
372 1127
372 970
372 1593
372 383
373 674
373 1138
373 522
373 724
373 1110
374 960
374 708
374 392
374 751
375 482
375 1347
375 972
375 720
375 1180
375 468
375 473
375 1341
376 1081
376 962
376 1492
376 1585
377 1221
377 650
377 1002
377 1201
377 1393
377 1521
377 1149
378 774
378 918
378 1590
378 1275
379 809
379 1204
379 725
379 956
379 1183
380 1377
380 1314
380 1201
380 728
380 764
380 541
380 1279
381 1273
382 1472
382 435
382 1204
382 1269
383 642
383 1222
383 1548
383 1053
383 1267
383 1012
383 1299
383 1527
383 472
383 1241
383 573
384 1256
384 1257
384 1151
385 1513
385 1323
385 1076
385 621
385 1373
386 1380
386 1484
386 886
386 1174
386 1080
386 1561
386 1144
386 895
387 1469
388 544
388 1388
388 1200
388 891
389 1543
389 456
389 1352
389 523
389 565
389 725
389 407
389 1470
389 511
390 1056
390 1219
390 1477
390 717
390 720
390 409
390 702
391 640
391 1541
391 643
391 964
391 1540
393 642
393 1288
393 1033
393 746
393 1234
393 1458
393 1589
393 1439
394 1476
394 1422
394 943
394 559
394 562
394 601
394 1147
395 780
395 781
395 435
395 916
395 1529
396 1422
396 1203
396 413
397 416
397 1472
397 774
397 1197
397 1334
398 1377
398 962
398 775
398 1549
398 912
398 472
398 825
399 1178
399 776
399 1096
399 947
399 950
399 1114
400 611
400 1198
400 1029
400 486
401 715
401 1525
401 1311
402 739
402 868
402 793
402 1244
402 509
402 478
403 602
403 1535
404 802
404 675
404 871
404 1095
404 1403
404 732
405 1543
405 1039
405 1363
405 1595
405 540
406 1144
406 837
406 983
407 898
407 1412
407 1350
407 1495
407 858
407 1341
407 1150
408 612
408 834
409 545
409 706
409 812
409 589
409 433
409 916
410 1568
410 754
410 1245
411 976
411 1489
411 1189
412 536
412 1545
412 597
413 560
413 1174
413 734
414 1250
414 1506
414 1479
414 649
414 1422
414 497
414 498
414 958
415 1463
415 1128
415 1519
415 434
415 756
415 791
415 859
416 513
416 974
416 1294
416 631
416 1500
417 1157
417 938
417 721
417 510
418 872
418 657
418 912
419 439
419 570
420 1571
420 1509
420 780
420 1165
420 531
420 1335
420 1084
421 992
421 1154
421 580
422 1266
422 532
422 1402
422 519
423 984
423 1328
423 1549
424 1114
424 1367
425 1411
425 1191
425 1334
425 1529
426 682
426 558
427 650
427 1329
427 562
427 1400
427 506
427 795
427 799
428 1267
428 785
429 997
429 646
429 1322
429 1498
429 602
430 811
430 1328
430 1074
430 1362
430 948
430 916
430 565
430 1080
431 1024
431 879
431 662
431 984
431 1114
432 962
432 1381
432 1286
432 502
432 1111
432 921
432 699
433 899
433 554
433 656
433 1392
433 1018
434 1344
434 453
434 1293
434 846
434 1174
434 727
435 441
435 702
435 843
435 1070
435 500
435 1400
436 545
436 998
437 1244
437 872
437 1237
437 1431
438 1310
439 472
439 1194
439 1492
439 757
439 693
440 738
440 1381
440 1388
440 1200
440 1428
440 1334
441 1448
441 622
441 1428
441 759
441 1210
442 1569
442 518
442 910
442 1553
442 724
443 1193
443 1168
443 1045
444 833
444 1411
444 1308
445 1064
445 841
445 1428
446 961
446 1450
446 1535
447 931
447 1191
447 775
447 1300
447 1432
448 904
448 1097
448 1027
448 1293
448 1251
449 1096
449 598
450 808
450 1219
451 1264
451 925
451 486
451 1463
452 938
452 581
452 518
453 1401
453 1200
453 562
453 1337
453 1050
453 1437
454 593
455 992
455 497
455 947
455 1524
455 725
455 1274
456 521
456 858
457 1023
457 1012
457 1550
458 805
458 773
458 1097
458 522
458 462
458 1334
458 1305
459 1574
459 739
459 1462
459 485
459 1318
460 1411
460 1548
460 851
460 1335
460 1048
460 1503
461 464
461 532
461 1432
461 1046
462 528
462 1436
462 1053
463 1218
463 1061
463 1193
463 492
463 562
463 1597
463 798
464 707
464 1130
464 1105
464 1361
464 980
464 796
464 607
465 890
465 1578
465 911
466 568
466 841
466 1485
466 631
467 1577
467 972
467 967
468 1401
468 1189
469 745
469 636
469 1165
469 1116
470 1552
471 1244
471 1437
472 967
473 642
473 1295
473 785
473 503
473 1210
473 507
474 1296
474 1457
474 564
474 1437
474 1278
475 676
475 805
475 877
475 891
476 768
476 1560
476 716
476 701
476 1518
477 834
477 1013
478 1510
478 711
478 1450
478 906
478 784
478 1586
478 1151
479 1572
479 486
479 1367
480 1387
480 1038
480 1022
480 1119
481 897
481 531
481 818
481 950
481 1119
482 1159
482 872
482 876
482 1302
482 703
483 499
483 1523
484 1457
484 1521
484 691
484 789
484 1498
484 1212
485 922
485 1126
486 1159
486 1494
486 857
487 737
487 1413
488 563
489 868
489 934
489 711
489 1196
489 499
489 502
489 1116
490 592
490 1068
490 1223
491 880
491 803
491 643
491 1077
492 1220
492 1372
493 740
493 934
493 902
493 1522
493 506
493 958
494 1227
494 918
494 511
495 1157
495 744
495 845
495 720
495 729
496 1057
496 1134
496 879
496 1309
497 1568
497 871
497 552
497 1032
497 1270
498 902
498 915
498 1145
499 517
499 1341
500 598
500 1206
501 1072
501 1200
501 531
501 659
501 598
501 1337
501 1566
502 1344
502 1593
504 870
504 554
504 822
504 955
505 1388
505 1172
505 1159
506 743
506 1354
506 851
506 1013
507 1504
507 844
508 1162
508 1022
509 1544
509 1422
509 627
509 1086
510 1025
510 867
510 1459
510 1524
511 1320
511 591
511 1200
511 1203
511 831
512 646
512 1515
512 1392
512 1489
512 1491
512 532
512 1500
512 1212
512 733
513 1391
513 817
513 947
513 662
514 1264
515 993
515 530
516 1008
516 760
516 985
516 1499
517 647
517 1518
517 1145
517 1114
518 681
518 1455
518 1342
519 824
519 823
519 526
520 546
520 1093
520 1197
520 722
520 1139
520 536
520 1369
520 892
521 1473
521 996
521 968
521 1064
521 1006
521 1424
521 1460
521 950
521 535
521 1086
522 1359
522 1404
522 895
523 889
523 1441
523 1057
524 738
524 1287
524 744
524 556
524 1302
525 550
525 1350
525 850
525 629
525 1431
525 1018
526 977
526 1161
526 933
527 1440
527 897
527 615
527 1322
527 1075
527 1560
527 957
527 1439
528 576
528 646
528 845
528 1488
528 986
528 955
528 990
530 1178
531 1227
531 1489
531 986
532 1003
532 1327
532 787
532 792
533 1313
533 1060
533 655
533 1586
533 787
533 1397
534 613
534 1383
534 557
534 1230
534 727
534 1341
535 1345
535 810
535 1269
535 1297
536 1442
536 1286
536 1487
536 564
536 1595
536 1081
537 1284
537 814
537 596
538 754
538 775
539 1060
539 774
539 1367
540 1459
540 948
540 1266
541 611
541 687
541 1295
541 631
542 1080
542 963
542 948
542 1590
543 902
544 610
544 1021
544 1138
545 1353
545 698
545 1309
545 1151
546 572
547 1490
547 1251
547 1470
548 1220
548 1288
548 1480
548 1398
548 1210
548 956
548 1310
549 1455
550 1009
550 796
551 1302
551 630
551 790
552 803
552 644
552 1189
552 614
552 1350
552 955
552 733
553 569
553 1075
553 1565
554 576
554 1161
555 771
556 609
556 1191
556 585
556 1321
556 1073
556 1468
557 936
558 816
558 1282
558 1158
558 1046
559 685
559 782
559 1229
559 1168
559 1172
559 1112
560 686
560 945
561 1379
561 1207
562 1570
562 1354
562 1485
562 850
562 696
563 1411
563 903
564 677
564 617
564 1420
564 1519
565 980
565 693
565 791
566 696
566 1482
566 1093
566 630
566 1159
567 656
567 1242
568 1027
568 1579
568 1298
568 662
569 725
570 705
570 1154
570 1315
570 934
570 1095
570 1355
570 694
570 1399
570 1532
571 814
571 1050
571 1404
571 790
572 1127
573 1344
573 807
573 718
573 1365
573 854
573 921
574 1521
574 1204
575 1120
575 626
575 1212
576 1330
577 1475
577 1494
577 987
577 1081
578 708
578 840
578 1578
578 1070
579 1241
580 941
580 636
580 1031
581 728
581 892
581 821
582 778
582 1133
582 999
583 1152
583 1029
583 750
583 657
583 1395
584 1185
584 599
584 1545
584 1259
584 1325
584 1390
584 1589
584 1015
585 773
585 1254
585 1574
585 1076
585 1174
585 889
585 730
585 1212
585 1118
586 897
586 1249
586 905
586 970
586 1430
587 784
587 876
588 661
588 1239
588 1243
588 1246
589 1510
590 1474
590 644
590 822
590 903
591 767
592 709
592 647
592 1481
592 754
592 723
593 809
593 1072
593 947
593 1109
593 1017
594 1452
594 757
594 764
594 1599
595 637
596 741
596 845
596 687
596 697
596 732
597 1128
597 1261
597 1105
597 1298
597 1051
597 926
598 1189
598 969
598 1418
598 979
598 791
598 1528
598 1564
599 1387
599 700
599 812
600 706
600 610
600 1028
600 1349
600 1015
600 1150
601 1219
601 1188
601 1540
601 1512
601 1065
601 1279
602 834
602 1201
602 855
602 893
603 620
603 1324
603 1517
604 849
604 842
604 1055
604 774
605 816
606 1057
606 1004
606 1327
606 1362
606 1395
606 1047
607 1163
607 720
607 723
607 978
607 1557
607 890
607 892
607 799
608 1476
608 1192
608 681
608 1451
608 1579
608 1533
608 1087
609 993
609 1287
609 1512
609 881
609 760
609 1016
610 796
610 1224
610 1402
610 889
611 900
611 1554
611 1525
612 1537
612 1426
613 776
614 1095
614 1099
614 653
614 1582
614 783
614 693
615 1122
615 1368
615 1450
615 759
616 848
616 1080
617 769
617 1461
617 1123
618 1451
618 1017
618 1347
618 1061
619 1152
619 1556
619 1403
619 1438
620 1536
620 939
620 1356
620 1467
620 1343
621 1066
621 1038
621 627
621 1395
621 1493
621 987
622 1497
622 1327
622 755
622 1055
623 1032
623 1251
624 1027
624 967
624 846
624 1300
625 761
625 885
625 1446
626 1583
626 1212
626 885
627 1407
628 833
628 1042
628 1045
629 897
629 811
629 748
629 634
629 730
630 736
630 976
630 1309
631 897
631 1160
631 712
632 1350
633 1027
633 713
633 857
634 642
634 709
634 1012
634 1144
634 1529
635 1116
635 1426
635 1191
636 1295
636 1137
637 657
637 1393
637 1306
637 1084
638 1184
638 1538
639 1105
639 993
639 965
640 1443
640 1099
640 1004
640 917
640 890
640 700
641 818
641 1381
643 1289
643 799
644 711
644 811
644 909
644 1459
644 1236
644 981
644 1206
644 1468
644 733
645 774
645 749
645 949
645 1109
645 1087
646 972
646 819
647 898
647 1284
647 1446
647 811
647 1077
648 1025
648 1066
648 845
648 1247
649 1574
649 1483
649 943
650 1418
650 942
650 1271
650 1370
651 988
651 1294
651 958
651 1092
652 1058
652 942
652 1400
652 1147
653 1216
653 1347
653 1510
653 1520
653 957
654 749
654 1047
655 1539
655 936
655 1545
655 1308
656 896
656 964
656 1502
656 966
656 1298
656 733
656 1150
657 1424
657 1085
658 1538
659 1216
659 868
659 1167
659 1142
659 983
659 856
659 1438
660 1569
660 931
660 785
660 1118
661 1028
661 1548
661 1008
661 1072
661 1053
662 1415
662 1165
662 792
662 853
662 885
662 989
663 904
664 1470
665 927
665 845
666 736
668 1440
668 865
668 1409
668 905
668 1460
668 885
668 1082
669 980
669 859
669 900
669 981
669 807
670 1293
670 1445
671 1184
671 1014
672 1111
673 966
673 1132
673 1295
674 1080
674 1381
674 780
674 1183
675 1408
675 1225
675 1545
675 1053
675 1246
676 1187
676 1288
676 720
676 1427
676 1116
677 1184
677 1121
677 1059
677 939
677 1136
677 926
678 1441
678 1012
678 788
678 1276
679 896
679 838
679 1261
679 1232
679 1298
680 1188
680 748
680 1448
681 1278
681 974
682 843
684 1519
684 1303
684 959
685 1282
685 944
685 1585
685 1360
685 799
686 1159
686 711
686 1417
686 1271
687 1315
688 864
688 838
688 841
688 1074
688 1177
689 1404
689 1333
689 892
689 1061
689 799
690 1086
690 1383
691 741
691 931
692 1152
692 1124
692 1227
693 1001
693 739
694 1235
695 1386
695 1045
695 973
696 993
696 1346
696 1298
697 912
697 1074
697 915
698 1594
698 1585
699 1139
699 741
699 1142
700 1506
700 1283
700 835
700 1355
700 1238
701 1082
701 1323
702 898
702 1108
702 1333
703 771
703 1112
703 739
703 1522
704 1345
704 994
704 1059
704 806
704 1546
704 1214
705 1441
705 912
706 1093
706 747
707 1030
707 1040
707 757
707 1497
708 1444
708 744
708 714
708 848
708 1106
708 1531
709 1073
709 1349
710 1536
710 1473
710 1115
711 832
711 1135
711 1266
711 884
711 1432
711 1081
712 777
712 1001
712 1530
713 838
713 1446
713 1325
713 825
713 1341
713 958
714 1000
714 1113
714 1241
715 794
715 1083
715 1451
716 1583
717 1132
717 1237
717 956
718 768
718 826
718 1129
719 953
719 1389
719 1221
720 925
720 1278
721 1168
721 1291
721 813
721 1537
722 898
722 1520
722 817
722 1011
722 792
724 1515
724 845
724 1142
725 1122
725 1092
725 1007
726 1472
726 1009
726 1557
727 995
727 1067
727 1388
727 1528
727 1213
728 1508
728 1545
728 1322
728 1293
728 1306
729 1579
729 755
729 1172
729 1338
729 798
730 1190
730 972
730 1270
730 1276
730 831
731 1227
731 1454
731 1541
732 803
732 1322
732 1521
732 1149
733 1536
733 860
734 1478
734 1322
734 1519
734 978
734 985
735 1450
735 891
735 1591
735 1515
736 1365
737 1573
737 1000
737 886
737 761
737 1247
738 1050
739 1243
739 990
740 1013
740 1123
740 1233
740 1531
741 1027
741 1159
741 916
741 1113
741 1050
742 849
743 1153
743 1512
743 1161
744 1574
745 1024
745 1477
745 1098
745 1450
745 1587
745 1564
746 1539
746 751
746 1172
746 1268
747 1432
747 1045
747 1134
748 917
749 1585
749 1243
750 1279
750 915
750 1500
750 1243
751 1154
751 1158
751 1324
751 1389
751 819
752 768
752 859
752 1160
753 1245
753 1021
753 1570
753 1526
754 1347
754 1578
754 1591
754 920
754 795
755 1211
755 1468
755 1471
756 978
756 1107
757 1056
757 1312
757 879
758 1568
758 1074
758 1346
760 1024
760 1486
760 1585
760 1115
761 857
761 1149
762 933
762 1102
762 848
762 1531
763 1569
763 1317
763 1075
763 916
763 1343
764 1488
764 1235
764 1495
764 1017
764 1501
765 824
765 1364
765 821
766 1544
766 1331
766 1179
767 1131
768 1483
768 1079
768 1213
769 1008
769 1506
769 1184
769 791
771 1158
771 1328
771 1427
771 1460
772 907
772 1325
772 1391
772 1297
773 1127
773 1452
773 1294
773 1423
773 1522
773 1016
774 1386
774 1036
774 877
775 1273
775 1064
775 985
775 923
776 1446
776 943
776 1521
776 824
776 922
778 1542
778 1226
778 1550
778 1426
778 1238
779 1012
780 1379
780 1581
780 983
780 819
780 1433
781 1035
781 1218
783 986
783 852
783 1540
784 1389
784 1118
785 1354
785 1231
786 1191
787 1412
787 1137
787 978
787 1586
787 822
787 1236
788 1059
788 913
788 1011
788 1113
789 1087
790 1391
790 851
790 860
791 1408
791 1190
791 1137
792 819
792 1503
793 1004
793 1454
793 1365
795 994
795 804
795 1188
796 1038
796 1596
796 1181
796 1055
798 1222
798 1543
798 1233
798 827
799 1031
800 987
800 1295
800 1111
801 1328
801 1481
801 823
802 806
802 1109
802 1431
803 1125
803 915
803 1140
804 923
804 1296
804 1460
805 932
805 1161
805 1388
805 1183
806 1298
806 1114
806 1471
807 1026
807 1543
808 1248
808 1359
808 1530
808 1018
808 859
809 811
810 817
810 1115
810 1319
811 965
811 1136
811 1012
811 1398
811 1589
811 1528
812 1199
813 1251
813 1225
813 1323
813 850
813 1403
813 886
813 1241
813 1083
814 1172
814 888
815 1468
816 1413
816 1071
816 1199
816 951
816 829
817 1538
817 1031
817 1301
817 1375
818 896
818 1159
818 1038
818 1326
818 1361
818 978
818 1215
819 898
819 1465
819 1588
819 1462
820 1003
820 1293
820 1483
821 1248
821 1221
821 1372
822 987
822 1342
823 1313
823 1348
823 1456
823 1406
824 1184
824 1249
824 1555
825 1334
825 1175
826 1321
826 1255
827 1032
827 921
827 1338
828 913
829 1057
829 1326
830 1540
830 1479
830 1096
830 1513
830 1132
830 1490
830 1279
831 1270
831 989
831 1198
832 1287
832 1002
832 1291
832 1036
832 1598
833 1003
833 1273
833 891
834 1316
834 1433
834 1230
834 947
834 1076
834 1141
836 1352
836 1457
836 1396
836 1144
836 1176
837 1184
837 1058
837 1252
837 1350
837 1128
837 1577
837 1229
838 1455
838 1240
839 900
839 877
840 848
840 1175
841 1215
841 1277
842 1354
843 1078
843 1113
843 1306
845 1188
845 1476
845 1417
845 1197
845 1215
846 1034
846 1258
846 895
847 1155
847 1253
847 999
847 1002
847 1592
848 1200
849 1281
849 1419
849 975
850 1440
850 1540
850 1225
850 1336
851 1010
851 1337
852 1085
852 1574
853 1320
853 1224
853 1052
854 936
854 1377
854 1598
855 910
856 1591
856 1251
857 1121
857 899
857 1128
857 957
858 1074
859 899
859 1303
860 1173
860 1229
860 1574
861 984
861 1187
861 1375
862 1544
862 1487
862 1009
862 1363
862 1180
862 1567
863 1313
863 1562
864 1479
865 1272
865 921
865 1404
866 884
867 1561
867 980
867 1276
868 1268
868 1590
869 1512
869 1531
871 987
872 944
872 1589
872 1279
873 1599
874 915
874 1074
874 1586
874 1533
875 1276
876 900
876 1433
876 1360
876 990
877 979
877 1560
878 1027
878 1549
878 1182
879 1190
879 1518
879 1174
880 999
880 1404
882 1089
883 1442
883 1251
883 1430
883 1592
883 1148
884 1337
884 1330
885 1574
886 1475
886 1564
887 1346
887 1331
887 1012
887 1013
888 1443
888 1391
888 1082
890 1056
890 1184
890 1187
890 1002
890 1295
890 1489
890 1271
890 1048
891 1170
891 1337
891 989
892 1105
894 1024
894 1076
894 1143
895 1092
895 1354
895 981
895 918
896 1106
896 1465
897 1510
897 1166
898 907
898 1103
900 1345
900 1355
900 1342
901 1489
901 918
902 1144
903 1293
903 1494
903 1081
903 1498
904 1285
904 1131
905 1080
905 1029
906 1100
906 1329
906 1140
906 922
907 1550
907 1372
908 1226
908 1291
908 1330
908 919
909 952
910 1296
910 1089
910 1029
911 1346
911 1547
911 1019
911 1119
912 1527
912 1262
912 1136
912 1046
912 1050
913 1009
913 1069
914 1482
914 1223
915 995
915 1195
915 1021
915 1247
916 1283
917 1511
917 968
917 1555
918 1155
918 1450
918 1402
918 1010
918 1462
919 1487
919 1104
919 1075
919 1045
919 1171
919 1083
920 1149
920 995
921 961
921 1543
921 1041
921 1363
921 1434
922 1253
922 1418
922 1112
923 1088
923 1120
923 1513
923 1103
923 1147
924 1234
924 1303
924 1382
924 975
925 1328
925 1011
926 1345
926 932
926 1318
926 1140
927 1361
928 1219
928 1462
928 1575
929 1294
929 1127
930 938
930 1483
931 1032
931 1145
932 1184
932 1108
933 1376
933 1375
933 1104
933 1215
934 1440
934 1333
935 1105
935 1581
936 1366
936 1563
937 1538
937 1189
938 961
938 1412
938 1350
938 941
938 1137
938 1494
938 1148
939 1097
939 1132
940 1083
940 1300
940 1446
941 1511
941 1194
941 942
942 1064
942 1580
942 1298
943 1219
943 965
943 1037
943 1558
943 1367
944 1568
944 1537
944 1206
945 1241
945 1283
945 1149
946 1582
947 997
947 1333
947 1018
947 1471
948 1156
948 1049
949 1331
949 1590
950 1346
950 1544
950 1594
950 1243
950 1533
951 1381
951 1204
951 1240
952 1177
952 1403
952 1181
952 1277
953 1436
953 1582
954 1361
954 1379
954 1445
955 1322
956 967
956 1005
956 1069
956 1261
957 1483
959 1361
959 1082
959 1083
961 1345
961 995
961 1131
962 1496
962 988
963 1543
963 1348
964 1164
964 1333
964 1210
965 1126
965 1392
965 1310
966 1224
966 1233
966 1244
968 1060
968 1158
968 1254
968 1558
968 1081
969 1425
969 1553
970 1092
970 1389
970 1558
970 1209
970 1403
970 1149
970 1374
971 1140
971 1549
971 1061
972 1193
972 1238
973 1199
974 1452
974 1517
974 1395
974 1433
975 1124
975 1384
975 1266
976 1280
976 1098
976 1239
976 1367
977 1104
977 1441
977 1565
977 1327
978 1559
978 1335
978 1400
979 1159
979 1342
980 1581
980 1518
980 1368
980 1115
981 1597
981 1038
981 1526
981 1116
982 1248
982 1051
983 1484
983 1267
983 1594
984 1014
985 1091
986 1124
986 1164
986 1359
987 1090
987 1447
987 1264
988 1183
988 1348
988 999
989 1252
989 1113
990 1159
990 1107
990 1560
991 1514
991 1092
993 1122
994 1195
994 1167
994 1108
995 1213
996 1118
998 1440
998 1487
998 1434
999 1035
1000 1210
1001 1079
1002 1465
1002 1367
1003 1383
1007 1573
1007 1079
1008 1380
1008 1414
1008 1206
1009 1440
1009 1096
1009 1303
1010 1229
1010 1454
1010 1554
1011 1089
1012 1088
1012 1408
1012 1448
1012 1359
1013 1426
1013 1174
1014 1473
1014 1193
1014 1323
1015 1189
1015 1499
1016 1531
1017 1121
1017 1026
1018 1456
1019 1289
1019 1341
1019 1038
1020 1272
1020 1312
1021 1537
1021 1466
1022 1501
1023 1568
1023 1222
1023 1074
1023 1366
1023 1589
1023 1178
1023 1055
1024 1091
1024 1310
1025 1080
1025 1491
1026 1565
1026 1441
1026 1509
1027 1363
1028 1136
1030 1387
1032 1122
1032 1347
1032 1516
1033 1228
1034 1277
1035 1186
1036 1535
1037 1057
1037 1419
1037 1143
1038 1448
1038 1520
1039 1305
1040 1546
1040 1282
1041 1507
1041 1303
1041 1178
1042 1420
1043 1540
1043 1162
1043 1067
1043 1078
1043 1562
1044 1478
1046 1127
1047 1481
1047 1107
1047 1380
1048 1409
1048 1425
1048 1112
1049 1075
1049 1141
1049 1262
1050 1422
1050 1276
1051 1440
1052 1218
1052 1220
1052 1321
1052 1459
1052 1592
1052 1339
1054 1076
1055 1257
1056 1599
1057 1501
1057 1569
1057 1103
1059 1331
1059 1560
1060 1297
1060 1184
1061 1315
1061 1253
1061 1192
1061 1395
1061 1247
1062 1281
1062 1291
1062 1431
1063 1187
1063 1145
1063 1533
1064 1389
1065 1220
1065 1381
1066 1076
1066 1445
1067 1105
1068 1291
1068 1585
1068 1223
1069 1537
1069 1129
1069 1391
1069 1080
1070 1484
1070 1151
1071 1072
1071 1528
1071 1348
1071 1556
1072 1202
1073 1125
1073 1450
1073 1453
1073 1428
1074 1536
1076 1470
1076 1310
1077 1395
1077 1359
1078 1274
1078 1140
1079 1200
1080 1410
1080 1175
1081 1568
1081 1323
1081 1357
1081 1135
1082 1450
1082 1261
1082 1492
1084 1547
1084 1095
1085 1246
1086 1153
1086 1384
1086 1110
1086 1434
1087 1158
1087 1496
1087 1144
1089 1216
1089 1164
1089 1246
1090 1496
1090 1380
1091 1092
1092 1320
1092 1577
1092 1552
1093 1145
1093 1135
1094 1241
1094 1309
1094 1453
1095 1301
1095 1371
1096 1292
1097 1175
1097 1181
1097 1278
1098 1573
1098 1161
1099 1257
1099 1197
1100 1350
1100 1230
1100 1558
1101 1285
1102 1329
1102 1531
1102 1467
1102 1276
1103 1380
1103 1166
1103 1550
1103 1171
1103 1555
1104 1234
1105 1280
1105 1414
1105 1293
1105 1488
1106 1584
1106 1558
1107 1177
1108 1540
1108 1398
1108 1117
1109 1262
1110 1292
1112 1154
1112 1261
1112 1453
1112 1145
1113 1314
1114 1378
1114 1147
1115 1406
1116 1401
1117 1591
1117 1348
1118 1491
1119 1441
1119 1485
1120 1396
1121 1157
1121 1333
1121 1529
1122 1538
1122 1382
1122 1269
1123 1387
1124 1450
1125 1426
1125 1180
1125 1301
1127 1482
1127 1227
1128 1443
1128 1418
1128 1388
1128 1147
1129 1201
1129 1442
1130 1304
1130 1502
1131 1335
1132 1568
1132 1319
1132 1447
1132 1486
1132 1247
1133 1165
1133 1533
1134 1235
1134 1371
1134 1309
1135 1570
1135 1160
1135 1320
1135 1358
1135 1171
1136 1264
1137 1401
1138 1417
1138 1531
1139 1195
1139 1230
1142 1546
1142 1177
1144 1344
1145 1291
1145 1311
1146 1264
1146 1587
1147 1261
1147 1200
1147 1265
1147 1590
1147 1239
1147 1368
1149 1454
1150 1164
1150 1293
1151 1513
1151 1560
1152 1156
1152 1220
1152 1291
1152 1301
1153 1472
1153 1295
1153 1428
1153 1431
1153 1178
1154 1409
1155 1562
1156 1473
1156 1265
1156 1365
1156 1273
1156 1179
1157 1273
1158 1463
1158 1309
1159 1216
1160 1254
1160 1164
1161 1226
1162 1524
1165 1454
1165 1395
1165 1205
1166 1349
1166 1320
1166 1326
1167 1304
1167 1409
1167 1266
1168 1376
1168 1486
1169 1426
1169 1437
1170 1484
1171 1546
1172 1236
1172 1375
1173 1401
1174 1466
1175 1225
1175 1230
1175 1466
1176 1185
1176 1444
1176 1389
1176 1559
1177 1479
1178 1343
1179 1561
1179 1233
1180 1222
1181 1537
1181 1285
1181 1528
1181 1397
1182 1505
1182 1250
1182 1325
1182 1556
1183 1477
1183 1597
1185 1445
1185 1509
1185 1209
1185 1275
1186 1283
1189 1301
1189 1497
1189 1566
1190 1232
1191 1462
1191 1531
1192 1297
1192 1435
1194 1382
1195 1295
1195 1266
1196 1382
1197 1229
1197 1555
1198 1218
1198 1349
1198 1321
1200 1281
1200 1326
1200 1202
1200 1398
1202 1261
1203 1431
1204 1411
1204 1515
1206 1236
1206 1208
1206 1503
1207 1444
1207 1477
1208 1432
1208 1281
1208 1577
1209 1291
1210 1507
1210 1358
1210 1231
1211 1505
1211 1577
1211 1553
1212 1537
1212 1375
1212 1236
1213 1504
1213 1518
1214 1425
1214 1270
1216 1445
1216 1339
1216 1567
1217 1234
1217 1290
1218 1465
1220 1484
1221 1497
1222 1539
1222 1542
1222 1330
1222 1306
1224 1579
1224 1328
1224 1298
1224 1431
1225 1497
1226 1567
1227 1515
1227 1269
1227 1335
1228 1485
1231 1496
1232 1291
1233 1349
1234 1496
1234 1333
1234 1372
1234 1464
1234 1433
1238 1297
1238 1339
1238 1279
1240 1276
1242 1421
1243 1457
1243 1534
1245 1391
1246 1255
1247 1513
1247 1494
1248 1509
1248 1519
1248 1305
1248 1340
1248 1309
1249 1542
1251 1317
1253 1478
1253 1479
1253 1544
1253 1335
1255 1510
1255 1431
1257 1496
1257 1355
1257 1357
1257 1430
1258 1355
1262 1263
1262 1264
1262 1520
1262 1436
1263 1456
1263 1428
1263 1557
1263 1343
1264 1380
1265 1548
1266 1521
1267 1513
1269 1554
1270 1460
1270 1276
1271 1274
1271 1555
1273 1333
1273 1559
1274 1401
1276 1365
1277 1506
1278 1285
1278 1294
1279 1582
1280 1442
1282 1385
1283 1371
1284 1414
1285 1416
1285 1523
1286 1422
1286 1558
1288 1422
1289 1378
1291 1512
1291 1503
1294 1399
1296 1454
1296 1331
1296 1497
1297 1576
1297 1532
1298 1441
1298 1555
1298 1364
1298 1556
1300 1505
1300 1541
1300 1384
1301 1541
1301 1333
1303 1510
1304 1409
1304 1430
1305 1547
1305 1592
1307 1417
1307 1524
1307 1543
1308 1317
1311 1414
1311 1352
1311 1393
1314 1379
1316 1582
1317 1344
1317 1407
1318 1472
1318 1535
1319 1490
1319 1507
1321 1335
1322 1347
1323 1376
1323 1356
1323 1548
1324 1521
1324 1598
1326 1549
1327 1592
1327 1494
1329 1451
1330 1423
1331 1575
1331 1338
1332 1517
1333 1451
1334 1482
1336 1422
1337 1594
1339 1386
1340 1426
1344 1480
1344 1430
1345 1412
1345 1588
1346 1498
1347 1574
1348 1385
1348 1389
1351 1465
1353 1534
1355 1452
1356 1359
1357 1440
1358 1538
1358 1490
1358 1528
1359 1409
1359 1487
1361 1470
1365 1452
1366 1560
1367 1530
1368 1492
1368 1499
1369 1535
1370 1371
1374 1528
1374 1492
1375 1506
1376 1487
1376 1457
1376 1535
1377 1540
1379 1539
1380 1449
1381 1415
1382 1599
1384 1522
1385 1416
1385 1531
1385 1564
1385 1599
1386 1545
1387 1441
1388 1495
1388 1571
1388 1575
1391 1538
1394 1577
1395 1409
1396 1513
1396 1565
1397 1435
1397 1543
1398 1512
1400 1445
1401 1492
1402 1409
1404 1570
1404 1581
1404 1530
1405 1584
1405 1511
1407 1504
1407 1474
1407 1512
1407 1586
1410 1530
1411 1449
1411 1436
1413 1514
1414 1574
1414 1460
1415 1567
1416 1555
1417 1493
1421 1445
1423 1569
1423 1546
1427 1453
1428 1531
1430 1433
1431 1539
1431 1555
1432 1480
1434 1472
1436 1443
1439 1446
1440 1570
1441 1449
1442 1451
1442 1520
1442 1530
1445 1486
1449 1575
1450 1484
1452 1574
1452 1528
1454 1497
1455 1480
1455 1580
1457 1524
1458 1486
1460 1523
1461 1597
1461 1543
1462 1552
1463 1513
1467 1521
1467 1556
1468 1577
1472 1566
1473 1529
1474 1579
1475 1538
1475 1542
1481 1579
1482 1511
1483 1524
1484 1549
1485 1586
1486 1491
1487 1523
1492 1557
1494 1520
1502 1527
1509 1526
1514 1531
1515 1540
1515 1549
1520 1522
1522 1593
1523 1535
1531 1581
1533 1590
1536 1543
1543 1568
1547 1596
1551 1569
1552 1590
1553 1581
1554 1587
1560 1575
