1600 4800
0 1159
0 1544
0 105
0 1297
0 883
0 628
0 1171
0 379
0 1308
1 674
1 170
1 270
1 976
1 403
1 1209
1 378
1 1277
2 962
2 1474
2 1284
2 869
2 710
2 238
2 879
2 272
2 218
2 61
3 994
3 1158
3 80
3 117
3 1110
3 792
3 1465
4 933
4 519
4 210
4 498
4 851
4 566
4 1047
4 440
4 249
5 649
5 147
5 381
5 1041
5 47
6 861
6 1132
6 688
6 529
6 597
6 695
6 632
6 157
7 1527
7 631
7 332
7 566
7 119
7 347
7 572
7 93
8 1416
8 1107
8 405
8 1157
9 32
9 163
9 1209
9 325
9 645
9 359
9 997
9 1321
9 1354
9 1291
9 1358
9 1361
9 82
9 1140
9 1013
9 1113
10 34
10 710
10 1516
10 1037
10 368
10 89
10 922
10 1147
10 1503
11 496
11 307
11 566
11 1017
11 1180
11 575
12 742
13 280
13 513
13 123
13 705
13 1357
14 1247
14 198
14 735
14 821
14 790
14 1215
15 1171
15 220
15 334
15 1231
16 809
16 1474
16 1054
16 134
16 919
17 865
17 547
17 1384
17 682
17 460
17 214
17 1564
18 931
18 1411
18 1230
18 479
19 137
19 826
19 244
20 1408
20 828
20 860
20 1355
20 1500
20 925
21 897
21 402
21 1307
21 1475
21 1073
22 1328
22 1450
22 1287
22 1183
23 1026
23 451
23 1398
23 1431
23 955
23 1308
23 1342
24 965
24 491
24 46
24 465
24 1591
24 504
25 296
25 233
25 1089
25 1211
25 497
26 1450
26 1057
26 1107
26 435
26 229
27 224
27 43
27 1195
27 1325
27 947
27 211
27 891
27 1373
27 1245
28 640
28 1200
28 1146
28 1309
28 1062
29 481
29 835
29 1446
29 1100
29 794
29 1116
30 833
30 361
30 942
30 817
30 438
30 506
31 899
31 489
31 622
31 370
31 627
31 245
31 1046
31 253
31 221
32 589
32 365
32 1103
32 1460
32 1113
33 728
33 940
33 532
33 1206
34 609
34 36
34 715
34 1165
34 759
34 216
34 889
34 1276
34 702
34 895
35 857
35 369
35 637
35 669
36 1309
37 592
37 874
37 1124
38 1506
38 185
38 771
38 1475
38 686
38 1049
38 317
39 259
39 1475
39 1351
39 1065
39 942
39 1327
39 116
39 1530
39 1051
40 886
40 383
40 126
40 286
41 217
41 1161
41 710
41 646
42 613
42 230
42 295
42 198
42 167
42 1389
42 1271
42 1017
42 477
43 187
43 719
43 367
43 474
43 891
44 401
44 1181
45 369
45 546
45 142
45 543
46 1407
46 1128
46 75
46 747
46 86
46 415
47 1528
47 817
47 1343
48 424
48 1582
48 915
48 1208
48 796
48 61
49 229
49 934
49 233
49 1226
49 1070
49 59
49 61
50 775
50 1420
50 749
50 1456
50 1203
50 89
50 222
51 379
51 1062
51 791
52 513
52 890
52 1140
52 773
52 510
53 193
53 1285
53 1069
53 722
53 947
53 917
53 506
53 859
54 170
54 870
55 1120
55 1065
55 1408
56 472
56 1318
56 405
56 614
57 1124
57 932
57 1189
57 1097
57 747
57 750
57 1051
57 1567
58 1586
58 1467
58 589
59 336
59 874
59 967
59 639
60 872
60 1008
61 610
61 327
61 1163
61 1136
61 725
62 160
62 480
62 1155
62 389
62 965
62 1447
62 1384
62 1528
62 363
62 1548
62 1298
62 504
62 602
62 216
63 708
63 1446
63 749
63 120
63 858
63 190
63 1407
64 1419
64 1461
64 103
65 406
65 1084
65 310
65 415
66 946
66 668
66 422
67 801
67 643
67 804
67 297
67 361
67 1099
67 399
67 560
67 1263
67 1042
67 221
67 1599
68 167
68 808
68 937
68 491
68 751
68 827
69 1536
69 1549
69 761
69 859
69 797
69 286
69 575
70 161
70 963
70 836
70 657
70 1268
70 762
70 411
70 1213
71 193
71 353
71 836
71 426
71 597
71 824
71 1113
71 1471
72 804
72 1575
72 807
72 1585
72 307
72 855
72 766
73 906
73 1340
73 1271
74 612
74 713
74 909
74 239
74 880
74 1494
74 1335
74 664
75 673
75 1250
75 635
75 708
76 1337
76 200
76 1008
76 1495
76 1368
76 345
76 990
76 1535
77 465
77 946
77 979
77 1107
77 622
78 690
78 409
78 106
78 1465
78 1563
79 663
79 1578
79 209
79 1399
79 1242
79 606
80 1219
80 1259
80 590
80 115
80 1077
80 543
81 424
81 521
81 426
81 524
81 1405
81 1077
81 1557
81 184
81 1117
82 229
82 582
82 811
82 687
82 787
82 628
83 543
84 97
84 580
84 553
84 297
84 1450
84 1583
84 1405
84 436
84 1110
84 1341
84 220
84 1085
85 256
85 1414
85 871
85 1446
85 810
85 1585
85 1107
85 1076
85 981
85 1110
85 600
85 923
85 349
86 738
86 1547
86 1104
86 373
86 1437
86 638
86 607
87 577
87 612
87 1092
87 1581
87 622
87 1199
87 310
87 251
87 1532
87 127
88 1344
88 393
88 267
88 684
88 1138
88 853
88 955
88 1214
89 455
89 1321
89 1333
89 506
89 990
90 826
90 205
90 310
90 790
92 457
92 578
92 213
93 352
93 197
93 743
93 1164
93 942
93 655
93 117
94 1250
94 293
94 263
94 1417
94 1228
94 300
94 1359
94 383
95 195
95 676
95 709
95 1060
95 423
95 1511
95 1100
95 813
95 685
95 1400
96 1218
96 1000
96 1395
96 823
96 1529
96 1247
97 1123
97 171
97 1070
97 526
97 1460
98 1322
98 1518
98 465
98 786
98 1363
98 1204
99 1488
99 610
99 565
99 895
100 1415
100 1225
100 848
100 403
100 915
100 629
100 854
100 1332
100 1341
100 349
100 605
101 1376
101 1194
101 1515
101 1310
101 559
102 197
102 936
102 1354
102 108
102 753
102 1010
102 118
102 119
102 152
102 790
102 348
102 413
103 802
103 710
103 168
103 777
103 1162
103 557
103 337
103 859
104 323
104 1126
104 873
104 1450
104 621
104 277
104 1177
105 941
105 206
105 1202
105 1592
105 1374
105 831
106 1501
106 1194
106 1413
106 591
107 1450
107 1067
107 436
107 525
108 1249
108 138
108 189
108 1533
109 554
109 1475
109 740
109 735
110 192
110 257
110 1156
110 487
110 466
110 722
110 1148
110 1564
110 255
111 1570
111 1447
111 296
111 841
111 335
111 882
111 755
111 826
111 543
112 480
112 1346
112 236
113 643
113 422
113 946
113 1365
113 1205
113 1339
114 1342
114 1087
114 213
114 535
114 126
114 668
114 957
114 542
114 735
115 513
115 1153
115 713
115 524
115 626
115 508
116 1504
116 642
116 541
116 167
116 811
116 1294
116 984
116 248
116 797
117 1095
117 780
117 754
117 1334
117 539
117 732
118 528
118 568
118 614
118 1031
119 225
119 242
119 341
119 1557
119 573
120 136
120 1131
120 243
120 408
120 250
120 347
120 1020
121 672
121 729
121 1450
121 1147
121 1289
122 672
122 452
122 998
122 660
122 344
122 1465
123 673
123 858
123 782
124 964
124 1349
124 1324
125 488
125 750
125 335
125 434
125 984
125 761
126 513
126 1058
126 1153
126 1381
126 810
126 1522
126 308
126 980
126 604
126 1310
127 161
127 630
127 1178
127 158
127 1599
128 696
128 1467
128 1428
128 1580
129 636
129 805
129 1319
130 163
130 1572
130 838
130 135
130 841
130 362
130 624
130 1585
130 344
130 569
130 159
131 625
131 155
131 444
131 1513
131 1262
132 457
132 961
133 1217
133 1387
133 1037
133 719
133 240
133 1526
133 346
134 1253
134 524
134 623
134 1276
134 510
135 636
135 419
135 1259
135 924
135 383
136 289
136 164
136 1496
136 1289
136 1359
136 243
136 313
137 764
137 1006
137 1047
137 956
137 766
138 1568
138 262
138 168
138 328
138 1372
139 868
139 1421
139 911
139 790
139 1559
139 1246
139 1023
140 1121
140 261
140 201
140 1098
140 976
140 1584
140 1042
141 322
141 1223
141 1326
141 752
141 533
141 507
141 1597
141 319
142 227
142 707
142 454
142 1032
142 1064
142 1487
142 631
143 1507
143 1251
143 432
143 915
143 766
143 415
144 323
144 425
144 459
144 879
144 945
144 1012
144 1556
144 918
144 730
145 1092
146 716
146 173
146 1150
146 351
147 1250
147 809
147 684
147 719
147 1426
147 563
147 403
147 947
147 797
148 1136
148 1323
148 1163
148 422
148 166
149 642
149 452
149 1158
149 1360
149 660
149 1113
149 859
150 1060
150 1573
150 358
150 904
150 1576
150 1579
150 407
151 303
151 498
151 1171
151 951
151 600
151 1369
151 445
152 427
152 1325
152 1525
152 1080
152 1182
153 360
153 1049
153 1418
153 679
154 570
154 1339
154 903
155 624
155 1473
155 1135
155 1063
156 198
156 302
156 1136
156 178
156 1556
156 1365
156 1079
156 539
157 640
157 908
157 983
158 353
158 1143
158 605
158 645
159 860
159 1163
159 620
159 1237
159 380
160 1461
160 278
160 837
160 199
161 1184
161 875
161 1579
161 592
161 1457
161 411
161 1246
161 731
162 560
162 879
162 564
162 349
162 167
163 1583
163 1361
163 882
163 438
163 1113
164 1507
164 1322
164 747
164 1555
164 1435
164 478
165 528
165 1058
165 987
165 958
165 350
166 521
166 279
167 905
167 1391
167 816
167 1105
167 499
167 1115
167 575
168 1344
168 962
168 646
168 1448
168 1129
168 331
168 172
168 792
168 250
169 1307
169 506
169 435
169 866
169 351
170 1184
170 835
170 1101
170 185
171 1190
171 519
171 811
171 632
171 985
171 1147
173 672
173 1209
173 1003
173 933
174 872
174 851
174 318
174 975
175 932
175 645
175 710
175 1481
175 1357
175 725
175 1181
176 673
176 609
176 1287
176 879
176 177
176 241
176 1491
176 1369
176 796
176 1149
176 1310
176 607
177 1313
177 1220
177 871
177 360
177 854
178 1464
178 849
178 1181
179 419
179 717
179 784
179 1233
179 1145
179 1276
179 605
179 798
180 1026
181 1108
181 637
182 771
182 1416
182 873
182 905
182 1483
182 748
182 1453
183 1225
183 450
183 187
183 637
183 1431
184 1153
184 1308
184 265
185 694
185 860
186 706
186 517
186 425
186 714
186 1230
186 1103
186 1395
186 212
186 1177
186 379
187 968
187 841
187 1398
188 1448
188 1527
188 190
188 583
189 931
189 557
189 1487
190 323
190 1160
190 1132
190 752
190 466
190 532
190 213
190 1369
191 1088
191 647
191 1096
191 1228
191 496
191 820
191 251
191 1439
192 1579
192 1363
192 309
192 313
192 1562
193 1096
194 1499
194 715
194 1470
194 950
194 1487
195 515
195 680
195 714
195 723
195 1268
195 694
195 254
196 331
196 399
196 1457
196 692
196 281
196 253
196 1150
197 260
197 934
197 429
197 1231
197 535
197 984
197 1048
197 1246
197 1279
198 1280
198 580
198 988
198 246
198 601
199 672
199 964
199 1422
199 1232
199 564
199 438
199 1143
199 281
200 1571
200 676
200 776
200 1577
200 1066
200 944
200 1309
201 1013
201 586
201 589
201 1454
202 901
202 1352
202 297
202 879
202 405
202 757
202 698
203 544
203 257
203 868
203 774
203 940
203 1461
203 830
203 959
204 416
204 393
204 810
204 754
204 1047
204 1115
205 609
205 1160
205 462
205 1392
205 826
205 733
206 676
206 517
206 295
206 873
206 1082
206 1403
207 816
207 249
207 596
207 758
208 816
208 325
208 1302
208 1143
209 1059
209 420
209 836
209 1477
209 619
209 492
209 340
209 447
210 836
210 685
210 718
210 563
210 927
211 361
211 809
211 407
211 377
211 1146
212 817
212 1419
212 1524
212 901
213 1086
213 921
214 1189
214 1193
214 916
214 1397
214 1501
215 1451
215 733
215 774
215 1199
216 641
216 835
216 1227
216 575
217 361
217 1003
217 1548
217 1460
217 885
217 984
217 1311
218 889
218 652
218 678
219 488
219 1344
219 1059
219 860
220 802
220 1346
220 1062
220 811
220 1201
220 380
221 1351
221 1322
221 1487
221 1266
221 597
221 568
222 1347
222 1292
222 814
222 1584
222 466
222 695
223 1378
223 523
223 757
223 1343
224 480
224 1088
224 1556
224 1557
224 919
225 1056
225 639
225 941
226 650
226 926
226 900
226 806
226 1470
227 1491
228 1473
228 1177
228 232
228 1033
228 1166
228 1551
228 1369
228 1050
229 969
229 1471
229 397
229 367
229 370
229 312
229 1375
230 445
231 1506
231 1539
231 1096
231 684
231 919
231 1399
231 1241
231 1471
232 999
232 489
232 426
232 1045
232 694
232 1271
232 765
233 327
233 714
233 1035
233 1359
234 473
234 378
234 733
234 358
235 1145
235 1091
235 1539
235 422
235 458
235 722
235 692
235 601
235 1214
236 487
236 1040
236 1206
236 1239
236 1469
237 419
237 901
237 939
237 1133
237 539
237 1534
238 315
238 781
239 392
239 275
239 794
239 1309
239 1437
240 897
240 739
240 1065
240 273
240 1138
240 852
240 378
240 286
241 514
241 656
241 824
241 1465
241 892
241 1053
241 574
241 1087
242 378
242 692
242 725
242 282
242 795
242 1503
243 928
243 738
243 940
243 526
243 1271
243 249
243 1214
244 1312
244 867
244 1448
244 1290
244 586
244 1331
244 1045
244 1238
245 1092
245 971
245 463
245 1172
245 1240
245 991
246 1533
246 781
246 589
246 1204
246 311
246 1245
247 424
247 347
247 556
247 1341
248 711
248 744
248 1193
248 619
248 467
248 700
248 702
249 1185
249 1414
249 815
249 1077
249 856
249 1564
249 478
250 1163
250 957
250 945
250 1530
250 1370
250 316
250 765
251 1563
251 825
251 551
252 1248
252 865
252 1450
252 1082
252 412
252 1278
253 352
253 1285
253 936
254 680
254 613
255 389
255 1167
255 721
255 568
255 730
255 282
257 897
257 621
257 910
257 624
257 1393
257 1556
257 414
258 324
258 1098
258 427
258 812
258 593
258 1138
258 788
258 1340
258 606
259 1504
259 495
259 720
259 440
259 1369
260 1066
260 1292
260 652
260 850
260 986
261 608
261 1160
261 1289
261 650
261 1036
261 1359
261 1170
261 955
261 574
262 1159
262 395
262 268
262 1551
262 381
262 510
262 927
263 1340
263 1106
263 884
263 741
264 1144
264 363
264 1341
264 766
264 1472
265 932
265 1287
265 1579
265 1515
265 696
266 305
266 964
266 606
267 1473
267 1415
267 1480
267 654
267 1467
268 1504
268 1123
268 839
268 1097
268 938
268 788
268 1082
268 828
268 1503
269 912
269 1443
269 1292
270 608
270 878
270 466
270 309
270 637
271 1312
271 1190
271 422
271 1161
271 1578
271 783
271 1395
271 858
271 1279
272 1299
272 1028
272 454
273 867
273 419
273 1252
273 1034
273 430
273 1535
274 627
274 1235
275 866
275 1445
275 1068
275 1332
275 1205
275 1372
275 1085
276 301
277 521
277 691
277 469
278 353
278 835
278 933
278 1029
278 1290
278 560
278 1207
278 696
278 1117
278 1023
279 516
279 1230
279 885
279 438
279 1532
280 1525
280 948
280 1359
280 1111
281 1120
281 387
281 804
281 407
282 961
282 548
282 1477
282 1521
282 1214
283 857
283 1291
283 1593
284 622
284 496
284 1331
284 1300
284 951
284 1246
284 1086
285 980
286 1314
286 778
286 1134
286 595
286 1021
287 1280
287 722
287 662
288 464
288 1518
288 738
288 1318
289 678
289 523
289 1070
289 341
289 982
289 1237
290 1268
290 903
291 1266
291 475
291 1308
291 877
291 949
292 386
292 327
292 425
292 780
292 654
292 1296
293 446
293 1227
293 604
293 477
293 1118
294 1537
294 930
294 1068
294 816
294 756
294 377
295 358
295 493
295 527
295 1360
295 697
296 1271
296 519
297 1194
297 1135
297 917
297 566
297 564
297 1044
297 1273
297 1051
298 1539
298 1220
298 1092
298 933
298 1416
298 1134
298 311
298 441
299 1313
299 1219
299 1541
300 1171
300 1428
300 1567
301 774
301 1353
301 554
301 592
301 369
301 1205
301 311
301 1468
302 1382
302 391
302 1064
302 1512
302 531
302 467
303 1568
303 1538
303 1033
303 332
303 313
304 580
304 1036
304 1296
304 882
304 1556
304 1278
304 1119
305 537
305 918
306 472
306 1059
306 676
306 549
307 864
307 1477
307 1040
307 375
307 1151
308 993
308 1256
308 619
308 942
308 1392
308 1182
308 1599
309 951
309 423
310 323
310 488
310 1128
310 721
310 671
311 866
311 1220
311 710
311 400
311 504
311 1054
312 680
312 432
312 1040
312 566
312 534
313 1131
313 1294
313 1432
314 1505
314 1275
314 1117
314 413
314 574
315 801
315 1321
315 927
316 1410
316 362
316 464
316 402
316 1214
317 1176
317 1106
317 1452
318 624
318 906
318 1495
319 1569
319 1538
319 486
319 1421
319 1424
320 965
320 614
320 1098
320 723
320 980
320 473
320 702
321 644
321 740
321 1476
321 1223
321 1583
321 1298
321 1014
321 472
322 1450
322 835
322 903
323 1249
323 675
323 420
323 971
323 1431
323 1407
324 1544
324 1413
324 334
324 375
325 868
325 666
325 475
325 1405
325 799
326 392
326 457
326 722
326 571
327 1089
327 1058
327 453
327 1002
327 1193
327 750
327 689
327 824
328 1168
328 1081
328 1344
328 1285
329 680
329 1329
329 499
329 1126
330 897
330 836
330 617
330 1389
330 689
330 788
330 1561
331 1025
332 413
333 1137
333 571
334 804
334 427
334 971
334 1291
334 879
334 1327
334 339
334 1367
335 399
335 346
335 974
336 1043
336 1094
336 691
336 382
337 1184
337 614
337 1320
337 586
337 910
337 1113
338 1080
338 1049
339 868
339 991
340 1472
340 994
340 1412
340 701
341 931
341 1449
342 1152
342 609
342 590
343 1555
343 601
343 770
343 1131
343 1170
344 707
344 452
344 359
344 744
344 814
344 891
345 674
345 742
345 1480
345 461
345 1170
345 535
345 1342
346 576
346 531
346 1589
346 892
347 992
347 391
347 1167
348 1396
348 409
348 916
348 1364
349 1377
349 1099
349 685
349 1459
349 600
349 1403
350 992
350 1185
350 514
350 455
350 1257
350 1207
350 1176
351 570
351 494
351 1407
352 1120
352 1348
352 810
352 751
353 1052
354 585
354 1010
354 1348
354 1410
355 1041
355 452
355 678
355 742
356 488
356 1458
356 1429
357 1258
357 572
357 1461
357 1551
358 1133
358 1006
358 625
359 834
359 849
359 375
359 1179
359 510
360 1002
360 427
360 1133
360 1037
360 1528
361 801
361 1417
361 365
361 607
362 1500
362 654
362 495
362 626
362 632
362 859
362 476
363 1021
363 925
363 1469
364 610
364 964
364 808
364 1228
364 1300
364 1175
365 1425
365 518
365 967
366 1312
366 582
367 868
367 1381
367 808
367 1076
367 1208
367 606
368 1466
368 385
368 406
368 759
369 426
369 463
369 1265
369 1593
369 412
369 478
370 1443
370 1188
370 1571
370 554
370 850
370 598
370 1178
371 1569
371 1060
371 1484
371 728
371 636
371 606
372 604
373 395
373 1584
373 1299
373 661
373 1340
374 777
375 738
375 566
375 1111
375 1308
376 1385
376 1530
376 941
376 1550
377 802
377 1188
377 1254
377 1542
377 1328
377 1278
378 903
378 1129
378 523
378 1103
378 599
378 728
378 605
379 1384
379 557
379 1424
379 785
379 818
379 1138
379 733
380 1249
380 613
380 852
380 726
380 1278
381 477
381 489
381 775
382 897
382 610
382 1094
382 1448
382 717
382 878
382 1230
382 1521
383 609
383 1260
383 628
383 1045
383 1461
383 407
384 398
384 467
384 1044
384 853
384 663
384 1278
385 426
385 854
386 1510
386 390
386 395
386 1263
386 951
387 1062
387 1206
387 607
387 519
388 583
388 748
388 1008
388 1073
388 501
388 505
389 451
389 1481
389 1199
389 1461
390 418
390 1465
390 1563
390 1572
391 1506
391 1448
391 1162
391 1297
391 659
391 475
391 1497
392 866
392 553
392 880
392 1076
393 1152
393 1432
393 632
393 1196
393 826
393 635
393 669
394 1579
394 915
394 758
395 913
395 500
395 631
395 1402
395 1564
395 1375
396 792
396 1561
396 1584
396 1309
396 894
397 420
397 1354
397 1267
397 1427
397 440
397 697
398 1163
398 1470
398 1472
399 1135
399 1009
399 1402
399 1086
400 673
400 524
401 1312
401 609
401 1067
401 940
401 1260
401 625
401 1169
401 444
402 833
402 717
402 472
402 1470
403 1403
403 920
403 891
403 1599
404 1185
404 711
404 1137
404 405
404 599
404 922
405 487
405 847
405 1393
405 627
405 666
406 1058
406 1059
406 439
407 865
407 450
407 676
407 868
407 1227
407 1325
407 1467
408 1250
408 1261
408 1047
409 1210
409 678
410 1189
410 773
410 927
411 1153
411 1220
411 1230
411 1521
411 882
411 852
411 726
412 965
412 1320
412 569
412 1083
413 1412
413 746
413 975
413 912
414 1153
414 967
414 552
414 1261
414 1587
414 1534
415 525
415 493
415 1108
415 1214
415 1597
415 1054
415 1311
416 1168
416 1586
416 1344
416 1348
417 1075
417 1556
417 1533
418 1221
419 577
419 1218
419 690
419 1207
419 1240
420 641
420 1154
420 518
420 1567
421 872
421 969
421 951
422 1154
422 454
422 946
422 632
422 732
423 996
423 976
423 1136
423 1235
423 1302
423 1209
424 1411
424 590
424 1327
424 1045
424 728
425 1353
425 1536
426 1093
426 1296
426 755
426 1140
426 763
427 1257
427 1354
427 657
427 1532
428 1290
428 1389
428 1262
429 1415
429 1262
429 975
429 784
429 1295
429 1267
429 731
429 1564
430 1234
430 926
430 845
430 822
431 688
431 1269
431 1139
431 565
432 905
432 453
433 609
433 1158
433 932
433 625
433 1267
434 1442
434 1262
434 1047
435 1413
435 1238
435 970
436 1001
436 458
436 1558
438 1381
438 1391
438 657
438 1393
439 1370
439 590
439 1197
439 1178
439 445
440 1132
440 973
440 530
440 854
440 1277
441 1376
441 1313
441 1234
441 1555
441 1369
441 1055
442 1353
442 1083
442 870
443 1537
443 784
443 1073
443 533
443 538
443 1596
443 1533
444 546
444 1099
444 1364
444 989
444 607
445 1208
445 993
446 1528
446 985
447 1225
447 757
448 985
448 530
448 1553
449 1465
449 1570
449 1381
449 655
450 1321
450 1539
450 1452
451 939
452 737
452 1410
452 1189
452 1448
452 726
453 687
453 571
454 1157
454 1162
454 811
454 729
455 516
455 1383
455 1259
455 1582
455 815
455 816
455 916
456 1123
456 932
456 663
457 739
457 777
457 659
457 1461
457 859
458 617
458 549
458 1407
459 1468
459 616
459 696
460 827
460 1029
460 1095
461 749
461 1423
461 1168
461 463
461 1587
461 891
462 1306
462 1557
462 1031
463 1090
463 527
463 563
463 954
463 603
464 899
464 1358
464 1267
464 1211
465 1408
465 624
465 1143
466 1256
466 1389
466 982
466 794
467 1043
467 764
467 797
468 481
468 643
468 1190
468 1162
468 1295
468 1490
468 1268
468 760
468 1145
468 698
468 1307
469 480
469 765
469 1320
470 1065
470 1378
470 1539
470 766
471 586
471 571
472 483
472 1194
472 588
472 1233
473 641
473 1527
473 680
473 1269
473 1335
473 1245
473 1530
473 571
473 925
474 1383
474 937
474 1258
474 1291
474 1458
474 788
474 699
475 929
475 1098
475 875
475 1308
476 1216
477 1011
477 855
478 904
478 715
478 1275
479 762
479 1125
479 1198
480 1248
480 1198
480 1145
480 508
481 1507
481 647
481 1451
481 1459
481 1207
481 1211
481 1279
482 770
482 716
482 976
482 1009
482 1264
482 1424
482 1175
482 1209
482 506
483 561
483 1083
483 1023
484 811
484 748
485 1491
485 1252
485 1543
485 551
486 753
486 660
487 987
487 861
487 767
488 584
488 936
488 1194
488 589
488 889
488 1466
489 1445
489 1294
489 594
489 1045
490 1185
490 882
490 1418
491 964
491 1546
491 1072
491 1015
491 1399
492 1203
492 1284
492 1540
492 1151
494 1408
494 1056
494 554
494 698
494 1087
495 608
495 1444
495 1095
495 813
495 598
495 570
495 895
496 614
496 616
496 855
496 1328
496 1074
496 1142
496 631
496 1334
496 1561
497 1122
497 772
497 734
497 1561
497 1428
497 1404
497 990
498 649
498 1122
498 705
499 642
499 1509
499 1197
499 569
499 915
499 1368
499 921
499 1406
500 838
500 1082
500 622
501 1595
502 1505
502 1540
502 1062
502 1389
502 1422
502 1212
503 1344
503 1062
504 1597
504 714
504 1067
504 559
504 817
504 1137
504 1108
504 567
504 954
504 1279
505 1510
506 1572
506 1383
506 904
506 1117
506 887
506 637
507 874
507 1475
507 1503
508 834
508 708
508 1464
509 593
509 659
509 1583
509 1095
510 612
510 1029
510 1535
510 1395
510 567
510 697
510 799
511 633
511 642
511 1189
511 1553
512 1328
512 537
512 525
512 830
512 1519
513 1553
514 1057
514 1505
514 1384
514 1465
514 1435
515 761
515 994
515 651
515 551
516 1408
516 675
516 523
516 1365
516 638
517 914
517 1238
517 985
517 1276
517 1373
518 1312
518 705
518 816
518 1264
518 722
518 851
518 1586
518 957
518 990
519 1104
519 954
519 987
520 1590
520 1537
520 1011
520 590
520 1531
521 558
521 743
522 1202
522 906
522 1312
524 848
525 1287
525 892
525 990
526 715
526 1516
526 592
526 1299
526 695
526 1439
527 1124
527 688
527 1522
527 950
527 855
528 641
528 589
528 628
528 820
528 1206
529 697
529 1434
530 727
530 1055
531 1227
531 1322
531 1485
532 604
532 1001
532 1159
533 1123
533 1411
533 1190
533 1479
533 618
533 1491
533 1083
534 1228
534 1541
534 1383
535 673
535 1217
535 841
535 1079
536 577
536 898
536 1188
536 804
536 1001
536 878
536 1392
537 1225
537 1561
537 1300
537 601
537 767
538 1107
538 1244
539 1388
539 1134
539 857
539 1498
540 633
540 1370
540 1149
541 700
541 975
541 1327
541 655
541 1563
541 1244
542 1475
542 1322
542 779
542 1529
542 1150
543 1010
543 987
544 1000
544 1370
545 1050
545 709
545 1381
545 553
545 1548
545 1487
545 1072
545 698
545 764
545 1021
545 922
546 1190
546 647
546 1072
546 1426
546 605
547 1320
547 1093
548 1477
548 1516
548 1330
548 1045
548 1183
549 946
549 795
550 1048
551 768
551 675
551 901
551 852
551 1119
552 768
552 771
553 1409
553 902
553 585
553 680
554 739
554 1551
554 1396
554 1338
554 1020
554 1085
555 1034
555 1003
555 1132
555 1456
555 787
555 1364
555 1176
556 1225
556 941
556 1006
556 1456
556 625
556 1492
556 1111
556 920
556 1279
557 684
557 1431
557 1368
557 1055
557 1279
558 1043
558 681
558 1524
558 1566
559 672
559 865
559 742
559 997
559 748
559 1011
559 1181
559 1311
560 1029
560 1356
560 1229
560 1326
560 1487
560 1278
561 587
561 1359
562 833
562 569
562 1136
562 1517
562 687
563 1217
563 1589
564 1249
564 1224
564 778
564 714
564 1518
564 1428
564 1559
564 1148
565 1590
565 689
565 606
566 741
566 909
566 1165
566 1013
566 734
567 1154
567 1415
567 587
567 939
567 823
567 1310
568 1441
568 1569
568 741
568 651
569 1025
569 1320
569 809
569 1003
569 972
569 824
570 1293
570 1455
570 1055
571 738
571 846
572 1250
572 614
572 1325
572 788
572 1558
572 603
573 674
573 1193
573 1585
573 949
573 1113
573 798
574 672
574 1194
574 1386
574 817
575 1218
575 581
576 939
576 1134
576 945
576 626
576 952
576 1597
576 1470
577 938
577 758
577 922
578 1415
578 1234
578 1180
578 1309
578 830
579 801
579 1271
579 623
580 898
580 1122
580 1515
580 940
580 731
580 1020
581 1129
581 628
581 1222
582 1159
582 1164
582 1583
582 1340
582 956
582 1021
582 606
583 778
583 1002
583 751
583 1180
583 789
583 1334
583 1337
583 703
584 741
584 874
584 1108
584 600
584 666
586 736
586 1154
586 1512
586 940
586 1499
587 1093
587 1480
587 1518
587 944
588 1121
588 1576
588 1152
589 1002
589 844
589 942
589 1458
589 1471
590 867
590 774
590 843
590 1131
590 1427
591 944
591 1319
592 993
592 871
592 1005
592 884
592 924
593 769
593 1510
593 1163
593 1564
593 1275
593 732
593 862
594 1373
595 1288
595 1051
595 726
596 1590
596 1175
596 952
596 1433
596 1311
597 1238
598 1384
598 1063
599 1217
599 1129
599 1147
599 987
600 1233
600 1050
601 1028
601 901
601 869
601 1458
601 1046
602 1059
602 634
602 755
603 917
604 939
604 1200
604 1182
605 934
605 1553
605 757
605 1557
605 1115
606 1537
606 804
606 1509
606 713
606 978
607 1313
607 1224
607 1422
607 1044
607 1592
608 741
608 1030
608 1422
609 1026
609 1518
609 1007
610 1478
610 1297
610 1462
611 1020
611 751
612 929
612 1035
612 1291
612 1579
612 1238
612 826
613 1474
613 1289
613 1451
613 780
613 1266
613 854
613 1019
614 738
614 1363
614 1340
615 975
615 839
616 1422
616 1076
616 761
616 1338
618 1222
619 1381
619 914
619 1458
619 1111
620 1272
620 1225
620 831
621 754
621 1017
622 978
622 921
622 1500
622 1246
623 1380
623 1477
623 1541
623 1362
623 1490
623 1461
623 825
624 644
624 1290
624 1043
625 1575
625 1070
625 944
626 1249
626 1442
626 1480
626 816
626 639
627 689
627 805
628 1449
628 789
629 940
629 1339
629 1074
630 962
630 1346
630 1127
631 929
631 1384
631 1003
632 1063
632 1222
632 661
632 926
633 1326
633 929
633 790
634 1041
635 1153
635 681
635 1326
635 943
635 1358
635 1268
635 1374
636 1250
636 713
636 849
636 1045
636 700
637 1195
638 1159
638 863
639 1442
639 1573
639 1161
639 1388
639 1332
640 858
640 755
640 1487
642 1370
643 1480
643 1226
644 1338
644 1429
644 1486
645 1414
645 1225
645 1013
646 1221
646 1160
646 1067
646 1487
646 1329
646 1338
646 1599
647 685
648 1548
648 1404
648 1229
648 999
649 868
649 1581
649 1425
649 984
649 921
649 958
650 705
650 844
650 767
650 863
651 1353
651 1008
651 1207
651 1565
652 928
652 1380
652 1583
652 944
652 1144
652 1177
652 1371
652 893
653 1077
654 1541
654 814
655 1308
655 1228
656 1152
656 1108
656 1542
657 1234
657 1075
657 761
658 1500
658 1204
659 1160
659 1480
659 1388
659 818
659 664
659 1306
659 1595
660 778
660 946
660 1365
660 698
660 827
661 963
661 1157
661 711
661 1299
662 1424
662 1465
662 1119
663 664
664 834
664 1187
664 1075
664 1336
664 763
665 1444
665 1236
666 768
666 680
666 1480
666 1547
666 1359
666 1395
666 1403
667 880
667 779
668 1219
668 1193
668 1197
668 1581
668 975
669 1472
669 1257
670 921
670 1268
670 1326
670 1095
671 802
671 1549
671 1393
671 691
671 1496
672 1502
672 1492
673 881
674 1573
675 1371
675 1462
676 1123
677 1285
677 1225
677 1514
677 1492
677 1529
677 795
677 1085
678 1536
678 705
678 1350
678 713
678 1418
678 879
678 1199
678 725
679 722
680 936
680 1306
681 1349
681 805
681 1532
682 1040
682 762
682 1298
682 868
683 1056
683 1464
683 1399
683 1262
683 1383
684 710
684 909
684 1147
684 1341
685 930
685 925
685 1561
685 1596
686 784
686 864
686 1566
687 1388
688 1063
688 974
689 804
689 1391
689 787
689 952
689 1497
690 1385
690 1423
690 1426
690 1334
690 1560
691 1505
691 1573
691 710
691 1084
691 734
692 1026
692 1348
692 1485
692 1298
692 858
693 712
693 1546
693 1106
693 731
693 939
694 749
694 875
695 1463
696 1444
696 1317
696 1076
696 1334
697 1420
697 1334
697 762
698 1216
698 1545
698 1494
699 976
699 1048
699 965
700 837
700 1326
701 1024
701 1312
701 1570
701 1445
701 1228
701 889
702 1538
702 1573
702 1002
702 1182
703 1596
703 1597
704 1536
704 1073
704 1260
704 757
704 711
705 1272
705 1176
705 1531
705 830
706 944
706 1168
707 1059
707 1318
707 1384
707 745
707 1459
707 1369
707 1434
708 900
708 1467
708 1118
709 1355
709 750
709 1532
709 927
710 1574
710 809
710 940
710 1550
710 751
710 1040
710 1498
710 829
711 1062
711 1481
711 880
711 792
711 831
712 717
712 1074
712 1014
712 985
712 1503
713 1299
713 1431
713 1081
714 1571
714 1228
714 1261
714 721
714 825
714 1499
714 765
715 1002
715 1428
716 944
716 908
716 790
717 1059
717 1519
717 1360
717 1247
718 1156
718 1064
718 1545
718 1520
718 1200
719 800
719 1121
719 1232
719 1329
719 983
719 857
720 994
720 844
720 1517
722 1327
722 1041
723 998
723 814
723 1233
723 1016
723 889
724 808
724 1275
724 1126
725 1158
725 844
725 1009
725 1086
726 1442
727 1290
727 1283
727 909
728 781
729 871
730 1060
731 1177
731 1276
732 994
732 1013
732 1466
733 1333
733 1535
734 1188
734 1292
734 1037
734 831
735 792
735 1021
736 1185
736 853
736 950
736 759
736 1083
737 1058
737 1506
737 1285
738 1376
738 1110
739 1080
740 897
740 1319
740 947
740 1566
741 907
741 1426
742 1097
742 748
742 1271
743 1160
743 1316
743 1423
744 1088
744 1061
744 1289
744 880
744 1392
744 885
744 886
745 1561
745 831
746 1495
746 1284
746 1453
747 1414
748 1249
748 933
748 1063
748 1417
748 1278
749 777
749 1369
749 1117
749 1598
750 1539
750 1577
750 1395
750 855
751 1503
751 813
751 763
751 1343
752 1324
752 1007
753 896
753 1506
754 1249
754 1250
754 867
754 835
754 1520
754 945
754 1084
754 1343
755 1344
755 1443
755 1094
755 1190
755 1210
755 1017
755 763
756 1007
756 1428
756 1302
756 1431
756 1150
757 1351
757 841
757 1363
758 997
758 1035
758 1365
758 1501
759 897
759 930
759 1330
759 981
759 1532
759 830
760 839
760 849
760 1527
760 1277
760 1469
760 798
761 1039
762 1137
763 1378
764 1098
764 818
764 1529
765 1261
765 860
765 890
766 1297
766 982
766 1275
767 897
767 1209
767 1030
767 1589
768 1250
768 1077
769 1061
770 1153
770 775
770 1134
770 1011
770 787
770 823
771 1438
771 1029
771 1150
772 1088
772 904
772 1169
772 1172
772 982
772 1144
773 1217
773 839
773 784
773 788
774 1442
774 1559
774 1414
774 839
774 1192
774 1040
774 1136
775 840
775 1512
775 1324
775 1150
776 1202
776 1538
776 1372
777 1057
777 1300
778 1474
778 1031
778 905
778 917
779 1237
779 1038
780 1241
780 1575
780 1390
780 1113
781 1314
782 1206
783 826
783 836
783 823
784 1066
784 1549
784 1403
785 1538
785 1063
785 1545
785 1043
785 1402
786 1584
786 1260
786 1270
786 1303
787 1089
787 803
787 1251
787 1542
788 898
788 1200
788 1053
789 1105
789 1532
790 1082
790 1166
790 1361
790 1590
791 1296
791 1467
791 1478
792 1089
792 1583
792 1334
792 1211
792 1052
792 1564
794 1424
794 1524
794 1366
794 985
795 1281
795 1381
795 1391
796 1113
796 1139
796 944
797 1380
798 875
798 1490
799 929
799 1002
799 946
799 1524
799 1113
799 1500
800 883
800 1117
800 813
802 1283
802 872
802 1351
802 1420
802 1231
803 883
803 1443
804 1525
805 1144
805 1262
806 880
806 1440
806 1493
806 1022
807 985
807 1318
808 906
808 1263
808 849
808 917
808 1172
809 1230
809 880
809 912
809 819
810 876
810 1468
811 1251
811 1253
811 1443
811 1068
813 1489
813 1461
814 1059
814 976
814 883
817 1476
817 1514
817 1100
817 1562
818 1127
819 955
820 1587
820 1342
821 963
821 1369
821 1225
821 938
821 944
821 882
821 1273
822 1256
822 1106
822 1166
822 1421
823 1416
823 1586
823 887
824 898
824 1333
824 1590
825 884
825 1397
825 1238
825 1467
826 1020
826 829
827 1451
827 1554
827 951
827 1403
827 1535
828 1294
828 1201
828 1145
828 1435
829 1040
829 1576
830 1508
830 1384
830 1355
830 1593
831 1329
831 1559
832 968
832 1002
832 973
832 1134
833 1220
833 1328
833 1491
834 1163
834 1073
834 895
835 1447
836 1379
836 1490
836 1018
836 1531
836 1148
837 971
838 1477
838 1074
838 1092
839 1056
839 1360
839 916
839 1308
839 1143
839 988
840 952
840 1081
841 1140
841 1304
842 1196
842 1372
843 868
843 1257
843 1048
843 1337
843 1087
844 1457
845 1496
845 1281
845 1404
846 1088
848 1065
848 1317
848 991
849 1101
849 974
849 984
849 1438
850 1145
851 1478
851 943
851 1016
851 1080
852 1287
852 1399
853 1299
854 1185
854 1254
854 1449
854 974
854 1487
855 1028
855 1229
855 1427
856 1251
856 860
857 867
857 1257
857 1417
859 1504
859 1570
859 1332
861 1232
861 1305
862 1106
862 971
862 1443
862 1366
863 1505
864 1076
865 995
866 1536
867 1100
868 961
868 996
868 1485
868 1202
868 1589
868 1276
869 1155
870 992
870 1187
870 872
870 1417
871 1251
871 1228
872 1303
872 1560
873 1474
873 1325
873 1455
874 1431
874 1225
874 1576
874 1389
874 1567
875 1346
875 1577
875 1238
875 956
876 1281
877 1027
877 1064
877 1160
877 1066
877 1341
878 1186
878 1157
878 1548
878 1037
878 943
878 1049
880 1380
880 1285
880 1032
880 953
880 1054
881 1155
881 1156
881 1509
881 998
881 1393
881 1495
883 969
883 1131
883 1357
883 1524
884 1394
884 951
885 1091
885 1219
885 1191
885 1014
886 1058
886 1322
887 1347
888 1593
888 1467
888 1022
889 1269
889 1081
890 1000
890 1073
890 1203
890 1212
891 1027
891 1164
891 1369
892 1335
893 1164
893 1026
893 1037
894 1280
894 1092
894 934
894 1191
894 1256
894 1352
894 1265
894 1470
895 1248
895 1157
895 998
895 1255
895 1382
896 965
896 1006
896 1577
897 1228
897 1455
897 1139
898 1164
898 1431
898 1371
899 1522
899 1555
900 1305
900 1245
900 1102
901 1537
901 1523
901 1109
901 1461
902 1143
903 1162
904 1326
904 1360
904 1107
905 1163
905 927
907 1563
907 1548
908 928
908 1538
908 1213
909 1372
910 1340
911 1488
911 1146
911 1310
913 1392
913 1397
914 1144
914 1485
914 1108
915 1108
915 988
916 1210
917 1069
917 1270
918 1098
918 1357
918 1522
918 979
918 1086
919 1302
920 997
920 1503
921 1029
921 999
921 1483
921 1231
921 945
921 1045
921 1213
922 1450
922 1455
922 1329
922 1435
923 1585
924 1078
925 1007
925 1362
926 1435
927 963
927 1106
927 1463
928 1467
928 1596
928 1469
929 1190
929 1225
930 1495
930 1414
930 1547
930 1266
930 1372
931 1514
931 1523
932 1323
932 1497
932 1114
933 992
933 1573
934 1090
934 1205
934 1397
935 1074
935 1270
936 1413
936 1224
936 1391
936 1393
936 1434
937 1313
937 1550
937 1205
937 1535
938 956
938 1468
939 1352
939 1271
940 1312
941 1119
942 1463
942 1196
942 1332
942 1431
943 1436
944 974
944 1211
945 1163
945 1451
946 1382
946 1300
947 949
947 957
948 1509
948 1490
948 1140
948 1349
949 1414
949 1286
950 1035
951 1156
952 1327
952 1586
952 1364
953 1148
953 1565
955 1513
955 1552
956 1159
956 1544
956 1323
956 1206
956 958
957 1088
957 1333
958 1503
958 1261
959 1086
961 1059
962 1485
962 1359
962 1593
962 1339
963 1546
964 1477
964 1030
964 1353
965 1415
965 1422
966 1040
966 1281
966 1320
966 1473
966 1287
967 997
967 1126
969 1016
969 1184
970 1193
970 1330
970 1402
971 1001
971 1035
972 1091
972 1036
973 1318
974 1059
974 1094
974 1102
974 1360
974 1022
975 1030
976 1060
977 1526
977 1037
977 1157
978 1062
978 1094
978 1493
979 1287
980 1441
980 1396
981 1029
981 1202
981 1395
981 1116
981 989
982 1569
983 1474
984 1496
985 1314
985 1263
985 1083
986 1210
986 1514
986 1301
986 1438
987 1513
987 1044
987 1078
988 1479
988 1327
988 1209
989 1221
989 1257
989 1436
990 1003
990 1548
990 1458
991 1078
992 996
992 1596
992 1565
993 994
993 995
993 1225
993 1396
993 1343
994 1334
994 1144
995 1192
996 1379
996 1565
996 1279
998 1264
998 1491
999 1347
1001 1339
1002 1505
1002 1420
1002 1168
1002 1553
1002 1331
1003 1331
1004 1034
1004 1198
1005 1337
1005 1552
1006 1222
1006 1192
1007 1471
1008 1133
1008 1437
1009 1352
1009 1022
1010 1295
1011 1470
1012 1341
1013 1508
1013 1212
1013 1143
1015 1549
1015 1494
1015 1286
1015 1071
1016 1027
1017 1354
1017 1115
1018 1331
1019 1436
1019 1058
1019 1236
1020 1564
1020 1245
1021 1056
1021 1120
1021 1507
1021 1264
1021 1456
1022 1537
1022 1510
1022 1033
1022 1036
1023 1495
1024 1403
1024 1116
1024 1566
1024 1199
1025 1581
1025 1438
1026 1397
1026 1087
1027 1062
1027 1362
1027 1046
1027 1087
1028 1304
1029 1537
1029 1196
1031 1241
1033 1312
1033 1038
1033 1557
1033 1470
1034 1159
1034 1448
1034 1290
1034 1359
1034 1179
1035 1189
1035 1358
1035 1528
1037 1295
1037 1425
1037 1532
1038 1554
1038 1247
1039 1223
1039 1079
1040 1409
1040 1239
1041 1480
1041 1483
1041 1180
1042 1188
1042 1591
1044 1360
1045 1203
1045 1398
1046 1144
1046 1047
1047 1288
1047 1552
1047 1362
1047 1204
1047 1503
1049 1145
1049 1442
1049 1307
1050 1059
1050 1515
1050 1068
1050 1100
1050 1199
1052 1115
1055 1121
1055 1126
1055 1237
1056 1126
1056 1471
1056 1238
1056 1151
1057 1509
1057 1290
1057 1103
1058 1248
1059 1323
1059 1420
1059 1230
1059 1138
1062 1539
1062 1129
1063 1187
1063 1160
1064 1484
1064 1146
1064 1115
1065 1185
1065 1346
1066 1379
1066 1124
1066 1199
1066 1329
1066 1340
1066 1244
1068 1441
1069 1270
1070 1089
1070 1128
1071 1312
1071 1083
1071 1500
1071 1459
1072 1437
1072 1551
1073 1451
1073 1264
1073 1460
1073 1206
1074 1578
1074 1420
1074 1394
1074 1302
1074 1178
1076 1546
1077 1159
1077 1110
1078 1356
1078 1137
1078 1308
1078 1462
1079 1349
1079 1327
1079 1499
1080 1139
1080 1299
1080 1559
1080 1112
1080 1215
1081 1576
1081 1100
1081 1428
1083 1384
1084 1217
1085 1574
1086 1353
1087 1569
1087 1418
1089 1426
1089 1459
1089 1490
1090 1208
1090 1437
1091 1346
1092 1543
1092 1290
1092 1307
1093 1282
1093 1359
1093 1523
1093 1530
1094 1587
1097 1162
1097 1136
1097 1565
1098 1204
1099 1488
1100 1261
1100 1364
1102 1224
1103 1524
1104 1385
1106 1129
1107 1476
1107 1455
1108 1146
1108 1468
1109 1428
1109 1165
1110 1508
1111 1274
1112 1141
1113 1593
1113 1272
1113 1561
1113 1242
1114 1404
1114 1125
1114 1294
1116 1165
1117 1152
1117 1380
1118 1296
1119 1457
1119 1142
1119 1599
1120 1273
1120 1202
1121 1477
1121 1241
1122 1229
1122 1478
1123 1593
1123 1308
1124 1308
1125 1588
1127 1401
1128 1442
1128 1454
1128 1367
1128 1241
1129 1249
1129 1242
1130 1487
1131 1449
1131 1433
1131 1580
1132 1325
1133 1415
1133 1286
1133 1574
1133 1521
1134 1596
1135 1254
1136 1204
1136 1498
1137 1196
1138 1311
1139 1314
1139 1388
1139 1141
1140 1379
1140 1540
1140 1338
1141 1376
1141 1193
1141 1498
1141 1599
1142 1379
1142 1162
1142 1358
1142 1204
1143 1536
1143 1164
1144 1537
1144 1470
1145 1378
1145 1509
1146 1156
1146 1290
1146 1525
1146 1407
1147 1528
1148 1157
1150 1196
1150 1399
1151 1558
1153 1309
1154 1318
1154 1594
1155 1342
1155 1496
1156 1318
1156 1516
1156 1421
1156 1525
1157 1449
1158 1559
1158 1563
1158 1399
1159 1318
1159 1215
1160 1355
1160 1177
1161 1191
1161 1419
1161 1551
1162 1187
1162 1589
1164 1575
1164 1595
1165 1191
1165 1244
1166 1504
1166 1568
1166 1194
1168 1229
1169 1256
1169 1409
1169 1195
1170 1272
1170 1482
1171 1234
1171 1366
1173 1530
1173 1236
1173 1260
1174 1598
1174 1519
1176 1346
1176 1442
1176 1349
1176 1573
1176 1554
1176 1306
1177 1565
1178 1489
1179 1251
1179 1454
1180 1511
1180 1226
1181 1232
1182 1243
1183 1289
1184 1442
1187 1420
1187 1582
1187 1564
1188 1481
1188 1331
1188 1491
1188 1243
1189 1413
1191 1350
1191 1556
1191 1534
1192 1582
1192 1232
1192 1431
1196 1381
1196 1385
1196 1471
1199 1210
1201 1568
1201 1546
1202 1482
1202 1270
1203 1323
1203 1567
1204 1304
1204 1218
1204 1474
1204 1338
1206 1312
1206 1536
1207 1507
1208 1483
1210 1568
1210 1345
1210 1560
1210 1244
1212 1276
1213 1308
1214 1515
1215 1331
1216 1580
1217 1552
1218 1575
1218 1261
1218 1517
1218 1239
1220 1517
1221 1347
1222 1400
1222 1528
1223 1286
1224 1524
1224 1560
1225 1511
1225 1567
1226 1387
1227 1273
1230 1395
1233 1365
1233 1491
1234 1321
1234 1520
1234 1302
1235 1568
1235 1494
1236 1321
1236 1485
1236 1295
1237 1393
1238 1350
1238 1307
1239 1361
1239 1424
1240 1586
1244 1463
1245 1446
1246 1292
1247 1408
1247 1290
1247 1297
1249 1472
1249 1410
1249 1375
1250 1536
1250 1283
1250 1486
1251 1449
1252 1558
1253 1485
1255 1533
1257 1378
1257 1272
1259 1448
1260 1315
1260 1464
1261 1457
1261 1525
1263 1312
1263 1588
1264 1408
1264 1548
1265 1402
1265 1338
1266 1272
1266 1343
1267 1586
1268 1285
1269 1370
1269 1437
1270 1377
1270 1548
1271 1488
1273 1285
1275 1409
1275 1594
1275 1495
1276 1312
1276 1420
1277 1507
1278 1384
1280 1394
1280 1479
1281 1381
1281 1553
1281 1535
1285 1332
1286 1340
1287 1558
1288 1553
1288 1332
1288 1485
1289 1317
1290 1509
1291 1480
1292 1520
1293 1484
1293 1378
1295 1413
1296 1564
1297 1511
1299 1363
1300 1533
1301 1433
1303 1371
1304 1479
1304 1553
1304 1459
1306 1447
1306 1433
1306 1532
1307 1572
1308 1513
1309 1365
1309 1565
1310 1581
1311 1479
1315 1422
1315 1318
1317 1413
1317 1438
1318 1384
1318 1467
1319 1415
1319 1383
1320 1462
1322 1501
1324 1436
1324 1364
1326 1574
1327 1556
1331 1342
1332 1525
1333 1516
1333 1551
1334 1509
1339 1487
1339 1396
1340 1369
1341 1408
1341 1525
1342 1541
1345 1505
1350 1497
1351 1461
1353 1451
1353 1553
1357 1519
1357 1560
1359 1377
1359 1444
1360 1561
1362 1453
1363 1529
1364 1561
1366 1420
1366 1518
1366 1464
1366 1433
1371 1436
1374 1398
1375 1534
1376 1450
1379 1599
1382 1448
1382 1508
1383 1514
1383 1547
1383 1591
1384 1409
1385 1548
1388 1417
1389 1480
1389 1519
1390 1534
1391 1499
1392 1479
1394 1464
1395 1536
1396 1538
1396 1454
1396 1532
1402 1530
1403 1547
1403 1420
1403 1499
1404 1420
1405 1490
1411 1523
1411 1550
1412 1521
1413 1487
1415 1429
1416 1598
1417 1418
1417 1513
1417 1583
1417 1597
1419 1442
1421 1568
1421 1499
1423 1471
1423 1500
1424 1569
1426 1579
1427 1446
1427 1498
1427 1535
1428 1570
1432 1556
1435 1560
1436 1442
1437 1580
1439 1552
1441 1445
1442 1574
1445 1465
1446 1522
1447 1560
1450 1530
1458 1558
1459 1521
1460 1507
1462 1595
1465 1586
1468 1589
1472 1524
1476 1509
1477 1523
1480 1507
1482 1495
1484 1554
1486 1491
1489 1586
1493 1576
1496 1531
1505 1543
1506 1538
1506 1546
1509 1553
1511 1546
1511 1579
1514 1557
1528 1538
1539 1570
1542 1556
1547 1566
1552 1559
1561 1562
1566 1583
