1600 200
1 186
5 71
13 990
14 1546
14 955
19 964
23 582
31 99
32 215
33 778
33 1594
35 996
36 226
37 404
38 472
39 1460
42 352
47 986
57 437
66 629
74 582
85 991
89 259
98 1465
111 1149
116 1011
123 967
125 298
126 1386
130 853
130 1583
136 1520
136 623
138 489
142 1017
143 1213
148 304
148 647
157 1404
157 1100
159 1161
175 369
184 1248
194 1380
196 382
202 1065
209 1045
209 1487
214 798
217 1134
218 404
222 680
229 1206
238 1524
250 947
257 495
265 1035
270 435
283 872
285 669
285 1471
286 502
300 1078
302 1101
303 1388
316 618
320 1481
320 396
326 1232
332 797
336 614
337 1087
346 383
350 914
354 495
355 1000
359 1196
363 388
368 843
369 1051
372 770
380 762
395 559
401 889
401 1545
403 877
408 737
411 1407
413 1509
416 1172
417 653
430 1195
430 637
436 458
439 769
440 749
441 1386
449 455
457 1564
461 1201
464 850
465 682
473 1540
475 1250
476 1457
483 1312
484 1326
485 815
487 943
497 1576
513 1091
522 1283
539 918
541 1111
554 1230
557 1388
557 653
558 1139
583 1329
585 756
608 1142
615 1187
619 1143
621 1114
621 1535
635 1502
636 696
639 891
643 662
647 1524
650 963
650 1454
658 831
663 766
665 1304
677 762
687 930
698 740
699 1313
702 739
705 1305
708 1585
716 1087
719 919
721 1185
742 865
748 1328
761 1208
771 981
773 876
775 1565
793 1593
797 1107
811 1164
812 834
818 1462
830 981
830 982
832 1285
858 966
860 892
861 1474
905 1320
905 1277
911 1247
916 1204
931 1213
938 1222
945 1012
962 964
972 1172
990 1205
996 1116
1000 1553
1020 1578
1022 1557
1027 1572
1037 1472
1048 1061
1061 1225
1081 1576
1112 1569
1113 1379
1114 1244
1126 1200
1137 1567
1140 1499
1149 1383
1180 1351
1204 1245
1207 1546
1226 1244
1271 1377
1302 1574
1309 1406
1322 1377
1385 1530
1402 1500
1407 1595
1455 1561
