1600 4800
0 1058
0 691
0 860
0 899
0 94
1 848
1 427
1 468
1 1094
2 1408
2 1501
2 453
2 7
2 83
2 182
2 343
2 508
2 605
3 897
3 1510
3 1095
3 1001
3 753
3 1209
3 701
3 286
4 1315
4 587
4 499
4 916
4 857
4 698
4 477
5 135
5 271
5 433
5 85
5 406
5 1498
5 1566
6 166
6 617
6 429
6 14
6 1198
6 732
6 287
7 1158
7 423
7 1416
7 1419
7 721
7 1169
7 184
7 732
7 1119
8 256
8 1551
8 944
8 691
8 532
8 1302
8 1533
9 550
9 1579
9 1206
9 826
9 1467
9 540
10 483
10 745
10 746
10 460
10 300
10 845
10 1484
10 1584
10 501
10 214
10 1399
11 452
11 487
11 490
11 523
11 270
11 1340
11 953
11 985
12 915
12 1308
12 1533
12 1175
13 997
13 553
13 367
13 1459
13 371
13 501
14 1062
14 552
14 1448
14 1490
14 701
14 1439
15 1562
15 508
16 752
16 1146
16 1256
16 132
16 543
17 578
17 35
17 866
17 1510
17 140
17 47
17 1498
17 1341
18 1354
18 1548
18 1534
18 655
19 1496
19 1161
19 211
19 1244
19 1135
20 584
20 666
20 915
20 1231
20 759
21 98
21 425
21 702
21 1518
21 1593
21 765
21 1470
22 1064
22 817
22 1360
22 1166
22 1552
23 713
23 1261
23 461
23 788
23 633
23 383
24 1134
24 1102
24 1119
25 664
25 840
25 1460
25 805
25 86
26 292
26 1125
26 43
26 950
26 952
26 312
26 477
27 185
27 42
27 75
27 1060
28 473
28 757
28 758
29 593
29 1556
29 1481
29 853
29 1445
30 618
30 1548
30 303
30 403
30 154
30 1342
31 1126
31 1552
31 1522
31 946
31 179
31 373
31 118
32 175
32 51
32 437
32 699
32 860
32 1469
33 1342
33 169
33 1579
33 1078
33 951
34 336
34 536
34 307
34 324
35 1280
35 1149
36 632
37 773
38 673
38 836
38 157
39 344
39 1290
39 1188
39 253
40 1075
40 653
40 534
41 642
41 802
41 1506
41 1001
41 590
41 504
42 296
42 1512
42 1555
42 1109
42 1142
42 283
42 508
43 1092
43 1291
43 1138
43 180
43 1494
44 1120
44 1340
44 325
44 374
44 63
45 1563
45 318
46 387
46 1386
46 1516
46 145
46 506
46 381
47 528
47 552
48 642
48 580
48 620
48 526
48 884
48 796
48 93
49 1058
49 807
49 682
49 267
49 460
49 938
49 114
49 818
49 851
49 1428
50 232
50 784
50 883
50 822
50 1207
51 1351
51 1289
51 1550
51 113
51 598
52 616
52 209
52 1542
52 1566
53 1473
53 1123
53 1565
54 1313
54 709
55 1160
55 729
55 154
55 444
55 1137
56 836
56 709
56 1001
56 956
56 848
56 1233
56 1490
56 597
56 1110
56 1270
56 571
56 667
57 928
57 615
57 553
57 1065
57 717
57 685
58 952
58 515
58 1444
58 175
59 977
59 106
59 811
59 709
60 1309
60 296
60 373
60 601
60 570
60 858
60 190
61 1085
61 494
62 1080
62 1348
62 334
62 401
62 694
62 728
62 441
62 378
62 862
62 1503
63 302
64 1012
65 777
65 580
65 710
66 340
67 701
67 254
67 991
68 664
68 1515
69 674
69 711
69 682
69 876
69 109
69 213
69 735
70 709
70 936
70 1129
70 528
70 1584
70 991
71 1573
71 646
71 1287
71 1542
71 586
71 1043
71 1175
71 318
72 1504
72 866
72 293
72 1224
72 906
72 1230
72 1199
72 629
72 1142
72 1143
72 314
72 1083
73 1187
73 1445
73 519
73 141
73 727
73 571
74 1472
74 359
74 874
74 111
74 465
74 1393
74 286
74 415
75 326
75 777
75 330
75 939
75 1005
75 958
75 126
76 304
76 708
76 719
77 739
77 356
77 231
77 556
77 1008
77 433
77 1425
77 1370
77 284
78 1533
78 1045
78 829
79 1322
79 115
79 282
79 91
79 1308
79 1469
80 164
80 1540
80 776
80 1385
80 1256
80 444
80 573
81 448
81 163
81 1542
81 1140
81 1108
81 854
82 1326
82 926
82 1276
82 1141
82 302
83 130
83 1572
83 1096
83 495
83 853
83 1210
83 830
84 1505
84 1474
84 198
84 1518
84 1427
84 180
84 223
85 1466
85 788
85 332
86 1061
86 902
86 1005
86 114
86 692
86 1111
86 184
87 328
87 751
87 179
87 220
87 1500
87 1180
87 991
88 1508
88 456
88 461
88 593
88 438
88 1175
88 984
89 225
89 450
89 629
89 798
89 1226
90 440
90 874
90 1072
90 1117
91 530
91 212
91 365
92 219
92 1520
92 1206
92 920
92 123
92 1020
92 574
93 1452
93 1585
93 211
93 1366
93 1590
93 635
93 476
93 447
94 613
94 1401
94 1002
94 830
94 369
94 599
94 473
94 826
94 382
95 1088
95 259
95 970
95 1355
95 1451
95 602
96 1417
96 442
96 253
96 951
97 1252
97 149
97 1462
97 655
98 1192
98 1362
98 1578
98 510
99 482
99 1337
99 808
99 975
99 432
99 823
99 217
100 1068
100 1328
100 981
100 759
100 120
100 1532
101 1361
101 824
101 565
101 1271
101 664
101 636
102 361
102 1546
102 1100
102 754
102 243
102 1107
102 1397
102 886
102 343
102 1375
103 1449
103 1514
103 1219
103 373
104 131
104 326
104 1265
104 1074
104 435
104 596
104 1048
105 1378
105 583
105 1003
105 1006
105 369
105 1588
105 379
106 1408
106 453
106 871
106 1051
106 1198
106 793
106 1466
106 795
106 669
106 889
106 767
107 640
107 1377
107 1347
107 719
107 531
107 760
107 351
108 1064
108 665
108 202
108 485
108 1253
109 1216
109 833
109 1472
109 483
109 1502
109 938
109 526
109 784
109 1527
109 125
109 606
110 1043
110 643
110 1245
110 166
111 837
111 494
111 304
111 564
111 1308
112 297
112 401
112 396
112 174
113 385
113 581
113 139
113 1008
113 1109
113 953
113 380
114 1280
114 1377
114 1324
114 151
114 1436
114 573
115 195
115 235
115 622
115 955
115 636
116 164
116 1188
116 1380
116 200
116 424
116 1004
116 212
116 1108
116 1081
117 224
117 1030
117 877
117 500
117 1206
117 383
118 248
118 412
118 1271
118 276
119 933
119 197
119 747
119 1579
119 1581
119 1009
119 946
119 439
119 859
119 1055
119 767
120 1346
120 1316
120 1256
120 1104
120 697
120 989
120 1215
121 1280
121 552
121 336
121 816
121 245
121 735
122 1136
122 737
122 897
122 291
122 740
123 786
123 1298
123 1036
123 1461
124 517
124 455
124 1067
124 1036
124 335
124 1593
124 1273
124 762
125 960
125 601
125 931
125 1332
126 512
126 1252
126 1542
126 752
126 435
126 543
127 919
127 339
127 861
127 399
128 804
128 1542
128 810
128 1294
128 239
128 790
128 794
128 863
129 593
129 1157
129 1406
129 1527
130 1450
130 1185
130 938
130 398
131 1000
131 1295
131 400
131 981
131 853
131 279
132 835
132 1448
132 1070
132 1294
132 281
133 1592
133 373
133 286
134 1049
134 371
134 923
134 565
134 1084
135 426
135 1329
135 1016
135 313
135 1598
136 1320
136 745
136 1114
136 679
137 271
137 755
137 789
137 1269
137 346
137 1213
137 890
137 191
138 769
138 643
138 1367
138 1063
139 872
139 778
139 836
139 1295
140 992
140 328
140 201
140 841
140 1231
140 1298
140 1016
140 799
141 355
141 390
141 1232
141 209
141 817
141 1010
141 410
142 1585
142 1402
142 189
143 378
143 630
143 535
144 482
144 643
144 188
144 1237
144 471
145 256
145 1472
145 235
145 1142
145 920
145 508
146 705
146 802
146 1083
146 669
146 1049
147 545
147 1332
148 483
148 580
148 1525
148 151
148 1563
148 157
149 1487
149 1392
149 154
149 1532
149 319
150 499
150 213
151 491
151 1293
151 785
151 1397
152 1177
152 723
152 879
152 583
153 1221
153 577
153 1572
153 301
153 1596
154 355
154 1156
154 1294
154 1582
154 1137
154 787
154 703
155 1032
155 577
155 1520
155 580
156 1568
156 355
156 1229
156 1332
156 533
156 1111
156 1115
157 1574
157 425
157 1390
157 314
157 1279
158 1228
158 1573
158 398
159 1474
159 868
159 426
159 1174
159 921
159 1502
160 672
160 708
160 1007
161 529
161 1523
161 1229
162 900
162 1300
162 1461
162 1111
162 988
162 349
163 1565
164 1346
164 483
164 1160
164 713
164 682
164 1067
164 593
164 1426
164 758
164 1181
165 171
165 1419
165 1393
165 1212
165 990
165 479
166 1192
166 1404
166 1380
167 925
168 234
168 1511
168 1028
168 261
168 271
169 328
169 1372
169 1261
170 1291
170 1135
170 314
170 412
170 1470
170 319
171 742
171 1101
171 974
171 1074
171 1331
171 1560
171 1275
172 1539
172 1034
172 1386
172 1261
172 1008
172 571
173 794
173 795
173 894
174 1263
174 559
175 866
175 1450
175 1516
175 463
176 512
176 548
176 1357
176 1231
176 989
176 305
176 1559
176 187
176 509
177 320
177 776
177 402
177 277
178 1360
178 993
178 1030
178 1401
179 548
179 1178
179 1484
179 346
180 1534
181 359
181 750
181 402
181 245
181 1558
181 1433
181 671
182 592
182 717
182 1437
183 288
183 549
183 880
183 1305
183 668
183 1183
184 1125
184 422
184 270
184 1459
184 1555
184 347
185 1334
185 204
185 381
185 1163
186 712
186 713
186 907
186 276
186 983
186 922
187 224
187 577
187 514
187 865
187 740
187 1285
188 320
188 738
188 741
188 1580
188 1204
189 328
189 625
189 690
189 1336
190 1245
190 593
190 891
190 205
191 610
191 485
191 1274
191 1038
191 1394
191 755
191 1178
191 1499
191 252
192 512
192 1154
192 1124
192 597
192 1021
192 1343
193 764
193 485
194 322
194 426
194 942
194 1391
194 1175
194 1087
195 1440
195 1129
195 1519
195 562
195 406
196 832
196 1561
196 370
197 1381
197 235
197 247
197 1210
197 254
198 458
198 203
198 650
198 1420
198 499
198 572
199 634
199 883
199 421
199 1039
200 450
200 522
200 494
200 1455
200 368
200 1309
200 573
200 510
201 289
201 1349
201 1007
201 465
201 1554
201 436
201 950
201 1054
201 606
202 1089
202 329
202 971
202 1101
202 1296
203 430
203 239
203 1079
203 312
203 1178
204 1121
204 1574
204 1031
204 1161
204 1490
204 701
205 1120
205 1160
205 748
205 462
205 885
205 1114
206 899
206 1412
206 1157
206 335
206 626
206 921
206 831
207 1560
207 1441
207 443
207 1471
208 808
208 1026
208 523
208 972
208 1582
209 512
209 676
209 968
209 693
209 758
209 1494
209 861
210 938
210 1125
211 1388
211 1104
211 438
211 1335
211 634
211 479
212 1482
212 557
212 241
212 1201
212 1299
212 503
212 311
213 1510
213 1573
213 492
213 432
213 1180
213 370
213 860
214 242
214 628
214 1016
214 985
214 1083
214 1436
214 510
214 447
215 964
215 871
215 1257
215 686
215 463
215 1235
215 596
215 505
215 1534
216 1056
216 961
216 1441
216 937
216 1036
216 1357
216 238
216 528
216 574
216 1503
217 476
217 1044
217 966
217 1519
218 966
218 314
218 973
218 1265
218 1396
218 1465
218 474
218 795
218 1310
218 1023
219 416
219 1409
219 1450
219 782
219 820
219 377
220 1451
220 793
220 1347
220 1061
221 513
221 354
221 1123
221 532
222 1035
222 885
222 743
223 1250
223 1097
223 1292
223 1485
223 1589
223 1594
224 696
224 1132
225 1413
225 1293
225 1299
225 1491
225 757
225 727
225 923
226 1124
226 567
226 280
226 1530
226 247
226 1341
227 545
227 1155
227 292
227 487
227 458
227 1418
227 1394
227 1145
228 624
228 569
228 418
228 371
228 646
229 807
229 616
229 1140
229 760
229 921
229 1243
229 1245
229 319
230 832
230 1490
231 608
231 1350
231 278
231 1528
231 1435
231 1148
232 1056
232 1432
232 1543
233 1482
233 586
233 243
234 1100
234 470
234 246
234 311
235 419
235 937
235 303
235 625
235 371
235 1401
235 1114
236 682
236 1262
236 242
236 366
236 486
237 1501
237 551
237 1097
237 973
237 504
237 1401
237 829
237 445
238 784
238 699
238 1239
239 550
239 359
239 695
239 687
239 598
239 663
239 1111
239 698
240 474
240 1371
240 908
241 369
241 1003
241 1286
242 612
242 688
242 369
242 283
243 546
243 1350
243 852
243 758
243 1213
243 831
244 928
244 901
244 472
244 1575
244 911
244 793
244 376
244 729
244 314
244 889
245 557
245 1264
245 1521
245 1460
245 314
245 1499
246 628
246 1029
246 1375
247 805
247 1192
247 852
247 1336
248 1505
248 1102
248 1422
248 1432
248 1337
248 1532
248 413
248 1023
249 523
249 732
249 1550
250 1009
250 1034
250 835
250 255
251 1589
251 1125
251 253
251 421
252 298
252 907
252 874
252 1226
252 565
252 1238
252 797
253 1318
253 1517
253 913
253 1298
253 504
253 860
254 736
254 966
254 1349
254 1446
254 594
254 563
254 1592
255 1537
255 1378
255 835
255 1382
255 842
255 1167
255 1170
255 1203
255 533
255 890
256 771
256 520
257 1536
257 422
257 1321
257 715
257 1168
257 274
257 918
257 860
257 606
258 432
258 922
258 767
259 266
259 436
259 709
260 518
260 584
260 1052
260 338
260 564
260 540
261 505
261 442
261 1019
261 1336
262 659
262 923
262 1189
262 1590
262 903
263 938
263 1148
263 1556
263 1572
264 496
264 1506
264 1501
265 768
265 1242
265 1174
265 420
265 1062
266 1442
266 324
266 549
266 1325
266 1581
267 504
267 563
267 1526
268 1288
268 1225
268 1098
268 651
268 1293
268 1425
268 633
268 958
269 420
269 740
269 1226
269 1326
269 272
269 596
270 1161
270 1131
270 651
270 1419
270 1456
270 1150
271 706
271 869
271 1231
271 340
271 1076
272 496
272 1289
272 1186
273 656
273 779
273 476
273 1392
274 664
274 1428
274 277
275 954
275 481
275 1314
275 1508
275 1006
275 1455
275 1240
275 1210
275 1470
276 865
276 1479
276 744
276 971
276 1516
276 1579
276 1038
276 823
277 929
277 377
277 1386
277 847
277 1559
277 440
277 441
278 771
278 1164
278 1393
278 376
278 284
279 1133
279 622
279 531
279 627
279 991
280 1415
280 1011
280 479
281 416
281 1477
281 293
281 1035
281 846
282 1245
282 1038
283 1506
283 485
283 775
283 1162
283 1588
283 1141
284 1552
284 1106
284 662
284 543
285 805
285 582
285 1512
285 1101
285 721
285 311
285 986
286 577
286 643
286 614
286 1444
286 778
286 400
286 1042
287 1224
287 713
287 1583
287 982
287 1181
288 367
288 604
288 526
289 387
289 541
289 1150
289 943
290 1012
290 788
290 477
290 350
291 1539
291 1195
291 1261
291 1553
291 1044
291 1303
292 1447
292 553
292 522
292 881
292 1524
292 1495
292 699
292 1596
293 1442
293 902
293 326
293 1040
294 1337
294 1383
295 529
295 1469
295 622
296 1122
296 550
296 1209
296 1597
297 1100
297 1516
297 849
297 377
297 411
298 1185
298 402
298 1541
298 1354
299 779
299 1461
300 426
300 970
300 1332
300 501
300 534
300 1460
300 1493
300 1402
301 768
301 1559
301 376
301 346
301 606
301 1247
302 1057
302 1478
302 1256
302 1518
302 1167
302 1309
303 344
303 1283
303 1170
304 611
304 1190
304 690
304 571
305 617
305 715
305 1387
305 1101
305 1463
305 668
306 329
306 1511
306 727
307 1218
307 709
307 1255
307 335
307 1266
307 730
308 899
308 1438
308 910
308 369
308 662
308 958
309 792
309 979
309 1350
310 800
310 1036
310 1103
310 922
310 572
310 830
311 804
311 1419
311 821
311 407
311 1528
312 1443
312 996
312 1542
312 872
312 1071
312 946
312 1076
312 444
313 1264
313 355
313 748
313 1093
314 610
314 653
315 481
315 1514
315 1209
315 1318
316 800
316 513
316 742
316 1051
316 1515
316 754
316 1046
316 763
317 1424
317 671
318 706
318 899
318 1034
318 492
318 1165
318 401
318 467
318 373
319 1539
319 955
320 914
320 1260
320 343
321 1268
321 565
321 990
321 855
322 1590
322 541
322 686
323 324
323 903
323 426
323 1003
323 1325
323 1396
323 1592
324 515
324 703
324 959
325 1587
326 962
326 1105
326 601
326 476
326 447
327 1417
327 963
327 861
327 550
328 1570
328 1091
328 753
328 403
329 1102
329 942
329 1239
330 1056
330 546
330 1447
330 392
330 556
330 1451
330 1077
330 732
330 1214
331 1185
331 1444
331 1220
331 998
331 1544
331 718
331 1593
331 1180
331 1564
332 1159
332 1395
332 767
333 952
333 992
333 1284
333 1503
334 1281
334 1463
334 717
334 886
334 503
334 1081
335 1346
335 1347
335 1039
335 1238
335 1373
336 1474
336 421
336 1262
336 533
337 1360
337 677
337 566
338 388
338 811
338 1392
338 1425
338 437
339 704
339 1442
339 1476
339 1240
339 825
340 736
340 1425
340 345
340 1339
341 1078
341 977
341 514
341 583
341 391
342 538
342 647
343 1313
343 589
343 527
343 1394
343 1304
343 1404
343 990
344 489
344 779
344 811
345 1285
345 1068
345 1487
345 1042
345 1044
345 671
346 1411
346 980
346 1177
347 866
347 1101
347 358
347 672
348 871
348 778
348 1236
348 917
348 1497
348 1275
348 381
349 1315
349 1132
349 847
349 946
349 919
350 1352
350 842
350 1534
350 719
351 1309
351 614
351 703
352 898
352 1562
352 997
352 1205
353 844
354 504
354 1541
354 832
355 866
355 900
355 1544
355 969
355 428
355 697
356 1412
356 549
356 1132
356 1520
356 1332
356 568
356 991
357 593
357 642
357 1543
357 1125
357 1079
358 835
358 1091
358 840
358 1552
358 1205
358 1113
358 379
359 1188
359 1004
359 1398
360 1320
360 1118
360 605
360 718
360 933
361 363
361 1175
362 458
362 1516
362 854
362 943
363 840
363 1587
363 1173
363 630
363 1464
364 1280
364 1328
364 644
364 1319
365 376
365 1057
365 440
365 1465
366 1496
366 587
366 1260
366 786
366 1143
366 856
367 811
367 689
367 1497
367 1468
367 573
368 1397
368 1348
368 685
369 514
369 1446
369 822
369 1018
369 892
370 646
370 522
370 1002
370 1150
371 486
371 716
371 1363
372 1283
372 1459
372 1011
372 501
373 1483
373 878
373 1075
373 1427
373 827
374 856
374 1497
374 1584
374 814
375 595
375 555
375 694
375 1327
376 1316
376 1100
376 1558
376 1529
377 962
377 1084
378 1541
378 1485
378 402
378 1560
379 1250
379 1476
379 497
379 1119
380 1217
380 1477
380 872
380 464
380 1237
380 405
381 418
381 902
381 825
381 986
382 1363
382 1163
382 1530
383 904
383 401
383 661
384 1505
384 1002
384 756
385 651
385 444
385 757
385 1025
386 1048
386 690
386 1531
386 1028
386 1511
387 1440
387 461
387 430
387 630
387 575
388 496
388 1053
388 846
389 1092
389 676
389 677
389 678
389 1192
389 975
389 1073
389 1143
390 1219
390 1285
390 554
390 878
390 1006
390 1072
390 625
390 1043
390 539
391 1136
391 1458
391 799
391 1046
391 1407
392 1345
392 1261
392 1460
392 917
392 1209
393 921
394 867
394 1579
394 1487
394 1013
394 662
394 1469
395 1281
395 674
395 746
395 947
395 662
395 888
395 1054
396 576
396 1377
396 933
396 398
396 1303
396 1145
396 1434
397 800
397 801
397 1539
397 1063
397 406
397 695
398 904
398 1067
399 1508
400 964
400 1256
400 588
401 1415
401 1480
401 814
401 762
401 635
402 882
403 449
403 1454
403 719
403 468
403 407
403 1144
403 1182
404 1553
404 851
404 1438
404 1351
405 1480
405 1578
405 1259
406 1568
406 642
406 517
406 496
406 1392
406 1395
406 983
407 1377
407 802
407 1064
407 429
407 1362
407 638
408 1386
408 1169
408 1338
408 942
409 1028
409 1158
409 543
410 576
410 1027
410 1209
410 989
410 1567
411 993
411 420
411 522
411 1386
411 524
411 534
411 699
412 1378
412 422
412 659
412 472
413 1471
413 748
413 1351
414 1414
414 1110
415 729
415 1131
415 1274
415 534
416 1368
417 448
417 803
417 647
417 1275
417 656
417 1042
417 667
418 1282
418 899
418 548
418 1091
418 1444
418 1160
418 1033
418 1008
418 1463
418 602
418 1403
419 768
419 1497
420 512
420 1082
420 1413
420 1239
420 505
420 922
420 637
421 1281
421 1130
421 747
421 1068
421 431
421 529
421 880
421 1503
422 745
422 687
422 756
422 1086
422 766
423 1040
423 1222
424 866
424 1035
424 1419
424 560
424 1553
424 1086
425 1572
425 1160
425 1582
425 1053
426 1026
426 1474
426 621
426 495
426 1370
427 737
427 614
427 520
427 1481
427 843
428 900
428 965
428 746
428 945
428 1562
429 1249
429 1476
429 1355
429 559
430 1408
430 1249
430 1158
430 1544
430 1545
430 1322
430 686
430 720
430 1110
430 1302
432 736
432 970
432 1228
432 1200
432 465
432 1333
432 986
433 1187
433 1064
433 1387
433 1262
433 592
433 1369
434 1133
435 746
435 1515
435 975
436 848
436 1176
436 953
436 954
437 451
437 614
437 1545
437 906
437 1291
437 1587
437 1268
437 571
438 1235
439 643
439 963
439 1315
439 1034
439 1484
439 1102
439 1294
439 1404
440 1028
440 1103
440 1231
440 760
440 478
441 972
441 975
441 889
441 765
442 901
442 1038
442 1014
442 1435
443 1224
443 1207
443 810
443 1241
444 792
444 662
444 953
444 1370
444 959
445 745
445 522
445 1115
445 1452
445 1461
445 731
446 1523
446 492
446 1268
446 527
447 1152
447 673
447 1124
447 1132
447 1365
447 478
448 546
448 1187
448 1217
448 901
448 712
448 908
448 1100
448 527
448 918
449 637
449 1021
449 598
449 1014
449 797
449 734
450 1090
450 774
450 809
450 1261
450 660
450 990
452 1152
452 611
452 1551
452 1424
452 756
452 501
452 535
453 1339
454 723
454 623
455 1096
455 842
455 1476
455 1215
456 1459
456 717
456 1407
457 966
457 1420
457 1357
457 1230
457 1083
457 1116
458 1071
458 1336
458 924
458 1565
459 900
459 1413
459 1418
459 1101
459 1517
459 788
460 738
460 676
460 1000
460 489
460 759
460 1114
461 674
461 1476
462 474
462 1476
462 1046
462 1087
463 951
463 1055
463 1277
464 1041
464 586
464 975
465 546
465 483
465 1009
466 992
466 641
466 588
466 1134
466 1232
466 988
467 1210
467 595
467 1044
467 1381
468 560
468 499
468 1178
468 604
469 905
469 1541
470 1176
471 504
471 870
471 1194
471 526
472 1559
472 904
472 844
472 1236
472 727
473 583
473 715
473 876
473 1550
473 497
473 724
473 670
474 1167
475 1217
475 1452
475 780
475 1054
475 1031
476 641
476 674
476 551
476 1354
476 572
477 686
478 672
478 1400
478 560
478 700
479 739
479 742
479 1534
479 1342
480 1354
480 1131
480 555
480 1044
480 1435
480 635
481 1056
481 1197
482 1519
482 816
482 1087
483 1386
483 1580
483 1529
484 1573
484 556
484 685
484 1428
484 1464
484 1503
485 1090
485 803
486 1540
486 1483
486 687
486 1267
486 1438
487 771
487 1338
487 1133
487 1548
487 560
487 625
487 1050
488 698
488 1291
488 1314
488 886
488 1566
489 736
489 685
489 936
490 961
490 1513
490 1370
490 818
490 794
491 667
491 788
491 1303
491 1287
492 1160
492 842
492 766
492 562
492 821
492 1593
493 1112
493 1019
493 884
493 1598
493 1423
494 1448
495 1378
495 1253
495 1510
495 903
495 1257
495 876
495 881
495 1367
496 1442
496 1415
496 779
496 662
497 968
497 1092
497 1411
498 1178
499 1113
499 1248
499 1106
499 1430
499 697
500 1536
500 1026
500 1045
501 1507
501 1350
501 681
501 1514
502 1033
502 1220
502 1509
502 1137
503 880
503 1121
503 685
504 648
505 901
505 1128
505 779
505 1101
505 951
506 941
507 1428
507 562
507 716
507 1028
507 1359
508 1152
508 686
508 1390
510 1120
510 617
510 1075
510 1081
511 699
511 1076
511 789
511 1439
512 1446
512 844
512 1296
512 829
513 835
513 582
513 778
513 587
513 1074
513 884
514 611
514 998
514 1044
514 1076
515 1090
515 565
515 1559
516 656
516 666
516 1080
516 1212
517 739
518 544
518 588
519 1494
519 1453
519 814
520 1537
520 770
520 739
520 1176
520 857
520 1018
521 868
521 570
521 1451
521 852
522 591
522 978
522 885
522 858
523 792
523 1184
524 707
524 1413
524 678
524 1224
524 563
524 1331
525 1435
525 1380
526 1230
526 1360
526 1522
526 885
527 1069
527 854
527 950
527 761
527 953
528 1218
528 561
528 1561
528 1208
530 1224
530 1425
530 643
530 927
531 547
531 1462
532 1540
532 894
532 960
533 937
533 874
533 592
533 539
533 1213
533 575
534 1222
534 1358
534 1073
535 1180
535 1330
536 1552
536 1497
536 644
536 1230
537 808
537 769
537 1210
537 1059
537 932
538 1254
538 584
538 1172
538 1526
538 1368
538 1499
539 1442
539 1010
539 595
539 1530
540 803
540 885
540 1269
541 1299
541 969
542 1281
542 938
542 659
542 583
543 578
543 1538
543 1577
543 657
543 1041
543 1397
543 793
543 1335
544 952
544 1073
544 684
544 1145
545 1185
545 580
545 999
545 1388
546 1332
548 705
548 561
548 1214
549 1538
549 1519
549 1105
549 1331
549 1365
549 1535
550 1565
551 1226
551 1283
551 645
552 997
552 1401
552 942
552 1298
552 987
552 1116
553 1057
553 1348
553 1352
553 914
553 1204
554 796
555 1479
555 1328
555 1302
555 1082
556 1290
556 1201
556 1401
556 603
557 947
557 887
558 992
558 1024
558 578
558 1051
559 1248
559 1284
559 1161
559 1482
559 1070
559 622
560 1347
560 1342
561 1152
561 1575
561 1032
561 851
561 1147
561 1596
561 1470
562 1471
562 1293
562 1236
562 1055
563 736
563 1314
563 715
563 863
564 1380
564 1549
564 1580
565 754
565 1276
566 1463
566 1540
566 1554
566 631
566 827
566 575
567 1092
567 967
568 1408
568 1313
568 656
568 1108
568 1247
569 960
569 1050
569 603
569 1431
570 1323
570 1381
571 836
571 815
571 760
571 1459
572 580
572 1541
572 1321
572 1458
572 853
573 1513
573 1162
574 1005
574 654
574 1535
575 1512
575 1012
575 1081
576 1224
576 651
576 754
576 1497
576 1210
576 1597
576 670
577 1346
577 1219
577 777
577 946
578 1504
578 1551
578 1172
578 731
579 1281
579 644
579 1151
579 615
580 1542
580 1260
580 1140
580 1047
581 1536
581 648
581 1067
581 1487
581 1434
581 1561
581 1370
582 1585
582 1430
582 1592
582 1370
582 796
583 1272
584 614
584 717
584 1297
584 626
584 1177
585 1551
586 1282
586 652
586 627
586 691
586 1110
587 1280
587 1282
587 1213
588 1256
588 815
588 694
588 855
588 1368
588 733
589 1465
589 967
589 1554
590 1032
590 987
590 1302
590 1552
591 806
591 1133
591 1203
591 821
591 955
592 1152
592 1263
592 724
592 1177
593 1319
593 1041
593 1366
594 1194
594 850
594 1051
594 1435
595 1504
595 616
595 1327
595 1044
595 893
596 932
596 1076
596 950
597 1408
597 964
597 1129
597 1430
598 1291
598 911
598 689
598 1334
599 888
599 1129
599 870
600 1393
600 1205
601 1480
601 1461
601 1015
601 1022
602 768
602 995
602 804
602 973
602 943
602 1244
602 1406
603 1313
603 807
603 683
603 883
603 699
604 1243
604 1454
604 1255
605 716
605 1010
605 1555
605 862
606 1328
606 1106
606 1147
607 1154
607 1506
607 1032
607 1162
607 1227
607 1021
608 1173
609 1160
609 1549
609 1396
609 1432
609 1351
610 745
610 878
610 1009
610 1266
611 1284
611 1517
611 849
611 1394
612 1313
612 943
612 1397
612 1142
612 634
613 894
614 834
614 676
614 964
614 618
614 1418
614 1267
614 1523
614 825
614 986
615 634
615 1325
616 1345
616 1100
616 756
616 1370
616 1597
617 645
617 1349
617 1351
617 1355
617 1599
617 658
617 1561
617 671
618 1440
618 1095
618 1000
618 1131
618 1396
618 1146
619 1025
619 1095
619 973
619 689
619 1301
619 765
620 1296
621 930
621 722
621 853
621 1122
622 1347
622 966
622 1592
622 760
623 672
623 1537
623 1316
623 1063
623 1450
623 940
623 1132
623 1015
623 856
624 1337
624 943
624 816
624 1490
624 724
624 793
625 786
625 1148
625 735
626 1181
627 1505
627 806
627 807
627 1020
628 1334
628 772
629 1068
629 1388
629 1073
629 982
629 860
630 895
631 1474
631 1480
631 1072
631 1394
631 1268
631 1240
632 1233
632 1300
632 1044
632 958
633 640
633 1404
633 1028
634 802
634 1509
634 957
635 1353
635 821
636 1578
636 720
636 1105
636 1203
637 960
637 836
637 1483
637 1049
638 936
638 889
638 1420
639 1121
639 885
639 1254
640 1284
640 1238
640 1319
641 1034
641 667
641 1373
642 1056
642 1410
642 835
642 1299
642 664
642 1215
644 770
644 963
644 1352
644 1258
644 756
644 988
644 1342
645 1415
645 1477
646 1103
646 722
646 954
647 754
647 737
647 1205
648 929
648 743
648 1560
648 1049
649 894
649 1020
649 838
649 1263
650 984
650 899
650 1060
650 1171
651 780
652 910
652 1198
652 884
652 789
652 1372
653 1555
653 724
653 1292
654 1508
654 1319
654 784
654 1395
654 952
655 802
655 1532
656 1040
656 1115
657 1137
657 1074
657 659
657 1591
657 888
658 1104
658 778
658 1160
658 1218
659 1184
659 1025
659 962
659 771
659 783
659 1233
659 757
659 1400
659 761
660 1584
660 705
661 1464
661 697
661 1075
661 1180
662 736
662 771
662 1424
662 1076
663 938
663 811
664 970
664 1196
664 1010
664 1342
664 799
665 978
665 1182
666 1344
666 741
666 786
666 1139
666 822
667 1378
667 836
667 1450
668 1016
668 1406
668 926
669 948
669 845
670 1379
670 1073
670 1363
670 918
670 827
671 865
671 1565
671 1253
671 756
671 695
672 1315
672 1443
672 882
672 1464
673 1493
673 826
673 982
674 1015
674 1371
674 1119
675 696
675 1013
675 895
676 1072
676 1433
677 979
677 1412
677 1135
679 706
679 1522
679 1208
679 1496
680 785
680 1463
680 997
680 1414
680 1065
681 1120
681 1569
681 932
681 908
681 824
681 922
682 1537
682 1492
682 1147
683 1279
683 1300
683 1117
683 751
684 900
684 1279
685 1522
685 1082
686 1536
686 1124
686 1003
686 876
686 1085
687 1153
687 1027
687 869
687 1546
687 1553
687 1179
688 1539
688 810
688 1092
689 1456
689 860
690 1061
690 1158
690 1382
690 799
691 997
691 1075
691 1178
691 830
692 1288
692 721
692 1225
693 1048
693 842
693 1493
694 1102
694 1532
694 721
694 1212
695 1188
695 964
696 1474
696 901
696 1031
696 970
696 726
697 1003
697 1391
698 999
698 1097
698 1580
698 1008
699 741
699 1099
699 1038
699 1134
700 1249
700 867
700 789
701 1186
702 1440
702 1219
702 902
702 1132
702 1582
702 1105
702 946
702 1434
702 863
703 745
703 969
703 811
703 1514
704 1200
704 985
704 981
704 1224
705 744
705 1517
705 1297
705 1426
706 801
706 1126
706 1007
706 1178
707 933
707 1447
707 1439
707 1453
707 1454
707 1580
707 763
707 893
707 766
707 1151
708 1028
708 1434
708 795
708 733
710 1106
710 1003
710 1244
710 1129
711 893
711 1444
712 1153
712 1158
712 1488
712 1137
712 799
713 737
713 1190
713 1191
713 1478
713 791
713 721
713 1011
713 853
714 1418
714 891
714 1173
715 1293
715 750
715 1203
716 739
716 1128
716 1417
716 879
716 754
716 863
717 1287
717 809
717 1369
717 847
717 1039
717 978
717 1278
717 1373
717 926
718 1331
718 1319
719 833
719 1313
719 1029
719 1434
719 1082
720 882
720 1139
720 1077
721 746
721 1083
721 1276
721 1535
722 1464
722 1061
722 775
723 1112
723 759
724 963
724 1059
724 1061
724 1511
725 744
725 1074
726 1201
726 868
726 733
726 1118
727 1259
727 1563
728 1350
728 1492
729 1432
729 1381
730 1088
730 741
730 1351
730 811
730 1041
730 1311
731 1093
733 898
733 1027
733 1230
733 857
734 1278
734 1150
734 822
734 1455
735 1098
735 1492
736 1255
736 1416
736 882
737 771
737 1351
737 1129
738 898
738 1250
739 835
739 906
739 1465
739 918
739 1401
739 1499
740 1216
740 806
741 768
741 1540
742 1093
742 912
742 820
742 1464
742 826
743 1345
743 1353
743 1325
743 823
743 825
743 859
744 1473
744 1359
744 1201
744 1333
744 1022
745 1411
745 1382
746 1124
746 1094
746 874
746 1081
748 1248
748 1443
749 1539
749 1325
749 955
749 1173
749 1453
750 790
750 1109
750 1333
750 1113
750 956
750 894
751 1390
752 1297
752 796
753 965
753 1077
753 1048
753 794
754 1443
754 1480
755 1288
755 1569
756 1156
756 841
756 1191
757 1089
757 1033
757 1243
757 1048
757 1115
758 832
758 1090
758 838
758 839
758 1096
758 1389
758 1231
759 1496
759 985
760 1592
760 1457
760 1043
760 761
760 1054
761 1574
761 1105
761 1116
761 927
762 805
762 968
762 1132
762 1532
762 1115
763 985
763 1134
764 1559
765 1405
765 1173
766 1218
766 967
766 1160
766 1591
767 1031
767 1586
768 928
768 1216
768 1251
768 1063
768 1512
768 1545
768 1523
768 884
768 1307
769 794
769 1153
769 1287
770 1518
770 880
770 1463
770 1145
771 1445
771 1062
771 873
771 1195
771 1206
772 1179
772 1445
773 1490
774 1435
774 1485
774 1071
775 1364
776 1478
776 809
777 852
777 1438
778 801
778 1353
778 1068
778 1497
779 780
779 877
779 1265
780 900
780 1225
780 1357
780 1049
781 1132
781 932
781 1590
782 1410
782 1528
782 1076
782 1048
782 1596
783 1351
783 1550
783 1103
783 849
783 883
783 1108
783 919
784 997
784 998
784 1150
785 1380
785 969
785 882
785 948
785 796
786 1513
786 972
786 856
787 1406
787 1071
788 872
788 1363
788 1526
788 1209
789 1536
789 1002
789 908
790 1090
790 1314
790 1107
790 796
791 1258
791 1534
792 866
792 810
792 927
793 800
794 1363
794 1109
794 1465
794 1243
794 959
795 1069
795 1456
795 1238
796 1456
796 1584
796 1175
797 947
798 1208
798 802
798 1034
798 973
799 1346
799 1539
799 973
799 1070
799 977
799 1269
799 1081
799 1405
800 964
800 1369
800 1227
801 1376
802 1030
802 840
803 839
803 1389
803 1147
803 1148
804 1004
804 1392
805 1350
805 1200
806 1538
806 905
806 1578
806 1202
807 1164
807 954
808 1251
808 1418
808 1325
808 1262
808 1166
809 1272
809 811
810 930
810 887
811 1183
811 1261
812 1489
812 1243
813 1298
813 1283
813 1470
814 1235
814 829
815 1081
815 846
816 1145
816 1193
816 1232
816 1490
816 1586
816 1140
816 1403
816 1599
817 830
817 1117
818 1488
818 1037
819 1129
819 1028
820 1203
820 1076
820 1304
820 1497
821 1025
821 1352
821 1227
821 975
821 854
821 1055
822 1474
822 1232
822 1426
822 1237
822 889
823 1504
824 1053
824 1437
825 864
825 1197
825 1374
826 832
826 1294
826 1522
827 1537
827 1523
827 1177
827 1242
828 1311
828 950
828 887
829 1345
829 1161
829 1483
830 1070
830 1584
831 1336
831 1409
831 1408
832 1217
832 946
833 1185
833 948
834 1049
834 1393
834 1045
834 1350
836 1058
836 1159
836 1339
836 1531
837 1571
837 1507
837 1475
837 1349
838 1086
838 1554
839 1281
839 1196
839 877
839 1500
840 1101
840 1402
842 1285
842 1178
842 955
843 1161
843 1411
844 917
844 1038
845 1321
845 1036
845 1488
845 985
846 1547
846 1049
846 1151
847 1187
847 1414
847 1355
847 1045
847 1431
847 1309
848 1154
848 1162
848 1232
848 1278
849 931
849 1105
849 1235
849 1111
849 1503
851 1048
853 964
853 1226
853 1494
853 954
854 1034
854 1423
854 1013
855 1358
856 1317
856 1030
856 1159
856 905
856 1518
856 861
857 1314
857 1506
858 1250
859 1458
860 908
860 1139
861 878
861 1276
861 1428
861 1087
862 961
862 958
863 1158
863 1134
863 1553
863 1402
863 1276
863 1597
864 1275
865 975
865 915
865 1590
865 1086
867 1399
867 1021
867 1189
868 1542
868 1195
868 1293
868 1501
871 1400
871 1198
871 946
871 1240
871 1178
872 1280
872 1188
872 1044
873 1296
873 985
873 1170
873 1582
874 921
875 1505
875 1485
875 1190
876 1538
876 1101
876 881
876 1343
877 1316
878 1349
878 1468
878 1022
879 1369
879 1424
879 973
880 1111
880 1240
880 1534
881 1029
881 1295
881 957
882 1353
882 1133
883 962
883 1388
884 1091
884 976
884 1144
884 1021
885 1476
885 1189
885 1492
886 1407
887 1523
888 1156
888 997
888 910
888 1392
888 1496
888 1532
889 1544
889 914
889 1235
889 1086
890 1594
890 1292
891 1217
891 930
891 1133
891 1007
891 1488
892 1230
892 1215
893 1512
893 1217
894 1088
894 906
894 985
894 1374
895 952
895 1533
896 929
896 1307
896 1553
897 1586
899 1130
899 1548
899 1559
899 1434
899 1471
900 1320
900 1067
901 1281
901 983
902 1077
902 989
903 1249
903 1409
903 1476
903 1221
903 1194
903 1009
903 1137
903 1331
903 1333
903 1561
903 956
903 1182
904 1023
905 1453
905 1263
905 1296
906 1130
906 1584
906 1105
906 1588
906 1375
907 1151
908 1487
908 945
908 1019
909 1553
909 1042
909 1479
910 1059
910 1521
911 1056
911 1593
911 1461
913 1057
913 1026
913 1544
913 1165
913 1175
913 923
914 1159
914 1225
914 1065
915 1368
916 949
916 1318
916 935
917 1297
917 1466
918 1098
918 1522
918 1525
919 962
919 1219
919 1257
919 922
920 1269
920 1246
921 1216
921 1384
921 1439
921 1490
921 1207
922 1128
922 1386
923 1587
925 1358
925 1351
926 1249
926 1283
926 1366
926 1591
927 1120
927 1049
929 1546
930 1379
930 1362
930 1497
931 1001
931 1460
931 1518
932 1448
932 1484
932 986
933 1385
933 1227
933 1006
933 958
934 1291
934 1109
934 1366
934 1566
935 1089
935 995
935 1061
935 1190
935 1349
935 1524
935 1052
936 1228
937 1021
938 1537
938 1038
938 1296
938 1400
939 1185
939 1261
939 1599
940 1136
941 1177
941 1290
941 1459
942 1090
942 1592
942 1547
942 1424
943 1283
943 1542
943 1267
943 1213
943 1117
944 1034
944 1112
944 1187
945 1379
945 1577
946 1442
946 1386
946 1369
947 1122
947 1258
947 1134
947 1524
948 1075
948 1118
949 1575
950 1379
950 1125
950 1453
950 1488
951 962
951 1284
951 1508
951 968
951 1266
952 1047
954 1444
954 1079
954 1276
956 1273
956 1206
956 1145
956 1178
957 963
957 1185
958 1368
959 1366
959 1364
960 1112
960 1150
961 1422
961 1570
962 1477
962 1324
963 1057
963 1446
963 970
963 1482
963 1179
964 1189
964 1002
964 1532
965 1166
966 1120
966 1442
966 1160
967 1418
968 1062
969 1089
969 1108
969 1141
970 1066
970 1135
970 1199
971 1514
971 1295
971 1368
971 1404
972 1539
972 1252
972 1487
972 1263
972 1525
973 1217
973 1485
973 1550
973 1079
974 1329
974 1114
974 988
974 1421
975 1291
975 1370
975 1010
975 1146
976 1371
977 1138
977 1541
978 1155
978 1475
978 1079
979 989
979 1403
979 1292
980 1449
980 1563
980 1599
980 1482
981 1314
981 1358
981 1273
981 1343
982 1513
982 1291
982 1198
983 1574
983 1233
983 1340
986 1445
987 1378
987 1481
987 1512
987 1548
987 1393
987 1585
987 1173
987 1046
988 1253
989 1204
989 1334
989 1467
990 1120
990 1304
990 1082
991 1347
991 1072
991 1363
991 1052
991 1342
992 1013
992 1276
994 1433
994 1067
994 1172
994 1461
994 1039
996 1399
997 1537
997 1421
997 1207
998 1280
998 1430
999 1422
1000 1221
1000 1288
1000 1595
1001 1350
1001 1131
1001 1453
1001 1233
1001 1367
1002 1312
1002 1384
1002 1225
1002 1491
1003 1031
1003 1322
1003 1332
1003 1560
1003 1502
1004 1505
1006 1284
1006 1499
1007 1281
1007 1431
1008 1092
1009 1442
1009 1356
1010 1515
1010 1338
1010 1049
1010 1050
1010 1500
1011 1408
1011 1255
1011 1453
1011 1597
1012 1049
1012 1210
1013 1061
1013 1335
1014 1114
1015 1169
1015 1243
1015 1022
1016 1350
1016 1397
1017 1268
1017 1599
1018 1241
1019 1254
1019 1095
1019 1046
1020 1326
1020 1377
1022 1134
1022 1585
1022 1083
1023 1450
1023 1391
1023 1587
1024 1182
1024 1154
1024 1083
1025 1091
1025 1060
1025 1511
1025 1258
1026 1121
1026 1322
1026 1389
1026 1239
1027 1058
1027 1443
1027 1483
1027 1133
1027 1135
1027 1400
1028 1411
1028 1443
1028 1460
1028 1524
1029 1414
1029 1100
1029 1104
1030 1260
1030 1517
1030 1295
1030 1203
1031 1304
1031 1186
1031 1509
1031 1158
1031 1114
1032 1349
1032 1070
1033 1476
1033 1190
1033 1488
1033 1394
1033 1589
1033 1181
1034 1192
1034 1482
1034 1135
1034 1263
1034 1337
1035 1445
1035 1385
1035 1045
1037 1494
1037 1430
1038 1076
1038 1594
1040 1251
1040 1161
1040 1272
1041 1314
1042 1063
1042 1166
1042 1521
1043 1427
1043 1279
1044 1060
1045 1165
1045 1135
1045 1051
1045 1471
1046 1472
1046 1334
1046 1439
1047 1225
1047 1272
1049 1183
1049 1503
1049 1390
1050 1315
1052 1356
1052 1061
1053 1193
1053 1233
1053 1398
1054 1254
1054 1499
1054 1144
1056 1412
1056 1535
1056 1296
1056 1329
1056 1147
1056 1343
1057 1240
1059 1070
1059 1393
1059 1334
1062 1168
1062 1138
1062 1365
1062 1464
1063 1320
1063 1230
1063 1402
1064 1241
1064 1209
1064 1279
1065 1114
1065 1142
1066 1532
1067 1259
1067 1114
1068 1347
1068 1166
1068 1142
1068 1339
1068 1276
1069 1548
1069 1292
1069 1133
1070 1482
1070 1150
1071 1416
1071 1073
1072 1503
1072 1470
1073 1513
1073 1236
1074 1504
1074 1353
1074 1480
1075 1592
1078 1452
1078 1422
1079 1249
1079 1492
1079 1526
1080 1487
1081 1477
1081 1567
1082 1325
1082 1556
1084 1101
1085 1345
1085 1409
1085 1225
1085 1581
1085 1551
1085 1523
1085 1238
1086 1098
1088 1091
1089 1250
1089 1394
1090 1316
1090 1460
1092 1217
1092 1413
1092 1224
1092 1299
1092 1147
1093 1277
1093 1453
1094 1177
1094 1588
1094 1271
1096 1541
1096 1559
1096 1273
1096 1245
1097 1278
1098 1440
1098 1326
1099 1377
1101 1473
1101 1154
1102 1258
1102 1290
1102 1370
1103 1317
1103 1285
1104 1546
1105 1544
1109 1505
1109 1518
1109 1426
1110 1192
1110 1428
1111 1345
1111 1349
1111 1224
1111 1480
1111 1426
1111 1366
1111 1563
1112 1582
1112 1373
1114 1220
1114 1424
1114 1337
1115 1506
1115 1415
1116 1458
1118 1282
1118 1326
1118 1215
1119 1390
1121 1160
1122 1516
1122 1490
1122 1502
1123 1382
1124 1447
1125 1464
1126 1585
1127 1190
1128 1157
1129 1571
1129 1158
1129 1421
1131 1293
1131 1203
1132 1376
1132 1569
1132 1224
1132 1166
1132 1525
1133 1231
1133 1430
1134 1325
1134 1361
1135 1349
1136 1191
1138 1325
1138 1215
1139 1414
1139 1472
1140 1330
1140 1497
1141 1361
1141 1524
1146 1207
1146 1500
1146 1213
1148 1345
1149 1232
1150 1299
1151 1506
1153 1383
1153 1386
1153 1292
1154 1583
1154 1245
1157 1435
1158 1463
1158 1468
1159 1308
1160 1270
1161 1199
1161 1235
1161 1523
1162 1385
1162 1228
1163 1499
1163 1430
1164 1373
1164 1319
1165 1306
1166 1381
1167 1590
1167 1179
1168 1287
1169 1528
1169 1212
1170 1242
1170 1387
1171 1320
1171 1552
1171 1174
1172 1540
1173 1256
1173 1176
1174 1377
1174 1535
1174 1489
1174 1176
1175 1504
1175 1585
1175 1366
1176 1505
1176 1186
1177 1440
1177 1369
1180 1433
1181 1479
1181 1532
1182 1229
1182 1236
1183 1525
1183 1445
1184 1281
1184 1332
1184 1335
1185 1547
1185 1235
1186 1202
1186 1429
1187 1523
1187 1597
1188 1388
1188 1369
1188 1566
1189 1391
1189 1338
1190 1546
1190 1550
1190 1202
1190 1588
1191 1291
1191 1395
1191 1467
1192 1319
1192 1413
1192 1290
1192 1291
1192 1550
1192 1392
1193 1489
1194 1224
1194 1453
1194 1455
1194 1594
1195 1414
1195 1445
1195 1479
1195 1355
1195 1263
1196 1202
1196 1320
1196 1592
1198 1251
1198 1227
1199 1288
1199 1267
1199 1560
1199 1210
1200 1555
1201 1363
1202 1441
1202 1520
1203 1429
1204 1573
1204 1425
1204 1521
1204 1268
1205 1506
1205 1429
1206 1253
1207 1391
1208 1254
1208 1585
1209 1444
1209 1367
1210 1460
1210 1534
1211 1598
1212 1319
1215 1351
1215 1322
1215 1595
1215 1499
1217 1537
1218 1511
1219 1447
1219 1468
1220 1420
1220 1489
1220 1305
1220 1532
1220 1501
1221 1457
1221 1534
1223 1408
1225 1428
1227 1377
1227 1287
1228 1345
1228 1264
1228 1492
1230 1450
1230 1487
1230 1430
1230 1401
1233 1492
1234 1444
1235 1471
1236 1487
1236 1267
1236 1395
1237 1472
1238 1443
1239 1395
1240 1413
1240 1319
1241 1255
1241 1354
1241 1390
1243 1542
1244 1445
1246 1309
1246 1464
1247 1347
1247 1588
1248 1558
1249 1433
1250 1444
1251 1568
1251 1439
1252 1418
1252 1486
1252 1397
1253 1580
1254 1342
1255 1596
1256 1275
1258 1434
1258 1307
1259 1318
1259 1542
1259 1372
1259 1311
1260 1314
1261 1313
1261 1353
1262 1299
1263 1449
1264 1404
1264 1453
1265 1489
1265 1467
1265 1310
1266 1336
1268 1399
1269 1500
1270 1544
1270 1475
1271 1376
1272 1386
1274 1317
1274 1390
1275 1429
1276 1400
1276 1566
1277 1352
1278 1316
1278 1317
1279 1554
1280 1505
1281 1475
1282 1477
1282 1450
1282 1297
1283 1423
1284 1559
1284 1523
1287 1409
1287 1545
1287 1525
1287 1502
1289 1569
1289 1336
1289 1388
1291 1519
1292 1575
1294 1305
1295 1297
1296 1350
1296 1590
1297 1431
1297 1594
1297 1375
1298 1598
1300 1309
1300 1499
1301 1518
1303 1447
1305 1529
1305 1364
1306 1349
1307 1386
1308 1542
1308 1453
1309 1455
1311 1553
1311 1390
1312 1412
1313 1336
1313 1575
1313 1560
1314 1592
1315 1392
1318 1514
1321 1440
1322 1389
1322 1361
1325 1438
1326 1513
1326 1517
1328 1352
1328 1583
1330 1468
1331 1432
1332 1517
1332 1438
1333 1417
1335 1380
1338 1539
1338 1433
1339 1440
1340 1463
1341 1518
1342 1491
1345 1516
1346 1444
1346 1384
1347 1569
1347 1458
1347 1433
1348 1406
1350 1586
1350 1591
1350 1404
1351 1387
1352 1547
1352 1463
1354 1386
1355 1406
1356 1439
1357 1577
1358 1443
1360 1451
1361 1417
1362 1595
1363 1514
1364 1498
1366 1446
1368 1442
1371 1532
1373 1599
1376 1454
1377 1521
1378 1535
1378 1586
1380 1420
1385 1425
1386 1426
1386 1470
1392 1400
1395 1578
1398 1412
1398 1588
1402 1592
1403 1527
1405 1522
1405 1549
1405 1494
1408 1539
1410 1441
1412 1563
1415 1478
1415 1577
1418 1482
1419 1532
1421 1433
1422 1494
1428 1457
1430 1474
1430 1470
1432 1464
1434 1592
1435 1459
1439 1596
1440 1514
1441 1550
1442 1547
1445 1460
1447 1496
1447 1565
1448 1456
1449 1530
1450 1498
1453 1491
1454 1515
1454 1562
1457 1592
1457 1599
1459 1595
1461 1539
1465 1540
1466 1563
1466 1567
1468 1582
1470 1480
1470 1559
1472 1533
1473 1598
1475 1488
1487 1517
1500 1588
1518 1529
1520 1532
1523 1570
1526 1545
1530 1552
1532 1560
1534 1567
1535 1549
1542 1591
1543 1553
1550 1579
1550 1596
1570 1596
1572 1579
