1600 4000
0 1573
0 363
0 1163
0 468
0 310
0 1017
0 509
1 217
1 966
1 844
1 49
1 1433
1 446
2 1120
3 1348
4 752
4 1465
4 1303
4 687
5 684
5 722
5 1299
5 282
5 315
5 318
6 74
6 1380
6 1508
6 687
7 1557
7 566
8 384
8 1021
8 1156
8 597
9 198
9 498
9 1173
9 1528
9 1113
9 1338
9 606
10 779
10 668
10 461
11 1443
11 166
11 329
11 1294
11 632
11 890
12 696
12 373
12 1327
13 65
13 867
13 204
13 1293
13 119
13 698
13 25
13 378
13 444
14 1408
14 179
14 383
15 912
15 953
15 140
15 1109
15 175
16 696
16 753
16 1362
16 1417
17 633
17 1409
17 1571
17 358
18 919
18 1048
18 309
18 318
18 279
19 99
19 1094
19 774
19 1169
19 1106
19 1243
20 65
20 387
20 646
20 521
20 1392
20 1141
20 666
21 638
21 852
21 1037
21 254
22 830
22 258
22 110
23 482
23 1499
23 692
23 1550
24 1578
24 547
24 389
24 207
25 295
25 522
25 757
25 566
25 1342
26 1118
26 323
26 723
26 47
27 1120
27 1124
27 843
27 366
27 1431
27 1535
28 548
28 458
28 1068
28 236
28 1293
28 826
28 539
29 68
29 1417
29 1068
29 1324
29 430
29 1391
29 1522
29 440
29 62
29 734
30 584
30 1192
30 1289
30 626
30 1206
30 1563
30 124
30 414
30 735
31 66
31 1222
31 684
31 1229
31 1556
31 918
31 118
31 1111
32 75
32 211
33 1099
33 142
34 379
34 998
34 135
35 224
35 1242
35 82
35 1003
35 365
36 96
36 323
36 368
37 1432
37 1457
37 683
37 278
38 1534
38 1555
38 46
39 1192
39 281
39 1162
39 1005
39 302
40 198
40 939
40 1037
40 110
40 1009
40 562
40 1173
40 503
40 728
40 350
41 1473
41 1381
41 1286
41 1449
41 1297
41 1086
42 98
42 678
42 327
42 170
42 142
42 956
43 1192
43 1161
43 1416
44 1248
44 451
44 1483
44 1267
44 1240
44 543
45 1051
45 1030
46 325
46 550
46 1256
46 1228
46 1586
46 569
46 1531
47 800
47 478
47 1414
47 734
47 1151
48 576
48 452
48 1284
48 1158
48 134
48 1201
48 1526
49 970
49 689
49 1129
50 739
50 997
50 331
50 333
50 562
50 1239
50 766
51 737
51 292
51 1512
51 303
51 1460
51 413
52 1033
52 188
53 139
53 588
53 1462
54 1346
54 1001
54 1007
54 1457
54 1498
54 637
54 831
55 88
55 962
56 1037
56 1073
56 498
56 1045
56 149
56 284
57 1161
57 204
58 1126
59 320
59 1406
59 937
59 874
59 1325
59 1198
59 638
59 191
60 840
60 885
60 1287
61 193
61 587
61 1164
61 976
61 1269
61 666
62 1198
62 446
62 1359
63 408
63 561
63 1521
63 1188
63 1053
64 617
64 1550
64 1054
64 159
65 582
65 1001
65 273
65 1588
65 535
65 955
66 289
66 993
66 1260
66 689
66 894
67 1515
67 1125
68 1497
68 1391
69 1234
69 388
69 1382
69 550
69 1583
70 354
70 1094
70 710
70 1135
70 1173
70 218
70 1020
71 368
71 1154
71 1540
71 1109
71 821
72 1008
72 993
72 1300
73 352
73 1241
73 807
73 105
73 727
73 729
73 1083
73 828
73 1151
74 648
74 746
74 1132
74 1393
74 147
74 186
75 964
75 1256
75 585
75 1196
75 917
76 472
76 395
76 534
76 952
77 1247
77 1375
77 1002
77 655
77 628
77 1432
77 186
77 412
77 383
78 275
78 1587
78 227
78 400
78 855
79 612
79 1220
79 969
79 1580
79 141
79 909
79 1045
79 823
79 1055
80 1377
80 266
80 1445
80 831
81 856
81 433
81 90
81 310
81 1121
82 681
82 585
82 476
83 1132
83 925
83 678
83 527
84 1385
84 682
84 701
85 867
85 403
85 524
85 246
85 1511
86 298
86 595
86 1370
86 783
87 1048
87 1085
87 973
87 1054
88 452
88 678
88 937
88 302
88 559
88 247
89 546
89 613
89 773
89 389
89 171
89 1232
89 1169
89 380
90 401
90 883
90 1373
90 1094
91 453
91 1320
91 493
91 1587
91 797
91 1469
92 1307
92 1057
92 866
92 877
92 821
93 352
93 313
93 181
94 922
94 174
94 599
95 656
95 1306
96 997
96 180
96 810
97 1384
97 797
97 1591
98 1537
98 637
98 1157
98 1193
98 460
98 1367
98 312
98 1085
99 1528
99 796
99 901
99 990
100 1316
100 1222
100 231
100 942
100 1492
100 1588
100 1048
101 177
101 413
101 254
101 1311
102 1319
102 1439
102 379
102 941
102 399
103 1465
103 139
103 1117
103 1507
104 135
104 655
104 1559
104 1272
104 1337
104 1274
104 1308
104 829
105 1056
105 1091
105 1190
105 426
105 1257
105 662
105 124
106 164
106 1416
106 876
106 140
106 148
106 473
106 415
107 1318
107 167
107 1546
107 588
107 497
107 1370
108 803
108 263
108 845
108 624
108 720
108 627
108 1491
108 665
108 1181
109 742
110 417
110 1235
112 1353
112 353
112 260
112 1045
112 804
113 201
113 1570
113 711
114 225
114 1473
114 1059
114 168
114 492
114 506
114 798
115 1161
115 707
116 218
116 210
116 1148
116 853
117 729
117 1366
118 768
118 263
118 1512
118 1357
118 1467
119 464
119 824
119 1386
120 353
120 1098
120 269
120 1174
122 1456
122 1130
123 432
123 488
123 665
123 512
123 1047
124 196
124 1473
125 1469
125 983
126 1088
126 324
126 1477
126 167
126 1354
126 185
127 267
127 1068
127 1284
127 1445
128 200
128 1354
128 526
128 401
128 1297
128 1043
128 667
128 1404
128 158
129 1082
129 1266
129 975
130 931
130 209
130 372
130 1013
130 1302
130 887
130 1496
131 650
131 1580
131 1349
131 1062
132 827
132 948
132 757
133 1536
133 904
133 746
133 624
133 816
133 1170
133 1333
133 1399
133 509
134 1196
134 1583
134 1006
134 1191
135 997
135 1447
136 658
136 995
136 517
136 998
137 505
137 222
137 1129
138 1449
138 205
138 1414
139 1275
139 1452
140 1376
140 711
140 811
140 459
141 1257
141 1324
141 947
141 1014
141 1277
142 1159
142 905
142 524
142 1393
142 148
142 1048
143 875
143 969
143 954
143 723
143 741
144 1140
144 1557
144 604
144 549
145 803
145 747
145 1142
146 1376
146 1096
146 1196
146 463
146 402
146 181
146 1563
146 1147
146 541
147 641
147 514
147 491
147 659
147 1048
147 1113
147 350
148 738
148 355
148 520
148 655
149 395
149 665
149 599
149 473
149 990
150 1320
150 494
151 1152
151 770
151 547
151 1035
151 1295
151 1332
152 576
152 162
152 250
152 1565
152 325
153 1184
153 347
153 654
153 1255
154 1480
154 235
154 804
154 965
154 1275
155 1057
155 164
155 1450
155 1136
155 408
155 1209
155 478
156 1201
157 408
157 648
157 1488
158 1317
158 1096
158 748
158 304
158 543
159 200
159 332
159 493
159 690
159 882
159 406
160 586
160 908
160 1316
160 1418
161 635
161 580
161 293
161 1014
162 1184
162 1154
162 1078
162 282
162 1211
163 1102
163 323
163 230
164 1358
164 990
164 823
165 1504
166 369
166 290
166 1037
166 1077
167 1443
167 935
167 970
167 1554
167 1275
168 360
168 1241
168 1511
168 967
169 520
169 1210
169 1596
169 1229
169 1471
170 1193
170 276
171 1391
171 1139
171 1077
171 1039
172 257
172 1523
172 1268
172 606
173 905
173 590
173 782
173 1169
173 819
173 915
174 801
174 1430
174 1595
174 1587
175 616
175 206
175 178
175 372
175 761
175 410
175 287
176 717
176 1592
176 405
177 1033
177 302
178 1326
178 423
178 691
178 1123
179 541
179 991
180 817
180 1320
180 965
180 638
181 1277
181 1317
181 423
182 1120
182 907
183 1314
183 1395
183 340
183 567
184 256
184 1222
184 1032
184 936
184 305
184 601
184 730
185 225
185 805
185 389
185 538
185 1340
186 1521
186 370
186 467
186 1045
187 320
187 1560
187 1328
187 667
188 1089
188 487
188 1132
188 653
188 270
188 379
188 319
189 633
189 242
189 795
189 1564
189 890
190 1338
190 1163
190 1190
191 1113
191 233
191 1256
191 723
192 794
192 1549
192 911
193 1237
193 266
193 1331
194 265
194 1551
194 915
194 600
194 1402
194 413
194 1278
195 865
195 707
195 233
195 943
195 1529
195 285
195 671
196 804
196 936
196 628
196 469
196 1340
197 1056
197 514
197 1139
198 1120
198 1191
198 1202
198 1043
198 1301
198 794
199 657
199 437
199 1566
200 578
200 686
200 1455
200 475
200 1175
200 665
200 603
201 857
201 866
201 915
201 501
202 696
202 1582
203 323
203 451
203 301
203 1327
203 1552
203 721
203 372
203 506
204 677
204 1125
204 647
204 526
204 433
204 1169
205 651
205 1140
206 778
206 1267
206 1212
207 1321
207 1445
208 1312
208 769
208 738
208 1155
208 1217
208 1030
208 760
208 1176
208 350
209 1067
209 527
209 1199
209 431
209 729
210 864
210 987
210 1525
210 1406
211 1122
211 710
211 682
211 364
211 1260
211 888
212 803
212 1348
212 295
212 1449
212 875
212 878
212 1522
212 1366
213 857
213 354
213 1028
213 881
213 1455
214 1466
214 1453
214 237
214 775
215 426
215 611
215 1396
215 1422
216 328
216 329
216 544
216 411
216 1544
217 819
218 1380
218 238
218 626
218 403
218 1145
218 413
219 480
219 961
219 228
219 868
219 617
219 554
219 1229
219 655
219 467
219 1594
219 728
219 1017
219 442
219 1277
220 450
220 1530
220 1413
221 865
221 306
221 1107
221 1252
221 1162
222 487
222 369
222 467
222 500
222 1150
222 379
222 542
222 1279
223 400
223 585
223 524
223 445
223 1488
224 1185
224 866
224 1341
224 596
224 987
224 1053
225 1479
225 744
225 755
225 254
226 618
226 415
227 992
227 614
227 264
227 1295
227 401
227 1490
227 980
227 789
227 502
227 1272
227 670
228 819
228 517
228 1030
228 1415
229 1116
229 1341
229 614
229 1463
230 233
230 785
231 628
231 274
231 1557
231 750
232 1255
232 391
232 814
232 1136
232 666
232 767
233 1410
233 235
233 623
233 852
234 977
234 243
234 503
235 915
236 747
236 759
236 1077
236 791
236 473
237 1552
237 457
238 1091
238 1449
238 879
238 1205
238 790
238 1335
238 1311
239 387
240 284
240 1261
242 1443
242 867
242 1552
242 1175
242 637
242 574
244 768
244 1185
244 1476
244 900
244 1034
244 1533
245 1138
246 480
246 1510
246 588
246 722
246 371
246 1429
246 1496
246 1241
247 811
247 564
247 1574
248 832
248 1376
248 261
248 1084
248 273
248 887
248 284
248 1567
249 442
249 778
249 444
249 812
249 1515
250 963
250 1461
250 1271
251 1542
251 462
251 463
251 1072
251 817
251 895
251 703
252 448
252 513
252 1358
253 969
253 778
253 975
253 593
253 1212
253 695
253 1465
253 1500
253 380
254 417
254 1320
254 1135
255 1008
255 441
255 1288
257 1274
258 1487
259 1176
259 757
259 1334
260 1253
260 389
261 931
261 1592
261 1111
261 1018
261 1183
262 1393
262 276
262 485
262 295
263 1282
263 358
263 971
263 339
263 567
264 528
264 536
264 1435
265 1146
265 1224
265 1126
265 719
266 771
266 1124
266 911
267 417
267 1095
267 560
267 1366
267 345
267 540
268 754
268 446
269 425
269 1514
269 365
269 569
269 412
270 1403
270 1371
270 563
271 1026
271 1539
271 286
272 1045
273 320
273 769
273 581
273 528
273 1275
274 898
274 583
274 522
274 1488
274 829
275 1541
275 998
275 937
275 1489
275 563
276 954
276 455
277 1345
277 716
277 1198
277 1559
277 1242
277 1150
278 1521
278 1556
278 1373
279 818
279 826
279 926
280 1106
280 843
280 351
281 548
281 1456
281 1174
281 1302
281 473
281 543
282 908
282 846
282 849
282 1464
282 666
282 668
282 317
283 636
283 924
283 929
283 292
283 985
284 706
284 1032
284 1554
284 1043
284 634
284 1118
285 1363
285 1190
285 470
285 747
286 384
286 1155
286 1451
286 626
286 1084
286 671
287 1157
287 1009
287 665
287 313
287 1055
288 304
288 364
288 446
289 1233
289 342
289 534
290 709
290 465
290 662
290 668
290 639
291 1048
291 412
292 643
292 749
292 1518
292 1501
293 512
293 1176
293 745
293 1046
294 800
294 329
294 1561
294 590
294 1102
295 544
295 865
295 675
295 1477
295 1294
295 463
295 1487
295 436
295 889
295 479
296 513
296 1186
296 581
296 1083
296 459
296 411
297 305
297 1495
297 1538
297 1396
297 895
298 960
298 1131
298 861
298 461
299 381
299 1591
300 432
300 1175
300 652
300 918
300 1054
301 1570
301 584
301 1256
301 1417
301 365
301 1177
301 1308
302 521
302 1197
302 1141
302 476
303 1056
303 899
303 558
303 366
303 764
303 703
304 1036
304 1494
304 1310
304 863
305 1361
305 1047
305 954
305 606
306 928
306 1424
306 1202
306 348
306 1119
307 1568
307 385
307 481
307 933
307 1094
307 457
308 549
308 1032
308 1160
308 941
308 1135
308 1012
308 820
308 350
309 408
309 499
309 1413
309 378
310 861
312 611
312 1355
312 877
312 1398
313 835
313 1288
313 1098
313 557
313 1551
313 1277
313 892
313 1598
314 1129
314 548
314 431
315 362
315 431
315 1238
315 1050
315 508
316 362
316 499
316 1495
316 1465
316 1210
316 1598
317 1597
317 787
317 596
317 1141
318 485
318 1383
318 1518
318 1207
318 601
318 1148
318 1342
319 421
319 1158
319 627
319 1045
319 1430
319 568
320 509
320 605
320 542
321 537
321 1378
321 1185
321 559
322 1413
323 1408
323 839
323 583
324 1485
324 1478
324 1165
324 743
325 932
325 334
325 755
325 1077
326 545
326 1235
326 1220
326 1420
327 577
327 422
327 1256
327 1288
327 621
327 1236
327 884
327 1307
328 961
328 834
328 1332
328 411
328 989
329 846
329 503
329 1149
330 1337
330 1537
330 583
331 1479
331 461
331 498
331 1557
331 989
332 1185
332 610
332 932
332 1222
332 1133
332 1326
332 1071
332 1244
332 1593
332 604
332 573
333 841
333 1227
333 1518
333 1015
333 692
333 1303
334 581
334 1515
334 397
334 690
334 1332
335 576
335 1253
335 570
335 485
335 1158
336 582
336 1510
336 584
336 683
336 621
336 1459
336 666
337 569
337 1162
337 692
337 772
337 1375
338 908
339 1282
339 1155
339 1571
339 748
339 880
339 1012
339 820
339 1111
340 1176
340 1502
340 574
341 1185
341 1125
341 413
342 584
343 1060
343 430
343 1233
343 1298
343 1083
343 1150
344 352
344 1475
344 972
344 1070
345 875
345 1328
345 501
345 871
346 1160
346 946
346 563
346 1332
346 1149
346 479
347 846
347 856
347 699
347 989
347 958
348 427
348 1298
348 499
348 1144
348 1372
349 1287
349 427
349 784
349 1587
349 378
349 444
350 1378
350 1491
350 889
350 1311
351 1435
351 1036
352 1520
353 355
353 1144
353 1175
354 1574
354 1081
354 1367
355 1191
355 531
355 1237
355 469
355 1431
355 1464
356 1474
357 1089
357 874
357 1324
357 574
357 1391
358 374
359 1179
359 1044
359 1206
360 905
360 1052
360 1374
361 1434
361 444
361 1292
362 1472
362 453
362 426
362 1578
362 1084
363 708
363 726
364 1267
364 920
364 1562
364 379
365 650
365 1082
366 1056
366 579
366 519
366 1199
366 1214
367 771
367 1380
367 1448
367 1326
367 1136
367 854
367 700
368 824
369 466
369 499
369 476
369 477
369 735
370 472
370 1334
371 473
371 499
371 950
372 1256
372 1164
372 460
372 1199
373 649
373 586
373 1498
374 1120
374 1283
374 706
374 891
375 1478
375 651
375 1465
375 495
375 825
375 1148
376 1512
376 571
376 1455
377 464
377 1181
377 1526
378 1306
378 603
378 415
379 764
379 967
379 702
379 399
379 1044
379 1207
380 1370
380 1284
380 998
381 1466
381 1227
381 1151
383 1272
383 709
383 491
383 1238
383 472
384 1130
384 1493
385 1120
385 1409
385 1290
385 1486
385 1361
386 1536
386 1570
386 1581
386 1551
387 1347
387 1124
387 1576
387 1004
387 1561
387 435
387 950
387 441
388 714
388 494
389 1153
390 1089
390 516
390 1578
390 683
390 1067
390 916
391 1137
391 1083
391 1014
392 449
392 1221
392 421
392 1099
392 1259
392 1136
392 1368
393 1549
393 603
393 1396
393 1429
394 960
394 1074
394 998
395 1003
395 414
396 400
396 705
396 690
396 755
396 1574
397 1025
397 514
397 1318
397 493
397 1358
397 853
397 790
397 1304
397 1149
398 531
398 1581
398 1430
398 471
399 629
399 487
400 1003
400 462
400 430
400 534
400 918
400 988
400 1151
401 1457
401 916
402 1337
402 1479
402 1580
402 1055
403 802
403 967
403 684
403 1298
404 633
404 1531
404 412
404 429
404 668
405 929
405 616
405 1522
405 1141
405 1399
406 1482
406 844
406 433
406 507
406 1116
407 1056
407 1490
407 1138
407 1518
408 776
408 1233
408 819
408 1491
408 445
408 446
409 912
409 1057
409 978
409 772
409 534
410 1315
410 876
410 965
411 771
411 1546
412 1036
412 622
412 1519
412 696
412 1053
413 1315
413 1174
413 1247
414 1158
414 1464
414 828
414 1149
415 993
415 1283
415 1430
415 824
415 601
415 1150
416 1258
416 676
416 1252
417 1152
417 1440
417 515
417 1072
418 1448
418 769
418 638
419 922
419 1292
420 872
420 809
421 641
421 1409
421 1044
421 1429
421 1276
423 1153
423 484
423 486
423 1195
423 1200
424 1568
424 930
424 521
424 1164
424 1018
424 1053
425 803
425 614
426 1225
426 813
426 572
427 900
427 1075
427 1228
428 857
428 777
428 1042
428 1202
429 612
430 1540
430 1458
430 1430
430 1242
430 1343
431 770
431 870
431 920
432 840
432 948
432 990
432 1023
433 1300
433 1462
433 510
433 1215
434 721
434 1471
435 1185
435 778
435 1011
436 714
437 705
437 462
437 1135
437 1589
437 988
438 1530
438 1460
439 1218
439 903
439 1447
439 714
439 973
439 1530
439 1145
439 474
440 1384
440 1530
442 768
442 1001
442 1230
442 1391
442 761
442 638
443 1245
443 1305
443 626
443 613
443 1474
444 816
444 1176
445 1393
446 807
446 715
446 885
446 1398
447 1512
447 806
448 451
448 808
448 1227
448 1494
448 856
448 601
448 1567
449 928
449 1186
449 963
449 971
449 1204
449 729
450 1536
450 722
450 767
450 759
451 1507
452 579
452 1187
452 1546
452 565
452 477
454 480
454 877
454 719
454 527
454 1298
454 698
455 1053
456 1447
456 1553
456 1208
456 794
456 667
456 1341
457 584
457 1034
457 1078
458 798
459 496
460 963
460 858
460 622
461 1288
461 620
461 656
461 723
461 1465
463 772
463 941
464 922
464 1418
465 1219
465 1443
465 1157
465 749
465 1360
465 1403
465 1503
466 1415
466 811
466 589
466 1301
466 1434
467 1057
467 740
467 529
468 729
468 1522
468 933
468 1383
469 512
469 1200
469 693
469 472
470 922
470 1043
470 900
470 1247
471 1592
471 749
472 1218
473 883
473 1367
473 1240
473 731
473 1081
474 577
474 1377
474 644
474 1031
474 1294
474 916
474 886
474 1433
474 699
474 1308
475 745
475 882
475 595
475 871
476 672
476 1393
476 632
477 1198
477 1172
477 629
477 695
478 578
478 500
478 934
479 1077
479 1430
480 1025
480 1222
480 488
480 1115
480 887
480 1015
480 631
480 1558
480 859
482 697
482 1066
482 1405
482 1078
483 1296
484 1598
484 1030
485 898
485 547
485 1123
485 685
485 909
485 1102
486 1278
487 1268
488 1152
488 684
488 1170
488 1559
489 953
489 538
490 1073
490 1588
491 1569
491 1586
492 1450
493 1577
494 963
494 812
494 977
494 600
494 1210
494 1307
495 1536
495 1573
495 613
495 498
495 1020
496 1244
496 1306
496 1163
497 755
497 1012
497 1413
497 599
498 1057
498 739
498 1256
498 713
498 1267
498 661
498 725
498 1052
499 1221
499 1575
499 1323
500 938
500 823
500 1497
500 764
500 1117
501 907
501 652
501 939
501 1598
502 1289
502 751
502 1201
502 1043
502 665
503 1260
504 515
504 1372
504 1548
505 943
506 1093
506 678
506 1074
506 788
507 1151
508 1043
508 604
509 1058
509 1504
509 751
509 1010
510 1275
511 571
511 531
511 1309
511 1201
512 847
513 1035
513 1068
514 1223
515 989
515 1198
516 618
516 687
517 1345
517 1327
517 1015
517 569
517 1118
518 592
518 1210
518 1107
518 949
519 1536
519 1460
519 901
519 1213
520 1344
520 1039
520 916
520 543
521 718
521 667
521 797
522 1592
523 808
523 701
524 998
524 1588
524 890
525 763
525 1469
525 814
526 811
526 685
527 582
527 1102
527 663
528 546
528 1253
528 702
529 1095
529 779
529 780
529 951
529 703
530 1371
530 755
530 1533
531 1283
531 978
532 1360
532 1046
533 1367
533 652
533 596
533 670
533 1321
534 839
534 1100
534 658
535 1051
535 1364
536 560
536 910
536 693
536 654
537 1098
537 957
537 1311
538 864
538 624
538 1464
538 1405
539 1028
539 646
539 1095
539 1304
539 1343
540 1488
541 980
541 1303
542 1319
542 775
542 1453
542 1169
542 1396
543 940
543 1010
543 1525
543 1206
543 826
544 642
544 836
544 1189
544 1446
545 1088
545 1406
546 1563
546 1414
546 1215
547 937
547 684
547 1593
548 771
548 1222
548 1446
548 1079
549 995
549 1095
549 786
549 1277
551 640
551 889
551 676
552 649
552 1373
553 712
553 1425
553 755
553 1152
554 900
554 1226
554 1354
554 1198
554 910
554 1521
554 1175
554 1534
555 1393
556 1314
556 910
557 792
557 1072
557 651
557 1570
558 675
558 718
558 1295
558 883
558 574
559 1352
559 1370
559 782
559 1493
559 1050
560 1028
560 1004
560 1421
560 1202
560 1533
560 1342
561 1154
561 1349
561 1550
561 1593
561 1147
562 704
562 1060
562 1417
562 813
562 1396
563 1025
563 978
563 1363
563 693
563 1403
564 1539
564 590
564 1360
564 757
564 604
565 1497
565 948
565 1283
565 1214
566 1254
566 1095
566 1360
566 1108
566 1183
567 974
568 1329
568 631
568 1471
569 873
569 1419
570 929
570 806
570 1545
570 1267
570 1119
571 1257
571 1205
571 827
571 1085
572 1425
572 861
573 728
573 766
573 735
574 630
574 1271
574 1307
575 849
575 1146
575 1595
575 1591
576 779
576 590
577 1179
578 1194
578 1296
578 693
578 1503
579 1240
579 852
580 1592
580 1118
581 1317
581 1093
581 1385
581 760
581 1563
582 1345
582 1571
582 1229
583 1187
583 997
583 1123
583 1288
583 1230
583 1331
583 1244
584 590
584 1333
585 1281
585 1318
585 970
585 1390
585 1522
586 1042
586 1299
586 1311
587 641
587 1435
587 713
587 1223
588 805
588 1305
589 1011
589 866
590 1089
590 858
590 607
592 814
592 620
592 685
592 823
593 1569
593 1033
593 1296
593 882
593 1044
593 695
594 939
594 1420
594 637
595 1166
595 1233
595 1011
595 1333
596 1474
596 1565
596 781
596 785
597 967
598 1097
598 786
598 963
598 764
598 1549
599 1472
599 925
599 957
600 615
600 649
600 1592
600 862
600 1503
601 997
601 1200
601 818
601 755
601 1501
602 1183
602 1233
602 1598
602 695
603 766
605 789
605 1109
605 693
605 1348
606 1059
606 845
606 1266
606 1523
607 1592
607 1507
607 1071
608 976
608 905
608 1087
609 1476
609 679
610 1520
610 1266
610 803
610 1570
611 893
612 1106
612 876
613 759
614 1551
614 863
615 672
615 1221
615 838
615 1351
615 1356
615 885
615 823
616 776
617 707
617 1412
617 1481
617 1084
618 1538
618 740
618 857
618 1081
619 1408
619 1052
619 733
619 663
620 1177
620 917
621 1588
621 862
622 1016
622 871
623 1120
623 1190
623 1000
623 756
623 1115
624 793
626 1223
626 720
626 670
627 1576
627 1507
628 925
629 881
629 683
629 1460
630 1330
630 1470
631 793
631 1048
632 1253
632 714
632 748
632 1040
633 995
633 1301
633 988
634 1209
635 1304
635 1019
635 846
636 1353
636 1585
636 1038
636 1495
637 1352
637 1290
637 657
638 1447
638 1577
638 1599
639 1291
639 1077
639 1590
639 1143
639 1049
640 1576
640 1179
640 1228
640 1413
641 1191
641 654
641 918
642 1123
642 1557
643 1212
643 727
644 1073
644 1563
645 656
645 778
646 923
646 970
646 1071
646 1173
646 956
646 1373
647 774
647 1035
647 1170
647 1522
647 1076
647 1555
648 820
648 767
649 1445
649 1453
649 1357
649 1588
650 1592
650 1131
650 1308
651 889
651 1014
652 947
653 1148
653 1466
654 1411
654 1228
655 684
655 979
655 1429
655 1500
656 1132
656 1265
656 1461
656 1566
658 1507
659 1544
659 909
659 1404
659 958
659 1599
660 1187
661 1524
661 1021
662 1006
662 1215
664 1247
664 1259
664 1311
664 1254
664 703
665 1184
665 1568
665 1415
665 1002
666 1167
666 1395
666 1430
666 829
667 1400
668 1509
668 843
668 891
668 1118
669 818
669 1483
669 1550
669 882
669 1006
670 1440
670 787
670 1428
670 725
670 1492
671 1289
672 1520
672 900
672 1174
673 908
673 1425
673 953
673 684
676 803
677 1333
677 1582
678 932
678 1252
678 982
678 1398
679 1467
679 1374
679 870
679 863
680 1058
680 1315
680 1020
680 877
680 1134
681 1403
681 1331
681 1149
681 1350
682 853
683 1319
683 1384
683 1423
683 1080
684 980
684 953
685 1238
685 1232
686 1290
686 999
686 1411
686 847
687 1190
688 867
688 783
689 1312
689 1166
689 1331
689 1237
689 1560
690 1186
690 1126
690 1011
691 1252
691 1450
691 746
691 1554
691 1181
692 718
692 1104
692 1304
692 895
693 1412
693 1163
693 916
693 763
694 832
694 1410
694 907
695 1293
695 895
696 1432
696 1086
697 1195
697 1580
697 822
697 1251
698 1384
698 1077
698 917
699 801
700 1536
700 1416
700 1131
700 1263
700 1016
700 1149
701 1201
701 821
701 1079
702 1346
702 879
703 1536
703 872
703 940
703 1388
703 1361
703 1238
704 1477
705 1234
705 1373
705 783
706 806
706 865
706 984
707 1122
707 785
707 1270
707 823
707 1337
707 1407
708 1377
708 1580
708 878
708 1519
709 994
709 1173
709 984
709 1503
710 824
710 844
711 963
711 1324
712 1483
712 847
713 965
713 1319
713 746
713 977
713 947
713 1335
714 1423
714 1427
714 1333
714 1275
715 1090
715 1587
715 1391
716 1362
716 766
717 1315
717 1211
717 1125
718 966
718 743
718 967
718 970
718 1165
718 1263
718 721
719 870
719 1428
719 1334
719 1182
720 1296
720 809
720 1301
721 1378
721 1159
721 1001
721 1545
721 843
721 1299
721 1047
722 744
722 1232
722 1336
724 1130
724 1503
725 1477
725 1510
725 854
725 922
726 1535
727 1311
727 1127
727 1486
727 1103
727 885
727 1215
728 892
728 1235
729 1347
729 1319
729 1340
730 1146
730 1379
730 1124
731 1061
731 839
731 872
731 1481
731 1162
731 1585
731 1525
731 792
732 1033
732 1146
732 1550
733 1027
733 740
733 1518
733 1489
733 1491
733 1014
733 1240
734 929
734 811
734 1009
734 882
734 1468
734 1438
735 912
735 946
735 1489
735 1398
736 842
736 1430
737 1041
737 1268
737 1497
739 851
739 892
739 1196
741 1032
741 1007
741 1516
742 1098
742 1403
742 909
744 1048
744 812
744 1065
745 1449
745 1453
745 1071
745 895
746 851
746 885
746 949
746 766
747 1219
747 836
747 1519
747 793
747 1598
748 1317
748 1543
748 1077
748 982
748 1183
749 1410
749 1132
749 910
749 751
749 1008
750 1384
750 1571
752 1193
753 929
753 1153
753 1510
753 1332
753 854
754 1217
754 1422
755 1095
755 1233
755 856
758 1192
758 929
758 778
758 1107
758 1583
759 1420
760 1333
760 1323
760 999
762 1258
762 764
762 877
762 1286
763 772
763 1158
763 1232
763 1531
763 1435
763 892
764 1527
765 1084
765 1534
765 831
766 1083
766 880
766 887
768 1479
768 1241
768 1467
769 806
769 1104
769 883
769 1531
769 1116
770 1414
770 1044
770 1166
771 1416
772 1029
772 1425
773 1512
773 1516
773 1407
773 1007
775 824
775 1072
776 1024
776 1175
776 826
776 1246
778 1133
779 1470
779 1462
780 1082
780 1565
780 1175
781 1411
781 870
782 1123
782 879
782 1361
782 1585
782 1276
783 1354
783 1466
783 1531
784 841
785 817
785 996
786 1005
786 1175
787 1314
787 1395
787 1503
788 806
788 1033
788 905
788 1388
788 974
788 1042
788 1302
789 1059
790 1276
791 1312
791 1219
791 1448
791 1494
791 1113
791 1434
792 1176
792 1076
792 1526
793 1121
795 1200
795 1251
796 1090
796 1260
796 947
796 1446
797 1187
797 1389
797 1564
798 1419
798 810
798 845
798 1104
799 1034
799 1102
799 1319
800 1217
800 1221
800 878
800 1394
801 1264
801 1552
801 1493
802 1152
802 834
802 1378
802 936
802 1512
802 844
803 1098
803 1045
804 1545
804 1293
804 1495
805 1188
805 1265
805 1588
806 992
807 897
807 1537
807 1063
807 840
807 1100
807 862
808 1444
808 1285
808 1360
808 1009
808 1425
808 1179
809 1067
809 1533
809 878
810 1444
810 1075
810 1241
810 1311
811 1314
811 1324
812 1255
812 891
812 985
813 889
813 1246
813 1156
815 1006
816 1106
817 1540
817 1105
817 1554
818 1346
818 1417
818 927
819 1145
819 1095
819 1383
819 1373
820 1344
820 904
820 1360
821 1265
821 1266
821 1529
821 1306
823 1516
823 1133
824 1390
825 1488
825 1427
825 948
826 899
826 1449
826 880
827 1488
827 1156
827 893
828 1282
828 1141
828 1599
829 1337
830 1388
830 1520
830 1299
830 1303
830 1593
831 1536
831 1574
831 1583
832 1539
833 927
835 1161
835 1343
836 1035
836 1099
836 1005
836 1394
836 1086
837 1275
837 924
837 1093
838 1340
838 1189
839 997
839 998
839 1589
839 1599
840 978
840 1383
841 1522
841 888
843 1095
843 1489
843 1077
844 876
844 1167
844 1533
845 1124
845 1348
845 1531
846 1359
847 1371
847 1198
848 1523
848 1197
848 1191
849 967
850 1346
850 1389
851 1097
851 971
851 1392
851 946
851 1527
852 1003
853 1568
853 965
853 1575
853 1528
853 1465
855 889
855 1435
855 1364
855 1463
856 1484
857 1175
857 1081
858 976
858 1512
858 1533
862 1233
862 1259
863 1145
864 1502
864 1135
865 1541
865 1190
865 1556
866 1249
866 1320
866 879
866 1438
867 1552
867 1337
867 957
868 1011
869 1317
869 1406
870 1587
871 1199
871 1054
872 907
872 1174
873 1298
875 1126
875 1129
875 1580
876 1028
877 1210
877 1338
878 1560
879 1191
879 1353
880 1027
880 1450
880 1164
880 978
880 1051
881 1592
881 1172
883 1164
884 1464
884 1311
885 1352
885 1168
886 1291
886 1383
886 1302
886 1162
887 993
887 902
888 958
889 1294
890 1025
890 1515
891 1034
893 1481
893 1486
893 1527
894 1568
894 1067
894 1314
894 1178
895 1482
895 1331
895 1046
895 1594
895 1309
896 1256
896 1404
897 985
898 1408
899 1562
899 1309
900 1346
900 996
900 1157
900 917
900 1177
901 1011
902 1376
902 1361
902 1255
903 1345
904 1580
906 1322
906 1252
906 1238
907 1229
907 1230
908 1455
908 1586
909 923
910 1448
910 1296
911 1126
912 1297
913 1498
913 927
914 1240
914 954
914 1365
914 1133
915 1385
916 1492
916 1142
916 1461
916 1115
918 1376
919 1415
919 1359
920 1114
921 1492
921 1316
921 1542
922 1271
922 987
923 1536
923 1027
923 1411
923 1485
923 1012
924 1532
925 1123
925 969
925 1582
925 1112
925 1599
926 1122
927 1196
927 1230
927 1559
928 1544
929 992
929 1478
931 1293
932 1050
933 1027
933 1223
934 1184
934 1146
934 1351
935 1338
935 1155
935 981
936 1051
936 1559
937 1502
938 1176
938 973
939 963
939 1317
939 949
939 1274
939 1083
940 1406
943 1280
943 1417
943 1544
944 979
944 1541
945 1233
945 1092
948 1067
948 1520
949 1006
949 1583
949 1300
949 1471
950 1369
951 1272
951 1549
951 1117
952 1591
953 1297
953 1597
953 1119
953 1087
954 1284
954 1591
954 1373
955 1302
955 983
956 1164
956 1269
957 1211
957 1069
958 1218
958 997
958 1584
958 1329
958 1458
959 1322
959 1204
959 1021
959 1551
960 1114
961 964
961 1351
961 1546
961 974
961 1106
961 985
961 1338
962 1084
963 1174
964 1428
964 1165
965 1424
965 1081
966 1072
966 1090
967 1435
967 1311
968 1257
968 1322
968 1394
968 1063
969 1015
970 1072
971 1152
971 1089
971 1422
972 1307
972 1003
973 984
973 1388
974 1344
974 995
975 978
975 1063
976 1296
976 1168
976 1591
977 1536
978 1304
979 1298
979 1403
980 1352
980 1521
980 1426
980 1593
983 1184
983 1547
983 1523
984 1094
984 1036
984 1299
984 1497
986 1293
987 1174
988 1112
988 1358
989 1547
989 1582
989 1202
989 1496
990 1313
990 1521
990 1552
991 1152
991 1046
992 1595
992 1359
994 1508
995 1392
995 1489
996 1294
997 1051
997 1277
998 1117
999 1553
999 1389
1000 1456
1000 1577
1000 1031
1001 1216
1001 1523
1001 1565
1002 1040
1002 1180
1003 1262
1003 1521
1005 1305
1005 1067
1006 1344
1006 1314
1006 1321
1006 1203
1006 1598
1007 1226
1007 1406
1008 1555
1009 1504
1009 1552
1010 1248
1010 1473
1010 1487
1010 1043
1011 1159
1011 1593
1011 1113
1011 1279
1012 1322
1012 1144
1012 1529
1012 1116
1013 1096
1013 1312
1014 1578
1015 1338
1016 1366
1016 1347
1017 1313
1018 1256
1019 1219
1019 1086
1020 1225
1020 1421
1020 1455
1020 1247
1021 1221
1024 1105
1024 1330
1024 1341
1024 1599
1025 1306
1027 1249
1027 1396
1028 1568
1028 1394
1028 1271
1028 1404
1029 1520
1029 1033
1029 1390
1029 1447
1030 1217
1030 1334
1031 1227
1031 1551
1031 1072
1031 1552
1031 1234
1031 1362
1031 1426
1032 1094
1032 1204
1032 1370
1033 1127
1033 1203
1033 1329
1033 1501
1034 1482
1034 1240
1036 1054
1037 1090
1037 1352
1038 1150
1039 1396
1039 1448
1040 1404
1041 1498
1042 1422
1042 1262
1043 1057
1043 1570
1043 1412
1043 1583
1043 1360
1044 1288
1044 1519
1044 1203
1045 1428
1045 1176
1045 1342
1046 1391
1046 1328
1046 1215
1047 1246
1048 1156
1048 1589
1049 1160
1050 1146
1050 1103
1051 1541
1051 1067
1051 1455
1052 1297
1053 1225
1053 1577
1053 1367
1053 1245
1053 1215
1054 1538
1054 1544
1054 1463
1055 1057
1055 1313
1055 1538
1055 1129
1056 1548
1057 1514
1057 1360
1058 1134
1058 1102
1058 1394
1058 1147
1060 1193
1061 1234
1062 1375
1062 1263
1063 1509
1063 1583
1063 1233
1064 1105
1064 1476
1064 1156
1064 1157
1065 1211
1066 1319
1066 1295
1067 1161
1068 1298
1072 1448
1072 1554
1072 1369
1073 1185
1073 1097
1073 1332
1074 1401
1074 1485
1075 1299
1077 1359
1079 1578
1079 1262
1080 1340
1081 1508
1081 1095
1081 1390
1081 1106
1084 1592
1084 1591
1084 1214
1085 1271
1085 1421
1086 1232
1086 1521
1087 1238
1087 1321
1088 1152
1088 1366
1089 1410
1090 1254
1091 1155
1091 1443
1092 1153
1093 1589
1093 1526
1094 1366
1094 1526
1095 1391
1095 1402
1096 1425
1097 1281
1097 1225
1098 1378
1100 1155
1100 1460
1100 1413
1101 1408
1101 1451
1101 1308
1101 1230
1102 1446
1102 1130
1104 1596
1104 1430
1105 1492
1106 1355
1106 1452
1106 1389
1106 1423
1107 1514
1108 1232
1108 1378
1108 1341
1108 1310
1110 1119
1111 1195
1112 1599
1114 1574
1114 1366
1115 1529
1115 1254
1116 1383
1116 1375
1117 1260
1117 1172
1118 1413
1118 1414
1118 1241
1119 1508
1119 1397
1120 1528
1120 1494
1120 1181
1121 1387
1122 1234
1122 1333
1123 1359
1123 1430
1124 1388
1124 1432
1125 1163
1125 1488
1125 1236
1126 1283
1127 1231
1127 1364
1127 1222
1129 1523
1130 1441
1130 1463
1131 1398
1132 1430
1133 1397
1134 1325
1135 1345
1135 1167
1135 1398
1135 1556
1136 1582
1138 1286
1140 1528
1142 1587
1142 1269
1143 1447
1143 1591
1143 1421
1143 1561
1144 1470
1145 1496
1146 1542
1146 1321
1149 1304
1150 1418
1150 1500
1151 1356
1152 1319
1154 1368
1156 1187
1156 1315
1156 1433
1157 1267
1158 1546
1159 1534
1161 1332
1162 1437
1164 1581
1164 1238
1164 1399
1165 1568
1165 1495
1166 1222
1166 1457
1168 1497
1168 1339
1169 1426
1169 1207
1171 1440
1171 1273
1171 1409
1171 1524
1172 1296
1172 1259
1173 1577
1173 1227
1174 1187
1178 1562
1178 1379
1179 1242
1179 1563
1179 1533
1180 1503
1180 1447
1182 1195
1183 1414
1183 1491
1184 1359
1185 1572
1186 1223
1186 1580
1186 1517
1186 1262
1187 1596
1188 1421
1190 1198
1191 1458
1192 1253
1192 1267
1193 1465
1193 1309
1195 1506
1195 1381
1195 1597
1196 1448
1196 1523
1196 1533
1198 1269
1199 1576
1199 1437
1200 1536
1200 1517
1201 1483
1202 1372
1203 1377
1205 1446
1208 1593
1209 1441
1210 1459
1210 1396
1212 1520
1212 1431
1213 1528
1213 1311
1214 1408
1217 1535
1218 1224
1219 1269
1220 1320
1220 1437
1222 1291
1223 1538
1223 1599
1224 1248
1224 1497
1224 1357
1226 1525
1227 1540
1227 1279
1229 1322
1229 1516
1231 1586
1231 1335
1232 1457
1232 1591
1232 1404
1233 1256
1234 1527
1235 1332
1235 1599
1236 1329
1236 1509
1237 1322
1237 1417
1238 1318
1239 1354
1240 1412
1240 1511
1240 1366
1241 1464
1241 1339
1244 1428
1244 1252
1245 1466
1247 1597
1247 1457
1248 1286
1248 1479
1249 1269
1250 1581
1251 1595
1251 1343
1252 1317
1253 1423
1256 1350
1256 1385
1256 1535
1256 1335
1258 1516
1261 1323
1262 1528
1262 1535
1263 1416
1265 1490
1267 1541
1267 1422
1274 1409
1274 1415
1274 1419
1274 1558
1275 1518
1276 1281
1276 1562
1276 1567
1277 1555
1277 1468
1280 1289
1280 1549
1284 1395
1285 1516
1285 1294
1286 1301
1286 1599
1288 1522
1289 1340
1290 1566
1291 1337
1292 1451
1292 1437
1294 1402
1297 1499
1298 1475
1299 1566
1302 1400
1305 1336
1305 1443
1306 1509
1308 1349
1308 1469
1310 1497
1310 1458
1310 1542
1314 1480
1315 1467
1315 1502
1317 1525
1317 1594
1324 1399
1327 1333
1328 1371
1329 1419
1329 1488
1329 1596
1330 1347
1332 1588
1333 1537
1333 1433
1336 1362
1338 1499
1339 1563
1339 1473
1341 1591
1343 1533
1345 1537
1345 1369
1352 1588
1354 1449
1355 1361
1355 1374
1356 1388
1358 1412
1358 1413
1361 1407
1361 1467
1362 1513
1365 1373
1367 1509
1368 1565
1369 1469
1371 1400
1372 1581
1374 1552
1376 1578
1376 1532
1378 1424
1381 1562
1381 1593
1382 1593
1382 1437
1385 1508
1385 1388
1385 1567
1387 1436
1390 1551
1390 1500
1395 1409
1399 1567
1400 1510
1402 1464
1403 1521
1404 1581
1405 1538
1406 1565
1407 1444
1410 1451
1422 1477
1422 1484
1422 1548
1422 1532
1424 1505
1426 1505
1429 1593
1430 1454
1434 1575
1435 1438
1436 1554
1439 1557
1440 1561
1445 1595
1446 1586
1448 1548
1448 1518
1453 1594
1459 1465
1460 1463
1461 1522
1462 1596
1463 1539
1463 1520
1464 1468
1468 1536
1475 1519
1477 1505
1485 1496
1498 1570
1498 1552
1499 1549
1501 1513
1503 1583
1505 1535
1509 1529
1515 1543
1516 1527
1518 1528
1519 1589
1521 1531
1525 1531
1527 1561
1540 1571
1552 1592
1553 1555
1556 1588
1558 1592
1587 1594
