1600 4800
0 961
0 210
0 1060
0 222
1 354
1 71
1 234
1 78
1 120
1 1468
2 802
2 530
2 1364
2 788
2 1015
2 798
3 1025
3 982
3 1101
3 478
3 46
4 472
4 1156
4 5
4 118
5 1337
5 387
5 261
5 118
6 609
6 530
6 499
6 1569
6 1247
7 800
7 548
7 744
7 1391
7 1012
7 58
7 383
8 1272
8 838
8 1123
8 606
8 1055
9 1209
9 549
9 1166
9 1167
9 729
9 1311
10 687
10 1018
10 615
11 1575
11 1484
11 209
11 626
11 561
11 1043
11 568
11 956
11 318
12 481
12 795
12 772
12 839
12 631
13 992
13 1377
13 1054
14 898
14 227
14 583
14 812
14 1456
14 217
15 616
15 1512
15 47
15 1520
15 531
15 403
15 1429
15 985
15 510
16 201
16 1341
16 188
16 645
17 674
17 196
17 40
17 109
17 77
17 1393
17 307
17 438
17 189
18 64
18 1026
18 483
18 910
18 1561
18 1117
18 350
19 1541
19 1238
19 102
20 613
20 1068
20 621
20 629
20 568
20 889
21 707
21 1554
21 979
21 917
21 1495
21 696
22 673
22 1377
22 478
22 854
23 936
23 455
23 1540
23 1576
23 159
24 642
24 68
24 582
24 430
24 275
24 1461
24 1019
24 125
24 1150
25 839
25 490
25 332
25 1101
25 756
25 1173
25 60
26 713
26 138
26 971
27 672
27 1546
27 140
27 400
27 149
27 183
27 1497
27 1339
27 1343
28 1058
28 1095
28 275
28 1304
28 92
28 1597
29 291
29 419
29 1162
29 974
29 1520
29 498
29 281
29 347
30 224
30 389
30 955
30 647
30 488
30 1448
30 1389
30 1295
30 1204
30 1492
30 920
30 923
31 131
31 869
31 907
31 940
31 982
31 829
31 1342
32 975
32 658
32 317
32 221
32 111
33 928
33 1157
33 934
33 1189
33 270
33 561
33 1586
34 712
34 931
34 1260
34 773
34 1003
35 1088
35 37
35 1192
35 878
35 342
35 119
35 1021
36 384
36 1177
36 1465
36 503
37 259
37 584
37 847
37 1110
37 856
37 90
38 482
38 931
38 1385
38 177
38 1078
38 924
38 1118
39 994
39 163
39 772
39 838
39 1159
39 970
39 468
39 980
39 1399
39 605
39 927
40 778
40 586
40 323
40 1276
41 326
41 648
41 783
41 688
41 884
41 54
41 282
41 412
42 648
42 177
42 746
42 547
42 1004
43 1002
43 1006
43 1499
43 281
43 923
43 1054
43 1023
44 868
44 1382
44 95
45 802
45 357
45 1158
45 1586
45 697
45 858
45 700
46 64
46 1248
46 164
46 335
46 536
47 376
47 1425
47 954
47 1093
48 133
48 144
48 1427
48 533
48 1560
48 1433
48 826
49 1350
49 1542
49 110
49 1423
49 945
49 1489
49 371
49 1112
49 1371
50 1283
50 714
50 622
50 1202
50 345
50 219
51 256
51 1081
51 1157
51 54
51 199
52 1487
52 676
52 1108
52 463
53 1152
53 201
53 110
53 1295
53 757
53 1365
53 510
54 611
54 740
54 1225
54 282
54 1261
54 989
54 914
54 1591
54 538
54 858
55 208
55 285
55 1448
56 714
56 495
56 1372
56 1190
56 127
57 704
57 1542
57 1034
57 1202
57 120
57 1535
58 708
58 550
58 903
58 841
58 908
59 648
59 1241
59 596
59 957
60 346
60 193
60 997
61 672
61 992
61 1026
61 999
61 334
61 626
61 787
61 1106
61 471
61 220
61 1596
62 1226
62 578
62 348
62 1028
62 374
63 613
63 1206
63 1566
64 1414
64 136
64 1045
64 568
64 730
65 67
65 199
65 72
65 1328
65 979
65 1437
65 351
66 768
66 641
66 674
66 1378
66 457
66 175
66 914
66 248
66 734
67 609
67 692
67 950
67 343
67 537
68 1164
68 1575
69 416
69 1343
69 198
69 968
69 266
69 1323
69 1293
69 569
69 1373
69 991
70 1280
70 545
70 386
70 1189
70 971
70 89
70 1567
71 611
71 1465
71 326
71 811
72 329
72 519
72 1373
72 415
73 736
73 587
73 95
74 256
74 1025
74 746
74 1346
75 1252
75 1000
75 1360
75 113
75 693
75 1270
76 1317
76 1545
76 617
76 1227
76 378
76 1499
77 1249
77 740
77 478
77 1548
77 1399
77 1406
78 484
78 937
78 654
78 1393
78 210
78 1491
78 1204
78 120
78 283
79 298
79 349
79 1238
79 951
80 1221
80 1350
80 1223
80 113
80 1077
80 791
80 280
80 925
81 1089
81 1219
81 1124
81 614
81 1255
81 237
81 366
81 184
81 670
81 703
82 1544
82 1217
82 501
82 862
82 575
83 1220
83 555
83 459
83 589
83 1072
83 670
84 1191
84 508
84 1084
84 474
84 763
84 1180
84 863
85 539
85 396
85 135
86 598
86 659
86 756
86 1017
86 206
87 488
87 1569
87 834
87 887
88 512
88 165
88 710
88 1190
88 329
88 878
88 912
88 1558
88 153
88 958
89 664
89 153
89 775
90 899
90 838
90 232
90 1427
90 1302
90 216
90 473
91 1057
91 581
91 1450
91 1547
91 429
91 1070
91 1271
91 540
91 702
92 963
92 843
92 623
92 1331
92 1081
93 1392
93 466
93 404
93 852
94 1376
94 1322
94 779
94 1348
94 271
95 1325
95 454
96 1216
96 1444
96 1541
96 169
96 792
96 121
97 1231
97 883
97 1588
97 1007
98 633
98 1191
99 708
99 1383
99 616
99 143
99 1169
99 1308
100 803
100 195
100 711
100 972
100 1521
100 594
101 563
101 733
101 174
101 295
102 1472
102 901
102 457
102 1291
102 239
102 151
102 797
103 416
103 417
103 769
103 679
103 1479
103 1456
103 1562
103 734
104 1188
104 972
104 308
104 1311
104 1095
105 528
105 281
105 1273
105 581
106 1408
106 430
106 1071
107 1415
107 557
107 1266
107 125
107 663
107 1213
108 845
108 637
108 1286
108 1135
109 1141
110 322
110 1539
110 431
110 919
110 279
110 190
111 1250
111 899
111 1158
111 1478
111 969
111 555
111 1242
112 729
112 459
112 1427
112 213
112 1102
113 1248
113 190
113 670
113 351
114 933
114 133
114 591
114 241
114 1267
114 1590
115 1384
115 414
116 1280
116 809
116 925
116 694
116 1102
117 451
117 1093
117 523
117 1425
117 1499
117 509
118 1517
118 1198
118 1581
118 1047
118 313
119 1291
119 913
119 1210
119 1423
120 835
120 617
120 620
120 1549
120 143
120 242
120 983
120 1048
120 1119
121 1062
121 944
121 1169
121 818
121 215
121 1212
122 483
122 1062
122 1384
122 361
122 363
122 1135
123 1029
123 935
123 1227
123 364
123 1589
123 536
123 1371
124 706
124 934
124 1545
124 1072
124 339
124 629
124 760
125 1026
125 1476
125 810
125 1039
125 1041
125 916
125 1206
126 1404
126 1205
126 495
127 1089
127 1508
127 1037
127 153
127 1149
128 349
129 1574
129 1001
129 426
129 1041
130 512
130 736
130 1324
130 893
130 1151
131 408
131 1099
131 684
131 237
131 1196
131 312
132 1120
132 1185
132 1547
132 701
133 1056
133 449
133 931
133 617
133 1293
133 1011
133 1528
133 862
134 776
134 746
134 1516
134 1550
134 502
134 343
134 1181
135 1513
135 1347
135 1351
135 159
136 193
136 672
136 898
136 1000
136 202
136 1023
137 1104
137 443
138 576
138 609
138 1415
138 535
139 1416
139 905
139 978
139 1236
140 739
140 908
140 750
140 371
140 445
141 610
141 572
141 1586
141 958
141 1199
142 292
142 965
142 325
142 265
142 971
142 492
142 974
142 755
143 462
143 302
143 210
143 659
143 820
143 410
143 1531
143 477
143 1534
144 882
144 891
144 268
145 552
145 1451
145 1212
145 285
145 1127
146 1240
146 371
146 836
146 1523
146 263
147 558
147 1168
147 339
147 755
147 693
147 764
147 605
148 1402
148 505
148 810
148 1123
148 962
149 368
149 391
149 295
150 1025
150 731
150 949
150 790
151 561
151 650
151 1483
151 1058
152 1280
152 1539
152 977
152 922
152 859
152 765
153 994
153 230
153 1265
153 565
153 1468
153 606
154 769
154 298
154 498
154 1338
154 827
155 800
155 599
155 266
155 589
155 211
155 1015
156 704
156 856
156 235
156 1305
156 903
157 224
157 512
157 1411
157 1348
157 1230
157 817
157 180
157 1561
158 392
158 496
158 1094
158 911
159 744
159 1256
159 1351
159 180
160 441
160 995
160 228
160 1509
161 1504
161 966
161 777
161 1102
161 245
161 635
161 1500
161 254
162 842
162 1071
162 1108
162 213
162 1148
162 1279
163 1434
163 828
163 1495
163 526
164 1121
164 1482
164 1031
165 433
165 308
165 1542
166 192
166 1522
166 220
166 376
166 944
167 1185
167 1194
167 919
168 720
168 1465
168 610
168 1035
168 1528
169 1064
169 406
169 944
170 257
170 551
170 488
170 1128
170 234
170 1490
170 1235
170 632
171 1195
171 1356
171 1516
171 1589
171 1398
171 191
172 762
172 620
172 1349
172 759
173 1128
173 953
173 202
173 252
174 579
174 515
174 969
174 433
174 182
174 318
175 961
175 1313
175 837
175 1094
175 730
175 571
175 1052
176 998
176 392
176 1289
176 682
176 430
176 530
176 1463
176 1560
177 1091
177 1063
177 1222
177 585
177 553
177 1130
177 1256
177 687
177 183
177 537
177 1371
177 989
178 1353
178 693
178 389
178 335
179 1305
179 1434
179 835
179 1385
180 839
180 520
180 682
180 1085
180 317
181 225
181 837
181 197
181 519
181 1485
181 436
181 982
181 1592
181 570
182 704
182 1390
182 675
182 1420
183 896
183 201
183 1421
183 817
183 977
183 380
184 452
184 871
184 1097
184 393
184 1195
185 1221
185 1479
185 554
185 1526
185 374
185 474
185 1531
186 1408
186 1321
186 771
186 797
186 807
187 1594
187 547
187 1174
187 1407
188 389
188 390
188 935
188 1599
188 595
188 1236
188 1269
188 1525
188 1503
189 857
189 346
189 1072
190 1569
190 1190
190 685
190 1361
190 1362
190 727
190 377
191 1553
191 714
191 908
191 933
192 1219
192 695
192 1116
192 1463
192 412
193 1125
193 1030
193 1005
193 1365
193 727
193 1245
193 735
194 680
194 1468
194 307
194 1124
194 742
195 929
195 803
195 1003
195 1260
195 1083
196 1066
196 1197
196 561
197 1093
197 870
197 1015
197 340
197 885
197 246
198 1282
198 453
198 597
198 249
198 254
199 1289
199 1360
199 665
199 410
199 1307
200 1089
200 359
200 727
200 683
200 1163
200 1394
200 759
200 1433
201 881
201 1175
202 256
202 576
202 966
202 1192
202 1354
202 1486
202 784
202 881
202 251
203 800
203 967
203 618
203 1482
203 590
203 1428
203 1398
204 837
204 1036
204 684
204 1260
204 1493
204 1212
204 254
205 1443
205 1032
205 945
205 339
205 1113
205 959
206 1125
206 1543
206 1107
206 1466
206 1246
207 809
207 1474
207 1372
207 277
207 559
208 938
208 589
208 301
208 1327
208 1486
208 1518
208 1307
208 573
208 1534
209 962
209 423
209 300
209 1553
209 1396
209 1399
209 1086
210 1454
210 274
210 1299
210 212
210 1462
210 1400
210 1305
211 482
211 990
211 830
211 1143
212 784
212 1593
212 445
212 887
213 448
213 1346
213 1156
213 902
213 1039
213 309
213 1462
213 1594
214 803
214 1552
214 1009
214 1171
214 1174
214 442
215 960
215 1475
215 742
215 1383
215 1100
215 1076
215 255
216 321
216 1577
216 335
216 881
216 919
216 728
216 1501
216 1342
217 423
217 1129
217 746
217 508
217 558
217 380
217 573
217 1022
218 418
218 1563
218 810
218 1598
219 838
219 1542
219 1160
219 457
219 809
219 1033
219 652
219 1098
219 574
220 811
220 1390
220 274
220 1564
220 892
220 831
221 1450
221 1419
221 940
221 1357
221 1076
221 1492
221 1432
222 1145
222 226
222 1138
223 1155
223 1316
223 650
223 1040
223 566
223 311
223 1054
224 1463
224 610
224 614
224 1325
224 503
224 282
224 286
225 1466
225 1431
226 681
226 1542
226 405
226 727
227 390
227 1222
227 649
227 302
227 1207
227 378
227 318
228 1125
228 873
228 695
228 498
228 983
228 443
228 1053
229 1131
229 1454
229 1555
229 629
229 1336
229 1562
229 860
230 1539
230 581
230 549
230 679
230 1192
230 393
231 738
231 579
231 654
231 912
231 498
231 853
231 1142
231 1564
232 1025
232 1380
232 1550
233 904
233 577
233 550
233 1175
234 1281
234 647
234 815
234 944
234 335
234 1277
234 1470
235 1508
235 850
235 883
235 1077
235 599
236 641
236 732
236 1230
236 967
237 737
237 1409
237 1287
237 975
237 400
238 1170
238 1546
238 1596
238 869
238 390
239 1175
239 627
239 271
241 552
241 1098
241 300
241 976
241 465
241 1016
241 1465
242 1534
242 387
242 268
242 971
243 1258
243 1137
243 1558
243 920
243 603
243 891
243 574
244 1288
244 451
244 1438
245 648
245 1501
245 332
245 813
246 1218
246 867
246 1293
246 916
246 1144
246 667
246 1247
247 1377
247 645
247 775
247 1485
247 302
247 815
247 399
247 756
247 1087
248 704
248 1248
248 771
248 740
248 976
248 1331
248 1460
248 1110
248 1400
249 1186
249 319
249 1480
249 1132
249 464
249 1232
249 831
250 1001
250 523
250 1485
250 1521
250 1046
250 634
251 945
251 1193
251 871
251 439
252 1352
252 436
252 1461
252 1178
252 1308
253 1490
253 330
253 571
254 655
254 1299
254 1587
254 1269
254 1077
255 870
255 367
255 948
255 1176
255 474
255 285
256 836
256 812
256 461
256 1360
256 529
256 754
256 1394
256 1077
256 1022
256 1471
257 1227
257 1457
257 1521
257 916
257 1470
258 294
258 1357
258 782
258 1389
258 1456
258 598
258 571
258 510
259 736
259 555
259 397
259 689
259 733
259 543
260 264
260 556
260 880
261 564
261 390
261 750
262 866
262 1050
262 1525
262 982
263 389
263 1132
263 1552
263 1397
263 1177
263 511
264 581
264 1032
264 810
264 461
264 379
265 1279
265 678
265 1337
265 475
265 1343
266 352
266 640
266 771
266 453
266 1386
266 877
267 1362
267 1526
267 1079
268 729
268 498
268 557
269 721
269 419
269 1028
269 573
269 422
270 1365
270 481
270 1598
271 1477
271 1352
271 508
271 532
271 924
272 536
272 276
272 1318
273 871
273 1288
273 683
273 1004
273 1136
273 596
274 1003
274 623
274 1466
274 1151
275 1169
275 1549
275 1279
276 1217
276 1251
276 1478
276 522
276 439
276 799
277 963
277 392
277 1066
277 719
277 758
277 796
278 1476
278 1327
278 807
279 1424
279 882
279 430
279 1293
280 313
280 1490
280 376
280 825
281 331
281 365
281 687
282 778
282 1111
282 342
282 1594
282 1501
283 1123
283 1413
283 1261
283 1454
283 1202
284 1351
284 1128
284 941
284 753
284 534
284 951
284 1371
284 1311
285 1056
285 1345
285 1247
285 1569
285 1511
285 912
285 1528
285 1082
285 828
286 1570
286 362
286 1333
286 727
286 1016
286 1433
287 1410
287 1020
288 296
288 744
288 904
288 1450
288 661
289 904
289 885
289 1136
289 405
289 1596
290 512
290 1347
290 1412
290 1042
290 1494
290 442
291 353
291 689
291 389
291 1151
292 1034
293 1589
293 1490
293 1061
293 932
293 573
294 1216
294 589
294 657
294 407
294 314
294 1563
294 702
295 996
295 1485
295 1339
295 444
296 714
296 627
296 820
296 1558
296 792
296 763
298 1281
298 518
298 592
298 1203
298 951
299 1471
299 1499
299 1255
300 657
300 1211
300 1449
301 1482
301 1382
301 872
301 846
302 614
302 822
302 1149
303 864
303 1281
303 1315
303 1475
303 1093
303 1030
303 1167
303 1328
303 945
303 1151
304 992
304 420
304 871
304 494
304 853
304 1375
305 1024
305 683
305 945
305 1394
305 1523
305 373
305 1340
306 1081
306 1050
306 531
306 1163
307 448
307 482
307 899
307 931
307 1071
307 1584
307 402
307 1243
308 1025
308 1524
308 1407
309 1031
309 713
309 1582
309 850
309 725
309 1338
310 771
310 817
310 314
310 363
310 1065
311 960
311 1350
311 1383
311 686
311 1237
311 534
312 1000
312 450
312 1589
312 663
313 1250
313 1476
313 957
314 1448
314 1152
315 1339
315 1588
315 383
316 485
316 397
316 806
316 957
317 1568
317 1060
317 580
317 882
317 1396
318 611
318 778
319 416
319 554
319 435
319 1441
320 1312
320 1028
320 523
320 688
320 1363
320 569
320 1594
321 753
321 811
321 567
322 1220
322 1387
322 1525
322 759
322 1052
322 1598
323 961
323 836
323 743
323 616
323 1256
323 908
323 590
323 722
324 612
324 453
324 1242
324 1546
324 1172
324 1588
324 442
325 898
325 1159
326 1286
326 1389
326 1453
326 848
326 1266
326 922
326 1437
327 1313
327 972
327 1454
327 1151
328 1299
328 1234
328 787
328 422
328 526
329 358
329 1166
329 916
329 693
329 1109
329 1081
330 384
330 669
330 430
330 1552
330 1584
330 1403
331 1408
331 738
331 709
331 595
331 1467
332 609
332 897
332 1256
332 650
332 811
332 906
332 1002
332 1452
332 1111
332 733
333 808
333 714
333 411
333 1113
333 827
333 412
334 1028
334 1572
334 839
334 810
334 797
334 574
335 1056
335 1527
335 828
335 605
336 818
336 387
336 1066
336 407
337 1552
337 1113
337 483
337 1148
337 1422
338 439
338 1313
338 942
338 786
338 599
338 1176
338 729
339 466
339 1077
339 1052
340 1184
340 961
340 710
341 960
341 1024
341 1328
341 625
341 626
341 1491
341 860
342 577
342 1060
342 1383
342 1039
342 924
343 677
343 1350
343 616
343 1034
343 652
343 796
344 1362
344 1099
344 694
344 743
345 434
345 726
345 590
346 1121
346 1319
346 1128
346 906
346 503
346 602
346 827
347 769
347 1515
347 1419
347 621
347 1520
347 535
348 1592
348 377
348 1036
348 1399
349 408
349 1190
349 1552
349 1586
349 1075
349 1395
349 1048
350 712
350 1480
350 748
350 848
350 1330
350 756
350 1308
351 1440
351 1284
351 1222
351 1448
351 1518
352 589
352 1367
353 1539
353 412
353 1285
353 1303
354 1174
354 396
354 814
355 889
355 1363
355 820
355 574
355 1015
356 392
356 584
356 1508
356 399
357 416
357 485
357 902
357 494
357 1009
357 1243
358 1342
359 421
359 879
359 1199
359 629
359 1146
359 511
360 875
360 771
360 958
360 799
361 513
361 801
361 548
361 1559
361 582
361 1483
361 527
361 1079
361 731
361 1087
362 1249
362 1509
362 906
362 852
362 567
362 1182
363 960
363 455
363 680
363 521
363 1160
364 520
364 1169
364 1068
364 1372
365 1120
365 965
366 838
366 1032
366 748
366 1007
366 699
367 1186
367 1222
367 652
367 1523
367 1268
367 472
367 1113
368 814
369 788
369 1373
369 511
370 800
370 1178
370 574
371 1336
371 484
371 598
371 919
371 1270
371 831
372 1220
372 620
372 1581
372 590
372 407
372 767
373 487
373 1002
373 1578
373 1519
373 688
373 720
373 1553
373 1268
373 1142
373 855
373 543
374 1543
374 1242
374 1009
374 598
374 408
374 634
374 958
375 1362
375 939
375 1204
375 1522
375 462
376 1409
376 872
376 655
377 1183
377 1061
377 695
378 712
378 1576
378 405
379 448
379 548
379 872
379 1515
379 1581
379 911
379 1233
379 627
379 507
379 603
379 1407
380 960
380 553
380 1388
380 982
381 529
381 394
381 421
381 646
381 1543
382 819
382 746
382 723
382 1124
382 791
383 488
383 1203
383 1524
383 701
384 387
384 613
384 714
384 1395
384 1044
384 446
385 706
385 644
385 915
385 1079
385 410
385 764
386 1478
386 463
387 1025
387 1445
387 523
387 1492
387 1588
387 1560
387 1279
388 1465
388 1459
388 564
388 477
388 854
389 1282
389 1060
389 1011
389 1244
390 1219
390 1419
390 855
390 1079
391 1313
391 778
391 1584
391 1076
391 1564
392 868
392 1254
392 743
392 488
392 1354
392 855
392 471
392 474
393 1400
393 424
393 1033
393 1592
393 432
394 1003
394 582
394 1223
395 1433
395 661
395 967
396 576
396 1185
396 559
396 1492
396 1277
397 578
397 1580
397 721
397 1051
398 866
399 608
399 833
399 1227
399 479
400 468
400 1119
402 1589
402 428
402 596
402 511
403 1250
403 1220
403 422
403 425
403 492
403 1037
403 1007
403 413
404 1040
404 1561
404 734
405 1129
405 1274
405 944
405 465
405 472
406 721
406 614
406 727
407 450
407 433
407 502
408 582
408 865
409 1169
409 634
409 1164
409 1521
410 1154
410 584
410 1019
411 1510
411 475
411 643
411 846
412 1448
412 1452
412 660
413 770
413 882
413 979
414 899
414 1256
414 745
414 1003
414 690
414 1045
415 1379
415 684
415 789
415 501
415 888
416 451
416 1567
416 912
416 952
416 1087
417 1218
417 956
418 576
418 1282
418 820
418 1106
419 800
419 1352
419 713
419 1266
419 500
419 981
419 1141
419 1302
419 1211
419 1020
419 798
421 514
421 912
421 884
421 1181
421 537
422 916
422 987
423 578
423 931
423 630
424 672
424 945
424 690
424 1521
424 693
425 563
425 460
426 1555
426 1265
426 1001
427 553
427 1218
427 1027
428 609
428 1191
428 1006
428 1304
428 505
428 542
429 793
429 829
429 590
429 1543
430 800
430 805
430 1202
430 1111
430 663
430 669
431 738
431 1420
431 1493
431 1319
432 1318
432 966
432 822
432 1253
433 771
433 1151
433 729
433 925
433 1087
434 1540
434 629
435 920
435 1113
435 539
435 1125
436 1448
437 480
437 658
437 880
437 477
437 1359
438 1349
438 1110
439 1376
439 1127
439 463
439 533
439 1110
439 505
440 672
440 1475
440 452
440 1287
440 790
440 508
441 643
441 589
441 1133
441 975
441 983
441 950
441 663
442 768
442 609
442 994
442 1322
442 1498
443 1157
443 1031
443 553
443 748
443 627
444 931
444 711
444 1200
444 754
444 473
445 737
445 1266
445 785
446 740
446 1100
447 731
447 956
447 1133
447 987
447 959
448 1029
448 1544
448 746
448 847
449 896
449 1130
449 1340
450 690
450 1562
450 1162
451 738
451 1286
451 1066
451 592
451 914
451 574
452 1488
452 1263
453 563
453 534
453 1119
455 1156
455 791
456 1061
456 743
456 1242
456 789
456 985
456 1050
457 1202
457 983
457 1470
458 1505
458 1381
458 1224
458 914
458 564
458 763
459 547
459 1375
459 1580
459 660
459 1407
460 768
460 658
460 508
461 1505
461 489
462 772
462 905
462 1301
462 664
463 1346
463 716
463 1454
463 598
463 824
464 810
465 899
465 867
465 685
465 471
465 1209
466 961
466 675
466 1287
466 1360
466 1521
466 1336
466 638
467 1088
467 641
467 1576
467 785
467 855
467 1497
468 1408
468 1152
468 1264
468 624
469 1314
469 707
469 541
470 1114
470 1266
471 770
471 1445
471 655
471 689
471 575
472 1477
473 1537
473 1393
473 947
473 1566
474 520
474 621
474 767
474 538
475 1316
475 777
475 844
475 1557
475 502
475 1400
476 1553
476 1369
476 662
477 576
477 946
477 1076
478 614
478 1457
478 1012
478 1310
479 724
480 673
480 1285
480 1381
480 1223
480 1129
480 497
481 1121
481 581
481 520
481 1070
481 536
481 829
482 596
482 917
482 1205
482 1149
483 1319
483 1101
483 1167
483 920
483 537
483 1599
484 1122
484 709
484 1360
484 1392
484 632
485 1316
485 853
485 820
486 1024
486 1215
486 490
486 942
486 881
486 1203
486 1495
486 600
486 1372
486 1087
487 832
487 517
487 1106
487 691
487 1375
488 648
488 535
489 1419
489 1135
490 1145
490 546
490 674
490 1350
490 585
490 1584
490 1139
490 1109
490 792
490 508
491 698
492 956
493 658
493 874
494 1063
494 937
494 1097
494 947
494 822
494 668
495 930
495 1379
495 1575
495 752
495 1555
496 970
496 1195
496 1105
496 1403
496 1246
497 568
497 1452
497 677
497 1224
498 641
498 807
498 554
498 621
498 980
498 1406
499 609
499 1395
500 768
500 629
500 1286
500 1367
501 547
501 772
501 1228
501 561
502 1007
502 1051
503 1091
503 1044
503 662
504 1363
504 1228
504 861
505 1140
505 1248
506 611
506 931
506 1061
506 1219
506 1223
506 1284
506 619
506 588
506 1207
506 536
506 1051
507 1493
507 1018
507 1068
507 581
508 674
508 1123
508 742
508 1406
508 703
509 1188
509 711
510 1299
510 916
510 1523
510 1464
511 841
511 1322
511 1035
511 1173
511 1372
512 1216
512 674
512 632
512 1246
512 1310
513 1117
513 1061
513 766
513 615
514 1309
514 1126
515 624
515 1380
515 813
516 1064
516 1332
516 781
516 862
517 1216
517 1376
517 1495
517 1507
517 902
517 1386
517 1393
517 1143
517 1565
518 992
518 1038
518 1237
518 1269
518 600
518 1147
518 700
518 670
518 1599
519 1443
519 830
520 1029
520 553
520 939
520 540
521 584
521 1093
521 731
522 672
522 707
522 807
522 1139
522 759
522 1535
523 1156
523 528
523 688
523 1498
524 680
524 1577
524 913
524 1332
524 921
524 794
524 1340
524 1310
524 1311
525 927
526 832
526 898
526 1257
526 746
526 910
526 1392
526 1370
527 907
527 1171
527 662
527 1310
528 901
528 1384
528 974
528 1362
528 1081
528 891
529 1481
529 867
529 1448
530 1350
530 622
530 1105
531 1478
531 690
531 854
531 922
532 738
532 1507
532 741
532 1136
532 1520
532 728
532 1274
533 1281
533 1441
533 1135
533 593
533 847
533 1297
533 1204
533 1554
533 535
533 1434
535 1179
535 543
536 1506
536 809
536 1358
536 1455
536 1140
536 767
537 1127
537 585
537 1011
539 929
539 933
539 966
539 557
539 1037
539 1076
539 863
540 658
540 1021
541 961
541 1282
541 1009
541 1233
541 1470
542 1058
542 1045
542 1130
543 1160
543 1166
543 1329
543 1045
543 1467
543 1599
544 904
544 1290
544 1412
544 894
544 1391
545 792
545 1467
546 1214
546 839
547 1028
547 752
547 1176
548 710
548 1326
548 1492
548 694
548 734
549 1388
549 561
549 1432
549 634
550 888
550 853
550 561
551 641
551 1206
551 1143
552 866
552 1445
552 1030
552 1126
552 628
552 637
553 979
553 829
554 872
554 1298
554 981
554 662
554 1309
555 725
555 666
555 767
556 1361
556 1326
556 1007
557 1451
557 1400
557 988
557 1341
558 1428
558 719
559 1472
559 1135
560 1306
560 1487
560 637
560 1071
561 1315
561 796
562 1312
562 774
562 719
562 951
562 1246
562 895
563 1543
563 1327
563 689
563 889
564 868
564 1445
564 1256
564 777
564 1544
564 921
564 1501
564 1534
565 832
565 644
565 1349
565 654
565 721
565 1555
565 1239
566 608
566 1115
566 1476
566 1240
567 843
567 1134
567 870
568 681
568 847
568 1520
568 1426
568 981
568 1428
569 1412
569 647
569 845
569 694
569 631
569 1085
570 1196
570 1552
570 1426
570 1430
570 1335
572 921
572 1564
573 1254
573 1103
573 1017
574 1414
574 696
575 1519
576 1031
576 1480
576 1002
576 1204
576 1462
577 1250
577 1372
577 685
578 1296
578 741
579 1512
579 1418
579 717
580 1253
581 993
581 1123
581 1019
581 1322
581 1390
581 1488
582 856
582 821
582 1273
583 1222
583 679
583 1515
583 972
583 1585
583 1213
583 1278
584 1528
584 1049
584 603
585 1280
585 1125
585 1000
585 1132
585 685
585 1389
585 1593
585 1082
586 1261
586 829
586 1023
587 1279
587 1429
587 1422
587 1057
588 1423
588 1274
588 1319
589 1416
589 879
589 1590
589 1117
590 1448
590 1334
590 1179
590 1117
591 624
591 978
591 1486
591 1536
592 865
592 1250
592 1506
592 1004
592 1036
592 786
592 1337
592 1499
593 1002
593 1407
593 1302
593 903
594 969
594 709
594 1189
595 796
595 1226
595 909
595 1308
595 1397
595 1303
595 1242
596 1222
596 871
596 1289
596 1419
596 981
596 1407
597 643
597 1454
598 1060
598 1541
598 1559
598 936
598 850
598 1298
598 1338
599 1377
599 887
600 609
600 1197
600 919
600 1343
601 1106
601 1311
601 759
602 1414
602 1331
602 1046
602 1532
602 1023
603 985
604 1574
604 651
604 659
604 628
604 1529
604 1306
605 800
605 713
605 1046
605 1470
606 1184
606 1414
606 1223
606 1103
607 1155
608 1123
608 709
608 939
608 947
609 838
609 1584
609 989
610 1157
610 1030
610 1203
610 1532
611 1482
611 1532
612 1159
612 1320
612 1546
612 908
612 1073
612 1564
613 1129
613 1150
613 639
614 1281
614 1012
614 1239
615 896
615 1120
615 1410
615 715
615 618
615 746
615 1535
615 668
615 671
616 1164
616 1240
616 1177
616 1242
616 764
617 907
617 667
617 732
618 752
618 1401
619 1025
619 1028
619 1146
619 936
619 1589
620 1301
620 953
620 1048
621 937
621 847
621 1203
621 1045
622 1392
622 1253
622 866
623 1347
623 1106
623 757
623 1052
624 899
624 1355
624 1398
624 1559
624 1402
624 1310
624 1119
625 1476
625 936
625 1256
625 748
625 1427
625 1339
626 1058
626 685
626 1271
627 1063
627 942
627 1023
628 1370
628 708
628 774
629 1509
629 1545
629 843
629 1011
629 1331
629 952
629 1436
630 707
630 1454
630 1077
630 1095
631 899
632 1253
632 1470
632 1067
632 1265
632 862
633 945
633 699
633 1090
633 975
634 899
634 685
634 1270
634 1118
634 1399
635 981
635 1182
636 942
636 790
636 799
637 1096
637 1431
637 925
638 667
638 826
638 1381
638 1338
639 864
639 651
640 673
640 1233
640 965
640 1181
641 1480
641 1561
641 1053
642 1280
642 1164
642 1363
642 1527
642 1436
643 1209
643 826
643 1049
645 742
645 1270
645 1435
645 989
646 1588
646 766
646 1383
647 1506
647 1192
647 722
647 1023
648 1283
648 869
648 875
648 1290
648 1548
648 946
648 1048
649 1283
649 901
649 1130
649 1136
649 883
649 918
649 1207
650 1326
650 1134
651 1087
651 965
652 749
652 814
652 689
652 1235
652 731
653 1395
653 1565
653 1263
654 1473
654 1094
654 978
654 1077
654 792
655 1024
655 1098
655 693
655 1494
656 1464
656 1010
656 1405
656 1421
657 1497
657 878
657 883
658 1219
658 973
658 1005
658 1132
658 1359
658 821
658 856
658 1310
659 1392
659 948
659 918
659 663
660 1190
660 1127
660 1098
660 1486
660 914
660 1430
661 1536
661 742
661 1455
661 695
662 1477
662 1084
662 822
662 664
663 812
663 948
664 787
664 1505
665 1089
665 1573
665 1318
665 874
665 1292
665 980
665 1499
666 1472
666 1183
667 834
667 871
667 1232
667 1302
667 1558
667 991
668 1509
668 1229
668 1455
668 785
668 1395
668 820
668 1078
668 828
669 817
670 1066
670 973
670 1070
670 786
670 794
670 1563
671 1091
671 1267
673 1537
674 1322
674 1237
675 678
675 1346
675 1359
676 1506
676 934
677 1345
677 1416
677 684
677 884
677 1083
677 1599
678 867
678 850
678 1341
678 797
679 772
680 1409
680 985
680 1020
681 708
681 1031
681 753
681 1465
682 1412
682 1226
682 1472
683 932
684 838
684 1350
684 1236
684 1429
685 1266
685 829
685 1087
686 1105
686 1236
686 821
686 1278
687 778
687 1418
687 1368
687 1402
687 1147
688 772
688 1534
688 878
688 1112
688 1406
689 1377
690 1265
690 760
690 1051
691 944
691 1356
692 977
692 1163
693 965
693 1255
693 1256
694 1431
694 742
694 916
694 983
694 764
695 736
695 706
695 1478
695 715
695 1389
695 815
695 1179
696 1451
696 1293
696 1101
696 1172
696 918
697 873
697 1382
697 1375
698 1358
698 758
699 1574
700 1532
700 758
701 1064
702 825
702 1074
703 1098
703 1191
703 895
704 1255
704 725
705 936
705 826
705 1471
706 760
707 1582
708 1519
708 1584
708 1233
708 766
709 1284
709 1450
709 855
709 1535
710 1443
710 932
710 875
710 756
711 1394
711 1351
712 1153
712 1410
712 901
712 1357
712 1235
712 921
713 1491
713 858
714 1000
714 1358
714 1397
714 1246
715 1562
716 873
716 1236
718 1482
718 1252
719 1091
719 826
719 1501
719 1438
720 1418
720 1200
720 1106
720 1373
721 1509
721 746
721 1460
721 1432
722 941
722 805
723 1416
723 817
723 1432
723 1551
724 808
724 969
724 1004
724 1555
724 1080
724 1209
725 947
725 1176
725 1593
725 1087
726 1372
726 981
726 1327
727 871
727 1447
727 1208
727 1277
728 1072
729 836
729 1084
730 746
730 1266
731 743
731 1386
731 1546
731 1235
732 877
732 851
732 1015
732 889
732 1049
732 1279
733 1522
733 1534
734 1033
734 1418
734 946
734 828
735 833
735 1177
735 1501
736 1185
736 1294
736 981
737 1259
737 843
737 1325
737 1394
737 1108
738 1000
738 1546
738 1301
739 1308
739 830
740 1412
740 1447
740 1229
740 1340
740 1308
740 1343
741 1592
741 1587
741 757
742 1294
742 862
743 1008
743 923
744 1550
745 1578
745 902
746 895
747 1219
747 784
747 1232
747 1329
747 886
747 1590
747 1497
747 1306
747 1244
748 835
748 1124
748 1106
748 1108
749 922
749 933
750 1060
750 1323
750 1260
750 796
750 1278
750 1311
751 1400
751 1226
751 1554
751 1584
752 1572
752 805
752 1362
752 1394
752 1052
753 1249
753 905
753 1546
753 918
754 756
754 981
754 1109
754 987
755 907
755 1047
755 1143
755 1053
755 1342
756 1523
757 883
757 1076
757 888
758 996
758 1136
758 1015
759 849
760 1313
760 854
760 1430
760 1148
761 1530
762 1499
762 1051
762 957
762 806
763 770
763 978
763 1491
764 947
765 1158
766 1558
766 1524
767 1455
767 1074
767 885
767 830
768 1090
768 1219
768 1461
768 796
769 913
769 1526
771 1484
771 1517
772 1576
772 1262
772 858
772 925
773 1465
773 1578
773 1229
773 1143
774 1400
774 1017
774 1315
776 1235
776 1317
777 1512
778 1292
778 1460
778 1145
778 990
779 987
779 1309
780 1352
780 1453
781 1517
781 1181
781 1175
782 817
783 1298
783 1019
783 1452
784 1411
784 1189
784 1388
784 1206
784 1530
785 1033
786 867
787 1192
787 1423
787 1234
787 1269
787 1111
787 1599
788 1132
788 814
788 945
788 1049
789 1458
789 844
790 1593
790 1143
790 1465
791 939
791 1359
791 1393
791 1455
791 855
791 1467
792 1221
792 956
793 1523
794 1039
794 1329
794 1106
794 1558
795 1423
795 1147
795 1135
796 1417
796 1388
796 1179
797 1569
797 1165
797 1581
797 1137
797 1585
798 1222
798 1447
798 1264
798 1365
799 1134
799 881
800 929
800 1412
800 1539
800 1132
800 1455
800 1427
801 1320
801 1161
801 1301
801 1242
802 1043
802 844
803 893
803 919
804 838
804 1579
804 1430
804 1176
804 1403
804 1532
805 1461
805 1400
805 1054
806 1370
806 1141
806 1058
807 1474
807 1166
807 1146
807 1531
808 1256
808 1422
808 1365
809 1229
809 1262
809 1007
809 1235
809 1594
809 1118
809 1279
810 811
810 1042
810 1107
810 827
811 1126
811 1294
812 1497
813 1417
814 1282
814 1207
815 1114
815 1021
816 1250
817 1459
817 920
817 990
818 1186
818 899
818 1034
818 1362
819 1598
819 1385
820 1054
822 837
822 1390
822 1458
822 986
823 1196
823 1119
824 1204
824 1221
824 830
825 1382
825 1112
825 959
826 1058
826 903
826 910
826 1144
827 1225
827 909
827 1488
827 1081
827 1276
828 1256
828 1198
828 1466
829 834
829 1070
829 1500
829 1246
830 1445
830 1086
831 993
831 1195
831 1361
832 1013
832 1502
833 1258
833 1581
834 1536
834 1437
835 1192
835 1310
836 1572
836 1301
837 1033
837 1485
837 982
838 1313
838 1164
838 1550
838 1425
839 1108
839 1014
839 860
840 1325
840 1213
840 1222
840 1503
841 1470
841 1178
841 1325
841 988
841 1438
842 1021
842 1558
843 1121
843 899
843 1457
844 1034
844 1326
844 1208
845 1074
845 1378
846 1545
847 1504
847 905
848 1313
848 917
848 1013
849 1081
849 1503
849 973
850 1344
850 934
850 1222
850 1137
851 1152
851 1185
851 1427
852 1579
852 1293
853 1060
854 990
855 1090
855 1452
856 1420
857 1371
857 947
857 1100
857 1398
858 1203
859 1564
859 1509
859 1438
860 1557
860 1142
860 1081
861 1209
861 1265
861 1237
861 886
862 1506
862 1222
863 1175
864 965
864 1460
864 1111
864 895
864 1470
865 1018
865 1140
865 925
866 1547
867 1157
867 1356
868 1251
868 1386
868 1262
868 1045
869 1000
869 910
869 1299
870 1582
870 1460
870 1304
871 1536
871 964
871 1147
872 1473
872 983
873 1104
874 1379
874 1313
875 1441
875 1236
875 892
876 1066
876 901
877 1584
877 1297
877 1147
878 1251
878 1586
878 1427
878 989
879 1449
879 1311
880 1129
880 1393
881 944
881 1437
882 887
882 923
883 1191
883 1290
883 1227
883 1038
883 1490
883 1399
884 1168
884 1445
885 1447
885 1071
885 1461
886 1547
886 1254
887 1346
887 1515
887 1241
888 1344
889 1060
890 1021
891 1121
891 1041
891 950
891 1210
892 1248
892 1329
892 1484
893 1321
894 1221
894 1237
894 1572
894 925
895 1070
895 1373
896 932
896 1126
896 1149
896 1598
897 1162
897 1327
898 1459
898 1176
898 1567
899 1027
899 1234
899 924
900 1562
900 1135
902 1166
902 1238
903 992
903 1347
903 1192
903 1557
903 1055
904 1507
904 1126
904 1098
904 1298
904 1082
905 1342
905 1046
905 1054
906 1456
907 1008
908 1583
909 1341
910 970
910 1420
911 1053
912 1234
913 1542
913 1095
913 1237
913 1046
913 1369
913 1437
914 1070
914 1232
915 1280
916 1320
916 917
917 994
918 1401
919 1473
919 1481
919 1386
921 1157
921 1135
922 1540
922 1573
922 1010
923 1318
923 1325
923 1135
923 1075
925 1231
925 1269
925 1016
926 1571
926 943
927 1238
928 1196
929 1128
929 1589
929 1311
930 1223
931 1185
931 1100
931 1133
931 1143
933 1284
933 1189
933 1102
933 1076
934 1304
934 1405
935 1193
935 1423
935 1013
935 1495
936 1386
936 1423
937 1421
937 1468
938 1372
938 1199
939 1238
941 1170
942 1258
942 1437
943 1242
943 1127
944 1456
945 1125
945 1190
945 1277
945 1247
946 961
946 1509
946 1421
947 1585
948 1127
948 1384
948 1365
948 1404
949 1379
949 1420
951 1056
951 1153
951 1295
951 1241
952 1227
952 974
952 1173
952 1077
953 1249
953 1282
953 1412
953 971
953 978
953 1430
954 1028
954 1173
955 1130
955 1530
956 1079
957 1164
957 1237
957 1240
958 1092
958 1369
959 1319
959 1096
959 1117
959 1118
960 1326
961 1242
963 1505
963 1133
963 1423
963 1456
964 1000
964 1121
965 1478
965 1127
965 1523
965 1117
967 1077
967 1115
968 987
968 1372
969 1381
969 1386
969 1010
969 1018
969 1502
970 1043
972 1569
972 1561
973 1016
974 1551
974 1436
975 1090
976 1245
976 1007
977 1527
978 1287
979 1040
979 1364
979 1595
980 1205
981 1391
981 1393
981 1142
982 1515
982 1134
984 1354
984 1363
984 1334
984 1495
985 1058
985 1354
986 1327
987 1433
988 1424
989 1251
989 1334
990 1411
990 1226
990 1363
990 1206
990 1430
991 992
991 1445
991 1287
991 1383
991 1331
991 1207
992 1187
992 1546
992 1333
993 1129
993 1338
993 1287
994 1077
995 1250
995 1266
995 1141
996 1290
996 1301
997 1325
998 999
999 1184
1000 1247
1001 1284
1001 1181
1001 1118
1002 1099
1002 1081
1002 1498
1002 1374
1003 1474
1003 1382
1003 1481
1004 1058
1004 1195
1004 1106
1004 1403
1005 1592
1006 1363
1006 1366
1006 1336
1006 1084
1006 1564
1008 1009
1009 1250
1009 1283
1009 1317
1009 1573
1009 1579
1010 1555
1011 1221
1011 1102
1012 1392
1012 1490
1012 1210
1013 1411
1013 1037
1013 1073
1013 1170
1013 1431
1013 1114
1014 1474
1014 1214
1015 1576
1015 1226
1016 1388
1017 1345
1017 1402
1017 1150
1018 1344
1020 1080
1021 1204
1022 1170
1022 1116
1022 1593
1023 1270
1023 1277
1024 1169
1024 1531
1026 1509
1027 1136
1027 1182
1027 1031
1028 1569
1028 1510
1028 1575
1028 1033
1028 1170
1028 1373
1029 1498
1029 1371
1029 1242
1029 1566
1030 1234
1031 1229
1031 1453
1031 1214
1033 1388
1033 1557
1034 1431
1034 1097
1034 1260
1035 1248
1036 1104
1036 1316
1037 1353
1037 1052
1038 1475
1038 1485
1039 1217
1039 1539
1040 1505
1040 1292
1041 1149
1041 1372
1042 1357
1042 1237
1042 1272
1042 1561
1042 1404
1043 1160
1043 1322
1043 1197
1043 1170
1043 1405
1044 1135
1044 1550
1045 1161
1045 1483
1045 1231
1046 1294
1046 1390
1046 1526
1047 1341
1047 1551
1048 1386
1048 1105
1048 1457
1049 1541
1050 1444
1051 1444
1051 1399
1052 1244
1052 1592
1052 1148
1053 1427
1053 1366
1053 1467
1055 1279
1055 1334
1056 1218
1056 1146
1056 1294
1056 1082
1057 1117
1058 1502
1059 1236
1059 1493
1059 1199
1061 1408
1061 1377
1061 1318
1061 1067
1062 1203
1062 1513
1062 1418
1063 1483
1063 1452
1063 1235
1063 1367
1063 1176
1064 1122
1064 1579
1064 1231
1065 1272
1067 1231
1068 1495
1070 1159
1070 1232
1071 1093
1071 1521
1072 1443
1072 1511
1072 1499
1072 1594
1072 1243
1072 1535
1073 1552
1073 1585
1073 1591
1073 1503
1074 1338
1074 1251
1075 1310
1076 1540
1076 1446
1076 1405
1077 1313
1077 1317
1077 1207
1077 1115
1078 1209
1078 1335
1079 1459
1081 1590
1081 1560
1081 1533
1082 1542
1082 1599
1083 1373
1083 1335
1084 1472
1084 1558
1085 1471
1085 1359
1086 1486
1087 1300
1087 1556
1088 1436
1089 1186
1089 1550
1089 1300
1090 1345
1090 1155
1090 1454
1090 1201
1092 1501
1093 1154
1093 1592
1094 1167
1095 1296
1095 1535
1096 1121
1096 1257
1096 1552
1096 1372
1097 1462
1099 1508
1099 1578
1099 1421
1099 1142
1099 1211
1099 1180
1099 1566
1101 1250
1101 1352
1101 1198
1101 1455
1101 1333
1102 1371
1103 1169
1104 1496
1104 1592
1105 1579
1105 1500
1106 1185
1106 1409
1107 1491
1107 1322
1107 1383
1108 1376
1110 1249
1110 1125
1110 1267
1110 1435
1111 1541
1111 1370
1111 1303
1111 1406
1112 1224
1113 1369
1113 1308
1113 1278
1113 1439
1114 1167
1114 1493
1115 1536
1116 1456
1116 1230
1116 1367
1117 1462
1117 1591
1120 1239
1120 1150
1121 1378
1121 1508
1121 1576
1121 1324
1121 1263
1121 1427
1123 1271
1123 1210
1123 1503
1124 1483
1125 1193
1125 1326
1125 1518
1125 1394
1126 1336
1127 1383
1127 1129
1127 1179
1127 1134
1127 1147
1127 1470
1129 1304
1129 1306
1130 1576
1130 1258
1131 1576
1131 1546
1131 1572
1131 1414
1133 1474
1133 1595
1134 1490
1135 1305
1135 1587
1136 1505
1137 1416
1137 1233
1137 1522
1138 1275
1138 1523
1139 1240
1139 1480
1141 1590
1141 1592
1141 1597
1142 1379
1143 1497
1144 1463
1148 1481
1149 1354
1149 1230
1149 1398
1150 1492
1151 1248
1151 1188
1151 1400
1152 1242
1153 1272
1153 1485
1153 1174
1154 1191
1154 1518
1154 1428
1154 1307
1155 1414
1155 1524
1156 1560
1156 1532
1157 1491
1160 1222
1160 1517
1161 1349
1161 1576
1161 1290
1161 1582
1161 1245
1162 1318
1162 1515
1162 1266
1163 1229
1163 1516
1164 1285
1164 1400
1164 1522
1164 1240
1166 1398
1167 1317
1167 1180
1167 1214
1168 1549
1169 1296
1169 1306
1170 1416
1170 1324
1170 1586
1171 1521
1171 1402
1171 1316
1172 1325
1172 1551
1172 1301
1172 1182
1173 1224
1173 1556
1174 1203
1174 1593
1176 1440
1177 1347
1177 1355
1177 1567
1179 1211
1179 1213
1181 1316
1181 1508
1181 1552
1182 1541
1184 1379
1184 1550
1185 1223
1185 1233
1186 1468
1187 1202
1187 1395
1187 1237
1189 1354
1189 1439
1190 1261
1191 1381
1191 1227
1192 1404
1193 1258
1193 1268
1194 1568
1194 1353
1195 1476
1195 1393
1195 1566
1196 1536
1196 1255
1196 1259
1196 1197
1196 1455
1196 1492
1197 1304
1197 1574
1197 1294
1198 1521
1198 1551
1199 1293
1200 1317
1200 1555
1200 1276
1200 1436
1202 1535
1203 1285
1203 1340
1204 1417
1206 1437
1208 1563
1208 1531
1208 1533
1210 1508
1210 1277
1212 1511
1212 1418
1213 1403
1214 1409
1214 1482
1214 1551
1215 1366
1215 1449
1215 1429
1216 1513
1217 1548
1218 1257
1218 1430
1219 1462
1219 1558
1219 1403
1220 1370
1223 1554
1223 1278
1225 1300
1226 1485
1228 1499
1228 1416
1228 1491
1230 1360
1230 1432
1232 1255
1232 1354
1233 1508
1233 1482
1233 1548
1234 1261
1234 1310
1235 1508
1235 1328
1235 1276
1236 1458
1237 1295
1237 1564
1238 1503
1240 1518
1240 1277
1241 1481
1241 1482
1241 1271
1243 1444
1243 1357
1244 1383
1244 1480
1244 1308
1245 1441
1246 1526
1247 1479
1248 1287
1249 1327
1250 1556
1250 1343
1251 1416
1251 1524
1251 1462
1252 1364
1252 1541
1253 1289
1254 1588
1255 1574
1256 1352
1256 1353
1256 1330
1258 1593
1259 1397
1260 1314
1260 1298
1262 1290
1262 1518
1263 1430
1264 1374
1264 1421
1264 1360
1264 1273
1265 1490
1267 1387
1268 1372
1270 1574
1270 1309
1271 1314
1271 1598
1271 1494
1271 1310
1273 1374
1274 1458
1274 1362
1276 1291
1277 1537
1277 1517
1277 1492
1278 1580
1279 1511
1279 1452
1281 1412
1281 1470
1282 1574
1282 1407
1283 1330
1284 1379
1284 1525
1285 1416
1288 1477
1289 1503
1289 1485
1289 1311
1290 1353
1292 1363
1292 1403
1293 1312
1293 1430
1294 1313
1296 1596
1298 1568
1298 1498
1300 1323
1301 1597
1304 1555
1306 1500
1308 1546
1308 1547
1308 1552
1308 1496
1309 1313
1310 1537
1310 1576
1311 1485
1313 1474
1313 1316
1315 1345
1315 1585
1318 1437
1319 1508
1320 1494
1321 1575
1321 1486
1321 1351
1322 1541
1322 1471
1325 1454
1327 1488
1328 1425
1328 1559
1328 1534
1329 1497
1330 1382
1330 1356
1332 1558
1334 1580
1334 1365
1335 1498
1337 1553
1340 1450
1340 1521
1341 1351
1341 1386
1342 1450
1344 1572
1345 1481
1346 1482
1347 1587
1348 1464
1350 1443
1350 1514
1352 1395
1352 1495
1354 1420
1355 1449
1355 1413
1357 1532
1359 1594
1359 1374
1360 1421
1361 1452
1365 1467
1367 1376
1367 1543
1367 1488
1368 1417
1368 1589
1368 1526
1370 1505
1371 1392
1371 1435
1372 1457
1373 1495
1375 1447
1376 1379
1378 1438
1381 1449
1382 1484
1383 1539
1385 1481
1386 1432
1386 1429
1389 1499
1389 1468
1392 1559
1392 1563
1392 1469
1395 1512
1397 1418
1399 1422
1401 1590
1402 1584
1404 1559
1406 1518
1407 1491
1407 1465
1408 1435
1409 1538
1410 1459
1410 1483
1411 1476
1411 1479
1411 1579
1411 1556
1412 1583
1412 1562
1414 1587
1418 1513
1418 1424
1419 1573
1420 1583
1422 1596
1424 1574
1429 1479
1430 1450
1430 1489
1430 1469
1431 1444
1431 1577
1433 1482
1438 1571
1438 1556
1442 1498
1443 1551
1443 1587
1444 1530
1445 1542
1446 1541
1447 1541
1448 1459
1450 1462
1452 1463
1456 1536
1456 1559
1458 1478
1459 1572
1461 1534
1462 1487
1465 1598
1469 1553
1469 1586
1472 1504
1473 1475
1473 1476
1473 1545
1473 1598
1474 1563
1474 1597
1475 1538
1480 1572
1481 1564
1483 1509
1485 1518
1486 1591
1487 1586
1487 1543
1490 1514
1492 1548
1499 1523
1503 1590
1506 1585
1509 1574
1510 1582
1511 1533
1512 1536
1512 1544
1513 1581
1520 1583
1521 1567
1528 1577
1530 1544
1538 1595
1546 1579
1549 1571
1549 1587
1556 1577
1557 1562
