200 2000
0 101
0 6
0 7
0 168
0 9
0 170
0 75
0 48
0 50
0 83
0 119
0 118
0 23
0 90
0 187
0 189
0 63
1 133
1 137
1 11
1 12
1 141
1 142
1 15
1 154
1 155
1 33
1 43
1 51
1 60
1 66
1 70
1 82
1 84
1 88
1 89
1 103
1 109
1 115
2 3
2 68
2 37
2 199
2 45
2 78
2 48
2 81
2 82
2 83
2 52
2 114
2 176
2 181
2 120
2 158
2 127
2 94
2 31
3 98
3 4
3 36
3 163
3 41
3 42
3 74
3 12
3 76
3 137
3 16
3 83
3 115
3 53
3 148
3 119
3 189
4 34
4 162
4 101
4 133
4 134
4 8
4 40
4 163
4 170
4 173
4 174
4 15
4 176
4 148
4 182
4 151
4 184
4 154
5 128
5 33
5 160
5 36
5 102
5 139
5 49
5 157
5 158
5 190
5 29
5 30
6 10
6 142
6 15
6 18
6 148
6 149
6 24
6 160
6 162
6 163
6 41
6 42
6 45
6 50
6 51
6 179
6 186
6 59
6 95
6 99
6 102
6 113
6 114
6 124
7 129
7 130
7 147
7 23
7 153
7 28
7 29
7 34
7 167
7 169
7 46
7 48
7 180
7 187
7 188
7 61
7 63
7 64
7 70
7 86
7 103
7 111
8 33
8 133
8 108
8 13
8 77
8 48
8 145
8 63
8 19
8 82
8 146
8 54
8 150
8 182
8 153
8 59
8 29
8 62
8 31
9 13
9 141
9 143
9 146
9 152
9 26
9 32
9 34
9 165
9 168
9 43
9 180
9 181
9 186
9 190
9 63
9 69
9 75
9 77
9 81
9 118
10 32
10 66
10 67
10 100
10 37
10 38
10 138
10 150
10 23
10 120
10 25
11 98
11 161
11 162
11 195
11 166
11 103
11 40
11 135
11 13
11 173
11 111
11 19
11 152
11 190
11 61
11 184
11 63
12 135
12 136
12 143
12 16
12 152
12 156
12 158
12 161
12 36
12 42
12 174
12 178
12 185
12 188
12 191
12 195
12 197
12 71
12 78
12 86
12 105
12 127
13 160
13 194
13 99
13 100
13 164
13 135
13 167
13 76
13 107
13 140
13 174
13 17
13 82
13 22
13 86
13 24
13 121
13 155
14 67
14 102
14 198
14 168
14 137
14 75
14 108
14 139
14 47
14 48
14 115
14 148
14 87
14 89
14 186
14 124
14 30
14 191
15 96
15 37
15 132
15 42
15 173
15 78
15 16
15 52
15 53
15 84
15 148
15 181
15 184
16 133
16 72
16 75
16 45
16 78
16 109
16 139
16 148
16 86
16 25
16 154
16 124
16 189
16 30
17 161
17 66
17 153
17 194
17 76
17 46
17 142
17 143
17 187
17 82
17 89
17 186
17 155
17 92
17 29
17 190
17 191
18 133
18 135
18 141
18 23
18 24
18 26
18 156
18 158
18 32
18 160
18 162
18 165
18 46
18 189
18 62
18 67
18 195
18 69
18 80
18 92
18 96
18 105
18 116
18 123
19 132
19 133
19 135
19 138
19 21
19 156
19 30
19 159
19 36
19 37
19 43
19 174
19 50
19 188
19 194
19 72
19 100
19 105
19 113
19 114
19 125
20 65
20 66
20 195
20 100
20 198
20 71
20 41
20 170
20 44
20 77
20 146
20 115
20 53
20 21
20 85
20 24
20 25
20 86
20 150
20 184
21 32
21 121
21 131
21 163
21 69
21 164
21 185
21 198
21 138
21 107
21 49
21 51
21 150
21 57
21 63
22 160
22 130
22 133
22 198
22 72
22 136
22 110
22 180
22 85
22 149
22 183
22 185
22 123
22 158
22 127
23 142
23 153
23 25
23 27
23 157
23 161
23 36
23 171
23 172
23 175
23 53
23 184
23 190
23 192
23 68
23 75
23 119
23 127
24 153
24 37
24 71
24 198
24 76
24 77
24 141
24 143
24 117
24 148
24 56
24 25
24 155
24 125
24 95
25 142
25 153
25 32
25 38
25 168
25 172
25 173
25 174
25 177
25 50
25 55
25 188
25 189
25 82
25 90
25 97
25 112
25 127
26 96
26 130
26 67
26 100
26 131
26 136
26 138
26 43
26 140
26 45
26 85
26 55
26 95
26 31
27 64
27 194
27 99
27 197
27 70
27 103
27 75
27 44
27 171
27 143
27 84
27 181
27 188
27 31
28 64
28 193
28 163
28 134
28 41
28 77
28 49
28 81
28 147
28 53
28 151
28 59
28 191
29 145
29 152
29 168
29 49
29 53
29 54
29 187
29 188
29 61
29 64
29 193
29 195
29 69
29 84
29 85
29 96
29 103
29 117
29 126
30 130
30 132
30 33
30 35
30 166
30 43
30 171
30 51
30 191
30 76
30 78
30 79
30 82
30 91
30 92
30 109
30 121
30 125
31 98
31 195
31 41
31 72
31 138
31 44
31 187
31 78
31 49
31 146
31 115
31 84
31 55
31 61
31 95
32 96
32 129
32 197
32 102
32 138
32 140
32 77
32 144
32 50
32 116
32 180
32 55
32 158
32 191
33 67
33 71
33 42
33 75
33 172
33 45
33 78
33 174
33 112
33 146
33 150
33 182
33 187
33 188
33 127
34 160
34 163
34 36
34 171
34 172
34 146
34 83
34 147
34 178
34 151
34 94
35 193
35 166
35 104
35 111
35 47
35 177
35 50
35 147
35 148
35 117
35 182
35 126
35 158
35 94
36 130
36 132
36 136
36 145
36 164
36 38
36 52
36 54
36 63
36 199
36 79
36 80
36 85
36 90
36 114
36 122
37 66
37 130
37 133
37 165
37 71
37 72
37 73
37 139
37 198
37 46
37 174
37 84
37 148
37 90
37 120
37 158
38 194
38 68
38 106
38 139
38 140
38 141
38 171
38 172
38 49
38 145
38 88
38 125
38 126
38 63
39 133
39 136
39 154
39 165
39 167
39 170
39 43
39 174
39 177
39 185
39 186
39 187
39 58
39 59
39 190
39 193
39 77
39 82
39 91
39 121
39 125
39 127
40 162
40 68
40 70
40 101
40 102
40 133
40 106
40 44
40 168
40 143
40 175
40 179
40 55
40 120
40 95
41 133
41 158
41 44
41 173
41 48
41 178
41 52
41 187
41 190
41 195
41 197
41 81
41 82
41 89
41 93
41 96
41 104
41 106
41 108
41 114
41 115
41 118
41 125
42 159
42 193
42 70
42 167
42 198
42 44
42 110
42 111
42 188
42 94
42 95
43 131
43 68
43 100
43 70
43 101
43 106
43 75
43 164
43 174
43 119
43 117
43 55
43 152
44 135
44 141
44 162
44 171
44 172
44 47
44 196
44 70
44 79
44 83
44 86
44 103
44 106
44 112
44 117
44 126
45 160
45 192
45 58
45 132
45 122
45 76
45 46
45 78
45 87
45 188
45 63
46 128
46 132
46 137
46 167
46 173
46 53
46 181
46 62
46 194
46 198
46 72
46 73
46 74
46 86
46 98
46 101
46 104
46 106
46 112
47 160
47 100
47 69
47 133
47 72
47 73
47 170
47 76
47 80
47 49
47 82
47 153
47 125
47 62
47 159
48 128
48 143
48 149
48 151
48 154
48 165
48 170
48 172
48 188
48 190
48 63
48 64
48 67
48 80
48 87
48 100
48 104
48 107
49 192
49 185
49 122
49 165
49 107
49 127
49 112
49 83
49 86
49 55
49 88
49 89
49 58
50 128
50 137
50 140
50 143
50 144
50 146
50 156
50 157
50 58
50 199
50 75
50 96
50 98
50 109
50 112
50 114
51 128
51 142
51 157
51 164
51 167
51 174
51 175
51 177
51 181
51 57
51 62
51 63
51 195
51 79
51 84
51 94
51 102
51 113
52 66
52 165
52 185
52 104
52 170
52 171
52 80
52 145
52 89
52 90
53 134
53 136
53 164
53 180
53 184
53 190
53 67
53 69
53 70
53 77
53 79
53 91
53 95
53 103
53 118
53 125
53 126
53 127
54 99
54 100
54 131
54 164
54 142
54 143
54 80
54 144
54 176
54 83
54 188
54 122
54 92
55 100
55 69
55 170
55 81
55 150
55 87
55 152
55 158
56 194
56 185
56 166
56 169
56 60
56 175
56 112
56 89
56 120
57 98
57 196
57 101
57 188
57 139
57 76
57 110
57 175
57 112
57 114
57 147
57 179
57 87
57 120
57 182
57 126
57 183
57 184
57 62
58 130
58 131
58 162
58 133
58 70
58 71
58 105
58 185
58 139
58 194
58 85
58 181
58 89
58 90
58 190
59 194
59 67
59 196
59 135
59 137
59 139
59 168
59 173
59 144
59 176
59 119
59 151
59 153
59 189
59 94
60 151
60 158
60 161
60 171
60 183
60 185
60 64
60 193
60 66
60 195
60 69
60 79
60 88
60 91
60 95
60 98
60 99
60 102
60 109
60 116
61 134
61 151
61 156
61 165
61 171
61 173
61 65
61 66
61 194
61 75
61 80
61 85
61 86
61 90
61 99
61 109
61 113
61 116
62 65
62 161
62 135
62 74
62 141
62 147
62 180
62 86
62 151
62 120
62 155
62 188
62 158
63 162
63 68
63 77
63 146
63 180
63 150
64 192
64 68
64 199
64 123
64 76
64 140
64 175
64 124
64 144
64 145
64 156
65 98
65 130
65 70
65 134
65 168
65 169
65 76
65 77
65 176
65 147
65 125
65 118
65 190
66 193
66 72
66 169
66 170
66 109
66 173
66 179
66 149
66 88
66 185
67 130
67 153
67 162
67 164
67 165
67 175
67 179
67 184
67 75
67 76
67 83
67 93
67 94
67 112
67 113
67 117
68 99
68 100
68 164
68 70
68 71
68 73
68 171
68 111
68 114
68 116
68 195
68 90
69 139
69 143
69 147
69 168
69 171
69 183
69 188
69 196
69 75
69 78
69 89
69 102
69 103
69 109
69 120
70 135
70 137
70 138
70 141
70 144
70 145
70 151
70 158
70 165
70 180
70 198
70 199
70 77
70 81
70 86
70 87
70 93
70 101
70 104
70 118
70 125
70 127
71 191
71 103
71 135
71 77
71 140
71 112
71 118
71 151
71 153
71 127
71 94
71 95
72 128
72 129
72 139
72 158
72 164
72 170
72 193
72 195
72 80
72 87
72 113
72 114
72 119
72 125
73 195
73 138
73 140
73 176
73 181
73 151
73 152
73 154
73 123
73 188
73 190
73 95
74 160
74 130
74 136
74 138
74 139
74 144
74 145
74 156
74 88
74 92
74 125
74 95
75 161
75 101
75 104
75 108
75 143
75 80
75 181
75 90
75 188
76 96
76 101
76 134
76 162
76 179
76 181
76 119
76 156
76 159
77 133
77 162
77 167
77 177
77 196
77 80
77 82
77 86
77 95
77 96
77 112
77 113
77 126
78 131
78 139
78 144
78 167
78 195
78 79
78 84
78 89
78 94
78 100
78 108
78 109
78 115
78 118
78 120
78 121
79 128
79 198
79 172
79 175
79 190
79 119
79 152
79 183
79 126
80 136
80 149
80 154
80 166
80 168
80 173
80 177
80 184
80 189
80 191
80 90
80 115
80 124
81 161
81 130
81 164
81 196
81 187
81 113
81 188
81 179
81 87
81 184
81 183
81 122
81 155
82 147
82 148
82 150
82 155
82 179
82 182
82 185
82 194
82 84
82 87
82 92
82 114
82 118
83 131
83 135
83 151
83 159
83 168
83 172
83 176
83 180
83 84
83 98
83 108
83 113
83 120
83 125
84 100
84 158
84 105
84 109
84 142
84 86
84 87
84 157
84 122
84 95
85 161
85 99
85 133
85 134
85 106
85 172
85 116
85 180
85 152
85 185
85 92
86 136
86 157
86 162
86 171
86 181
86 97
86 114
86 123
86 125
86 127
87 139
87 144
87 157
87 165
87 176
87 177
87 185
87 196
87 88
87 99
87 119
87 124
88 99
88 194
88 103
88 104
88 106
88 140
88 141
88 110
88 174
88 146
88 182
88 186
88 127
89 128
89 129
89 144
89 150
89 155
89 161
89 167
89 171
89 184
89 188
89 196
89 199
89 94
89 98
89 103
89 106
89 115
89 116
89 123
89 126
90 132
90 137
90 141
90 144
90 149
90 168
90 170
90 178
90 181
90 197
90 199
90 93
90 96
90 102
90 110
90 127
91 192
91 197
91 166
91 138
91 139
91 172
91 114
91 188
91 180
91 189
91 152
91 123
91 93
92 192
92 164
92 119
92 190
93 160
93 130
93 154
93 104
93 169
93 114
93 149
93 151
93 190
93 191
94 160
94 104
94 114
94 147
94 149
94 120
94 190
94 95
95 140
95 142
95 170
95 172
95 179
95 115
95 120
95 121
95 122
96 141
96 145
96 152
96 154
96 169
96 180
96 182
96 187
96 191
96 195
96 197
96 98
96 113
96 123
97 129
97 121
97 141
97 149
97 150
98 159
98 169
98 139
98 127
98 179
98 149
98 157
98 190
99 132
99 138
99 155
99 161
99 162
99 171
99 172
99 174
99 187
99 192
99 106
99 113
99 115
99 121
100 145
100 147
100 148
100 152
100 160
100 162
100 168
100 177
100 179
100 192
100 196
100 197
100 102
100 104
100 106
100 107
100 118
100 120
100 124
100 126
101 193
101 106
101 109
101 112
101 151
101 190
102 129
102 161
102 193
102 110
102 142
102 156
103 194
103 133
103 165
103 109
103 143
103 180
103 189
103 190
103 184
104 192
104 199
104 145
104 146
104 119
104 153
104 186
104 127
105 130
105 153
105 136
105 142
105 112
105 148
105 181
105 152
105 121
106 147
106 155
106 159
106 160
106 162
106 163
106 164
106 179
106 183
106 111
106 115
106 120
106 125
107 128
107 160
107 192
107 197
107 168
107 137
107 138
107 142
107 177
107 123
107 125
107 158
108 130
108 166
108 111
108 113
108 175
108 186
109 149
109 150
109 154
109 164
109 178
109 187
109 191
109 196
109 197
109 199
110 192
110 191
110 199
110 136
110 111
110 180
110 183
110 155
110 159
111 133
111 143
111 147
111 153
111 154
111 157
111 162
111 166
111 169
111 182
111 186
111 190
111 194
111 198
111 123
112 129
112 161
112 191
112 135
112 146
112 182
113 192
113 193
113 164
113 135
113 199
113 174
113 144
114 162
114 195
114 143
114 118
114 150
115 167
115 174
115 181
115 118
115 182
115 183
115 184
115 156
116 130
116 194
116 133
116 166
116 138
116 156
116 180
116 189
117 162
117 194
117 198
117 167
117 137
117 169
117 178
117 147
117 188
118 128
118 129
118 131
118 132
118 136
118 148
118 158
118 162
118 186
118 197
118 119
118 120
118 122
119 129
119 131
119 135
119 153
119 154
119 165
119 172
119 185
119 188
119 189
119 121
119 125
120 126
120 163
120 172
120 143
120 174
120 122
121 131
121 134
121 139
121 172
121 175
121 144
121 146
122 159
122 130
122 162
122 194
122 166
122 136
122 170
122 142
122 181
122 185
122 157
122 184
123 130
123 193
123 133
123 134
123 176
123 156
123 124
123 126
124 132
124 168
124 145
124 178
124 148
124 150
125 130
125 134
125 135
125 151
125 168
125 170
125 187
126 153
126 163
126 164
126 167
126 197
126 140
126 189
126 154
126 188
127 135
127 150
127 153
127 160
127 163
127 169
127 171
128 164
128 136
128 143
128 176
128 179
129 162
129 171
129 141
129 173
129 148
129 188
129 190
130 138
130 146
130 155
130 158
130 162
130 165
130 188
131 161
131 153
131 162
131 165
131 197
131 168
131 145
131 187
131 159
132 166
132 167
132 142
132 150
132 151
132 155
132 189
133 150
133 153
133 155
133 175
133 176
133 192
133 198
134 153
134 164
134 140
134 180
134 157
134 186
134 184
135 141
135 143
135 151
135 160
135 171
135 180
135 183
135 185
136 163
136 196
136 171
136 176
137 196
137 154
137 187
137 144
137 176
137 157
138 168
138 170
138 146
138 147
138 148
139 140
139 148
139 165
139 181
139 194
139 198
140 148
140 156
140 160
140 169
140 181
140 182
140 192
140 193
140 199
141 195
141 165
141 186
141 175
141 153
141 189
141 191
142 150
142 154
142 170
142 174
142 176
142 178
142 187
142 192
142 195
143 146
143 148
143 157
143 163
143 165
143 173
143 174
143 178
143 184
143 191
144 162
144 165
144 168
144 170
144 149
144 157
145 152
145 165
145 169
145 170
145 181
145 183
145 187
145 189
145 192
145 196
146 157
146 184
147 152
147 163
147 167
147 170
147 178
147 186
147 190
148 149
148 167
148 168
148 175
149 160
149 161
149 163
149 154
149 169
149 170
149 180
149 152
150 172
150 181
150 158
151 161
151 175
151 183
152 161
152 162
152 166
152 169
152 176
153 159
153 161
153 163
153 189
153 194
154 165
154 167
154 172
154 176
154 177
154 180
154 182
154 199
155 161
155 165
155 156
156 174
156 187
156 157
157 171
157 182
157 191
158 169
158 171
158 186
158 198
159 161
159 185
159 193
159 194
160 167
161 184
161 189
161 198
161 199
162 171
162 173
162 182
162 191
162 194
163 199
163 188
164 165
165 168
165 173
165 182
165 195
166 192
166 167
166 172
166 174
166 187
167 174
167 178
167 184
168 190
169 195
169 170
170 172
170 173
170 179
170 181
170 186
170 190
170 196
171 173
171 199
172 182
172 188
172 191
172 196
173 178
173 182
173 184
173 186
174 175
174 176
174 183
174 189
174 191
174 194
174 196
175 178
175 179
175 183
175 188
175 191
175 196
175 199
176 193
176 197
176 182
177 193
177 186
178 198
178 191
179 188
180 197
180 185
181 188
181 194
182 184
183 184
184 186
185 193
185 196
187 190
188 198
189 192
189 193
189 195
189 196
189 199
190 194
193 197
194 198
195 199
