200 600
0 65
0 195
0 196
0 106
0 172
0 92
0 188
0 29
1 65
1 82
1 137
1 138
2 128
2 68
2 45
2 110
2 84
2 183
2 188
2 157
3 185
3 85
3 141
3 47
4 112
4 27
4 15
5 57
5 153
5 163
5 171
5 63
6 197
6 81
6 45
6 87
7 89
7 126
7 137
7 124
7 105
8 132
8 69
8 42
8 74
8 120
8 57
9 163
9 19
9 69
9 141
9 173
10 195
10 71
10 104
10 170
10 139
10 78
10 59
11 96
11 58
11 136
11 90
12 99
12 133
12 167
12 13
12 80
12 17
12 55
12 56
12 27
12 92
13 64
13 106
13 43
13 77
13 22
14 197
14 121
14 101
14 149
15 33
15 58
15 193
15 74
16 34
16 198
16 71
16 144
16 176
16 23
16 119
16 151
16 57
16 90
17 163
17 196
17 101
17 138
17 170
17 171
17 78
17 46
17 91
17 92
18 160
18 67
18 70
18 80
18 176
18 114
18 86
18 88
18 123
19 168
19 164
19 36
19 198
20 40
20 72
20 37
20 176
20 167
21 34
21 36
21 74
21 81
21 83
21 59
22 89
22 137
22 27
23 152
23 93
23 168
24 32
24 194
24 99
24 164
24 132
24 107
25 101
25 107
25 171
25 48
25 121
25 61
26 193
26 108
26 82
26 94
26 153
26 186
26 158
27 41
27 146
28 145
28 138
29 129
29 138
29 44
29 86
29 87
29 94
30 98
30 59
30 141
30 102
30 47
31 50
31 107
31 58
31 94
31 76
32 105
32 37
32 190
33 138
33 75
33 170
33 116
33 122
33 62
34 98
34 67
34 51
34 121
35 163
35 107
35 76
35 139
35 173
35 113
35 114
35 84
35 85
35 121
36 133
36 135
36 108
36 148
37 43
37 78
37 175
37 49
37 119
37 190
37 126
37 159
38 137
38 106
38 172
39 130
39 100
39 133
39 73
39 106
39 55
39 56
39 184
40 171
40 141
40 112
40 117
40 55
40 152
40 122
40 191
41 42
41 107
41 78
41 48
41 80
41 87
41 89
41 95
42 85
42 157
42 71
43 128
43 160
43 161
43 110
43 179
43 85
43 89
43 59
43 92
43 93
44 197
44 92
44 143
45 66
45 85
45 89
45 90
45 125
46 198
46 147
46 116
46 153
46 58
47 160
47 75
47 122
48 161
48 103
48 180
48 120
48 58
48 61
49 180
49 140
49 150
50 120
50 106
50 199
51 79
52 176
52 97
52 133
52 197
53 130
53 163
53 133
53 140
53 109
53 178
53 83
53 184
53 125
54 152
54 83
54 68
54 102
54 95
55 131
55 83
55 118
55 90
55 187
55 93
55 126
56 192
56 106
56 60
57 160
57 164
57 73
57 174
57 147
57 150
57 62
57 126
58 130
58 84
58 89
59 72
59 79
59 80
60 72
60 92
60 175
61 192
61 121
61 98
61 69
61 72
61 104
61 179
62 116
62 182
64 197
64 102
64 115
64 148
64 120
64 90
65 104
65 92
65 77
66 73
66 91
66 84
67 99
67 101
67 134
67 135
67 143
67 184
68 99
68 104
68 76
68 174
69 149
70 131
70 196
70 74
71 173
71 78
71 82
71 93
72 97
72 171
73 128
73 198
73 81
73 124
74 122
74 190
75 175
75 114
75 87
75 119
75 186
75 159
76 199
76 147
76 152
76 90
77 108
77 112
77 118
77 88
77 90
77 187
78 135
78 159
79 191
79 109
79 153
79 190
79 126
79 127
80 132
80 136
80 117
80 184
81 153
82 147
82 86
82 185
82 190
83 129
83 103
83 168
83 157
83 191
84 193
84 104
84 150
84 184
85 101
85 104
85 143
85 157
85 94
87 134
87 92
87 159
88 170
88 171
88 112
88 118
88 124
88 159
89 160
90 93
91 140
91 111
91 117
91 93
92 132
92 138
92 111
92 144
92 156
93 162
93 178
94 128
94 100
94 196
94 189
94 151
94 152
94 158
96 141
96 175
96 177
96 119
96 153
97 101
98 129
98 190
99 161
99 145
99 155
101 191
102 175
102 183
102 153
103 106
103 187
103 150
105 161
105 180
105 175
106 141
106 176
106 114
106 116
107 185
107 110
108 168
108 195
109 153
109 193
109 119
110 199
110 147
110 117
110 153
110 186
111 128
111 119
112 180
113 154
113 147
113 149
113 186
113 191
114 129
115 167
115 141
115 165
116 174
116 123
117 120
118 162
118 135
118 139
118 150
120 192
120 178
120 185
121 134
121 183
122 143
122 182
122 126
123 136
123 144
124 193
124 152
125 192
125 140
125 174
125 141
126 154
126 178
126 187
127 130
127 171
127 195
128 133
128 146
130 193
131 192
131 150
131 183
131 186
132 160
132 138
132 170
132 172
133 188
134 153
134 166
134 186
135 144
136 155
137 148
138 149
139 179
139 143
141 165
142 166
143 156
144 161
144 196
145 156
145 164
146 156
146 192
146 167
147 187
148 167
148 178
148 150
148 158
148 191
149 192
149 180
149 182
151 170
151 165
152 187
153 196
153 159
154 179
156 194
157 179
158 165
159 186
160 193
160 188
161 184
162 194
164 176
165 173
165 189
167 173
168 198
169 170
169 190
170 193
170 182
172 182
173 189
179 197
179 184
180 195
180 197
180 198
181 197
182 194
185 199
186 191
189 191
