200 500
0 151
1 163
1 3
1 178
1 25
1 154
1 31
2 88
2 120
2 175
3 110
3 176
3 17
3 114
3 53
3 30
4 33
4 42
4 9
5 184
5 126
5 191
6 10
6 19
6 61
7 13
7 131
7 125
8 65
8 105
8 40
9 161
9 35
9 104
9 169
9 42
9 168
9 139
9 80
9 176
9 189
9 94
10 176
10 36
10 30
11 56
11 134
12 32
13 98
13 89
13 154
13 28
13 93
14 113
14 100
14 77
14 55
15 58
15 61
16 128
16 195
16 165
16 70
16 198
16 115
16 147
16 90
17 69
17 73
17 46
17 52
17 117
17 187
18 114
18 26
18 164
18 22
19 106
19 143
19 145
19 183
19 122
20 196
20 108
20 45
20 172
20 93
20 86
20 24
20 62
20 58
20 156
20 29
20 158
21 197
21 198
21 80
21 148
21 183
21 28
22 105
22 186
22 34
22 38
23 29
23 191
24 48
24 40
24 134
24 79
25 64
25 193
25 196
25 105
25 41
25 50
25 115
25 152
25 123
25 93
26 129
26 195
26 116
26 41
27 162
27 58
27 90
27 38
27 145
27 85
27 87
27 154
27 93
28 146
28 59
28 77
29 40
29 140
30 169
30 194
30 143
31 74
31 38
32 102
32 137
32 106
32 81
32 146
33 64
33 74
33 158
34 187
34 37
35 64
35 107
35 114
35 58
35 60
36 194
36 172
36 76
36 45
36 186
37 178
37 157
37 111
38 134
38 103
38 169
38 146
39 194
39 99
39 50
39 54
40 61
40 110
41 48
41 121
41 137
42 96
42 132
42 93
42 158
43 193
43 155
43 53
44 105
44 170
45 166
45 145
45 83
45 125
46 163
46 165
46 171
46 182
46 124
46 62
48 98
48 131
48 133
48 112
48 145
48 147
48 53
49 67
49 95
50 188
50 163
50 100
51 120
51 128
51 179
51 69
51 165
52 193
52 162
52 196
52 166
52 167
52 108
52 148
52 155
53 105
53 85
54 56
54 89
54 82
54 156
55 194
55 75
55 107
55 111
55 147
55 149
55 186
56 136
56 169
56 117
56 156
57 145
57 164
57 125
57 181
58 71
58 182
58 159
59 178
59 172
59 135
60 196
60 132
60 145
60 83
60 149
61 99
61 113
61 147
62 80
62 144
62 103
63 115
63 82
63 155
63 68
63 85
64 161
64 82
64 87
64 94
65 167
65 103
65 180
65 187
65 93
66 74
66 100
66 198
67 152
67 82
67 173
67 79
68 96
68 102
68 174
68 110
68 113
68 86
69 166
69 167
69 106
69 180
69 150
69 124
70 187
71 126
72 112
72 76
72 141
72 142
72 149
73 142
73 135
74 158
74 114
75 88
75 123
75 139
75 101
76 173
76 188
76 186
76 156
76 93
76 190
77 136
77 169
77 172
77 114
78 163
78 93
78 126
78 189
79 129
79 179
79 87
79 188
80 161
80 197
80 146
81 165
81 86
81 167
82 132
82 122
82 156
83 119
83 199
84 185
84 138
85 135
85 156
86 160
86 121
87 170
88 98
88 143
89 133
89 110
89 183
89 155
90 160
90 131
90 164
90 109
90 120
91 104
91 172
92 113
92 147
92 166
92 158
92 135
93 97
93 193
93 146
93 120
94 129
94 98
94 101
94 198
94 199
94 107
95 192
95 168
96 188
97 164
97 166
98 193
98 117
98 186
99 175
99 112
99 114
99 189
99 186
99 191
100 145
100 163
101 150
101 172
103 183
103 158
105 136
105 191
106 170
107 143
107 116
108 133
108 181
109 131
110 163
110 133
110 188
111 199
111 112
111 144
111 147
112 136
112 119
113 122
115 197
117 162
117 130
117 163
117 186
118 136
118 192
118 191
119 170
119 188
120 169
121 190
121 182
123 192
123 195
123 181
123 149
123 184
123 185
124 169
124 195
124 140
125 170
125 198
126 142
127 177
127 130
127 133
128 131
128 141
128 176
128 158
129 148
130 144
130 143
131 161
131 169
131 173
132 194
132 143
132 188
133 184
135 188
136 194
136 177
136 184
136 190
137 169
137 166
138 156
138 146
138 148
139 164
139 155
139 196
142 185
143 161
143 168
144 179
146 179
146 152
148 194
148 168
148 188
154 168
155 188
157 181
157 167
159 189
160 184
162 192
162 174
163 197
164 184
165 182
166 190
167 169
168 185
170 190
172 187
173 184
174 188
176 191
179 191
187 188
187 190
188 192
188 189
189 195
