200 600
0 69
0 102
0 40
0 106
0 43
0 113
0 183
0 153
0 61
1 69
1 38
1 134
1 106
1 171
1 14
1 143
1 18
1 116
2 16
2 143
2 186
2 53
2 7
3 46
3 194
3 114
3 83
3 30
4 75
4 51
5 166
5 77
5 177
5 19
5 85
5 60
5 158
5 191
6 197
6 103
6 40
6 180
6 20
6 185
6 31
7 96
7 154
7 137
7 170
7 112
7 50
7 58
8 168
8 10
8 44
8 118
8 24
8 158
9 27
9 52
9 197
9 190
9 103
10 92
10 189
10 198
11 144
11 50
11 19
11 46
11 63
12 25
12 185
12 116
12 94
12 127
13 67
13 36
13 109
13 174
13 110
13 156
14 75
14 193
14 165
15 192
15 41
15 19
15 141
15 127
16 97
16 98
16 168
16 73
16 41
16 82
16 27
17 163
17 27
17 61
17 175
18 54
18 121
19 82
19 152
19 62
20 133
20 70
20 176
20 81
20 24
21 104
21 73
21 178
21 156
21 103
22 98
22 68
22 166
22 139
22 114
22 30
22 126
22 31
24 33
24 34
24 66
24 68
24 167
24 40
24 87
24 184
25 68
25 49
25 50
25 120
25 57
26 57
26 43
26 100
26 179
26 118
27 98
27 67
27 99
27 198
27 170
27 77
27 84
27 122
27 92
28 97
28 130
28 41
28 42
28 143
28 92
29 97
29 35
29 133
29 198
29 138
29 46
29 87
30 81
30 190
30 157
31 134
31 137
31 171
31 177
31 119
32 196
32 169
32 138
32 172
32 77
32 180
32 123
33 162
33 167
33 135
33 181
33 120
34 89
34 180
34 77
34 173
35 158
35 43
35 36
35 86
36 192
36 72
36 139
36 115
36 53
37 170
37 116
37 189
37 150
37 54
37 125
38 169
38 110
39 82
39 199
39 110
39 79
40 104
40 124
41 97
41 197
41 135
41 171
41 174
41 51
41 59
42 129
42 174
42 79
42 116
42 55
43 136
43 73
43 137
43 171
43 79
43 84
43 188
44 65
44 137
44 81
45 193
45 138
45 115
45 151
45 158
45 191
46 196
46 135
46 77
47 96
47 75
47 149
47 176
48 108
48 76
48 109
48 112
48 147
48 184
48 90
49 109
49 166
49 69
49 105
50 121
50 98
50 67
50 132
50 75
50 176
50 118
50 157
51 93
51 86
52 162
52 67
52 196
52 165
52 115
52 189
53 165
53 136
53 141
53 187
54 81
54 135
55 160
55 91
55 87
55 152
55 123
57 192
57 107
57 181
58 194
58 163
58 164
58 196
58 199
58 137
58 85
58 150
58 88
59 131
60 196
60 107
60 147
60 61
60 94
61 137
62 137
62 156
63 169
63 137
63 141
63 111
63 116
64 98
64 180
64 164
64 174
65 86
65 153
65 70
66 146
66 164
66 84
66 199
67 138
67 172
67 114
67 147
67 151
68 166
68 137
68 146
69 176
70 168
70 139
70 81
70 114
70 147
71 99
71 132
71 131
71 196
71 109
71 85
71 88
72 82
72 133
72 181
73 170
73 116
73 182
74 170
74 161
74 126
74 78
75 196
75 102
75 79
75 147
76 148
77 132
77 177
77 178
78 93
78 191
79 97
79 100
79 135
79 106
79 110
79 153
79 123
79 188
80 131
80 169
80 174
80 84
80 87
80 122
81 100
81 169
81 184
81 121
81 127
82 163
82 148
82 149
82 158
83 158
83 126
83 110
84 85
85 198
85 107
85 113
86 114
86 149
87 116
87 181
88 102
88 139
88 172
88 141
88 91
88 156
90 179
90 198
90 174
91 158
92 199
92 104
92 137
92 107
92 187
92 185
92 189
92 190
93 100
93 114
93 147
93 119
93 184
93 154
93 123
94 98
94 197
94 169
94 186
94 127
95 96
95 194
95 144
95 192
96 130
96 185
96 157
97 141
97 114
97 150
98 136
98 169
98 157
99 159
100 165
100 135
100 138
100 146
101 174
101 113
101 145
101 121
101 154
101 158
102 158
103 132
103 105
103 139
103 119
103 151
103 157
104 137
104 180
105 139
105 167
105 166
106 177
106 181
106 121
107 192
107 198
107 143
107 182
108 157
110 131
111 188
112 143
113 165
113 166
113 173
113 177
113 178
113 115
113 148
113 188
114 135
114 139
114 147
114 118
114 156
115 152
116 197
116 145
116 178
117 129
117 147
117 193
118 146
119 143
119 137
120 128
120 156
121 133
121 199
121 139
121 146
123 155
124 164
125 129
125 131
126 128
126 196
126 168
126 174
127 142
127 177
128 197
128 151
129 180
131 135
131 146
132 173
133 163
133 148
133 184
133 152
133 188
133 158
135 136
135 181
135 182
136 140
136 142
138 169
138 140
138 143
138 176
139 162
139 150
139 156
140 169
141 187
142 185
143 170
143 146
143 180
144 167
145 184
145 170
145 149
146 197
146 173
146 177
148 162
148 176
149 164
150 154
151 188
152 170
153 162
153 196
153 184
153 156
154 166
154 172
154 181
155 160
156 163
156 188
157 178
158 183
159 180
159 163
160 177
160 199
161 180
162 196
162 189
163 192
164 166
164 199
164 173
165 194
165 185
166 169
166 183
167 187
168 188
169 189
170 182
173 198
173 185
176 178
177 187
179 180
179 182
180 195
180 182
183 194
183 196
185 187
186 194
187 199
188 192
