200 2000
0 4
0 132
0 6
0 139
0 23
0 26
0 30
0 159
0 31
0 162
0 35
0 42
0 43
0 44
0 45
0 175
0 182
0 184
0 185
0 190
0 73
0 84
0 87
0 88
0 127
1 133
1 135
1 8
1 12
1 17
1 146
1 19
1 148
1 31
1 32
1 39
1 46
1 178
1 57
1 58
1 189
1 62
1 96
1 109
1 117
1 122
1 127
2 163
2 197
2 38
2 104
2 137
2 169
2 43
2 12
2 44
2 46
2 14
2 47
2 77
2 50
2 83
2 114
2 115
2 149
2 186
2 184
2 122
3 161
3 196
3 198
3 73
3 74
3 169
3 170
3 110
3 79
3 15
3 177
3 178
3 51
3 85
3 22
3 121
3 122
3 123
3 94
3 159
4 134
4 7
4 140
4 18
4 19
4 147
4 23
4 26
4 31
4 37
4 39
4 168
4 48
4 189
4 70
4 75
4 77
4 80
4 88
4 95
4 101
4 106
4 107
4 116
4 127
5 161
5 66
5 67
5 100
5 164
5 186
5 75
5 49
5 82
5 146
5 180
5 54
5 87
5 88
5 89
5 182
5 92
6 65
6 34
6 99
6 132
6 193
6 195
6 7
6 135
6 137
6 197
6 13
6 79
6 80
6 175
6 18
6 84
6 150
6 87
6 151
6 63
7 9
7 146
7 19
7 20
7 21
7 24
7 154
7 157
7 32
7 165
7 170
7 44
7 46
7 174
7 57
7 60
7 73
7 82
7 97
7 105
8 13
8 141
8 144
8 28
8 163
8 36
8 45
8 46
8 48
8 176
8 177
8 54
8 190
8 192
8 67
8 68
8 195
8 85
8 92
8 106
8 117
8 118
9 64
9 33
9 129
9 195
9 135
9 74
9 139
9 12
9 13
9 15
9 113
9 19
9 122
9 27
9 156
9 30
9 63
10 128
10 191
10 101
10 197
10 103
10 109
10 14
10 47
10 81
10 146
10 19
10 148
10 25
10 188
10 189
10 94
10 57
11 191
11 130
11 67
11 194
11 133
11 166
11 199
11 168
11 137
11 13
11 48
11 114
11 179
11 116
11 85
11 182
11 25
11 126
11 190
11 62
11 159
12 142
12 18
12 149
12 157
12 33
12 34
12 172
12 174
12 51
12 53
12 181
12 185
12 60
12 199
12 88
12 94
12 99
12 107
12 120
12 124
13 131
13 139
13 140
13 14
13 142
13 143
13 145
13 19
13 30
13 160
13 177
13 51
13 179
13 56
13 58
13 189
13 63
13 195
13 197
13 81
13 103
13 107
13 111
13 116
13 124
13 127
14 99
14 163
14 136
14 43
14 108
14 142
14 19
14 179
14 181
14 94
15 64
15 34
15 195
15 69
15 196
15 135
15 138
15 140
15 111
15 113
15 115
15 21
15 181
15 119
15 58
15 188
15 157
16 96
16 160
16 130
16 161
16 196
16 133
16 102
16 197
16 42
16 107
16 44
16 79
16 113
16 54
16 151
16 91
16 29
17 96
17 39
17 167
17 74
17 170
17 172
17 77
17 142
17 111
17 145
17 50
17 188
17 116
17 86
17 87
17 57
17 124
17 25
17 31
18 96
18 162
18 105
18 76
18 44
18 108
18 140
18 177
18 82
18 147
18 85
18 86
18 93
18 158
19 128
19 136
19 141
19 21
19 26
19 154
19 32
19 162
19 172
19 174
19 177
19 50
19 179
19 52
19 180
19 60
19 188
19 69
19 70
19 71
19 75
19 82
19 92
19 93
19 101
19 102
19 108
19 114
19 119
20 65
20 97
20 163
20 70
20 104
20 73
20 42
20 75
20 49
20 52
20 22
20 95
21 99
21 131
21 101
21 197
21 77
21 110
21 48
21 112
21 181
21 185
21 186
21 92
21 126
22 34
22 36
22 98
22 106
22 171
22 79
22 177
22 148
22 120
22 91
22 60
22 61
22 190
22 63
23 89
23 192
23 67
23 193
23 38
23 39
23 40
23 135
23 106
23 167
23 171
23 78
23 50
23 114
23 117
23 25
23 187
23 124
23 127
24 128
24 129
24 138
24 140
24 149
24 153
24 28
24 160
24 41
24 44
24 45
24 175
24 179
24 186
24 66
24 195
24 198
24 199
24 84
24 104
24 109
24 116
24 120
24 121
24 126
25 36
25 186
25 137
25 42
25 174
25 143
25 175
25 151
25 185
25 122
25 92
25 157
25 31
26 36
26 68
26 69
26 135
26 136
26 167
26 43
26 108
26 79
26 143
26 82
26 115
26 53
26 54
26 85
26 117
26 57
27 64
27 97
27 66
27 128
27 38
27 105
27 138
27 113
27 50
27 179
27 181
27 118
27 151
27 56
27 88
27 152
28 64
28 66
28 195
28 102
28 46
28 174
28 48
28 81
28 50
28 177
28 84
28 118
28 151
28 126
28 91
28 93
28 62
29 129
29 134
29 139
29 141
29 145
29 147
29 154
29 31
29 165
29 56
29 57
29 186
29 63
29 68
29 74
29 78
29 82
29 83
29 87
29 88
29 92
29 124
29 127
30 131
30 143
30 151
30 153
30 156
30 36
30 38
30 173
30 178
30 51
30 52
30 181
30 56
30 194
30 199
30 72
30 76
30 82
30 91
30 96
30 105
30 125
31 96
31 99
31 37
31 129
31 130
31 192
31 197
31 109
31 47
31 81
31 93
31 151
31 186
32 142
32 144
32 152
32 155
32 157
32 39
32 40
32 169
32 171
32 47
32 176
32 59
32 65
32 76
32 95
32 96
32 103
32 120
32 127
33 140
33 155
33 159
33 34
33 35
33 36
33 162
33 43
33 47
33 184
33 61
33 190
33 191
33 63
33 81
33 91
33 92
33 95
33 104
33 119
34 129
34 99
34 37
34 108
34 48
34 80
34 114
34 175
34 178
34 180
35 191
35 194
35 100
35 164
35 40
35 73
35 107
35 77
35 78
35 82
35 146
35 180
35 188
35 88
35 185
35 60
35 184
35 95
36 133
36 142
36 150
36 162
36 165
36 42
36 172
36 179
36 55
36 185
36 59
36 187
36 193
36 195
36 197
36 71
36 73
36 75
36 105
36 119
37 66
37 134
37 72
37 136
37 74
37 43
37 49
37 115
37 55
37 56
38 192
38 71
38 158
38 41
38 59
38 171
38 155
38 45
38 77
38 49
38 50
38 54
38 186
39 136
39 146
39 49
39 182
39 184
39 188
39 189
39 191
39 64
39 193
39 196
39 69
39 88
39 92
39 102
39 105
39 125
39 126
40 160
40 193
40 166
40 167
40 74
40 139
40 141
40 174
40 187
40 124
40 54
40 153
40 123
40 92
40 189
41 192
41 129
41 68
41 101
41 133
41 167
41 43
41 76
41 111
41 178
41 85
41 87
41 55
41 89
41 181
41 155
41 158
42 99
42 70
42 137
42 138
42 140
42 78
42 47
42 113
42 143
42 177
42 52
42 189
42 87
42 151
42 92
42 157
43 128
43 68
43 191
43 103
43 196
43 141
43 46
43 146
43 151
43 152
43 183
43 155
43 158
43 63
44 141
44 147
44 158
44 161
44 173
44 45
44 49
44 196
44 69
44 79
44 84
44 93
44 102
44 109
44 114
44 115
45 65
45 73
45 172
45 78
45 142
45 150
45 184
45 186
45 91
45 157
45 94
46 134
46 135
46 136
46 140
46 164
46 172
46 48
46 50
46 184
46 193
46 74
46 87
46 90
46 102
46 117
46 126
47 141
47 151
47 152
47 161
47 49
47 50
47 51
47 183
47 61
47 63
47 66
47 76
47 85
47 106
47 112
47 114
47 119
48 193
48 130
48 100
48 101
48 163
48 197
48 198
48 109
48 92
48 111
48 176
48 82
48 95
48 63
49 140
49 141
49 148
49 159
49 164
49 167
49 169
49 56
49 67
49 74
49 89
49 98
49 117
49 119
49 123
49 126
50 66
50 132
50 162
50 103
50 194
50 75
50 76
50 174
50 114
50 51
50 84
51 193
51 103
51 139
51 140
51 144
51 171
51 179
51 94
51 187
51 188
51 189
51 191
52 136
52 137
52 138
52 145
52 149
52 151
52 153
52 158
52 177
52 178
52 59
52 192
52 69
52 72
52 76
52 89
52 107
52 109
53 72
53 168
53 78
53 113
53 188
53 115
53 150
53 56
53 153
53 124
53 94
54 143
54 148
54 149
54 150
54 156
54 172
54 182
54 57
54 187
54 190
54 191
54 192
54 65
54 195
54 68
54 74
54 78
54 99
54 111
54 115
54 118
55 64
55 129
55 130
55 68
55 102
55 133
55 105
55 75
55 107
55 138
55 140
55 170
55 199
55 183
55 164
56 129
56 101
56 104
56 155
56 146
56 178
56 185
57 98
57 198
57 104
57 169
57 138
57 112
57 82
57 148
57 117
57 86
57 150
57 185
58 66
58 131
58 69
58 198
58 136
58 171
58 173
58 119
58 120
58 123
58 190
58 184
59 66
59 99
59 136
59 174
59 86
59 151
59 121
60 128
60 147
60 148
60 160
60 164
60 171
60 172
60 177
60 184
60 63
60 70
60 78
60 97
60 99
60 105
60 109
60 116
60 126
61 192
61 129
61 67
61 131
61 165
61 169
61 170
61 174
61 114
61 120
61 123
61 157
62 162
62 163
62 132
62 107
62 141
62 173
62 178
62 188
62 182
62 185
62 154
62 189
62 191
63 142
63 143
63 158
63 160
63 165
63 187
63 188
63 190
63 191
63 193
63 199
63 87
63 94
63 106
63 112
63 114
63 119
64 150
64 153
64 167
64 168
64 176
64 182
64 188
64 189
64 191
64 66
64 67
64 68
64 69
64 194
64 76
64 83
65 130
65 136
65 146
65 155
65 165
65 167
65 171
65 191
65 67
65 69
65 198
65 71
65 72
65 81
65 84
65 85
65 91
65 92
65 97
65 106
65 110
65 116
65 121
66 132
66 136
66 153
66 158
66 161
66 173
66 177
66 182
66 73
66 83
66 90
66 93
66 103
66 110
66 115
66 122
67 132
67 140
67 143
67 145
67 165
67 174
67 175
67 184
67 193
67 98
67 99
67 101
67 113
67 115
67 122
68 99
68 122
68 199
68 110
68 83
68 147
68 91
68 158
69 192
69 134
69 75
69 110
69 113
69 114
69 83
69 188
69 157
69 159
70 129
70 164
70 73
70 190
70 124
70 178
70 183
70 152
70 126
71 192
71 101
71 104
71 168
71 170
71 75
71 142
71 79
71 183
71 184
71 185
71 154
71 191
72 192
72 193
72 195
72 198
72 167
72 78
72 142
72 143
72 116
72 120
72 190
73 134
73 139
73 142
73 143
73 144
73 168
73 172
73 183
73 185
73 196
73 198
73 74
73 77
73 96
73 108
73 120
74 137
74 143
74 144
74 156
74 164
74 171
74 177
74 185
74 188
74 189
74 192
74 81
74 86
74 103
74 107
75 143
75 152
75 154
75 165
75 167
75 170
75 172
75 196
75 82
75 90
75 97
75 105
75 108
75 111
75 112
75 115
75 116
76 161
76 192
76 197
76 169
76 171
76 78
76 147
76 86
76 179
76 182
76 91
77 132
77 165
77 108
77 109
77 147
77 153
77 154
77 91
77 190
78 193
78 98
78 130
78 194
78 111
78 117
78 122
78 123
79 162
79 171
79 143
79 85
79 181
79 189
80 98
80 99
80 102
80 104
80 108
80 140
80 175
80 179
80 116
80 86
80 92
81 97
81 162
81 163
81 193
81 194
81 198
81 109
81 143
81 114
81 146
81 179
81 152
81 89
81 154
82 132
82 139
82 153
82 163
82 166
82 182
82 188
82 98
82 114
82 119
82 120
82 121
83 84
83 93
83 189
83 120
84 132
84 136
84 148
84 149
84 150
84 153
84 163
84 164
84 166
84 167
84 169
84 184
84 187
84 87
84 96
84 106
84 110
84 127
85 130
85 135
85 151
85 156
85 160
85 165
85 174
85 175
85 180
85 190
85 87
85 105
85 107
85 108
85 116
85 126
86 130
86 132
86 164
86 139
86 141
86 142
86 118
86 191
87 160
87 131
87 102
87 106
87 113
87 181
87 88
87 154
87 155
87 127
88 98
88 122
88 130
88 186
88 196
88 139
88 143
88 175
88 93
88 90
89 138
89 107
89 170
89 173
89 111
89 183
89 188
90 129
90 164
90 102
90 198
90 105
90 106
90 137
90 138
90 139
90 142
90 180
90 181
90 119
90 185
90 156
91 132
91 141
91 144
91 147
91 148
91 169
91 175
91 188
91 194
91 101
91 112
91 113
91 123
91 127
92 129
92 138
92 148
92 152
92 159
92 188
92 100
92 107
92 110
92 114
92 118
92 123
92 126
93 159
93 163
93 195
93 167
93 127
93 126
94 185
94 195
94 104
94 171
94 149
94 121
94 156
94 190
95 98
95 133
95 163
95 103
95 104
95 136
95 138
95 164
95 168
95 198
95 110
95 194
95 115
96 153
96 185
96 193
96 195
96 142
96 145
96 117
96 151
96 121
96 158
97 98
97 161
97 132
97 163
97 196
97 197
97 173
97 179
97 118
97 154
97 157
98 159
98 121
98 131
98 166
98 103
98 104
98 178
98 184
99 149
99 162
99 171
99 184
99 193
99 196
99 122
99 123
99 126
100 160
100 165
100 166
100 199
100 137
100 169
100 146
100 151
100 183
101 161
101 142
101 176
101 180
101 149
101 151
101 120
101 126
101 159
102 132
102 139
102 142
102 148
102 149
102 151
102 167
102 169
102 173
102 176
102 184
102 192
103 148
103 156
103 159
103 163
103 165
103 168
103 170
103 173
103 177
103 178
103 181
103 195
103 104
103 105
103 109
103 118
103 125
104 185
104 168
104 186
104 108
104 147
104 180
104 118
105 128
105 130
105 133
105 136
105 140
105 150
105 162
105 174
105 185
105 187
105 197
105 107
105 122
105 124
106 132
106 171
106 108
106 175
106 117
106 183
106 127
106 189
107 128
107 129
107 132
107 135
107 137
107 138
107 144
107 145
107 148
107 158
107 176
107 178
107 184
107 198
107 119
108 135
108 154
108 110
108 144
108 114
108 175
108 155
108 157
109 161
109 191
109 193
109 111
109 177
109 180
109 189
109 184
110 129
110 164
110 136
110 172
110 124
110 177
110 147
110 182
110 152
111 193
111 164
111 136
111 113
111 142
111 145
111 175
111 152
111 122
111 156
112 132
112 196
112 135
112 170
112 172
112 177
112 116
112 117
112 151
112 180
112 181
112 184
113 133
113 197
113 199
113 173
113 181
114 144
114 181
114 193
114 115
114 116
114 122
114 124
115 169
115 142
115 143
115 176
115 178
115 121
115 123
116 133
116 165
116 136
116 168
116 150
116 119
116 182
116 155
117 129
117 185
117 164
117 136
117 138
117 186
117 143
117 144
117 188
118 154
118 140
118 177
118 146
118 122
119 159
119 134
119 143
119 144
119 146
119 190
120 129
120 130
120 170
120 173
120 150
120 183
120 190
120 159
121 160
121 192
121 169
121 177
121 146
121 147
121 181
121 151
121 184
121 122
121 156
122 130
122 143
122 154
122 175
122 180
122 185
122 193
122 125
122 127
123 191
123 135
123 176
123 159
124 160
124 167
124 138
124 174
124 177
124 179
124 152
124 127
125 160
125 195
125 169
125 171
125 174
125 126
126 141
126 147
126 156
126 166
126 170
126 171
126 175
126 177
126 190
126 192
127 128
127 138
127 140
127 162
127 164
127 166
127 180
127 181
127 188
127 195
127 196
128 129
128 195
128 136
128 178
128 151
128 190
129 195
129 197
129 199
129 182
130 186
130 138
130 177
130 147
130 190
131 160
131 135
131 145
131 177
131 178
131 185
132 135
132 139
132 143
132 146
132 150
132 157
132 158
132 159
132 162
132 173
132 188
132 189
133 192
133 135
133 140
133 171
133 149
133 152
133 153
133 156
134 192
134 199
134 137
134 171
134 148
134 181
134 184
134 186
134 187
134 188
135 168
135 139
135 140
135 175
136 139
136 140
136 144
136 162
136 175
136 187
136 194
137 185
137 140
137 182
137 157
137 190
138 198
138 180
138 178
138 157
138 152
139 152
139 153
139 155
139 156
139 177
139 183
139 184
139 186
140 144
140 152
140 155
140 166
140 186
140 199
141 165
141 154
141 142
141 175
141 147
142 146
142 150
142 175
142 183
142 188
142 198
143 146
143 147
143 149
143 165
143 167
144 170
144 171
144 189
144 181
144 151
144 185
144 156
144 152
145 166
145 175
145 183
146 148
146 150
146 155
146 158
146 169
146 190
146 191
146 192
147 156
147 158
147 160
147 168
147 182
147 185
148 196
148 178
148 181
148 182
148 189
148 190
149 185
149 154
149 191
150 151
150 179
150 180
150 188
150 189
150 194
150 196
150 199
151 155
151 157
151 163
151 165
151 177
151 181
151 184
151 197
152 153
152 155
152 160
152 162
152 164
152 171
152 179
152 189
153 160
153 161
153 162
153 168
154 193
154 194
155 194
155 172
155 187
155 184
156 162
156 164
156 198
156 178
156 190
156 157
157 194
157 197
157 191
158 164
158 166
158 172
158 175
158 188
159 196
159 170
160 189
160 184
161 169
162 164
162 173
162 174
162 184
162 186
162 193
164 192
164 199
165 193
166 195
166 169
166 170
166 178
166 181
166 188
167 171
167 178
167 191
168 170
169 172
169 176
169 177
169 185
169 197
170 192
170 194
170 177
170 179
171 174
171 193
172 196
173 194
173 196
173 175
173 176
173 187
173 188
173 191
174 184
174 186
175 179
175 193
175 197
176 183
176 190
177 186
177 194
177 198
178 191
178 193
178 195
179 195
180 194
180 197
180 183
180 188
181 183
181 186
181 188
181 194
182 194
184 188
184 191
184 193
185 187
186 190
187 199
188 191
191 192
193 194
