200 500
0 112
0 51
0 182
0 183
1 160
1 2
1 35
1 164
1 37
1 61
2 4
2 7
2 137
2 88
2 31
3 164
3 114
3 88
3 185
3 122
3 127
4 64
4 193
4 67
4 132
4 80
4 53
4 155
5 138
5 117
5 86
6 169
6 146
7 176
7 191
7 70
7 175
8 67
8 197
8 43
8 116
8 84
8 123
9 140
9 14
9 178
9 51
9 118
9 30
10 129
10 197
10 44
10 85
10 90
10 189
11 137
11 154
11 163
11 44
11 52
12 103
13 104
13 16
13 187
13 20
13 14
14 163
14 103
14 77
14 79
14 115
14 183
15 164
15 196
15 169
15 146
15 120
15 90
15 124
16 60
16 134
16 79
17 162
17 163
17 145
17 50
17 59
17 159
18 57
18 66
18 199
19 126
19 124
19 102
19 143
20 165
20 43
20 76
20 145
20 81
20 22
20 55
20 89
20 158
21 116
21 73
21 188
21 86
22 96
22 66
22 63
23 32
23 196
23 38
23 107
23 172
23 110
23 180
23 153
24 98
24 35
24 100
24 99
24 198
24 48
24 185
24 61
25 72
25 187
25 44
26 65
26 147
26 47
26 87
26 135
27 124
27 31
27 151
28 192
28 153
28 99
28 148
28 111
29 40
29 145
29 146
29 37
29 86
30 137
30 114
30 151
30 187
30 124
31 64
31 133
31 141
31 154
31 92
31 62
32 127
32 45
33 71
33 169
33 170
33 137
33 42
33 180
34 160
34 39
34 135
34 75
34 79
34 48
34 157
35 112
35 126
35 157
36 122
36 45
37 73
37 70
38 72
38 73
38 88
38 119
39 88
39 197
39 150
39 184
40 130
40 45
40 60
40 44
41 99
41 68
41 198
41 72
41 44
41 84
41 184
42 176
42 99
43 118
44 73
44 169
44 79
44 117
44 155
45 157
46 168
46 107
48 128
48 112
48 85
48 151
49 192
49 69
50 112
50 119
51 161
51 65
51 128
51 180
51 95
52 128
52 118
52 132
52 94
53 105
54 196
54 100
54 140
54 111
54 113
54 181
54 126
55 98
55 168
55 171
55 60
55 126
56 112
56 140
56 131
56 92
56 87
57 115
57 66
57 103
58 195
58 133
58 101
58 136
58 81
58 146
58 126
59 113
59 138
59 199
59 111
60 76
60 84
60 152
60 123
61 72
61 180
62 65
62 83
62 166
63 85
63 118
63 103
64 70
64 104
64 120
64 158
65 192
65 75
65 142
66 160
66 96
66 195
66 163
66 164
66 134
66 111
66 120
66 155
67 124
67 138
67 189
68 146
68 171
68 181
69 129
69 171
69 92
69 191
70 140
71 105
71 117
72 128
72 102
72 151
72 188
73 134
74 196
74 176
74 177
74 114
74 146
74 119
76 161
76 104
76 141
76 79
76 177
76 181
77 159
77 111
78 105
79 167
79 173
79 141
79 113
79 180
80 193
81 164
81 136
81 168
81 109
81 142
81 145
82 170
82 175
83 97
83 88
83 125
83 134
84 162
84 172
84 153
85 93
85 110
86 195
87 104
87 170
87 117
87 153
88 199
88 108
88 183
88 156
89 178
89 107
89 147
90 136
90 121
91 120
91 178
91 124
91 199
92 145
92 155
92 93
93 104
93 132
94 152
94 192
94 127
95 97
95 100
95 173
95 151
95 124
96 106
96 165
96 142
97 199
97 147
97 124
98 101
99 176
99 182
99 125
100 175
100 116
100 158
101 163
101 118
102 178
102 107
102 109
103 119
104 152
105 177
105 198
106 159
106 129
106 156
106 175
107 167
107 141
107 124
108 172
108 176
109 142
109 132
110 154
110 195
111 129
111 164
111 149
113 154
113 173
114 170
114 158
114 159
115 187
116 128
116 199
116 118
116 150
117 156
119 172
120 154
120 158
121 176
121 148
121 150
122 152
122 184
123 190
123 124
123 184
123 126
124 140
124 187
124 174
125 193
127 197
127 142
127 147
128 132
129 183
130 176
130 161
131 155
132 195
132 152
133 196
135 168
135 140
135 144
135 184
136 154
136 145
136 188
137 167
138 171
138 141
138 148
139 197
140 147
141 193
141 142
141 183
142 147
144 173
145 192
148 174
149 152
149 198
149 158
151 186
153 193
153 173
154 166
155 195
156 190
158 159
159 164
161 178
162 181
163 169
164 182
164 189
166 182
167 178
167 196
170 182
172 184
175 176
176 194
176 180
178 189
181 188
182 190
185 187
195 197
