200 2000
0 129
0 35
0 36
0 101
0 131
0 103
0 170
0 43
0 139
0 155
0 47
0 112
0 83
0 86
0 151
0 184
0 57
0 154
0 59
1 65
1 67
1 69
1 40
1 77
1 48
1 50
1 114
1 20
1 178
1 22
1 185
1 154
1 155
1 28
1 158
1 127
2 64
2 35
2 67
2 68
2 106
2 11
2 108
2 77
2 78
2 141
2 143
2 17
2 50
2 19
2 84
2 176
2 150
2 180
2 56
2 89
2 91
3 4
3 36
3 196
3 7
3 41
3 42
3 12
3 124
3 118
3 182
3 88
3 155
3 120
3 29
3 190
3 159
4 129
4 35
4 131
4 135
4 43
4 109
4 142
4 173
4 144
4 84
4 181
4 22
4 118
4 24
4 150
4 122
4 28
5 137
5 138
5 22
5 155
5 156
5 159
5 160
5 33
5 170
5 173
5 46
5 174
5 53
5 58
5 59
5 187
5 63
5 79
5 100
5 102
5 111
5 123
5 125
6 9
6 142
6 16
6 19
6 152
6 26
6 156
6 34
6 167
6 176
6 52
6 58
6 192
6 198
6 72
6 90
6 96
6 99
6 102
6 107
6 112
6 122
7 97
7 37
7 69
7 165
7 138
7 75
7 175
7 62
7 56
7 25
7 60
7 30
8 64
8 161
8 98
8 99
8 195
8 37
8 133
8 75
8 76
8 173
8 79
8 144
8 81
8 147
8 57
8 156
8 126
8 159
9 67
9 36
9 37
9 70
9 99
9 169
9 42
9 138
9 108
9 198
9 199
9 15
9 79
9 50
9 179
9 151
9 154
9 60
9 95
9 31
10 66
10 162
10 163
10 195
10 102
10 199
10 41
10 74
10 11
10 12
10 106
10 14
10 114
10 51
10 22
10 151
10 24
10 187
10 184
11 192
11 65
11 35
11 34
11 97
11 70
11 98
11 108
11 176
11 148
11 121
11 188
11 93
11 30
12 13
12 144
12 17
12 20
12 28
12 157
12 163
12 41
12 169
12 48
12 179
12 54
12 182
12 189
12 90
12 98
12 99
12 100
12 104
12 106
12 107
12 109
12 121
12 125
12 127
13 136
13 17
13 18
13 145
13 20
13 147
13 159
13 38
13 41
13 172
13 53
13 77
13 79
13 91
13 93
13 94
13 102
13 105
13 109
13 119
13 124
14 64
14 130
14 132
14 101
14 165
14 199
14 138
14 170
14 111
14 48
14 17
14 149
14 22
14 150
14 56
14 187
14 124
14 126
15 36
15 100
15 164
15 198
15 74
15 169
15 44
15 124
15 145
15 51
15 83
15 115
15 179
15 28
15 93
16 128
16 97
16 160
16 195
16 101
16 167
16 72
16 138
16 107
16 108
16 45
16 110
16 47
16 116
16 88
16 89
16 190
16 158
16 191
17 96
17 160
17 98
17 36
17 101
17 134
17 39
17 71
17 79
17 140
17 188
17 180
17 117
17 118
17 90
17 60
18 192
18 130
18 99
18 132
18 37
18 196
18 105
18 92
18 143
18 144
18 175
18 83
18 20
18 21
18 177
18 87
18 178
18 28
18 184
19 185
19 164
19 194
19 70
19 168
19 41
19 105
19 44
19 51
19 52
19 84
19 117
19 118
19 149
19 57
19 90
19 152
19 158
20 140
20 142
20 145
20 21
20 149
20 157
20 160
20 161
20 164
20 39
20 169
20 173
20 52
20 56
20 60
20 191
20 72
20 82
20 89
20 93
20 127
21 131
21 135
21 137
21 139
21 149
21 156
21 39
21 167
21 172
21 176
21 51
21 183
21 61
21 67
21 197
21 81
21 82
21 86
21 105
21 109
21 120
22 129
22 130
22 133
22 144
22 148
22 156
22 170
22 49
22 50
22 179
22 64
22 193
22 197
22 76
22 80
22 87
22 107
23 121
23 131
23 39
23 168
23 186
23 141
23 60
23 47
23 84
23 117
23 148
23 151
23 25
23 26
23 28
23 62
24 32
24 70
24 199
24 41
24 137
24 44
24 175
24 112
24 49
24 144
24 146
24 116
24 148
24 86
24 31
25 159
25 69
25 102
25 74
25 138
25 76
25 45
25 46
25 108
25 142
25 179
25 120
25 151
25 31
25 152
25 63
26 67
26 35
26 70
26 71
26 166
26 74
26 175
26 112
26 115
26 116
26 183
26 182
26 57
26 90
26 187
26 125
26 30
27 32
27 65
27 34
27 163
27 164
27 191
27 199
27 169
27 78
27 79
27 85
27 90
27 127
28 32
28 66
28 193
28 195
28 70
28 168
28 50
28 119
28 146
28 54
28 148
28 149
28 178
28 125
28 184
29 161
29 162
29 196
29 70
29 40
29 137
29 45
29 78
29 79
29 144
29 113
29 114
29 145
29 52
29 159
30 64
30 192
30 100
30 133
30 198
30 169
30 75
30 47
30 113
30 145
30 146
30 149
30 54
30 87
31 195
31 136
31 138
31 110
31 144
31 52
31 180
31 154
31 61
32 136
32 154
32 156
32 158
32 160
32 37
32 41
32 179
32 52
32 53
32 55
32 56
32 63
32 78
32 82
32 90
32 91
32 97
32 100
32 104
32 108
32 111
32 124
33 129
33 196
33 165
33 199
33 74
33 75
33 110
33 111
33 80
33 142
33 145
33 186
33 187
33 62
33 95
34 64
34 97
34 133
34 135
34 166
34 42
34 44
34 139
34 173
34 83
34 115
34 116
34 117
34 148
34 149
34 180
34 124
34 152
35 67
35 167
35 41
35 73
35 44
35 110
35 111
35 80
35 148
35 61
35 95
36 133
36 137
36 146
36 159
36 162
36 37
36 165
36 171
36 181
36 57
36 60
36 191
36 64
36 68
36 69
36 199
36 81
36 90
36 94
36 99
36 111
36 119
36 123
36 127
37 160
37 164
37 39
37 104
37 169
37 141
37 49
37 113
37 117
37 181
37 184
37 57
38 139
38 142
38 151
38 154
38 156
38 166
38 168
38 43
38 180
38 185
38 61
38 62
38 68
38 196
38 70
38 80
38 92
38 103
38 104
38 110
38 112
38 117
38 124
39 128
39 145
39 148
39 150
39 152
39 170
39 49
39 55
39 59
39 190
39 65
39 196
39 73
39 75
39 86
39 87
39 97
39 105
39 112
39 126
40 160
40 192
40 72
40 106
40 138
40 139
40 143
40 124
40 144
40 50
40 84
40 182
40 119
40 91
40 92
40 94
40 191
41 129
41 135
41 136
41 137
41 146
41 158
41 160
41 192
41 65
41 199
41 80
41 86
41 103
41 114
42 129
42 132
42 137
42 138
42 141
42 160
42 163
42 166
42 170
42 171
42 177
42 179
42 184
42 62
42 66
42 196
42 198
42 74
42 77
42 88
42 93
42 95
42 105
42 107
42 124
43 194
43 111
43 175
43 146
43 56
43 121
43 127
44 131
44 134
44 144
44 155
44 159
44 161
44 169
44 170
44 47
44 51
44 53
44 60
44 188
44 63
44 192
44 194
44 74
44 75
44 79
44 93
44 116
44 120
44 123
45 129
45 133
45 134
45 136
45 143
45 149
45 157
45 160
45 168
45 171
45 172
45 47
45 176
45 182
45 59
45 87
45 99
45 101
45 117
46 90
46 101
46 107
46 172
46 48
46 81
46 116
46 117
46 120
46 58
46 59
46 94
47 129
47 67
47 68
47 165
47 106
47 75
47 139
47 140
47 170
47 148
47 86
47 120
47 89
47 188
48 130
48 131
48 135
48 140
48 158
48 159
48 160
48 181
48 64
48 192
48 197
48 72
48 73
48 88
48 90
48 110
48 113
48 123
49 98
49 68
49 76
49 110
49 174
49 175
49 81
49 83
49 154
49 156
49 61
49 158
50 131
50 132
50 139
50 156
50 157
50 159
50 167
50 169
50 170
50 183
50 186
50 63
50 195
50 198
50 78
50 93
50 104
50 106
50 111
50 120
50 126
51 132
51 136
51 138
51 140
51 139
51 151
51 57
51 190
51 65
51 195
51 75
51 77
51 79
51 82
51 84
51 102
51 120
51 121
52 153
52 136
52 105
52 169
52 76
52 109
52 81
52 183
52 55
52 56
52 121
52 94
53 199
53 72
53 170
53 79
53 143
53 176
53 82
53 146
53 181
53 152
53 123
53 188
53 127
54 128
54 132
54 136
54 143
54 152
54 154
54 174
54 179
54 182
54 56
54 188
54 190
54 192
54 73
54 76
54 82
54 87
54 92
54 101
54 106
54 108
54 122
54 125
55 65
55 130
55 164
55 101
55 70
55 133
55 141
55 142
55 174
55 115
55 149
55 151
55 56
55 185
55 154
55 59
55 190
56 139
56 159
56 160
56 179
56 181
56 183
56 65
56 196
56 199
56 78
56 83
56 87
56 93
56 100
56 104
56 111
56 120
56 121
56 125
57 128
57 98
57 90
57 166
57 77
57 142
57 176
57 178
57 188
57 189
57 126
58 128
58 99
58 165
58 136
58 107
58 76
58 78
59 129
59 130
59 163
59 192
59 134
59 103
59 139
59 111
59 80
59 142
59 176
59 181
59 150
59 88
60 129
60 130
60 131
60 132
60 141
60 143
60 147
60 184
60 63
60 192
60 65
60 66
60 194
60 71
60 199
60 76
60 97
60 109
60 110
60 116
60 121
61 97
61 98
61 70
61 103
61 134
61 136
61 138
61 169
61 142
61 82
61 184
61 186
61 123
61 188
62 162
62 194
62 196
62 137
62 74
62 178
62 116
62 187
62 124
62 159
63 64
63 128
63 194
63 195
63 103
63 92
63 80
63 143
63 146
63 156
63 85
63 117
63 151
63 154
63 155
64 176
64 177
64 184
64 67
64 68
64 79
64 81
64 88
64 102
64 104
64 108
64 120
64 125
65 147
65 151
65 171
65 180
65 184
65 196
65 79
65 84
65 99
65 101
65 104
65 125
65 127
66 130
66 101
66 133
66 109
66 78
66 115
66 180
66 189
66 190
66 127
67 131
67 133
67 141
67 149
67 152
67 167
67 170
67 186
67 187
67 81
67 83
67 95
67 101
67 102
67 114
67 120
67 123
67 125
68 193
68 98
68 194
68 102
68 196
68 76
68 111
68 82
68 114
68 84
68 177
68 155
68 125
68 95
69 193
69 163
69 188
69 182
69 122
69 92
69 127
70 131
70 134
70 137
70 143
70 145
70 154
70 163
70 166
70 174
70 183
70 194
70 195
70 71
70 82
70 90
70 92
70 100
70 103
70 106
70 118
70 122
70 127
71 98
71 162
71 196
71 72
71 104
71 74
71 78
71 177
71 83
71 116
71 190
72 129
72 164
72 165
72 77
72 173
72 174
72 150
72 180
72 189
72 121
72 155
72 157
73 131
73 143
73 149
73 166
73 170
73 173
73 189
73 193
73 196
73 199
73 77
73 80
73 85
73 91
73 104
73 108
73 116
73 119
74 129
74 141
74 145
74 152
74 153
74 160
74 168
74 169
74 182
74 199
74 77
74 87
74 88
74 103
75 192
75 193
75 100
75 102
75 171
75 76
75 108
75 80
75 174
75 86
75 88
75 159
76 128
76 129
76 132
76 135
76 141
76 144
76 150
76 159
76 177
76 181
76 188
76 192
76 80
76 98
76 99
76 103
76 104
76 117
76 118
76 119
77 136
77 150
77 163
77 173
77 176
77 196
77 82
77 83
77 86
77 93
77 98
77 110
77 117
77 122
77 123
78 192
78 132
78 164
78 197
78 105
78 109
78 143
78 112
78 83
78 190
78 191
79 136
79 137
79 140
79 141
79 156
79 157
79 158
79 170
79 193
79 84
79 89
79 99
79 115
79 117
80 164
80 101
80 106
80 108
80 139
80 140
80 113
80 172
80 180
80 150
80 153
81 132
81 138
81 140
81 144
81 145
81 147
81 149
81 152
81 173
81 178
81 198
81 199
81 87
81 88
81 90
81 91
82 137
82 140
82 143
82 159
82 174
82 176
82 181
82 190
82 192
82 83
82 85
82 90
82 99
82 105
82 107
82 108
82 111
82 117
82 123
83 131
83 197
83 136
83 108
83 176
83 114
83 85
83 152
83 120
83 93
84 136
84 160
84 175
84 183
84 194
84 198
84 87
84 89
84 92
84 100
84 109
84 119
84 123
84 125
85 136
85 144
85 146
85 165
85 171
85 173
85 182
85 191
85 194
85 87
85 88
85 92
85 102
85 108
85 109
85 113
85 119
86 104
86 169
86 173
86 112
86 144
86 115
86 92
86 184
86 159
87 192
87 154
87 174
87 143
87 146
87 89
87 118
87 190
87 152
87 191
88 167
88 173
88 176
88 182
88 183
88 190
88 194
88 196
88 93
88 96
88 106
88 110
88 125
88 127
89 97
89 164
89 165
89 170
89 113
89 143
89 149
89 179
89 184
89 188
89 156
89 157
89 126
89 191
90 130
90 142
90 162
90 176
90 178
90 181
90 98
90 100
90 112
90 114
90 119
90 120
90 127
91 129
91 99
91 160
91 185
91 166
91 137
91 138
91 172
91 109
91 112
91 113
91 182
91 152
91 121
91 187
92 130
92 140
92 145
92 152
92 156
92 167
92 172
92 179
92 181
92 198
92 93
92 120
92 123
93 195
93 166
93 199
93 111
93 170
93 116
93 149
93 150
94 192
94 191
94 166
94 169
94 107
94 108
94 139
94 158
94 127
95 96
95 128
95 166
95 136
95 169
95 109
95 143
95 176
95 145
95 119
95 151
95 121
95 184
96 166
96 110
96 177
96 116
96 148
96 127
96 189
97 102
97 135
97 139
97 156
97 177
97 188
97 181
97 191
98 147
98 154
98 156
98 166
98 181
98 194
98 195
98 107
98 118
98 123
98 124
98 126
99 145
99 149
99 154
99 155
99 162
99 170
99 183
99 184
99 187
99 198
99 120
99 122
100 132
100 154
100 109
100 115
100 180
100 181
100 119
100 152
101 129
101 144
101 154
101 159
101 163
101 164
101 165
101 195
101 104
101 105
101 120
102 121
102 130
102 163
102 107
102 145
102 148
102 181
102 186
103 164
103 133
103 199
103 141
103 187
103 175
103 181
103 154
104 161
104 194
104 197
104 141
104 172
104 174
104 149
104 183
105 128
105 193
105 131
105 135
105 136
105 109
105 126
106 141
106 144
106 145
106 146
106 150
106 160
106 162
106 174
106 178
106 191
106 199
106 116
107 142
107 147
107 153
107 163
107 164
107 173
107 177
107 179
107 182
107 183
107 185
107 187
107 193
107 195
107 199
107 126
108 131
108 135
108 149
108 163
108 170
108 175
108 181
109 160
109 194
109 165
109 168
109 184
110 194
110 197
110 136
110 145
110 186
110 189
111 162
111 132
111 195
111 173
111 112
111 144
111 114
111 150
112 131
112 164
112 135
112 165
112 197
112 187
112 143
112 158
113 199
113 169
113 149
114 160
114 131
114 137
114 189
114 183
114 120
114 185
115 128
115 159
115 198
115 141
115 178
115 151
115 123
115 156
115 127
116 122
116 145
116 187
117 191
117 194
117 136
117 170
117 152
117 187
118 133
118 134
118 136
118 195
118 142
118 143
118 146
118 159
119 166
119 138
119 170
119 187
120 140
120 148
120 162
120 173
120 196
120 127
121 159
121 191
121 193
121 148
121 180
121 152
122 136
122 172
122 174
122 180
122 156
123 161
123 195
123 139
123 173
123 156
123 125
123 181
123 185
124 129
124 199
124 141
124 156
125 131
125 140
125 187
125 151
126 164
126 197
126 140
126 174
126 177
126 178
126 154
127 132
127 177
127 185
127 188
127 190
127 195
128 159
128 194
128 185
128 167
128 137
128 146
128 182
128 152
128 190
128 189
129 132
129 142
129 153
129 160
129 171
129 172
129 194
130 164
130 137
130 142
130 174
130 177
130 180
130 151
130 189
131 194
131 199
131 173
131 184
132 135
132 137
132 146
132 151
132 158
132 165
132 169
132 178
132 197
133 147
133 158
133 161
133 168
133 170
133 173
133 174
133 178
133 182
133 195
133 198
133 199
134 193
134 142
134 155
134 177
134 178
134 179
134 149
134 157
134 186
135 192
135 195
135 197
135 137
135 169
135 174
136 138
136 143
137 175
137 181
137 184
137 186
137 198
138 139
138 143
138 146
138 147
138 149
138 169
138 191
139 187
139 181
139 183
140 162
140 143
141 143
141 149
141 152
141 160
141 164
141 175
141 191
142 156
142 169
142 171
142 174
142 180
142 188
143 146
143 168
143 174
143 176
143 198
143 199
144 152
144 159
144 186
144 188
144 196
145 196
145 169
145 187
146 193
146 170
146 174
146 180
146 152
147 167
147 168
147 169
147 170
147 175
147 187
147 189
148 162
148 167
148 169
148 186
148 177
148 154
148 157
149 172
149 173
149 175
149 189
150 162
150 196
150 152
150 159
151 161
151 171
151 172
151 184
151 154
152 160
152 172
152 178
152 192
153 194
153 166
153 170
153 178
153 191
154 163
154 172
154 174
154 187
154 189
154 194
155 161
155 165
155 169
155 196
156 159
156 161
156 164
156 168
156 169
156 173
156 190
157 161
157 162
157 163
157 185
157 171
158 170
158 179
158 190
158 191
159 160
159 166
160 186
160 193
160 194
161 198
161 199
161 169
161 175
161 180
162 165
162 170
163 170
163 177
163 181
163 188
163 165
164 172
164 187
164 184
165 193
166 171
166 174
166 175
166 183
167 180
167 183
169 179
169 183
169 196
169 198
169 199
170 173
170 184
170 198
171 180
171 181
172 175
172 177
172 188
172 182
173 174
173 198
174 177
174 183
175 194
175 178
175 179
176 193
176 187
177 183
178 196
178 182
179 188
180 186
181 189
181 193
182 188
182 190
183 186
183 191
184 189
184 190
186 189
186 191
187 191
188 194
188 199
189 193
189 195
189 191
190 197
190 199
193 196
195 196
196 198
