200 2000
0 65
0 66
0 35
0 163
0 168
0 73
0 137
0 139
0 76
0 45
0 174
0 15
0 143
0 84
0 119
0 23
0 24
0 26
0 190
0 95
1 97
1 121
1 161
1 58
1 100
1 136
1 168
1 171
1 109
1 144
1 146
1 20
1 182
1 119
1 89
1 26
1 59
1 157
1 126
2 11
2 14
2 142
2 24
2 25
2 152
2 156
2 39
2 167
2 44
2 172
2 173
2 180
2 190
2 192
2 79
2 81
2 83
2 92
2 94
2 101
2 102
2 108
2 115
3 33
3 164
3 165
3 154
3 9
3 105
3 11
3 143
3 81
3 178
3 115
3 179
3 85
3 56
3 26
3 190
3 152
3 158
4 5
4 134
4 151
4 28
4 165
4 38
4 44
4 45
4 46
4 180
4 183
4 191
4 65
4 66
4 70
4 71
4 86
4 101
4 108
4 112
4 115
4 123
5 6
5 17
5 146
5 19
5 148
5 21
5 27
5 160
5 165
5 38
5 167
5 173
5 50
5 178
5 180
5 57
5 188
5 63
5 65
5 197
5 77
5 78
5 86
5 97
5 101
5 116
5 127
6 160
6 161
6 130
6 35
6 165
6 8
6 73
6 171
6 76
6 187
6 18
6 26
6 91
6 124
6 126
7 163
7 164
7 165
7 10
7 171
7 77
7 110
7 48
7 81
7 18
7 152
7 125
7 24
7 56
7 61
7 190
8 131
8 137
8 138
8 141
8 16
8 17
8 151
8 156
8 33
8 162
8 43
8 45
8 49
8 54
8 60
8 192
8 70
8 94
8 98
8 105
8 111
9 37
9 39
9 41
9 75
9 12
9 108
9 139
9 15
9 116
9 86
9 151
9 24
9 185
9 59
9 29
9 62
10 74
10 11
10 12
10 107
10 175
10 80
10 145
10 176
10 181
10 57
10 154
10 191
11 144
11 145
11 152
11 29
11 159
11 162
11 37
11 38
11 170
11 43
11 175
11 56
11 185
11 66
11 67
11 68
11 69
11 70
11 197
11 89
11 98
11 100
11 104
11 109
11 111
11 113
11 115
12 130
12 133
12 14
12 148
12 21
12 153
12 25
12 157
12 29
12 160
12 35
12 175
12 181
12 188
12 62
12 191
12 199
12 87
12 101
12 102
12 126
12 127
13 137
13 150
13 25
13 156
13 31
13 161
13 35
13 36
13 37
13 38
13 164
13 42
13 170
13 176
13 49
13 184
13 186
13 61
13 189
13 63
13 64
13 191
13 196
13 70
13 72
13 91
13 97
13 104
13 109
13 119
14 65
14 162
14 166
14 106
14 44
14 76
14 111
14 172
14 145
14 51
14 149
14 184
14 56
14 91
14 28
14 61
14 94
15 134
15 17
15 18
15 146
15 157
15 159
15 31
15 170
15 174
15 47
15 178
15 53
15 181
15 57
15 191
15 69
15 70
15 197
15 85
15 99
15 102
15 112
15 114
15 118
15 120
15 124
16 65
16 97
16 99
16 101
16 106
16 75
16 172
16 141
16 80
16 112
16 146
16 19
16 147
16 176
16 87
16 188
16 157
16 63
17 192
17 193
17 153
17 99
17 102
17 39
17 199
17 42
17 44
17 142
17 143
17 113
17 116
17 148
17 25
17 63
18 66
18 99
18 68
18 37
18 186
18 41
18 76
18 80
18 150
18 157
18 58
18 27
18 29
19 146
19 153
19 157
19 37
19 170
19 47
19 51
19 53
19 182
19 186
19 59
19 67
19 195
19 71
19 73
19 80
19 99
19 101
19 110
19 111
19 126
20 33
20 35
20 162
20 37
20 38
20 101
20 104
20 164
20 193
20 172
20 142
20 112
20 52
20 116
20 127
21 89
21 192
21 130
21 162
21 164
21 39
21 141
21 46
21 112
21 177
21 182
21 23
21 57
21 58
21 126
22 96
22 97
22 34
22 99
22 160
22 102
22 39
22 73
22 48
22 49
22 183
22 28
22 125
22 62
22 63
23 128
23 131
23 132
23 144
23 151
23 154
23 156
23 159
23 171
23 45
23 177
23 178
23 190
23 62
23 66
23 195
23 74
23 86
23 88
23 124
24 135
24 137
24 149
24 159
24 162
24 39
24 40
24 46
24 183
24 58
24 59
24 66
24 67
24 74
24 81
24 93
24 95
24 99
24 103
24 120
24 122
25 147
25 151
25 27
25 33
25 169
25 46
25 175
25 180
25 184
25 57
25 198
25 72
25 79
25 82
25 88
25 94
25 108
25 111
25 112
25 113
26 193
26 99
26 133
26 70
26 104
26 135
26 106
26 107
26 111
26 48
26 145
26 150
26 119
26 182
26 58
26 188
26 29
27 89
27 129
27 160
27 122
27 72
27 75
27 76
27 113
27 149
27 55
27 184
27 58
27 61
27 159
28 161
28 130
28 35
28 69
28 100
28 164
28 105
28 155
28 80
28 49
28 81
28 112
28 122
28 59
28 62
28 63
29 131
29 90
29 135
29 136
29 167
29 110
29 47
29 80
29 82
29 180
29 120
29 89
29 187
29 92
29 62
29 95
30 128
30 131
30 134
30 137
30 149
30 150
30 158
30 165
30 45
30 47
30 176
30 177
30 52
30 53
30 57
30 59
30 84
30 89
30 99
30 101
30 106
30 108
31 35
31 100
31 165
31 196
31 197
31 140
31 113
31 82
31 179
31 117
31 86
31 54
31 184
31 183
31 126
32 191
32 67
32 104
32 41
32 170
32 139
32 109
32 81
32 177
32 83
32 116
32 148
32 118
32 183
32 187
32 124
32 62
32 127
33 66
33 98
33 69
33 100
33 71
33 130
33 153
33 49
33 82
33 188
33 182
33 183
33 88
33 155
33 124
33 159
34 98
34 130
34 162
34 122
34 76
34 172
34 144
34 49
34 115
34 150
34 151
34 90
34 92
34 93
34 62
35 134
35 140
35 141
35 155
35 163
35 36
35 39
35 40
35 174
35 51
35 182
35 65
35 68
35 72
35 89
35 92
35 95
35 116
35 118
36 185
36 101
36 102
36 135
36 168
36 170
36 76
36 108
36 175
36 50
36 85
36 121
36 127
36 63
37 132
37 136
37 139
37 141
37 145
37 147
37 153
37 155
37 50
37 55
37 68
37 75
37 84
37 94
37 97
37 100
37 107
37 119
37 123
37 127
38 64
38 162
38 40
38 109
38 180
38 54
38 86
38 181
38 182
38 90
38 188
38 126
38 127
39 99
39 101
39 164
39 103
39 172
39 173
39 49
39 51
39 180
39 57
39 156
39 157
39 62
40 161
40 131
40 134
40 169
40 42
40 109
40 48
40 145
40 189
40 85
40 183
40 89
40 58
40 91
40 156
40 125
41 130
41 134
41 198
41 104
41 170
41 75
41 46
41 47
41 48
41 78
41 80
41 82
41 144
41 175
41 180
41 183
41 188
41 63
42 196
42 74
42 106
42 139
42 46
42 78
42 48
42 114
42 51
42 144
42 117
42 150
42 179
42 181
42 121
42 159
43 160
43 68
43 70
43 186
43 170
43 76
43 110
43 51
43 147
43 149
43 87
43 154
43 124
43 93
43 94
44 194
44 138
44 108
44 172
44 175
44 178
44 179
44 52
44 53
44 157
44 189
44 125
45 196
45 135
45 142
45 79
45 180
45 86
45 151
45 185
45 58
45 152
45 191
46 193
46 102
46 72
46 74
46 107
46 108
46 110
46 172
46 178
46 51
46 85
46 186
46 123
47 161
47 163
47 196
47 69
47 71
47 186
47 169
47 116
47 149
47 189
47 151
47 89
47 58
47 63
48 161
48 66
48 68
48 71
48 74
48 75
48 104
48 199
48 113
48 181
48 62
48 127
49 137
49 143
49 145
49 151
49 165
49 166
49 176
49 51
49 53
49 57
49 67
49 195
49 81
49 105
49 109
50 162
50 71
50 132
50 135
50 143
50 178
50 116
50 118
50 60
50 127
51 133
51 167
51 176
51 64
51 84
51 85
51 89
51 96
51 109
51 115
51 116
51 123
51 124
51 125
51 127
52 101
52 102
52 166
52 108
52 111
52 177
52 150
52 154
52 124
53 128
53 131
53 138
53 145
53 56
53 188
53 73
53 79
53 83
53 86
53 94
53 101
53 105
53 107
53 111
53 117
53 124
54 129
54 161
54 191
54 100
54 197
54 166
54 169
54 198
54 171
54 199
54 176
54 85
54 150
54 186
54 187
54 124
54 157
55 96
55 161
55 132
55 197
55 72
55 73
55 74
55 170
55 155
55 80
55 146
55 117
55 86
55 149
55 57
55 58
56 130
56 133
56 147
56 161
56 163
56 174
56 178
56 191
56 193
56 67
56 195
56 73
56 76
56 77
56 108
56 116
56 120
56 125
57 138
57 141
57 150
57 167
57 168
57 66
57 69
57 84
57 91
57 99
57 101
57 102
57 104
57 111
57 113
57 118
57 123
58 128
58 142
58 148
58 150
58 153
58 163
58 188
58 190
58 73
58 74
58 78
58 92
58 111
58 116
59 65
59 68
59 199
59 78
59 181
59 121
59 61
59 159
60 193
60 68
60 133
60 73
60 170
60 108
60 81
60 145
60 177
60 117
60 152
60 61
60 94
61 74
61 91
61 107
61 77
61 177
61 82
61 148
61 149
61 157
61 151
61 182
61 153
61 189
61 93
61 183
62 138
62 144
62 158
62 171
62 173
62 177
62 67
62 83
62 87
62 89
62 90
62 93
62 99
62 107
63 129
63 135
63 143
63 146
63 149
63 160
63 181
63 183
63 190
63 70
63 77
63 86
63 110
63 118
63 123
63 127
64 192
64 193
64 194
64 100
64 107
64 139
64 143
64 112
64 145
64 82
64 155
64 124
64 191
65 131
65 138
65 162
65 172
65 187
65 195
65 199
65 75
65 83
65 84
65 85
65 99
65 116
65 121
65 126
66 192
66 193
66 135
66 111
66 80
66 82
66 116
66 143
66 154
66 156
67 192
67 193
67 195
67 166
67 138
67 172
67 178
67 181
67 94
67 88
67 95
68 128
68 150
68 159
68 173
68 178
68 188
68 189
68 190
68 194
68 199
68 75
68 80
68 82
68 91
68 97
68 102
68 116
69 96
69 97
69 194
69 102
69 173
69 142
69 188
69 123
69 158
70 161
70 130
70 99
70 126
70 142
70 82
70 83
70 178
70 95
71 98
71 194
71 101
71 197
71 186
71 73
71 77
71 109
71 178
71 122
71 189
72 132
72 135
72 140
72 147
72 155
72 156
72 164
72 165
72 178
72 180
72 187
72 188
72 189
72 74
72 78
72 95
72 107
72 112
72 119
72 123
73 130
73 134
73 138
73 164
73 168
73 176
73 180
73 182
73 196
73 91
73 93
73 95
73 105
73 106
73 117
73 120
73 121
73 126
74 130
74 147
74 153
74 168
74 175
74 179
74 199
74 76
74 84
74 87
74 89
74 96
74 106
75 128
75 155
75 181
75 189
75 197
75 198
75 76
75 78
75 85
75 87
75 88
75 99
75 103
75 109
75 116
76 128
76 132
76 134
76 135
76 154
76 156
76 158
76 161
76 177
76 192
76 78
76 82
76 85
76 95
76 104
76 109
76 115
77 162
77 131
77 132
77 196
77 110
77 145
77 83
77 117
77 186
77 188
77 94
78 135
78 123
78 172
78 115
78 84
78 116
78 118
78 87
78 119
78 148
78 179
79 96
79 196
79 101
79 134
79 138
79 111
79 146
79 86
79 188
79 189
80 97
80 161
80 195
80 196
80 137
80 140
80 141
80 177
80 118
80 150
80 191
81 160
81 98
81 162
81 109
81 92
81 173
81 188
81 148
81 150
81 183
81 153
81 122
81 93
82 149
82 151
82 160
82 167
82 171
82 174
82 184
82 189
82 196
82 198
82 84
82 89
82 105
82 122
82 124
82 125
83 97
83 98
83 129
83 135
83 170
83 172
83 114
83 180
83 151
84 163
84 167
84 168
84 138
84 108
84 110
84 86
84 186
84 159
85 131
85 135
85 137
85 167
85 172
85 144
85 174
85 199
85 115
85 182
86 131
86 147
86 156
86 162
86 180
86 185
86 189
86 191
86 194
86 93
86 117
87 96
87 160
87 161
87 132
87 105
87 107
87 137
87 138
87 139
87 140
87 142
87 148
87 89
88 131
88 171
88 143
88 144
88 113
88 114
88 147
88 176
88 117
88 118
88 122
89 133
89 135
89 136
89 145
89 150
89 162
89 165
89 184
89 186
89 192
89 96
89 97
89 101
89 103
89 104
89 110
89 126
90 162
90 198
90 112
90 157
90 183
90 184
90 126
90 127
91 129
91 146
91 188
91 123
91 124
91 126
92 99
92 102
92 131
92 132
92 169
92 144
92 146
92 176
92 150
92 182
92 120
92 155
92 184
93 133
93 168
93 106
93 137
93 139
93 140
93 143
93 187
93 114
93 145
93 116
93 158
94 144
94 149
94 168
94 173
94 179
94 190
94 101
94 103
94 104
94 105
94 113
94 118
94 127
95 193
95 173
95 117
95 119
95 153
96 161
96 98
96 100
96 164
96 109
96 119
96 148
96 188
96 151
96 191
97 130
97 103
97 133
97 171
97 112
97 118
97 184
97 187
97 158
98 129
98 160
98 194
98 103
98 176
98 177
98 121
98 122
99 130
99 160
99 180
99 191
99 193
99 100
99 120
99 124
99 126
100 159
100 193
100 106
100 121
100 126
101 139
101 157
101 160
101 176
101 177
101 184
101 108
101 126
102 128
102 131
102 137
102 141
102 154
102 168
102 104
102 117
102 118
102 119
103 196
103 197
103 139
103 175
103 112
103 122
103 190
103 191
104 162
104 192
104 122
104 114
104 149
104 184
104 123
105 193
105 131
105 137
105 107
105 170
105 118
105 184
105 189
106 113
106 177
106 191
107 142
107 147
107 150
107 160
107 164
107 170
107 173
107 194
107 123
107 124
107 126
108 149
108 156
108 167
108 177
108 183
108 185
108 110
108 114
108 115
109 131
109 132
109 194
109 167
109 198
109 150
109 187
110 145
110 152
110 153
110 161
110 165
110 186
110 187
110 188
110 191
110 192
110 194
110 111
110 126
111 121
111 153
111 193
111 112
112 195
112 132
112 186
112 156
112 177
112 191
113 129
113 137
113 145
113 150
113 160
113 162
113 171
113 173
113 187
113 198
113 115
113 119
113 120
113 126
114 137
114 170
114 142
114 189
114 117
114 150
114 151
114 185
114 120
114 127
115 161
115 163
115 135
115 195
115 138
115 143
115 172
116 138
116 158
116 164
116 169
116 171
116 176
116 193
116 194
116 196
117 132
117 164
117 140
117 151
118 121
118 131
118 165
118 169
118 171
118 145
118 123
118 157
119 131
119 142
119 145
119 152
119 168
119 169
119 175
119 185
119 188
119 189
119 122
120 196
120 133
120 134
120 198
120 136
120 174
120 124
120 149
120 123
120 158
121 195
121 198
121 155
121 141
121 143
121 183
121 122
121 127
122 154
122 155
122 170
122 175
122 178
122 185
122 188
122 193
122 127
123 131
123 136
123 148
123 162
123 167
123 171
123 187
123 193
124 144
124 161
124 169
124 175
124 198
124 127
125 130
125 131
125 162
125 194
125 174
125 176
125 145
125 148
125 178
125 186
126 128
126 160
126 163
126 164
126 174
126 175
126 185
126 187
126 188
127 132
127 134
127 139
127 143
127 152
127 176
127 183
128 192
128 161
128 130
128 165
128 154
128 136
128 169
128 178
128 150
128 156
129 193
129 134
129 135
129 136
129 137
129 168
129 173
129 175
129 147
129 150
130 145
130 156
130 159
130 172
130 180
130 189
130 192
130 199
131 139
131 145
131 169
131 186
131 192
131 195
131 198
132 196
132 133
132 176
132 150
132 187
133 135
133 171
133 172
133 178
134 161
134 163
134 138
134 168
134 170
134 145
134 182
134 183
134 188
135 147
135 149
135 158
135 177
135 178
135 194
136 161
136 197
136 151
137 164
137 141
137 174
137 146
137 181
137 184
138 139
138 146
138 152
138 153
138 157
138 161
138 168
138 173
139 142
139 144
139 145
139 150
139 157
139 162
139 170
139 171
139 176
140 196
140 167
140 168
140 173
140 175
140 150
140 152
140 185
140 154
140 187
140 156
141 167
141 170
141 199
141 143
141 146
141 175
141 183
142 160
142 176
142 146
142 153
142 157
143 194
143 186
144 162
144 170
144 177
144 149
144 158
145 147
145 151
145 156
145 178
145 186
145 196
145 198
146 164
146 197
146 167
146 156
146 175
147 196
147 170
147 175
147 180
147 191
148 162
148 169
148 152
148 151
149 157
149 159
149 186
149 196
149 197
149 199
150 155
150 177
150 180
150 181
150 182
150 195
150 198
151 161
151 162
151 178
151 186
151 192
151 193
151 194
152 169
152 185
152 157
153 163
153 170
153 174
153 181
154 164
154 185
154 194
154 183
155 175
155 157
155 158
156 159
156 166
156 168
156 171
156 181
156 193
157 174
157 178
157 198
158 163
158 168
158 173
158 174
159 193
159 170
159 172
159 190
160 193
160 183
161 162
161 163
161 164
161 173
161 176
161 185
161 192
161 197
162 163
162 168
162 187
162 193
162 199
163 170
163 175
163 176
163 184
164 172
164 178
164 190
164 198
165 166
165 170
165 177
166 173
166 189
166 190
167 183
168 196
168 171
169 193
169 194
169 195
169 196
170 173
170 187
170 188
171 190
171 175
171 181
172 175
172 177
172 179
172 186
172 190
172 199
173 191
173 196
173 190
174 175
174 191
175 185
175 187
176 191
177 179
177 189
177 196
177 199
178 180
178 181
178 183
178 191
179 196
179 182
180 187
180 188
180 191
180 195
181 198
182 196
182 191
184 192
185 186
186 188
186 193
186 198
187 196
188 192
188 193
189 194
191 193
192 197
194 195
194 196
