200 600
0 32
0 171
0 133
0 94
0 141
1 163
1 37
1 197
1 9
1 109
1 13
1 180
1 159
2 64
2 130
2 27
2 94
2 176
3 57
3 18
3 85
3 126
3 175
4 40
4 137
4 44
4 110
4 119
4 62
5 97
5 75
5 171
5 83
5 122
5 126
6 150
6 19
6 79
6 71
7 129
7 98
7 37
7 11
7 112
7 182
7 57
7 122
8 48
8 25
8 51
8 28
8 101
9 48
9 162
9 172
10 167
10 138
10 111
10 18
10 83
10 19
10 120
11 135
11 77
11 149
12 34
12 60
12 119
13 19
13 132
13 21
13 15
14 32
14 128
14 99
14 196
14 137
14 143
14 115
14 21
14 22
15 56
15 83
15 159
16 112
16 171
16 140
16 85
16 184
17 195
17 125
18 73
18 144
18 91
18 60
18 159
19 129
19 131
19 37
19 103
19 136
19 108
19 84
19 116
19 152
20 24
20 161
20 101
21 117
21 59
21 122
22 126
22 70
22 168
22 43
22 147
22 181
22 122
22 62
23 89
23 26
23 115
24 34
24 117
25 196
25 58
25 69
25 198
25 176
25 26
26 128
26 129
26 34
26 100
26 196
26 103
26 104
26 46
26 81
27 67
27 101
27 166
27 79
27 84
27 120
27 31
27 95
28 36
28 197
28 134
28 141
28 175
28 80
28 182
28 121
28 60
29 42
29 178
29 82
29 123
29 189
29 94
30 81
30 90
30 115
31 34
31 163
31 111
31 117
31 62
32 65
32 162
32 142
32 119
32 190
33 38
33 166
33 139
33 48
33 146
33 157
33 125
34 90
34 70
34 43
34 141
34 91
35 97
35 39
35 47
35 81
35 49
35 150
35 87
35 92
35 190
36 133
36 113
36 119
36 187
36 93
36 158
37 160
37 66
37 165
37 42
37 109
37 121
37 154
38 64
38 102
38 111
38 81
38 147
38 156
39 162
39 122
39 172
39 110
39 186
40 106
40 195
40 154
41 160
41 98
41 132
41 42
41 86
41 58
41 155
42 98
43 163
43 166
43 104
43 50
43 63
44 174
44 79
44 144
44 117
44 153
44 90
44 60
45 144
45 168
46 112
46 162
46 100
46 190
47 106
47 75
47 179
47 122
47 59
48 194
48 113
49 72
49 74
49 173
49 184
49 89
49 58
49 188
49 126
50 131
50 74
50 75
50 114
50 53
51 96
51 174
51 176
51 84
51 183
51 154
52 128
52 194
52 132
52 165
52 173
52 142
52 78
52 123
52 158
53 104
53 140
53 55
53 152
53 127
54 97
54 109
54 91
54 61
54 87
55 168
55 140
55 134
55 173
56 143
56 172
56 71
57 130
57 133
57 135
57 74
57 59
57 159
58 193
58 99
58 189
59 139
60 100
60 164
60 91
61 102
61 167
61 168
61 180
61 182
61 154
62 103
62 74
62 108
62 110
62 111
62 158
63 172
63 149
63 88
63 186
63 184
64 67
64 137
64 170
64 139
64 172
64 116
64 184
65 66
65 142
65 122
66 194
66 69
66 113
66 180
66 149
66 187
67 163
67 71
67 167
67 171
67 109
67 177
67 114
67 185
68 161
68 131
68 134
68 136
68 78
68 81
68 84
68 186
69 196
69 180
69 154
70 72
71 171
71 117
71 155
72 112
72 115
72 85
72 151
73 97
73 179
74 81
74 116
74 155
75 169
75 145
75 150
76 136
76 131
76 143
77 172
77 138
77 147
77 127
78 100
78 142
78 147
78 84
79 172
80 161
80 184
80 187
80 94
80 191
81 194
81 113
81 84
81 86
81 182
81 185
81 188
82 96
82 104
83 99
83 164
83 153
83 189
84 128
84 134
84 122
85 130
85 168
85 108
85 148
85 189
85 159
86 128
86 197
86 172
86 152
86 91
87 123
87 137
87 194
88 147
88 179
89 97
90 186
90 138
91 106
91 190
91 149
91 184
91 94
92 123
92 175
92 102
92 111
93 131
93 139
94 161
94 135
94 199
95 181
96 99
96 177
96 108
97 197
97 113
97 146
97 149
97 154
97 123
98 108
98 142
98 148
100 168
101 197
101 198
101 120
101 153
102 103
103 132
103 154
104 192
104 109
104 148
104 127
105 167
106 129
106 194
106 134
106 172
106 176
106 145
106 154
107 129
107 186
107 172
108 165
108 197
110 164
110 121
110 156
111 184
111 159
112 138
112 170
112 113
112 185
113 197
113 120
115 185
116 132
116 126
117 193
117 140
117 148
118 168
118 176
118 181
118 119
118 152
118 153
120 144
121 162
121 166
121 169
121 152
121 189
121 184
123 129
123 165
123 170
123 179
123 149
124 144
124 193
124 175
125 177
127 158
128 198
128 189
129 134
129 199
129 182
130 131
130 145
130 177
130 188
131 149
132 136
132 153
133 178
133 154
133 191
135 153
136 160
136 182
136 157
137 142
137 186
138 141
139 188
139 158
140 168
140 177
141 148
141 150
142 183
143 191
144 198
144 177
146 186
146 171
146 197
147 198
147 172
148 192
148 168
149 165
149 174
149 151
149 158
150 187
151 161
151 175
151 159
152 166
153 156
154 177
155 160
155 163
155 190
156 179
157 172
158 178
160 166
162 184
164 172
164 171
166 168
166 179
166 184
168 170
169 185
170 180
172 189
173 187
175 183
175 190
178 191
182 198
184 198
189 192
