200 600
0 193
0 99
0 156
0 5
1 198
1 8
1 75
1 88
1 59
1 29
2 120
2 26
2 156
2 144
3 194
3 6
3 71
3 141
3 189
3 63
4 128
4 130
4 198
4 139
4 140
4 180
4 24
4 59
5 163
5 196
6 167
6 41
6 137
6 143
6 22
6 124
7 49
7 26
7 19
7 193
8 196
8 197
8 166
8 45
8 117
8 119
8 121
9 49
9 22
9 183
10 35
10 166
10 42
10 106
10 181
10 94
11 70
11 72
11 168
11 75
11 171
11 16
11 18
11 153
11 127
12 196
12 197
12 137
12 74
12 107
12 142
12 145
12 50
12 156
12 28
13 136
13 138
13 174
13 49
13 148
13 185
14 128
14 35
14 99
14 164
14 89
14 126
14 25
15 88
15 89
15 180
15 95
16 48
16 113
16 140
17 168
17 74
17 140
17 184
17 92
17 157
18 64
18 41
18 124
18 190
19 110
19 85
19 86
19 120
19 57
19 187
20 98
20 130
20 101
20 135
20 167
20 168
20 181
20 30
21 56
21 93
21 191
22 129
22 194
22 99
22 38
22 169
22 76
22 175
22 81
22 150
22 184
22 58
22 28
22 61
23 72
23 119
23 127
23 39
24 148
24 118
24 151
25 136
25 42
25 116
25 184
25 27
26 138
26 141
26 80
26 85
26 118
27 126
27 109
27 118
28 195
28 69
28 38
28 39
28 180
28 55
29 137
29 172
29 174
29 83
29 52
29 89
30 184
30 38
30 87
31 71
31 199
31 77
31 45
31 78
31 152
31 59
31 126
32 99
32 195
32 135
32 75
32 43
32 176
32 94
33 64
33 170
33 36
33 69
33 165
34 151
34 126
34 143
35 101
35 135
35 111
35 143
35 94
36 99
36 141
36 48
36 83
36 126
36 92
36 62
37 97
37 66
37 62
38 96
38 105
38 184
39 89
39 186
39 171
40 106
40 67
40 46
41 99
41 198
41 83
41 182
42 136
42 99
42 180
43 99
43 70
43 167
43 168
43 85
43 149
43 184
43 94
44 130
44 165
44 105
44 112
44 113
44 57
44 157
44 158
45 89
46 167
46 148
46 143
47 163
47 132
47 106
47 48
47 153
47 63
48 193
48 73
48 107
48 140
48 144
48 153
49 165
49 150
49 184
49 187
50 138
50 180
50 86
51 64
51 187
51 142
51 175
52 79
53 137
53 187
53 177
53 165
53 86
54 134
55 193
55 134
55 74
55 139
55 76
55 154
56 89
56 57
56 148
56 102
57 99
57 103
57 142
57 156
57 189
57 62
58 97
58 197
58 102
58 73
58 180
58 158
59 66
59 125
60 166
60 188
60 132
60 77
60 102
61 97
61 114
61 163
61 188
62 100
62 111
62 147
62 182
63 65
63 133
63 75
63 141
64 96
64 178
64 188
64 190
65 194
65 164
65 70
65 71
65 108
65 178
65 119
65 89
65 92
65 183
66 177
66 85
66 119
66 185
67 89
67 172
67 104
67 87
68 99
68 133
68 165
68 104
68 80
68 86
68 150
68 90
69 98
69 101
69 136
69 143
69 112
69 118
69 150
69 154
70 146
70 158
71 96
71 169
71 142
71 147
71 86
71 92
71 94
72 167
72 106
72 83
72 150
72 154
73 172
74 190
75 132
76 191
76 142
76 132
77 99
77 146
77 182
77 119
78 128
78 131
78 136
78 124
78 157
79 155
79 174
80 174
80 166
80 135
81 195
81 164
81 190
82 163
82 179
82 116
82 150
82 124
82 190
83 196
83 177
83 88
83 90
84 152
84 173
84 159
85 161
85 198
85 108
85 114
85 147
85 181
86 129
86 174
86 148
87 187
88 191
88 193
88 122
88 167
88 90
88 127
89 199
89 144
89 187
90 136
91 121
91 92
91 173
91 166
91 119
92 96
92 118
92 120
93 139
93 173
93 118
93 188
93 126
94 129
94 102
95 180
95 164
96 129
96 98
96 172
96 185
97 170
97 137
98 136
99 168
99 126
100 153
100 147
100 172
101 160
101 136
101 141
101 173
101 120
102 122
102 180
103 146
103 169
103 197
104 179
104 195
106 181
106 125
107 137
108 178
108 145
108 197
109 115
109 186
109 125
109 175
110 147
111 166
112 169
112 178
113 193
113 198
114 148
114 125
115 130
116 136
116 123
116 140
117 186
117 146
117 166
117 175
118 134
118 198
118 138
118 171
118 143
118 181
120 176
120 190
121 132
122 145
122 133
122 143
123 193
123 194
123 195
123 159
124 165
124 133
124 177
125 166
125 141
126 197
126 134
126 172
127 189
127 176
129 141
129 176
129 177
130 137
132 141
133 163
133 164
133 199
133 173
133 151
133 187
134 177
134 186
135 140
135 152
136 165
136 199
136 171
136 147
136 183
136 156
137 151
138 164
138 197
138 191
140 181
140 182
141 145
141 147
142 181
142 152
143 161
143 198
143 146
143 184
146 175
146 147
146 148
146 152
147 154
147 187
148 194
148 163
148 164
148 171
148 188
149 185
149 177
150 184
150 187
151 181
151 156
152 157
153 191
154 161
154 163
154 197
154 169
155 185
155 157
156 169
157 196
157 183
158 163
158 177
158 182
159 173
159 174
160 169
160 164
161 169
163 199
166 190
168 179
168 181
170 196
172 179
174 186
175 191
176 192
180 184
190 198
190 191
191 196
