200 2000
0 64
0 37
0 101
0 134
0 168
0 11
0 78
0 80
0 176
0 177
0 51
0 52
0 148
0 22
0 153
0 60
1 133
1 6
1 11
1 14
1 142
1 19
1 23
1 152
1 153
1 151
1 155
1 166
1 167
1 47
1 51
1 183
1 67
1 196
1 197
1 80
1 116
1 120
1 121
2 128
2 33
2 161
2 194
2 195
2 101
2 104
2 9
2 74
2 138
2 110
2 86
2 87
2 91
2 92
2 158
2 191
3 135
3 139
3 20
3 22
3 32
3 43
3 172
3 45
3 46
3 50
3 55
3 188
3 193
3 194
3 73
3 74
3 94
3 104
3 106
3 111
3 112
3 119
3 125
4 39
4 8
4 169
4 141
4 47
4 177
4 180
4 183
4 187
4 124
4 29
4 158
5 33
5 65
5 39
5 105
5 42
5 11
5 44
5 139
5 46
5 171
5 112
5 188
5 147
5 116
5 21
5 55
5 124
5 94
5 127
6 130
6 131
6 132
6 133
6 134
6 135
6 8
6 137
6 161
6 199
6 174
6 79
6 83
6 157
6 56
6 126
6 124
6 93
6 94
7 128
7 194
7 68
7 101
7 102
7 165
7 40
7 104
7 10
7 197
7 187
7 176
7 49
7 83
7 52
7 22
7 119
7 151
7 57
7 27
7 191
8 33
8 65
8 161
8 193
8 72
8 42
8 91
8 76
8 108
8 155
8 143
8 175
8 50
8 178
8 53
8 27
8 28
8 93
8 127
9 129
9 132
9 141
9 16
9 147
9 25
9 158
9 31
9 34
9 166
9 42
9 173
9 54
9 57
9 58
9 190
9 192
9 69
9 199
9 77
9 78
9 87
9 91
9 97
9 107
10 100
10 169
10 12
10 142
10 15
10 79
10 124
10 144
10 51
10 116
10 92
10 125
11 143
11 25
11 158
11 159
11 37
11 40
11 168
11 44
11 173
11 49
11 177
11 55
11 57
11 187
11 61
11 194
11 73
11 74
11 78
11 101
11 108
11 125
12 33
12 129
12 100
12 134
12 71
12 198
12 106
12 110
12 79
12 111
12 112
12 146
12 51
12 52
12 83
12 185
12 186
12 28
12 157
12 62
13 163
13 100
13 37
13 196
13 136
13 74
13 190
13 48
13 144
13 145
13 177
13 84
13 119
13 149
13 23
13 88
13 157
13 27
13 124
13 152
13 30
14 33
14 65
14 98
14 37
14 38
14 100
14 134
14 41
14 197
14 155
14 109
14 113
14 18
14 19
14 179
14 181
14 87
14 25
14 59
14 93
15 65
15 66
15 67
15 36
15 69
15 99
15 42
15 108
15 78
15 111
15 112
15 177
15 51
15 115
15 180
15 150
15 24
15 59
15 157
15 190
16 64
16 162
16 187
16 37
16 41
16 171
16 77
16 78
16 47
16 48
16 145
16 173
16 174
16 20
16 148
16 176
16 182
16 183
16 91
16 95
17 99
17 195
17 69
17 38
17 73
17 105
17 139
17 76
17 45
17 169
17 113
17 177
17 51
17 148
17 151
17 92
18 133
18 145
18 147
18 20
18 22
18 150
18 28
18 31
18 32
18 33
18 160
18 43
18 174
18 175
18 58
18 66
18 68
18 70
18 80
18 88
18 120
18 125
19 128
19 97
19 100
19 101
19 102
19 71
19 198
19 75
19 76
19 172
19 79
19 48
19 110
19 142
19 116
19 151
20 30
20 33
20 39
20 44
20 48
20 49
20 50
20 177
20 178
20 188
20 65
20 67
20 195
20 197
20 76
20 83
20 94
20 95
20 100
20 107
20 126
21 192
21 65
21 34
21 122
21 103
21 40
21 41
21 186
21 45
21 78
21 80
21 81
21 112
21 83
21 148
21 86
21 183
21 24
21 58
21 27
22 133
22 141
22 143
22 24
22 27
22 28
22 40
22 41
22 175
22 186
22 61
22 198
22 79
22 80
22 84
22 94
22 100
22 105
22 106
22 118
22 123
22 125
23 96
23 128
23 163
23 36
23 133
23 39
23 175
23 48
23 116
23 53
23 54
23 121
23 92
23 62
23 127
24 129
24 132
24 178
24 52
24 53
24 181
24 55
24 182
24 59
24 191
24 195
24 71
24 74
24 77
24 81
24 83
24 84
24 91
24 110
24 122
24 123
25 196
25 166
25 103
25 40
25 46
25 48
25 142
25 175
25 61
25 118
25 182
25 184
25 29
25 63
26 96
26 33
26 66
26 97
26 36
26 98
26 38
26 39
26 134
26 196
26 197
26 107
26 77
26 144
26 181
26 55
26 56
26 91
26 156
26 125
27 139
27 142
27 151
27 155
27 30
27 159
27 162
27 46
27 47
27 177
27 180
27 53
27 198
27 93
27 100
27 114
27 118
28 194
28 67
28 43
28 76
28 109
28 150
28 122
28 59
29 131
29 133
29 137
29 155
29 159
29 43
29 173
29 189
29 194
29 195
29 68
29 70
29 73
29 74
29 96
29 105
29 109
29 111
29 112
29 113
29 116
29 121
29 124
30 128
30 130
30 131
30 142
30 143
30 146
30 147
30 160
30 40
30 168
30 169
30 49
30 56
30 187
30 61
30 64
30 193
30 197
30 71
30 74
30 76
30 78
30 89
30 102
30 120
31 191
31 131
31 100
31 167
31 171
31 140
31 173
31 82
31 115
31 117
31 147
31 91
31 95
32 99
32 104
32 107
32 144
32 81
32 50
32 179
32 117
32 86
32 151
32 157
32 188
32 61
32 62
33 131
33 137
33 139
33 150
33 156
33 157
33 160
33 167
33 171
33 173
33 174
33 180
33 181
33 191
33 66
33 75
33 76
33 77
33 91
33 101
33 122
33 126
34 160
34 65
34 66
34 99
34 192
34 40
34 169
34 45
34 143
34 112
34 144
34 50
34 115
34 116
34 54
34 85
34 146
34 178
34 183
35 42
35 76
35 48
35 179
35 153
35 59
35 124
35 93
35 126
36 130
36 137
36 146
36 147
36 157
36 164
36 37
36 39
36 171
36 44
36 177
36 179
36 181
36 60
36 62
36 197
36 198
36 199
36 114
37 128
37 153
37 39
37 167
37 169
37 43
37 172
37 54
37 184
37 57
37 197
37 74
37 76
37 80
37 98
37 104
37 121
38 133
38 146
38 147
38 148
38 151
38 154
38 156
38 164
38 40
38 42
38 171
38 45
38 50
38 180
38 181
38 56
38 58
38 59
38 78
38 100
38 119
38 124
39 144
39 150
39 161
39 43
39 44
39 178
39 184
39 185
39 187
39 64
39 66
39 196
39 70
39 88
39 93
39 95
39 108
39 117
39 123
39 124
39 127
40 149
40 155
40 159
40 173
40 175
40 176
40 181
40 61
40 63
40 64
40 83
40 85
40 95
40 118
40 119
41 195
41 166
41 135
41 154
41 75
41 111
41 48
41 51
41 83
41 86
41 56
41 121
41 147
41 61
41 126
42 65
42 185
42 136
42 49
42 177
42 151
42 56
42 183
42 154
43 68
43 70
43 103
43 169
43 195
43 139
43 199
43 83
43 188
43 125
43 150
43 184
43 91
43 191
44 129
44 68
44 71
44 196
44 172
44 77
44 109
44 117
44 148
44 182
44 88
44 153
44 154
44 63
45 100
45 69
45 133
45 141
45 111
45 80
45 117
45 91
45 125
46 65
46 97
46 185
46 69
46 103
46 104
46 91
46 77
46 147
46 85
46 90
46 158
46 159
47 128
47 130
47 67
47 163
47 136
47 91
47 143
47 49
47 80
47 81
47 125
47 86
47 90
47 93
47 126
47 63
48 130
48 159
48 164
48 165
48 168
48 172
48 177
48 188
48 63
48 191
48 67
48 88
48 97
48 98
48 102
48 109
48 118
48 119
48 123
48 127
49 131
49 136
49 140
49 142
49 153
49 157
49 158
49 159
49 176
49 54
49 184
49 185
49 195
49 69
49 80
49 84
49 100
49 108
50 128
50 98
50 99
50 198
50 140
50 174
50 82
50 147
50 54
50 187
51 137
51 142
51 145
51 162
51 165
51 168
51 59
51 72
51 88
51 90
51 103
51 104
51 113
51 118
51 127
52 132
52 138
52 144
52 152
52 169
52 176
52 178
52 179
52 180
52 183
52 187
52 189
52 61
52 63
52 68
52 197
52 114
52 119
53 162
53 67
53 194
53 72
53 138
53 107
53 79
53 183
53 149
53 150
53 151
53 56
53 182
53 158
53 159
54 131
54 138
54 145
54 152
54 153
54 155
54 163
54 171
54 172
54 181
54 182
54 185
54 190
54 194
54 197
54 95
54 102
54 109
54 111
55 65
55 161
55 198
55 186
55 73
55 170
55 175
55 82
55 114
55 117
55 92
55 62
55 95
56 133
56 163
56 167
56 180
56 57
56 63
56 195
56 72
56 75
56 82
56 88
56 93
56 94
56 102
56 118
57 160
57 97
57 163
57 70
57 72
57 102
57 104
57 171
57 197
57 112
57 152
57 125
57 191
58 130
58 162
58 165
58 141
58 80
58 81
58 180
58 117
58 152
58 61
58 63
59 129
59 130
59 101
59 136
59 143
59 146
59 63
60 160
60 66
60 163
60 101
60 134
60 138
60 147
60 154
61 135
61 156
61 174
61 183
61 188
61 66
61 198
61 71
61 73
61 76
61 88
61 91
61 106
61 115
61 123
62 160
62 67
62 197
62 103
62 167
62 139
62 140
62 171
62 84
62 152
62 92
62 127
63 98
63 130
63 69
63 70
63 105
63 187
63 142
63 178
63 180
63 119
63 124
64 142
64 146
64 151
64 162
64 182
64 189
64 190
64 67
64 68
64 74
64 84
64 93
64 95
64 97
64 99
64 101
64 111
65 196
65 101
65 167
65 72
65 109
65 148
65 150
65 186
65 123
65 93
65 158
66 129
66 161
66 69
66 101
66 133
66 193
66 108
66 140
66 92
66 179
66 93
66 125
66 180
67 133
67 160
67 173
67 174
67 198
67 71
67 76
67 79
67 88
67 91
67 105
67 110
67 113
68 97
68 99
68 196
68 135
68 107
68 112
68 147
68 91
69 128
69 159
69 71
69 76
69 108
69 109
69 113
69 116
69 143
69 151
69 184
69 125
70 138
70 140
70 148
70 150
70 152
70 159
70 163
70 168
70 171
70 173
70 177
70 185
70 188
70 193
70 71
70 88
70 94
70 95
70 104
71 137
71 139
71 164
71 186
71 188
71 192
71 194
71 72
71 82
71 85
71 86
71 88
71 90
71 100
71 106
71 107
71 108
71 113
72 102
72 139
72 173
72 81
72 177
72 119
72 149
72 87
72 125
72 190
73 143
73 149
73 151
73 158
73 161
73 167
73 171
73 185
73 77
73 83
73 97
73 102
73 104
73 113
73 118
73 122
73 125
74 132
74 102
74 162
74 136
74 163
74 170
74 77
74 144
74 177
74 186
75 98
75 163
75 195
75 104
75 136
75 109
75 145
75 121
75 91
75 188
75 125
76 128
76 163
76 107
76 141
76 78
76 80
76 178
76 88
77 134
77 158
77 163
77 166
77 174
77 175
77 176
77 187
77 190
77 81
77 82
77 98
77 114
77 117
78 129
78 101
78 103
78 133
78 170
78 80
78 112
78 147
78 88
78 126
79 161
79 106
79 138
79 110
79 80
79 83
79 182
79 90
79 189
80 156
80 158
80 161
80 163
80 165
80 171
80 187
80 82
80 84
80 89
80 102
80 103
80 104
80 107
80 112
80 122
81 99
81 132
81 164
81 198
81 105
81 136
81 139
81 171
81 109
81 144
81 145
81 156
81 92
81 152
82 128
82 143
82 149
82 150
82 158
82 161
82 168
82 184
82 191
82 198
82 83
82 84
82 86
82 88
82 94
82 104
82 112
82 117
83 129
83 137
83 143
83 165
83 168
83 170
83 174
83 189
83 103
83 106
83 114
84 128
84 131
84 135
84 143
84 154
84 162
84 163
84 165
84 174
84 179
84 183
84 191
84 196
84 197
84 198
84 96
84 104
84 105
84 110
84 115
84 117
84 119
85 102
85 109
85 111
85 141
85 146
85 179
85 150
85 122
85 188
86 161
86 163
86 165
86 134
86 103
86 136
86 171
86 172
86 173
86 142
86 146
86 154
86 190
86 127
87 161
87 164
87 134
87 135
87 136
87 187
87 110
87 178
87 115
87 183
87 89
87 186
87 123
87 158
87 191
88 131
88 141
88 147
88 151
88 168
88 172
88 182
88 186
88 193
88 111
88 114
88 125
88 127
89 128
89 160
89 130
89 195
89 198
89 135
89 186
89 174
89 179
89 154
89 92
89 159
90 129
90 98
90 161
90 133
90 102
90 169
90 106
90 172
90 145
90 174
90 188
90 119
90 154
90 124
90 158
91 132
91 135
91 146
91 157
91 160
91 162
91 163
91 177
91 191
91 197
91 98
91 111
91 113
91 117
91 121
91 126
92 121
92 153
92 165
92 170
92 143
92 186
92 158
93 131
93 190
94 192
94 97
94 165
94 108
94 109
94 117
94 118
94 153
94 123
94 126
95 133
95 146
95 154
95 158
95 164
95 170
95 173
95 176
95 194
95 199
95 108
95 115
95 117
95 119
95 126
96 131
96 165
96 102
96 135
96 166
96 169
96 197
96 113
96 149
96 155
96 156
97 121
97 193
97 108
97 109
97 110
97 144
97 151
97 152
97 156
97 157
97 191
98 192
98 129
98 168
98 137
98 106
98 110
98 146
98 179
98 120
98 158
99 164
99 172
99 109
99 143
99 147
99 150
99 191
100 160
100 132
100 199
100 105
100 139
100 143
100 115
101 131
101 166
101 193
101 195
101 114
101 116
101 188
101 119
102 139
102 140
102 154
102 155
102 158
102 165
102 169
102 188
102 189
102 193
102 197
102 116
102 125
103 128
103 153
103 197
103 108
103 180
103 154
103 158
104 121
104 163
104 164
104 105
104 111
104 113
104 142
105 137
105 139
105 140
105 158
105 164
105 174
105 181
105 187
105 195
105 196
105 109
105 110
105 114
105 119
105 120
106 192
106 193
106 132
106 199
106 114
106 147
106 152
106 156
106 126
106 159
107 133
107 135
107 137
107 144
107 155
107 159
107 182
107 186
107 189
107 192
107 197
107 198
107 108
107 115
107 119
107 124
108 131
108 144
108 165
108 171
108 176
108 185
108 188
108 191
108 197
108 114
108 118
108 120
109 158
109 172
109 173
109 174
109 179
109 181
109 113
110 195
110 134
110 197
110 198
110 190
111 130
111 112
111 148
111 149
111 158
112 166
112 168
112 113
112 143
112 117
112 149
113 129
113 130
113 139
113 146
113 169
113 176
113 179
113 186
113 196
113 118
113 125
114 132
114 134
114 135
114 167
114 178
114 184
114 189
114 190
114 191
114 196
114 125
115 193
115 131
115 172
115 143
115 152
115 180
115 150
115 120
116 169
116 198
116 117
117 136
117 143
117 154
117 172
117 182
117 191
117 124
117 126
118 131
118 185
118 133
118 196
118 155
118 176
118 147
118 189
119 133
119 151
119 179
119 182
119 183
119 197
119 198
119 121
120 193
120 132
120 195
120 166
120 177
120 150
120 184
121 164
121 166
121 139
121 140
121 148
121 181
122 128
122 195
122 132
122 133
122 135
122 170
122 142
122 177
122 126
123 192
123 162
123 195
123 198
123 139
123 140
123 171
123 173
123 175
123 184
124 191
124 162
124 132
124 135
124 166
124 158
125 129
125 136
125 163
125 172
125 174
125 184
125 197
126 131
126 168
126 140
126 144
126 183
127 129
127 193
127 137
127 171
127 144
127 180
127 149
127 153
128 129
128 193
128 134
128 142
128 175
128 149
129 161
129 133
129 199
129 140
129 146
129 152
130 185
130 197
130 134
130 135
130 137
130 138
130 167
130 146
130 179
131 132
131 134
131 147
131 149
131 153
131 160
131 164
131 166
131 170
132 195
132 172
132 185
132 190
133 154
133 163
133 169
133 179
133 181
133 185
133 196
134 163
134 164
134 166
134 186
134 175
134 145
135 172
135 143
135 190
136 140
136 180
136 182
136 189
136 191
137 162
137 195
137 170
137 173
137 185
138 166
138 139
138 172
138 174
138 143
138 176
138 148
138 153
139 144
139 147
139 149
139 176
139 190
139 193
140 165
140 198
140 155
140 145
140 150
140 156
141 163
141 195
141 154
141 168
141 199
141 174
141 175
141 181
141 153
141 190
141 191
142 193
142 168
142 176
142 182
143 150
143 153
143 154
143 170
143 181
144 153
144 156
144 158
144 159
144 165
144 168
144 169
144 190
144 194
145 179
145 181
145 183
145 187
145 189
146 161
146 148
146 150
146 183
146 153
146 188
147 150
147 151
147 183
147 185
148 160
148 166
148 169
148 156
148 189
149 161
149 173
149 179
150 167
150 176
150 177
150 180
150 190
150 195
151 195
151 170
151 173
151 186
152 192
152 153
152 163
152 195
152 190
153 154
153 177
153 184
153 189
153 198
154 167
154 174
154 187
154 191
154 192
154 194
155 192
155 178
156 162
156 163
156 186
157 162
158 165
158 177
158 182
158 184
158 197
159 166
159 169
159 178
160 164
160 184
161 191
162 164
162 183
162 190
163 167
163 172
163 174
163 186
163 199
164 169
164 174
165 197
165 174
166 174
166 178
166 182
166 183
166 186
166 196
166 198
167 192
167 169
167 183
167 187
168 192
168 177
168 184
169 178
169 190
169 193
170 191
170 179
171 175
171 179
171 184
171 182
172 179
173 195
173 180
174 187
174 198
175 193
175 185
176 188
177 186
177 191
177 192
177 195
177 197
178 194
178 196
178 188
178 184
180 187
180 181
181 185
181 195
181 187
182 185
182 186
182 190
182 191
183 192
185 199
186 192
186 194
188 192
188 190
190 199
191 197
192 195
194 196
195 199
196 198
197 199
