200 500
0 75
0 73
0 170
0 35
1 16
1 137
1 11
1 52
1 135
2 160
2 115
2 60
2 192
2 15
3 9
3 37
3 45
3 149
4 112
4 126
4 172
4 125
4 118
5 61
5 128
5 27
5 28
5 141
6 8
6 189
7 100
7 10
7 11
7 12
7 183
7 25
7 91
8 91
8 52
8 13
8 151
9 128
9 33
9 198
9 167
9 140
9 46
9 93
10 128
10 195
10 136
10 76
10 113
10 146
10 83
10 31
11 36
11 138
11 157
11 125
11 126
12 119
12 140
12 165
13 66
13 167
13 71
13 115
13 95
14 160
14 65
14 59
14 57
14 49
15 58
15 52
15 77
15 44
16 24
16 98
16 108
16 55
17 193
17 80
17 82
17 18
17 180
17 86
18 73
18 186
18 89
18 178
19 185
19 133
20 128
20 161
20 74
20 85
20 41
21 113
21 162
21 179
21 23
21 183
22 45
22 78
22 46
22 145
22 88
22 124
22 158
24 155
24 111
25 37
25 106
25 171
25 176
25 151
25 88
25 31
26 134
26 105
26 82
26 180
26 156
26 63
27 167
27 107
27 108
27 111
27 88
27 89
27 30
28 134
28 72
28 168
28 42
28 51
28 57
28 58
29 33
29 67
29 124
29 165
29 175
30 115
30 49
30 117
30 62
31 160
31 131
31 132
31 177
31 180
31 117
31 151
32 64
32 65
32 163
32 37
32 74
32 83
32 186
33 112
33 99
33 117
34 129
34 164
34 74
34 174
34 83
34 91
35 38
35 55
36 68
36 73
36 77
36 111
36 91
37 100
37 108
37 112
37 95
38 164
38 163
38 176
38 84
38 124
39 146
39 189
40 192
40 135
40 138
40 154
40 151
41 102
42 106
42 86
43 137
43 157
44 96
44 110
44 84
44 86
45 147
45 196
45 77
46 104
46 142
46 78
46 91
47 144
48 152
48 98
48 102
49 65
49 164
49 76
49 157
49 94
50 196
50 92
51 137
51 107
51 175
51 151
51 124
51 189
51 94
52 172
52 79
52 117
52 59
53 105
53 91
53 63
54 185
55 161
55 65
55 135
55 118
56 129
56 175
58 134
60 89
60 154
60 142
60 199
61 89
61 100
62 170
62 91
63 84
63 90
64 106
64 81
64 152
64 123
64 93
65 96
65 163
65 100
65 167
65 151
66 128
66 161
66 99
66 76
66 186
67 137
67 171
67 77
67 84
67 152
68 126
68 166
68 95
69 113
69 122
69 91
69 190
70 152
70 189
71 161
71 102
72 92
73 96
73 197
73 168
73 149
73 183
75 83
75 140
75 150
75 103
76 130
76 165
76 138
76 95
77 170
78 135
79 107
79 163
79 150
80 90
80 189
81 170
81 100
81 166
81 95
82 189
83 166
83 105
83 152
83 93
83 190
84 175
84 117
84 154
84 157
85 152
87 115
87 172
88 98
88 153
88 164
88 136
88 112
88 144
89 143
89 176
89 116
89 91
90 172
90 141
90 142
90 182
91 133
91 186
92 165
92 198
93 152
93 126
94 184
94 148
94 150
95 187
96 161
96 167
96 148
96 157
97 192
97 178
97 107
97 134
98 150
98 199
99 129
99 134
99 179
99 119
100 168
100 183
101 186
101 166
101 198
102 155
102 188
102 189
103 194
103 198
103 105
103 111
103 153
103 155
104 193
104 194
104 187
104 173
105 196
105 198
105 147
106 198
106 138
106 125
107 192
107 186
107 159
108 177
108 164
109 168
110 120
110 142
110 172
110 126
111 130
111 163
112 143
112 175
113 193
113 168
113 114
114 187
115 164
115 135
115 183
116 128
116 161
117 138
117 181
117 183
117 121
118 165
118 157
119 128
119 161
119 139
119 149
120 136
122 172
123 188
123 156
123 141
123 190
124 145
125 162
125 163
125 198
126 162
126 141
127 130
127 197
127 135
127 171
127 145
127 146
127 186
128 160
129 179
129 134
130 136
130 137
130 140
130 145
130 178
130 149
131 141
132 161
133 192
136 179
136 189
137 170
137 157
138 175
138 148
138 153
139 147
139 180
141 181
142 180
143 155
143 166
144 173
145 190
147 170
147 151
148 164
148 177
148 157
149 158
152 192
152 196
154 181
155 160
155 173
155 177
155 178
155 188
156 168
156 172
156 176
161 166
162 194
164 173
164 179
164 189
165 180
165 188
169 197
169 190
170 176
170 187
174 195
176 177
178 191
179 189
181 189
183 194
183 184
188 198
