200 2000
0 132
0 134
0 7
0 135
0 9
0 151
0 156
0 160
0 38
0 40
0 170
0 172
0 178
0 59
0 187
0 193
0 70
0 198
0 77
0 93
0 105
0 113
0 114
0 115
0 118
0 123
0 124
1 32
1 38
1 103
1 105
1 74
1 75
1 110
1 175
1 16
1 48
1 50
1 23
1 59
1 127
2 3
2 4
2 6
2 134
2 146
2 147
2 20
2 24
2 161
2 35
2 42
2 51
2 55
2 184
2 59
2 79
2 81
2 86
2 99
2 103
2 105
2 106
2 107
2 110
2 112
2 115
2 127
3 97
3 99
3 129
3 131
3 132
3 165
3 196
3 169
3 11
3 75
3 45
3 109
3 15
3 111
3 49
3 146
3 55
3 125
4 128
4 6
4 7
4 136
4 9
4 12
4 21
4 149
4 26
4 154
4 29
4 157
4 166
4 40
4 172
4 46
4 48
4 181
4 77
4 81
4 82
4 87
4 97
4 98
4 104
4 112
5 64
5 192
5 162
5 132
5 7
5 103
5 11
5 77
5 110
5 111
5 83
5 84
5 180
5 181
5 119
5 189
5 58
5 93
5 94
6 193
6 101
6 7
6 104
6 46
6 47
6 176
6 51
6 150
6 88
6 89
6 187
6 28
6 189
6 190
7 9
7 137
7 144
7 17
7 159
7 163
7 175
7 178
7 180
7 53
7 183
7 186
7 60
7 61
7 71
7 80
7 82
7 83
7 99
7 104
7 106
8 96
8 163
8 100
8 71
8 168
8 138
8 110
8 142
8 175
8 18
8 146
8 179
8 182
8 24
8 89
8 155
8 156
8 93
8 190
8 127
9 18
9 29
9 36
9 165
9 170
9 46
9 47
9 181
9 188
9 191
9 65
9 66
9 67
9 193
9 73
9 79
9 83
9 93
9 95
9 97
9 120
9 121
10 130
10 138
10 141
10 20
10 21
10 153
10 26
10 27
10 29
10 158
10 164
10 42
10 177
10 185
10 60
10 191
10 198
10 76
10 77
10 102
10 106
10 107
10 109
10 120
10 123
11 34
11 130
11 131
11 71
11 196
11 198
11 43
11 13
11 141
11 142
11 112
11 174
11 83
11 183
11 89
11 122
11 189
11 62
11 63
12 137
12 142
12 15
12 17
12 145
12 152
12 155
12 29
12 31
12 32
12 165
12 167
12 42
12 43
12 172
12 51
12 181
12 62
12 196
12 73
12 77
12 97
12 103
12 107
12 120
12 124
12 126
12 127
13 128
13 131
13 142
13 148
13 25
13 154
13 166
13 39
13 167
13 51
13 184
13 60
13 67
13 69
13 77
13 82
13 89
13 104
13 112
13 119
13 120
13 126
14 64
14 68
14 101
14 196
14 39
14 72
14 137
14 169
14 187
14 17
14 49
14 83
14 52
14 113
14 148
14 149
14 155
15 140
15 16
15 148
15 25
15 163
15 39
15 172
15 51
15 180
15 56
15 184
15 187
15 60
15 63
15 192
15 65
15 68
15 72
15 75
15 90
15 100
15 105
15 123
16 65
16 97
16 100
16 37
16 70
16 162
16 138
16 43
16 172
16 78
16 114
16 84
16 86
16 150
16 121
16 27
16 60
16 95
17 192
17 133
17 166
17 199
17 139
17 45
17 140
17 156
17 146
17 52
17 57
17 59
17 60
18 163
18 69
18 138
18 43
18 140
18 144
18 81
18 176
18 51
18 148
18 85
19 161
19 98
19 37
19 166
19 74
19 174
19 92
19 81
19 23
19 53
19 54
19 22
19 24
19 87
19 123
19 60
19 93
19 62
19 191
20 161
20 130
20 132
20 37
20 69
20 103
20 104
20 73
20 109
20 112
20 50
20 114
20 52
20 22
20 86
20 88
20 183
20 152
21 160
21 192
21 99
21 36
21 39
21 136
21 42
21 76
21 145
21 51
21 52
21 150
21 24
21 56
21 91
21 28
21 125
22 96
22 191
22 99
22 196
22 133
22 135
22 173
22 79
22 112
22 156
22 82
22 116
22 176
22 87
22 152
22 89
22 124
22 29
22 31
23 131
23 143
23 25
23 29
23 32
23 33
23 160
23 174
23 176
23 177
23 178
23 54
23 55
23 182
23 73
23 75
23 82
23 84
23 87
23 92
23 95
23 98
23 109
23 115
23 120
24 121
24 102
24 59
24 169
24 107
24 155
24 172
24 46
24 144
24 49
24 179
24 149
24 182
24 57
24 27
24 28
24 158
25 32
25 96
25 133
25 38
25 166
25 40
25 197
25 139
25 44
25 109
25 172
25 178
25 179
25 85
25 125
25 29
26 64
26 121
26 128
26 37
26 71
26 42
26 110
26 79
26 81
26 114
26 145
26 53
26 94
26 57
26 186
26 125
26 30
27 134
27 148
27 156
27 157
27 28
27 162
27 37
27 172
27 181
27 183
27 57
27 187
27 188
27 61
27 63
27 193
27 70
27 85
27 103
27 104
27 118
27 124
28 149
28 158
28 160
28 162
28 35
28 37
28 168
28 190
28 192
28 196
28 69
28 70
28 199
28 72
28 89
28 91
28 96
28 103
28 105
28 115
28 125
29 130
29 134
29 141
29 150
29 30
29 160
29 38
29 177
29 54
29 184
29 60
29 190
29 195
29 81
29 88
29 118
30 129
30 130
30 134
30 145
30 33
30 167
30 40
30 42
30 174
30 178
30 57
30 61
30 62
30 196
30 73
30 79
30 88
30 90
30 91
30 101
30 107
30 110
30 111
30 116
30 118
31 137
31 147
31 35
31 165
31 174
31 52
31 180
31 181
31 63
31 192
31 199
31 72
31 76
31 87
31 89
31 98
31 101
31 104
31 115
31 118
31 126
32 192
32 99
32 131
32 196
32 38
32 102
32 199
32 44
32 46
32 51
32 117
32 151
32 152
33 129
33 132
33 134
33 137
33 140
33 153
33 161
33 37
33 179
33 55
33 188
33 61
33 63
33 194
33 195
33 197
33 80
33 89
33 105
33 122
33 125
34 161
34 194
34 131
34 133
34 166
34 136
34 41
34 74
34 139
34 77
34 81
34 55
34 153
35 64
35 65
35 162
35 132
35 163
35 72
35 168
35 170
35 139
35 76
35 172
35 93
35 116
35 151
35 120
35 121
35 61
35 190
36 66
36 68
36 40
36 43
36 47
36 53
36 85
36 157
36 125
36 94
37 144
37 156
37 157
37 162
37 40
37 42
37 47
37 56
37 61
37 72
37 78
37 80
37 92
37 99
37 102
37 104
37 109
37 116
37 122
38 130
38 131
38 135
38 141
38 145
38 161
38 163
38 39
38 170
38 175
38 62
38 64
38 194
38 73
38 101
38 113
38 125
39 132
39 136
39 140
39 146
39 157
39 40
39 176
39 177
39 180
39 58
39 59
39 60
39 63
39 65
39 194
39 68
39 73
39 79
39 97
39 98
39 107
39 111
39 122
40 133
40 144
40 167
40 43
40 176
40 186
40 62
40 63
40 195
40 75
40 76
40 96
40 107
40 109
40 120
40 126
41 192
41 65
41 163
41 194
41 166
41 172
41 142
41 111
41 47
41 175
41 180
41 181
41 152
41 127
42 130
42 141
42 165
42 173
42 49
42 182
42 190
42 75
42 78
42 84
42 92
42 93
42 97
42 106
42 107
42 109
42 112
43 97
43 196
43 103
43 104
43 136
43 172
43 113
43 85
43 119
43 88
43 187
43 94
43 127
44 64
44 159
44 194
44 134
44 168
44 139
44 141
44 174
44 112
44 51
44 181
44 188
44 127
45 153
45 163
45 69
45 169
45 76
45 140
45 46
45 141
45 143
45 82
45 175
45 52
45 148
45 189
45 55
45 121
45 157
46 96
46 129
46 153
46 193
46 172
46 120
46 174
46 48
46 178
46 89
46 60
46 152
47 161
47 132
47 133
47 73
47 106
47 77
47 141
47 111
47 81
47 83
47 121
47 58
47 92
47 95
48 192
48 70
48 198
48 73
48 76
48 111
48 174
48 49
48 52
48 84
48 152
48 62
49 64
49 65
49 160
49 67
49 196
49 168
49 170
49 141
49 175
49 80
49 145
49 180
49 90
49 91
49 184
50 64
50 66
50 130
50 197
50 167
50 176
50 51
50 83
50 54
50 119
50 120
50 147
50 122
50 60
51 196
51 102
51 75
51 176
51 180
51 53
51 181
51 152
51 58
51 156
52 97
52 129
52 67
52 68
52 137
52 170
52 140
52 141
52 80
52 179
52 158
52 126
53 130
53 67
53 69
53 102
53 162
53 73
53 169
53 139
53 140
53 80
53 177
53 85
53 189
53 95
54 160
54 130
54 132
54 164
54 198
54 199
54 78
54 83
54 178
54 179
54 156
55 129
55 142
55 149
55 181
55 186
55 60
55 61
55 188
55 63
55 194
55 74
55 81
55 93
55 94
55 105
55 111
55 114
55 120
56 97
56 198
56 136
56 108
56 142
56 80
56 145
56 116
56 184
56 89
57 162
57 67
57 133
57 199
57 186
57 107
57 77
57 112
57 113
57 116
57 62
57 156
57 157
57 63
58 97
58 163
58 68
58 198
58 105
58 139
58 156
58 117
58 182
58 183
58 92
58 61
58 159
59 128
59 195
59 70
59 73
59 112
59 177
59 117
59 149
59 119
59 155
60 128
60 155
60 156
60 166
60 174
60 186
60 195
60 70
60 75
60 92
61 131
61 102
61 165
61 168
61 138
61 170
61 108
61 83
61 183
61 153
62 129
62 153
62 135
62 107
62 176
62 84
62 148
62 90
62 156
62 125
63 128
63 131
63 156
63 159
63 161
63 162
63 165
63 173
63 180
63 195
63 198
63 74
63 75
63 94
63 104
63 111
63 120
64 128
64 102
64 103
64 73
64 133
64 136
64 138
64 171
64 175
64 179
64 183
64 155
65 129
65 161
65 100
65 165
65 166
65 196
65 171
65 172
65 112
65 146
65 116
65 148
65 86
66 193
66 99
66 167
66 168
66 105
66 75
66 139
66 141
66 110
66 143
66 172
66 118
66 150
66 123
67 131
67 103
67 168
67 111
67 177
67 178
67 183
67 123
68 135
68 139
68 140
68 141
68 150
68 155
68 162
68 164
68 169
68 180
68 184
68 185
68 191
68 77
68 97
68 103
68 117
69 128
69 140
69 145
69 153
69 158
69 165
69 182
69 184
69 193
69 70
69 71
69 79
69 84
69 92
69 103
69 110
69 123
70 192
70 185
70 71
70 73
70 155
70 78
70 92
70 149
70 87
70 153
70 189
70 190
71 161
71 193
71 163
71 132
71 72
71 178
71 84
71 149
71 86
71 183
71 152
71 187
71 126
72 160
72 161
72 98
72 132
72 168
72 137
72 138
72 140
72 127
72 118
72 87
73 134
73 151
73 165
73 167
73 169
73 171
73 175
73 177
73 189
73 94
73 99
74 192
74 99
74 129
74 133
74 162
74 103
74 164
74 197
74 106
74 76
74 81
74 88
74 185
74 127
75 133
75 137
75 143
75 156
75 159
75 167
75 177
75 178
75 182
75 183
75 186
75 195
75 197
75 199
75 77
75 86
75 89
75 103
75 111
75 125
76 98
76 135
76 106
76 170
76 118
76 121
76 92
77 133
77 141
77 152
77 154
77 161
77 174
77 175
77 180
77 194
77 86
77 91
77 92
77 94
77 97
77 102
77 111
77 121
77 125
78 161
78 130
78 99
78 100
78 102
78 131
78 85
78 149
78 88
78 150
78 156
78 190
79 100
79 135
79 139
79 177
79 82
79 83
79 116
80 98
80 164
80 133
80 196
80 137
80 197
80 109
80 88
80 93
80 95
81 96
81 154
81 136
81 168
81 139
81 146
81 87
81 151
81 121
81 159
82 130
82 133
82 168
82 176
82 149
82 87
82 118
82 123
82 120
83 133
83 135
83 142
83 144
83 161
83 168
83 187
83 95
83 96
83 104
83 125
83 127
84 132
84 134
84 141
84 153
84 154
84 157
84 163
84 168
84 182
84 193
84 196
84 96
84 98
84 114
84 126
84 127
85 128
85 153
85 165
85 173
85 112
85 176
85 117
85 150
85 152
85 154
85 127
85 95
86 192
86 161
86 137
86 106
86 139
86 144
86 179
86 189
86 120
86 155
86 152
87 104
87 170
87 174
87 145
87 117
87 149
87 157
87 93
88 101
88 104
88 137
88 139
88 173
88 111
88 112
88 177
88 190
88 156
89 104
89 106
89 120
89 138
89 140
89 168
89 174
89 90
89 152
89 184
90 160
90 133
90 103
90 154
90 105
90 167
90 169
90 199
90 114
90 126
91 169
91 110
91 190
91 144
91 177
91 115
91 157
91 191
92 159
92 161
92 192
92 196
92 108
92 148
92 185
92 93
92 94
92 95
93 96
93 117
93 152
93 182
94 159
94 195
94 102
94 199
94 127
94 113
94 153
95 96
95 133
95 134
95 103
95 135
95 198
95 173
95 143
95 117
95 183
95 189
96 140
96 144
96 165
96 174
96 197
96 99
96 107
96 109
96 111
96 120
96 122
96 125
97 129
97 131
97 135
97 143
97 145
97 162
97 166
97 167
97 170
97 183
97 192
97 194
97 111
98 159
98 163
98 102
98 110
98 113
98 116
98 150
98 153
98 122
98 157
98 183
99 166
99 199
99 106
99 169
99 144
99 176
99 149
100 195
100 196
100 133
100 166
100 135
100 198
100 155
100 144
100 147
100 175
100 186
100 123
100 156
100 125
101 194
101 197
101 167
101 198
101 119
101 188
101 125
102 128
102 129
102 130
102 131
102 138
102 143
102 147
102 150
102 156
102 165
102 105
102 115
103 141
103 147
103 151
103 155
103 156
103 174
103 179
103 183
103 189
103 190
103 115
103 116
103 117
103 118
103 121
103 126
104 193
104 131
104 106
104 107
104 141
104 125
104 126
105 137
105 157
105 161
105 163
105 175
105 181
105 182
105 187
105 191
105 112
105 116
106 129
106 131
106 149
106 152
106 160
106 163
106 176
106 178
106 195
106 198
106 199
106 109
106 110
106 113
106 114
106 123
107 130
107 131
107 139
107 140
107 144
107 146
107 157
107 169
107 184
107 187
107 192
107 117
107 119
107 122
108 131
108 168
108 175
108 114
108 146
108 189
108 120
108 191
109 145
109 150
109 160
109 161
109 163
109 171
109 181
109 192
109 113
109 119
109 121
110 192
110 161
110 123
110 170
110 173
110 143
110 113
111 130
111 143
111 151
111 166
111 169
111 174
111 187
111 190
111 196
111 199
112 129
112 138
112 172
113 128
113 129
113 148
113 163
113 164
113 166
113 169
113 174
113 189
113 193
113 123
113 127
114 162
114 166
114 197
114 139
114 179
114 116
114 150
114 155
114 127
115 160
115 163
115 166
115 169
115 123
115 172
115 174
115 175
115 124
115 178
115 153
116 168
116 199
116 147
116 181
116 189
117 198
117 178
117 148
117 156
118 128
118 160
118 137
118 158
118 139
118 140
118 190
118 181
118 127
119 193
119 164
119 136
119 146
119 182
120 133
120 143
120 155
120 162
120 180
120 121
120 127
121 133
121 134
121 154
121 137
121 142
121 149
121 190
122 160
122 165
122 199
122 175
122 176
122 148
122 149
122 125
123 129
123 197
123 198
123 142
123 151
124 128
124 195
124 171
124 140
124 141
124 144
124 184
125 199
125 182
125 151
126 191
126 154
126 169
126 172
126 177
126 146
126 127
127 141
127 160
127 180
127 192
127 194
128 192
128 194
128 131
128 163
128 171
128 187
128 180
129 139
129 143
129 162
129 169
129 173
129 179
129 180
129 183
129 186
130 174
130 177
130 181
131 164
131 168
131 171
131 175
131 182
131 185
131 186
131 188
132 164
132 140
132 144
132 182
132 155
133 141
133 170
133 196
133 197
134 153
134 160
134 171
134 140
134 174
134 187
134 149
134 152
135 162
135 192
135 196
135 198
135 137
135 170
135 174
135 182
135 154
135 158
136 165
136 138
136 170
136 144
136 155
136 190
137 139
137 149
137 155
137 159
137 167
137 168
137 171
137 180
137 186
137 195
138 160
138 162
138 175
138 151
138 187
138 191
139 143
139 145
139 160
139 161
139 166
139 181
139 182
139 195
140 145
140 167
140 168
140 169
140 173
140 181
140 191
140 198
141 153
141 164
141 176
141 178
141 188
141 189
141 190
142 161
142 162
142 163
142 155
142 150
142 183
143 168
143 169
143 175
143 182
143 188
144 172
144 190
145 161
145 194
145 165
145 171
145 183
145 189
146 168
146 173
146 176
146 148
146 152
147 159
147 191
147 165
147 168
147 175
147 180
147 184
147 187
148 194
148 198
149 162
149 165
149 172
149 180
150 193
150 195
150 178
150 151
150 181
151 160
151 163
152 153
152 158
152 159
152 177
152 178
152 179
152 183
152 186
152 198
153 199
153 174
153 178
153 154
154 165
154 167
154 169
154 180
154 184
155 194
155 199
156 167
156 175
156 177
156 183
156 197
157 193
157 163
157 197
157 190
158 195
158 182
158 184
159 160
159 161
159 165
159 186
160 168
160 173
160 179
160 182
160 184
160 198
161 189
162 164
163 166
163 183
163 190
163 194
163 196
163 197
164 196
164 197
164 198
164 171
164 179
164 186
165 177
165 179
165 185
165 194
166 169
166 174
167 198
167 168
167 186
167 190
167 178
167 179
168 170
168 174
168 183
168 186
168 193
169 173
169 185
169 197
170 196
171 174
171 191
172 173
172 184
173 199
173 174
173 175
173 183
174 185
174 189
174 192
174 198
175 178
175 179
175 181
175 183
175 194
176 195
176 196
176 177
177 196
177 190
178 187
179 197
179 182
180 184
180 185
180 196
181 191
182 194
182 199
184 186
185 199
185 186
185 187
186 198
188 194
188 195
189 197
189 198
189 190
191 193
195 196
198 199
