200 2000
0 129
0 196
0 135
0 8
0 9
0 73
0 154
0 44
0 109
0 79
0 80
0 82
0 116
0 118
0 87
0 120
0 57
0 122
0 190
0 126
0 191
1 64
1 128
1 34
1 185
1 192
1 39
1 167
1 173
1 47
1 175
1 81
1 182
1 88
1 153
1 122
1 124
1 126
2 129
2 196
2 5
2 135
2 136
2 9
2 73
2 186
2 44
2 144
2 177
2 20
2 148
2 22
2 26
2 93
2 191
3 128
3 65
3 67
3 36
3 99
3 70
3 100
3 133
3 73
3 168
3 187
3 46
3 79
3 80
3 113
3 24
3 121
3 155
3 156
3 159
4 195
4 132
4 37
4 7
4 40
4 73
4 74
4 46
4 110
4 16
4 48
4 18
4 82
4 111
4 116
4 127
5 96
5 35
5 130
5 133
5 103
5 43
5 12
5 172
5 110
5 16
5 18
5 83
5 178
5 53
5 54
5 181
5 157
5 31
6 10
6 139
6 140
6 141
6 16
6 20
6 149
6 28
6 161
6 164
6 37
6 39
6 168
6 41
6 177
6 179
6 56
6 57
6 185
6 189
6 195
6 196
6 198
6 81
6 89
6 93
6 98
6 113
6 114
6 116
6 118
6 119
7 135
7 8
7 9
7 137
7 138
7 12
7 141
7 145
7 24
7 157
7 31
7 38
7 169
7 47
7 177
7 183
7 64
7 83
7 89
7 94
7 97
7 112
7 118
8 16
8 18
8 151
8 162
8 36
8 166
8 173
8 52
8 53
8 185
8 188
8 60
8 191
8 193
8 67
8 69
8 197
8 78
8 109
8 113
8 126
9 13
9 18
9 25
9 154
9 160
9 34
9 164
9 44
9 49
9 53
9 181
9 59
9 70
9 71
9 79
9 114
9 115
9 119
9 122
10 160
10 98
10 100
10 69
10 70
10 122
10 41
10 197
10 43
10 77
10 48
10 17
10 176
10 21
10 150
10 55
10 57
10 58
10 95
11 192
11 131
11 196
11 76
11 13
11 172
11 15
11 16
11 80
11 143
11 146
11 177
11 125
11 149
11 179
11 91
11 28
11 29
11 126
11 127
12 33
12 97
12 195
12 100
12 166
12 197
12 171
12 76
12 47
12 112
12 114
12 179
12 189
12 25
12 187
12 125
12 126
13 96
13 160
13 35
13 37
13 168
13 105
13 46
13 79
13 17
13 50
13 125
13 190
13 127
14 164
14 69
14 199
14 107
14 80
14 188
14 83
14 150
14 151
14 152
14 26
14 123
14 60
14 62
15 128
15 159
15 34
15 67
15 153
15 160
15 103
15 139
15 77
15 92
15 16
15 124
15 82
15 175
15 177
15 25
15 27
15 60
15 93
15 57
16 34
16 70
16 72
16 104
16 44
16 141
16 78
16 82
16 178
16 166
16 56
16 88
16 60
16 62
16 63
17 129
17 138
17 144
17 151
17 163
17 43
17 174
17 183
17 187
17 192
17 68
17 69
17 70
17 196
17 198
17 74
17 77
17 81
17 90
17 92
18 143
18 19
18 151
18 28
18 32
18 34
18 38
18 168
18 174
18 176
18 181
18 182
18 183
18 59
18 63
18 66
18 71
18 78
18 81
18 90
18 97
18 103
18 122
19 32
19 129
19 98
19 67
19 161
19 101
19 164
19 71
19 195
19 79
19 175
19 152
19 117
19 54
19 56
19 121
19 158
19 61
19 30
19 31
20 96
20 36
20 101
20 38
20 71
20 105
20 154
20 108
20 47
20 176
20 50
20 82
20 146
20 181
20 183
20 62
20 26
20 120
20 30
21 198
21 199
21 187
21 142
21 144
21 152
21 51
21 52
21 85
21 148
21 55
21 56
21 89
21 154
21 184
21 120
21 125
21 62
22 128
22 137
22 139
22 156
22 28
22 158
22 31
22 33
22 36
22 40
22 59
22 63
22 192
22 68
22 77
22 79
22 94
22 100
22 111
22 121
22 125
23 128
23 126
23 36
23 165
23 198
23 168
23 137
23 138
23 43
23 110
23 143
23 188
23 84
23 58
23 123
23 60
23 189
23 30
23 63
24 144
24 155
24 157
24 38
24 169
24 42
24 171
24 174
24 50
24 60
24 195
24 199
24 74
24 77
24 86
24 92
24 97
24 104
24 107
24 126
25 162
25 35
25 68
25 37
25 38
25 71
25 132
25 196
25 43
25 75
25 46
25 172
25 177
25 114
25 180
25 117
25 118
26 132
26 133
26 138
26 144
26 146
26 151
26 155
26 157
26 53
26 183
26 60
26 63
26 192
26 78
26 88
26 99
26 102
26 105
26 109
26 122
27 67
27 164
27 195
27 122
27 168
27 105
27 170
27 140
27 45
27 142
27 80
27 111
27 177
27 180
27 117
27 120
27 121
27 58
27 126
27 95
28 128
28 141
28 145
28 152
28 155
28 156
28 159
28 161
28 46
28 67
28 72
28 76
28 77
28 83
28 92
28 100
28 107
28 110
29 128
29 103
29 105
29 106
29 138
29 46
29 80
29 112
29 82
29 53
29 182
29 93
30 160
30 164
30 38
30 104
30 138
30 43
30 77
30 78
30 79
30 48
30 111
30 115
30 157
30 182
30 183
30 156
30 93
30 31
31 130
31 153
31 32
31 36
31 164
31 168
31 41
31 43
31 44
31 50
31 179
31 54
31 59
31 61
31 193
31 194
31 84
31 85
31 87
31 91
31 96
31 98
31 101
31 107
31 114
31 120
31 127
32 34
32 98
32 130
32 136
32 75
32 173
32 112
32 156
32 82
32 116
32 152
32 57
32 127
32 93
33 96
33 36
33 166
33 39
33 137
33 139
33 108
33 46
33 141
33 171
33 113
33 180
33 182
33 186
34 128
34 130
34 133
34 146
34 155
34 43
34 44
34 173
34 55
34 184
34 186
34 65
34 195
34 68
34 70
34 80
34 82
34 83
34 87
34 89
34 100
35 132
35 134
35 141
35 162
35 41
35 170
35 173
35 174
35 49
35 61
35 64
35 68
35 86
35 89
35 91
35 110
35 117
35 118
35 124
36 137
36 139
36 148
36 155
36 156
36 172
36 47
36 183
36 59
36 61
36 192
36 66
36 198
36 72
36 79
36 92
36 96
36 100
36 102
36 110
36 113
36 115
37 192
37 121
37 66
37 193
37 166
37 72
37 199
37 139
37 46
37 111
37 141
37 181
37 59
37 92
37 63
38 193
38 162
38 164
38 135
38 107
38 127
38 110
38 49
38 113
38 184
38 126
38 123
38 124
38 57
39 128
39 162
39 167
39 72
39 107
39 110
39 142
39 177
39 82
39 115
39 189
39 60
39 61
39 62
39 127
40 72
40 104
40 187
40 175
40 50
40 180
40 119
40 91
40 124
40 190
41 64
41 131
41 106
41 76
41 187
41 176
41 113
41 148
41 86
41 151
41 152
41 91
41 125
42 128
42 129
42 131
42 133
42 103
42 136
42 168
42 74
42 139
42 76
42 45
42 78
42 142
42 143
42 81
42 174
42 52
42 151
42 185
42 126
43 96
43 128
43 193
43 108
43 172
43 175
43 112
43 116
43 88
43 59
43 60
43 157
44 66
44 166
44 154
44 72
44 167
44 198
44 46
44 82
44 52
44 84
44 181
44 122
45 130
45 146
45 158
45 163
45 166
45 169
45 47
45 175
45 49
45 186
45 59
45 60
45 190
45 191
45 196
45 80
45 95
45 104
45 105
45 127
46 162
46 195
46 136
46 75
46 140
46 173
46 145
46 61
47 148
47 149
47 152
47 155
47 52
47 184
47 185
47 62
47 190
47 195
47 72
47 82
47 84
47 85
47 87
47 91
47 119
47 126
48 65
48 97
48 130
48 70
48 198
48 137
48 106
48 169
48 187
48 180
48 56
48 91
48 125
49 130
49 197
49 103
49 198
49 74
49 105
49 175
49 176
49 113
49 180
49 181
49 183
49 184
49 153
50 99
50 70
50 166
50 137
50 78
50 109
50 81
50 116
50 150
50 57
50 56
50 120
51 129
51 73
51 92
51 176
51 156
51 178
51 119
51 90
51 155
51 60
51 62
51 95
52 193
52 162
52 196
52 135
52 107
52 170
52 156
52 114
52 83
52 88
52 122
52 187
52 120
53 133
53 136
53 144
53 161
53 166
53 177
53 56
53 58
53 187
53 63
53 68
53 73
53 91
53 94
53 101
53 113
53 114
53 124
54 160
54 192
54 100
54 71
54 104
54 138
54 107
54 76
54 79
54 148
54 56
54 152
55 161
55 99
55 137
55 170
55 178
55 115
55 182
55 154
55 91
55 61
56 132
56 142
56 143
56 149
56 163
56 168
56 170
56 171
56 67
56 69
56 79
56 86
56 110
56 113
56 115
57 144
57 145
57 149
57 150
57 153
57 164
57 176
57 178
57 181
57 60
57 66
57 196
57 69
57 70
57 84
57 88
57 92
57 97
57 98
57 107
57 119
58 66
58 99
58 69
58 101
58 199
58 169
58 138
58 173
58 110
58 142
58 115
58 147
58 150
58 159
59 134
59 141
59 147
59 148
59 152
59 159
59 160
59 168
59 190
59 63
59 195
59 199
59 75
59 93
59 101
59 110
59 113
60 137
60 150
60 154
60 178
60 179
60 65
60 195
60 94
60 95
60 103
60 109
60 118
61 141
61 143
61 166
61 167
61 174
61 191
61 64
61 81
61 89
61 93
61 101
61 105
61 110
61 112
61 115
61 117
61 122
62 135
62 139
62 160
62 165
62 166
62 167
62 175
62 182
62 187
62 64
62 65
62 193
62 77
62 85
62 90
62 114
62 118
62 119
63 192
63 129
63 132
63 70
63 197
63 170
63 141
63 156
63 148
63 150
63 121
63 92
63 127
64 97
64 67
64 131
64 134
64 135
64 167
64 75
64 108
64 169
64 146
64 147
64 179
64 189
64 87
65 101
65 165
65 135
65 168
65 105
65 78
65 79
65 142
65 156
65 147
65 183
66 135
66 155
66 162
66 168
66 177
66 182
66 189
66 192
66 72
66 73
66 84
66 88
66 93
66 95
66 104
66 122
66 126
67 161
67 132
67 104
67 105
67 173
67 187
67 178
67 149
67 150
67 181
67 121
67 183
68 121
68 199
68 73
68 144
68 145
68 146
68 176
68 87
68 151
68 182
68 124
68 94
69 130
69 133
69 145
69 154
69 159
69 166
69 169
69 170
69 171
69 174
69 175
69 188
69 197
69 75
69 77
69 78
69 94
69 97
69 99
69 120
69 122
70 135
70 145
70 164
70 168
70 171
70 176
70 188
70 194
70 197
70 75
70 96
70 99
70 100
70 108
71 192
71 197
71 142
71 80
71 116
71 183
71 90
72 129
72 131
72 80
72 143
72 155
73 160
73 135
73 161
73 138
73 112
73 144
73 118
73 90
73 155
74 161
74 131
74 132
74 163
74 166
74 197
74 170
74 78
74 111
74 83
74 177
74 117
74 150
74 87
74 154
75 162
75 163
75 198
75 137
75 109
75 149
75 152
75 93
76 163
76 185
76 134
76 198
76 108
76 138
76 111
76 155
76 190
76 87
76 120
76 153
76 123
76 126
76 159
77 153
77 155
77 156
77 162
77 176
77 181
77 182
77 193
77 85
77 95
77 96
77 102
77 110
77 117
77 118
77 124
77 125
78 139
78 154
78 168
78 173
78 186
78 190
78 79
78 80
78 98
78 115
78 121
78 126
79 138
79 139
79 140
79 151
79 169
79 170
79 189
79 192
79 193
79 85
79 89
79 90
79 92
79 119
80 134
80 149
80 152
80 160
80 161
80 163
80 178
80 179
80 199
80 99
80 100
80 110
81 130
81 185
81 101
81 136
81 105
81 170
81 108
81 171
81 112
81 157
81 87
81 153
81 183
81 95
82 128
82 139
82 144
82 146
82 152
82 154
82 159
82 171
82 173
82 176
82 181
82 189
82 192
82 195
82 90
82 94
82 117
82 123
82 127
83 132
83 142
83 158
83 160
83 165
83 167
83 168
83 177
83 181
83 185
83 191
83 195
83 199
83 86
83 92
83 97
83 101
83 115
84 163
84 103
84 104
84 169
84 186
84 177
84 154
85 97
85 130
85 137
85 110
85 187
85 179
85 154
85 91
85 124
85 125
86 96
86 164
86 198
86 199
86 168
86 138
86 107
86 142
86 112
86 145
86 115
86 117
86 148
86 119
86 185
86 158
87 191
87 105
87 139
87 178
87 181
87 182
87 121
87 122
87 127
87 158
88 192
88 194
88 133
88 166
88 198
88 169
88 138
88 174
88 116
88 190
88 94
89 102
89 166
89 116
89 123
89 158
90 135
90 136
90 163
90 181
90 185
90 186
90 191
90 91
90 93
90 100
90 103
90 107
90 112
90 114
90 119
91 132
91 154
91 127
91 173
91 124
91 178
91 179
91 123
91 92
92 159
92 197
92 198
92 139
92 172
92 120
92 127
92 114
92 116
93 158
93 105
93 175
93 179
93 156
94 96
94 102
94 103
94 137
94 196
94 197
94 172
94 143
94 180
94 121
94 123
94 152
94 127
95 160
95 98
95 165
95 171
95 174
95 117
95 150
95 151
95 183
96 163
96 132
96 106
96 111
96 144
96 115
96 149
96 179
96 185
97 194
97 167
97 106
97 111
97 177
97 115
97 116
97 178
97 159
98 131
98 136
98 139
98 152
98 155
98 165
98 173
98 177
98 185
98 186
98 110
98 112
98 119
98 123
98 126
99 192
99 132
99 163
99 169
99 199
99 140
99 141
99 115
99 179
99 153
99 158
99 127
100 131
100 134
100 154
100 166
100 138
100 141
100 117
100 195
100 159
101 195
101 166
101 135
101 186
101 142
101 151
101 181
101 183
101 158
102 161
102 195
102 139
102 190
102 145
102 146
102 151
102 124
102 125
103 126
103 131
103 195
103 106
103 109
103 173
104 129
104 132
104 134
104 173
104 147
104 182
104 188
105 133
105 136
105 140
105 145
105 147
105 152
105 157
105 158
105 168
105 176
105 180
105 186
105 110
105 112
105 121
106 162
106 198
106 109
106 110
106 144
106 152
106 120
106 185
106 184
107 161
107 194
107 169
107 173
107 124
107 177
107 187
107 158
108 162
108 166
108 199
108 144
108 114
108 146
108 117
108 189
108 151
108 152
108 154
108 125
109 196
109 173
109 146
109 178
109 180
109 118
109 121
110 129
110 141
110 145
110 148
110 151
110 161
110 164
110 188
110 194
110 196
110 124
111 193
111 198
111 158
111 123
111 140
111 173
111 174
111 176
111 113
111 116
111 124
112 162
112 163
112 168
112 138
112 142
112 143
112 174
112 118
112 183
113 128
113 136
113 149
113 157
113 170
113 176
113 177
113 182
113 121
113 124
114 159
114 194
114 149
114 181
115 131
115 134
115 156
115 165
115 168
115 175
115 181
115 182
116 162
116 132
116 136
116 165
116 167
116 168
116 172
116 190
116 159
117 128
117 192
117 196
117 197
117 171
117 140
117 156
117 158
118 193
118 130
118 171
118 175
118 124
118 179
119 131
119 135
119 170
119 147
119 187
120 129
120 131
120 132
120 148
120 150
120 165
120 166
120 169
120 176
120 178
120 125
121 140
121 146
121 150
121 151
121 166
121 170
121 175
121 188
121 197
122 174
122 179
122 150
122 126
122 159
123 185
123 165
123 139
123 148
124 197
124 138
125 141
125 152
125 157
125 179
125 181
125 184
125 186
125 189
125 194
125 126
126 134
126 136
126 140
126 166
126 184
126 191
127 193
127 133
127 139
127 172
127 190
127 146
128 193
128 152
128 184
128 151
128 158
128 191
129 197
129 168
129 144
129 145
129 180
130 160
130 169
130 139
130 175
130 184
130 185
131 163
131 166
131 167
131 142
131 173
131 188
132 144
132 155
132 175
132 178
132 185
132 193
132 195
132 199
133 154
133 166
133 178
133 180
133 153
134 155
134 147
134 148
134 183
135 138
135 147
135 168
135 174
135 191
135 192
135 195
135 199
136 192
136 196
136 138
136 140
136 170
136 159
137 161
137 195
137 197
137 190
137 187
137 157
138 146
138 148
138 149
138 150
138 155
138 161
138 185
139 197
139 147
139 185
140 199
140 141
140 181
141 146
141 154
141 164
141 180
141 181
141 185
141 194
142 192
142 191
142 168
142 173
142 181
142 184
142 159
143 168
143 169
143 178
144 147
144 161
144 162
144 168
144 174
144 176
144 188
145 185
145 171
145 190
145 158
146 192
146 186
146 172
146 173
146 175
146 190
147 162
147 168
147 198
147 149
147 191
148 164
148 198
148 172
148 179
148 150
148 157
149 192
149 162
149 175
149 179
149 190
149 189
149 158
149 159
150 153
150 157
150 161
150 174
150 177
150 180
150 196
151 162
151 164
151 197
151 157
152 155
152 170
152 175
152 182
152 188
152 190
153 168
153 171
153 183
153 187
154 156
154 165
154 182
154 184
155 156
155 163
155 180
155 184
155 188
155 190
155 191
155 198
156 161
156 162
156 164
156 176
156 177
156 180
156 198
157 192
157 195
157 166
157 178
158 194
158 196
158 175
158 189
159 163
159 182
160 176
160 179
160 180
161 163
163 192
163 165
163 167
163 181
164 194
164 171
164 174
165 196
165 174
165 175
165 178
165 185
166 194
167 169
167 177
167 178
167 183
167 184
168 169
168 180
168 186
168 192
168 194
169 176
169 181
169 185
170 197
170 177
171 182
172 196
172 175
172 177
172 178
172 186
173 175
173 189
173 196
174 196
174 189
174 184
176 180
176 185
176 192
176 193
177 184
177 195
178 185
178 193
179 184
180 186
180 191
181 182
181 186
181 194
181 199
182 194
182 189
183 194
183 186
184 191
185 187
185 188
185 190
185 198
185 199
186 193
186 195
186 191
187 192
188 199
190 192
190 193
193 195
