200 600
0 64
0 1
0 98
0 67
0 99
0 105
0 82
1 89
1 67
1 20
1 92
2 128
2 132
2 4
2 199
2 75
2 144
2 50
2 22
3 32
3 104
3 10
3 143
3 180
3 60
4 73
4 19
4 127
5 96
5 162
5 136
5 110
5 176
5 18
5 178
5 55
5 56
6 120
6 97
6 84
6 143
7 41
7 139
7 179
7 150
7 153
7 62
8 120
8 145
8 166
8 30
9 93
9 29
9 157
9 191
10 167
10 40
10 23
10 27
10 30
11 198
11 106
11 75
11 43
11 48
11 24
12 65
12 71
12 140
12 21
12 86
12 190
12 30
13 116
14 104
14 186
14 159
15 122
15 46
15 119
16 96
16 68
16 100
16 105
16 110
16 176
16 50
16 83
16 55
16 26
16 159
17 198
17 28
17 92
17 112
17 185
17 156
18 72
18 123
18 178
18 121
18 59
18 28
19 109
19 82
19 120
19 58
19 187
20 45
20 111
20 81
20 152
20 61
21 75
21 152
21 153
21 59
21 126
22 67
22 47
22 148
22 151
22 154
22 123
23 65
23 193
23 174
23 81
23 62
24 65
24 137
24 198
24 111
25 130
25 102
25 73
25 146
25 181
25 151
25 60
26 137
26 85
27 121
27 172
27 158
28 98
28 35
28 39
28 107
28 172
28 109
28 93
29 163
29 171
29 108
29 81
29 52
29 54
29 151
30 34
30 72
30 112
30 83
30 154
31 56
31 170
31 171
31 141
31 192
32 67
32 101
32 106
32 139
32 51
33 161
33 71
33 40
33 73
33 76
33 78
33 150
34 128
34 131
34 104
34 74
34 172
34 149
34 122
34 91
34 93
35 198
35 107
35 75
35 178
35 158
36 122
36 59
36 124
36 171
37 184
37 137
37 188
37 68
37 189
38 104
38 153
38 115
38 141
38 47
39 167
39 171
39 147
39 83
39 149
39 182
39 61
40 130
40 70
40 71
40 47
40 178
41 176
41 137
42 129
42 110
42 119
42 151
42 88
42 158
43 101
43 104
43 170
43 108
43 45
44 190
44 150
45 65
45 101
45 138
45 144
45 179
45 123
45 127
46 56
46 121
46 128
47 69
47 102
47 75
47 151
47 187
48 192
48 194
48 198
48 141
48 155
49 145
49 108
50 136
50 172
50 148
50 57
50 189
51 131
51 73
51 174
51 151
51 186
52 64
52 187
52 147
52 191
53 153
53 59
53 164
53 61
53 110
54 96
54 100
54 141
54 179
54 88
55 96
55 134
55 70
55 139
55 172
55 91
56 88
56 151
57 147
57 110
58 130
58 99
58 133
58 178
58 189
59 109
59 114
59 180
60 67
60 196
60 138
60 174
60 183
60 91
61 160
61 185
61 108
61 173
61 85
61 121
61 125
61 191
62 124
62 187
62 141
63 144
63 131
63 68
63 152
64 102
64 113
64 116
64 117
64 95
66 133
67 163
67 81
67 186
68 160
68 99
68 163
68 110
68 117
68 188
69 161
69 112
69 148
69 181
69 86
69 153
69 155
70 77
70 112
70 156
70 124
71 98
71 99
71 102
71 135
71 108
71 189
71 93
72 89
72 106
73 101
73 80
73 144
73 82
73 150
73 94
74 148
74 87
75 129
75 77
75 109
76 176
76 161
76 195
76 143
77 133
77 176
77 145
77 84
77 85
77 126
78 128
78 116
78 189
78 103
79 161
79 155
79 174
80 89
80 122
80 171
81 177
81 89
81 124
81 190
82 185
82 102
82 110
82 83
82 121
82 188
83 98
83 167
83 92
84 115
84 166
84 87
85 192
85 197
85 113
86 133
86 147
86 117
86 118
86 119
87 183
88 101
88 199
88 125
89 95
90 151
91 164
91 127
92 160
92 196
93 135
93 112
94 192
94 97
94 194
94 132
94 105
94 175
94 155
94 156
94 191
95 194
95 198
95 104
95 108
95 148
96 97
96 109
96 146
96 124
96 125
96 158
97 162
97 120
98 101
98 102
98 166
98 144
98 119
98 189
99 160
99 161
99 197
99 148
100 122
100 123
100 183
101 114
101 146
101 117
102 136
102 116
103 168
103 146
103 171
104 109
104 182
104 184
105 128
105 168
105 172
105 112
105 148
105 156
105 191
106 175
106 149
106 119
106 152
106 154
107 177
107 178
108 119
109 139
109 124
110 176
112 134
112 137
112 150
112 152
112 123
113 131
113 164
113 179
113 123
114 168
115 176
115 181
115 118
115 183
116 162
116 132
116 187
118 195
118 141
118 145
118 159
119 162
119 163
119 172
120 178
120 154
121 196
121 198
122 195
123 140
123 144
123 182
123 186
124 141
125 135
125 142
125 153
126 170
127 154
128 179
129 176
130 160
130 169
130 176
131 134
131 148
132 152
132 160
133 153
134 191
134 136
136 192
136 193
136 195
136 139
136 174
136 182
136 184
137 155
138 196
140 166
142 152
142 170
143 185
143 167
144 179
147 149
148 161
148 166
148 196
149 186
150 160
150 176
150 152
150 187
151 182
151 155
152 199
152 174
153 189
153 186
154 164
155 177
156 196
156 173
156 187
157 181
157 199
158 163
158 199
159 160
159 196
159 166
159 178
160 178
162 192
163 187
164 171
164 191
165 192
166 175
167 188
169 184
169 173
169 183
170 179
173 183
174 192
177 193
183 185
186 195
186 196
191 193
