200 500
0 194
0 195
0 143
0 49
0 122
0 30
1 18
1 91
1 187
1 111
2 18
2 59
2 102
3 152
3 74
3 92
3 70
3 146
4 185
4 131
4 71
5 162
5 172
5 188
5 127
6 194
6 131
6 165
6 40
6 137
6 47
6 111
6 60
6 158
7 26
7 30
7 31
8 194
8 170
8 99
8 49
9 73
9 187
9 188
9 118
9 191
10 65
10 138
10 77
10 17
11 130
11 170
11 180
11 21
11 119
11 61
12 113
12 110
12 105
13 88
13 120
13 189
13 94
14 19
14 75
14 196
15 113
15 18
15 108
15 76
15 84
16 35
16 47
16 85
16 117
16 87
16 28
17 128
17 163
17 67
17 167
17 103
17 174
17 143
17 18
17 21
17 119
18 128
18 198
18 103
18 110
18 111
18 90
18 30
19 129
19 74
19 115
19 88
19 57
20 73
20 194
20 174
20 167
21 160
21 129
21 98
21 103
21 118
21 88
22 72
22 73
22 77
22 88
22 185
22 59
24 193
24 127
25 128
25 129
25 196
25 77
25 115
25 157
26 175
26 185
26 111
27 38
27 134
27 165
27 157
28 141
28 183
28 153
28 122
28 125
28 158
29 177
29 99
29 37
29 190
30 129
30 162
30 138
30 80
30 85
31 196
31 199
31 104
31 46
31 187
32 162
32 187
32 69
32 151
33 69
33 142
33 83
33 180
33 151
33 88
33 155
34 109
34 127
35 106
35 42
35 181
35 166
36 68
36 38
36 83
36 117
36 119
36 183
36 63
37 96
37 104
37 76
37 79
37 93
38 59
38 50
38 148
38 53
38 153
38 123
39 81
39 150
39 135
40 96
40 73
40 76
40 143
41 94
41 193
41 110
42 108
42 50
42 87
42 120
42 124
42 157
43 59
43 77
43 174
43 177
43 114
43 50
43 184
43 91
44 177
44 75
44 183
45 97
45 91
45 179
45 173
45 102
46 129
46 137
46 75
46 116
46 150
47 64
47 161
47 123
48 107
49 123
49 196
49 135
50 80
50 157
51 130
51 58
51 154
52 88
52 148
53 105
53 151
54 67
54 84
54 126
55 148
55 146
55 139
55 76
55 182
56 186
56 68
56 110
56 143
57 83
57 140
57 109
58 132
59 68
59 171
59 75
59 141
60 195
61 168
61 90
61 109
62 65
62 102
62 142
62 87
62 184
62 125
63 156
63 154
63 118
63 183
64 135
64 131
65 168
65 95
65 191
66 97
66 163
66 68
67 73
67 131
67 190
68 179
69 162
69 134
69 111
69 81
69 158
70 192
70 187
70 118
72 88
72 199
73 130
73 136
73 172
73 83
74 131
74 168
74 169
74 111
74 84
74 87
74 151
74 121
75 120
75 89
76 198
77 80
77 145
77 149
78 89
78 178
78 187
78 140
79 136
79 121
79 148
79 119
80 160
80 167
80 82
81 88
81 189
82 136
82 100
82 95
83 86
83 124
84 192
84 194
84 106
85 100
85 133
85 110
85 91
86 175
87 177
87 181
87 95
88 108
88 109
89 120
89 155
89 103
90 199
90 168
90 169
90 107
90 124
91 96
91 180
91 150
91 151
93 194
93 178
93 108
93 118
94 118
94 97
95 152
96 138
96 108
96 188
97 128
97 145
98 187
99 192
99 170
99 171
99 114
100 103
100 140
100 175
100 149
100 151
101 192
101 150
101 183
102 103
102 117
102 181
103 195
103 197
103 150
103 124
104 159
104 131
104 119
104 189
105 195
105 198
106 196
106 140
106 135
107 160
107 136
107 189
107 126
108 147
109 181
109 155
110 193
111 136
111 169
111 147
111 116
111 158
112 119
113 153
113 139
114 169
114 132
114 159
115 144
116 192
116 199
116 119
116 127
117 147
117 155
117 126
118 182
120 139
121 128
121 178
121 183
121 191
122 136
122 133
122 191
123 128
123 161
123 173
124 135
124 183
125 157
125 191
126 184
126 141
127 128
127 134
129 194
129 138
129 185
131 168
131 183
132 168
132 163
132 154
133 146
133 153
133 190
133 158
135 164
135 177
136 165
136 174
137 192
138 150
139 152
139 182
140 193
140 152
143 165
144 187
145 193
145 163
147 160
147 188
147 191
149 189
150 160
150 157
151 193
153 167
153 176
157 191
158 195
160 181
161 184
162 192
163 195
163 170
163 183
164 177
164 189
165 174
166 176
166 174
168 171
170 188
170 191
172 190
174 194
176 185
182 188
186 194
193 195
