200 500
0 99
0 35
0 166
0 168
0 72
0 140
0 80
0 181
0 119
0 152
0 153
0 26
0 156
1 82
1 31
2 137
2 19
2 31
3 72
3 17
3 186
3 148
3 141
4 156
4 109
5 76
5 21
5 87
5 154
5 123
5 158
6 40
6 82
6 80
6 93
6 86
7 96
7 105
7 39
8 59
8 39
9 89
9 170
9 121
9 86
9 39
10 120
10 65
10 116
10 152
10 39
11 193
11 35
11 38
11 199
11 172
11 140
11 174
11 112
11 121
12 33
12 42
12 28
12 63
13 90
13 123
14 81
14 54
15 143
15 191
15 82
15 30
15 31
16 160
16 100
16 133
16 76
16 18
16 54
16 93
16 158
17 136
18 43
18 148
19 97
19 165
19 135
19 81
19 178
19 184
20 114
20 171
20 127
20 191
21 61
21 182
22 153
22 34
22 119
22 69
22 183
23 81
23 55
23 37
23 54
23 191
24 175
24 188
24 158
24 159
25 115
25 105
25 51
25 110
26 139
26 111
26 86
26 58
26 191
27 144
27 84
27 198
28 134
28 199
28 41
28 123
28 178
28 50
28 91
29 199
30 161
30 171
30 109
30 143
30 85
30 61
30 63
31 100
31 137
31 141
31 114
31 146
31 151
31 122
32 130
32 151
33 120
33 128
33 172
33 149
34 77
34 141
35 104
35 41
35 46
35 175
35 177
35 50
35 59
35 190
36 71
36 111
37 168
37 41
37 174
37 62
38 192
38 66
38 133
38 166
38 135
38 77
38 83
39 142
39 46
39 113
39 180
39 183
39 61
40 136
40 177
40 81
41 161
41 188
42 163
42 76
43 66
43 167
43 108
43 148
43 54
43 183
43 156
44 80
44 105
44 174
44 102
44 183
45 59
45 93
45 188
45 140
45 101
46 105
46 148
47 133
48 88
48 82
48 67
48 157
48 71
49 177
49 69
49 181
50 165
50 139
50 87
50 57
50 94
51 68
51 76
51 111
51 84
51 187
52 144
52 116
52 62
52 183
53 137
53 195
53 167
54 193
54 173
54 80
54 81
54 95
55 198
55 72
55 78
55 87
55 121
55 188
56 164
56 103
56 73
56 116
56 85
56 123
57 164
57 196
57 117
57 153
57 188
58 168
58 109
58 102
59 103
59 72
59 80
59 81
60 176
60 138
60 133
61 123
62 170
62 75
62 87
62 157
63 65
63 162
63 164
63 107
64 162
64 99
64 70
64 135
64 80
64 95
65 195
65 171
65 115
65 94
66 128
66 164
66 166
66 178
67 161
67 105
67 172
67 86
67 121
68 98
68 70
68 106
68 140
68 150
70 171
70 115
70 93
72 135
72 172
73 137
73 185
73 100
73 175
74 192
74 107
74 125
74 79
75 198
75 103
75 150
75 151
75 89
76 196
76 168
76 120
76 153
77 107
78 171
78 164
79 178
79 177
79 156
79 135
80 151
80 122
81 158
82 161
82 97
82 178
82 116
82 92
83 102
84 161
84 166
84 142
84 156
84 116
84 92
84 158
86 131
86 167
86 104
87 118
88 107
88 146
88 119
88 153
88 156
89 121
89 95
90 98
90 102
90 113
90 146
90 185
90 126
91 112
91 178
92 162
92 153
93 96
93 193
93 166
93 137
93 122
94 133
94 118
94 119
94 122
94 127
95 115
95 180
96 192
96 169
96 148
96 154
98 197
98 157
99 186
99 197
102 164
103 192
103 107
103 123
103 175
104 131
104 175
104 149
104 120
104 190
105 111
105 149
105 182
106 168
106 123
106 134
107 191
108 194
108 140
108 150
110 134
110 199
111 121
112 136
112 177
112 125
113 194
113 130
114 146
115 160
115 165
115 171
115 172
115 122
116 193
116 143
120 159
121 172
122 169
123 154
124 169
124 171
124 134
126 193
126 143
127 168
127 192
128 190
129 184
129 190
130 193
130 148
131 184
131 135
133 149
134 159
135 160
135 180
137 147
137 155
138 140
138 165
139 167
139 146
139 175
141 142
141 151
141 156
142 160
142 193
145 154
145 166
145 146
146 160
146 154
147 153
147 164
147 158
148 162
148 181
148 184
149 163
149 174
149 152
150 164
150 181
150 184
152 154
153 160
154 195
154 165
156 196
156 190
157 194
159 165
160 198
161 199
163 167
164 183
165 167
167 178
168 193
170 198
171 183
172 181
173 175
174 194
174 176
177 190
178 189
179 195
179 182
182 190
183 187
184 186
188 193
189 196
198 199
