200 600
0 128
0 146
0 188
0 37
0 165
1 32
1 67
1 172
1 181
2 34
2 197
2 44
2 154
2 27
2 95
3 75
3 79
3 47
3 155
3 29
3 30
3 127
4 131
4 38
4 71
5 100
5 101
5 196
5 71
5 42
5 14
5 176
5 182
5 29
6 112
6 148
6 119
7 34
7 99
7 141
7 15
7 118
7 156
8 67
8 72
8 45
8 84
8 59
8 62
9 178
9 59
9 196
9 111
10 32
10 38
10 136
10 137
10 75
10 113
10 53
10 149
11 180
11 155
11 147
11 20
11 69
12 163
12 166
12 134
12 175
12 113
12 145
12 153
13 182
13 190
13 28
13 181
13 52
14 195
14 101
14 150
14 123
14 94
15 195
15 196
15 18
15 178
15 20
15 120
15 91
15 126
16 32
16 141
16 175
16 48
16 144
16 179
16 22
16 56
16 95
17 199
17 140
17 80
17 51
17 19
17 86
17 23
17 118
17 62
18 24
18 58
18 190
19 32
19 80
19 132
19 73
20 32
20 96
20 128
20 81
20 53
20 122
20 94
21 140
21 92
21 86
22 96
22 133
22 40
22 43
22 159
23 101
23 105
23 45
23 116
23 152
24 132
24 101
24 138
24 76
24 49
24 51
24 90
25 167
25 136
25 74
25 81
25 149
25 181
25 30
26 194
26 99
26 147
26 38
26 183
27 136
27 53
28 35
28 133
28 135
28 76
28 117
29 89
30 153
30 137
30 143
30 80
30 183
31 40
31 57
31 156
32 40
32 44
32 45
32 86
32 56
33 140
33 84
33 148
34 69
34 71
34 77
34 54
34 87
34 186
35 64
35 121
35 94
36 69
36 108
36 77
36 144
36 92
36 94
37 118
37 54
37 63
38 197
38 40
38 72
38 77
38 117
38 189
39 192
39 136
39 106
39 44
39 54
39 185
40 195
40 164
40 106
41 72
41 145
41 181
41 78
41 87
42 120
43 166
43 135
43 71
43 78
43 153
43 92
44 172
44 122
45 130
45 165
45 72
45 52
46 66
46 194
46 134
46 70
46 139
46 144
46 49
46 85
46 56
47 176
47 185
47 132
48 64
48 61
48 53
48 177
49 192
49 161
49 72
49 151
50 97
50 174
51 153
51 85
51 71
52 195
52 109
52 144
52 56
52 187
52 92
53 130
53 100
53 82
53 84
54 70
54 141
54 176
54 150
54 123
54 157
56 170
56 117
56 87
56 126
56 95
57 164
57 70
57 141
57 179
57 87
57 189
58 128
58 73
58 142
58 110
58 148
58 149
58 188
58 159
59 90
59 94
59 183
60 176
60 181
61 83
61 140
61 142
61 63
62 174
62 183
62 184
62 155
63 98
63 134
63 179
63 86
63 95
63 127
64 103
64 199
64 108
64 76
64 87
64 187
65 152
65 89
65 123
65 171
65 169
66 130
66 149
67 194
67 85
67 86
67 119
67 123
69 73
69 76
69 88
70 135
70 106
70 145
71 131
71 110
71 144
71 121
71 186
72 168
72 75
72 78
72 147
72 148
72 150
72 121
73 193
73 130
73 137
73 138
73 75
73 176
73 184
74 184
74 113
75 153
75 92
76 128
76 133
76 135
76 141
76 113
76 157
77 169
77 111
77 149
77 123
77 126
78 130
78 135
78 143
78 188
78 190
79 176
79 147
80 195
80 143
80 176
80 188
81 129
81 141
81 88
81 156
81 158
82 133
83 169
83 108
83 151
83 88
83 121
84 128
84 177
85 198
85 144
85 155
85 127
86 96
86 195
87 161
87 131
87 171
88 129
88 132
88 166
88 143
88 151
89 168
90 91
90 136
91 104
91 105
91 140
91 146
92 140
92 150
92 125
92 94
93 124
93 167
94 102
94 134
94 167
94 105
94 142
94 143
94 188
94 122
95 199
95 170
95 113
95 144
95 190
96 98
96 119
96 182
97 139
97 198
97 166
98 139
98 102
99 168
99 179
100 184
100 185
101 117
102 193
102 106
102 107
102 151
102 184
103 193
103 170
103 173
104 168
104 138
104 198
105 109
105 156
105 153
105 124
106 135
106 178
106 123
107 180
108 135
108 170
108 180
108 186
109 161
109 194
109 135
109 178
109 180
109 158
110 164
110 198
110 115
110 156
111 112
111 135
112 180
113 154
113 123
113 127
114 131
114 171
115 155
115 196
116 193
116 194
116 132
117 139
118 199
118 147
120 170
120 187
121 129
121 196
121 167
122 136
122 150
122 123
122 191
123 194
123 131
123 166
123 199
124 145
125 170
125 177
125 164
126 171
126 149
127 171
127 143
127 179
127 152
127 155
128 136
129 195
129 196
129 151
129 153
130 193
131 199
132 135
132 176
133 167
134 160
134 150
136 197
136 170
137 151
138 153
138 183
139 142
139 150
139 185
140 143
141 194
141 198
142 174
142 175
142 153
143 185
143 147
144 193
144 168
145 169
145 149
145 150
146 194
146 160
148 196
148 150
148 157
148 159
150 178
151 196
151 190
151 158
152 160
152 198
152 174
152 180
153 169
153 177
153 189
154 177
154 163
155 195
155 170
156 197
157 180
159 176
160 161
160 196
160 174
160 189
163 187
164 168
164 175
164 176
165 172
165 190
165 189
167 171
167 178
170 172
176 178
177 179
179 192
179 189
181 194
182 195
185 190
187 195
187 197
191 197
193 196
197 199
