200 500
0 160
0 41
0 124
0 45
0 9
1 98
1 100
1 135
1 136
1 48
1 23
1 122
2 147
2 180
2 29
2 52
2 119
3 21
3 139
3 13
3 22
4 137
4 181
4 84
4 37
4 159
5 36
5 137
5 10
5 180
5 120
5 156
5 95
6 48
6 126
7 114
7 28
7 30
7 111
8 137
8 78
8 111
8 150
8 122
8 157
8 94
9 130
9 63
10 138
10 46
10 116
10 122
10 93
11 199
11 137
11 175
11 113
11 51
11 127
12 86
12 178
12 165
12 198
13 138
13 42
13 151
13 26
13 156
13 126
14 137
14 114
14 117
14 71
15 175
15 84
15 149
15 150
15 23
15 191
16 194
16 164
16 37
16 104
16 73
16 140
16 141
16 175
16 112
16 176
16 88
17 70
17 39
17 169
17 142
17 175
17 87
17 120
18 64
18 36
18 168
19 139
19 165
20 150
20 135
21 185
21 38
22 199
22 138
22 142
22 175
22 57
22 92
23 98
23 68
23 104
23 137
23 187
23 158
23 95
24 103
24 111
25 137
25 130
26 111
27 172
27 43
27 60
28 96
28 65
28 137
28 78
28 84
28 57
29 179
29 36
30 131
30 73
30 112
30 176
30 52
31 197
31 115
31 117
32 131
32 77
32 109
32 86
32 55
32 91
33 64
33 113
33 114
33 99
33 178
34 48
34 65
34 185
34 196
34 93
35 37
35 65
35 91
35 69
35 141
36 64
36 130
36 166
36 147
36 152
37 160
37 71
38 168
38 47
38 179
38 87
38 186
39 64
39 129
39 66
39 101
39 148
39 182
40 196
40 47
40 81
40 115
40 180
40 156
41 132
41 197
41 42
41 109
41 174
41 121
42 65
42 123
42 52
43 132
43 198
43 104
43 172
43 109
43 76
44 178
44 145
44 154
45 165
45 102
45 139
45 85
45 86
45 87
45 120
45 123
46 84
46 182
46 157
46 152
46 91
46 93
47 48
47 114
47 149
47 188
48 198
48 147
48 121
48 189
49 101
49 71
50 73
50 171
50 146
50 181
50 85
50 58
50 59
51 168
51 169
51 69
51 70
52 103
52 145
52 53
52 60
53 193
53 99
53 70
54 96
54 65
54 196
54 102
54 134
54 147
54 86
55 154
55 56
55 117
56 65
56 99
56 100
57 66
57 99
57 105
57 172
58 163
58 150
59 196
59 86
60 97
60 85
60 135
61 129
61 143
62 185
62 126
63 152
64 178
64 190
65 174
65 180
65 158
66 99
66 165
66 95
67 112
67 169
67 84
67 109
68 98
69 96
69 121
69 79
70 157
70 134
72 169
72 195
72 87
73 112
73 173
74 90
74 93
74 191
75 165
75 126
76 188
76 132
76 173
76 166
77 139
77 181
77 158
78 178
78 119
79 92
80 160
80 122
81 116
82 152
82 107
83 146
83 131
84 128
84 162
84 109
84 144
84 123
85 106
85 174
85 93
86 141
86 125
86 158
87 133
87 198
87 114
87 190
88 101
88 139
88 177
88 146
88 118
89 162
89 163
89 111
90 106
90 118
92 100
92 188
93 165
94 192
95 96
95 131
95 169
96 128
96 161
96 162
96 197
96 107
96 148
96 158
97 124
97 148
97 146
97 181
98 132
98 181
98 157
99 114
100 198
100 138
100 156
101 185
102 109
102 183
103 166
103 159
104 137
104 155
105 169
105 189
105 133
107 111
109 128
109 129
109 168
109 144
109 113
110 192
111 169
111 176
111 115
111 149
111 153
112 166
112 175
113 128
113 168
113 148
114 121
115 131
115 142
115 178
116 179
116 127
116 175
117 160
117 170
118 186
118 131
119 136
119 146
119 195
120 140
120 135
121 176
122 141
124 163
124 198
124 174
125 166
125 174
126 165
126 167
126 175
126 182
126 190
126 191
127 150
128 143
129 161
129 195
129 177
130 163
130 149
130 182
131 193
131 165
131 142
131 156
131 157
132 158
133 163
134 136
134 195
135 170
135 150
136 162
136 197
136 140
137 168
137 169
138 154
138 169
138 186
139 160
139 170
139 151
141 162
143 172
145 154
145 150
146 158
147 161
147 164
148 172
149 192
149 150
152 160
154 173
154 180
154 159
156 182
157 179
157 186
160 175
161 173
162 184
165 175
166 197
166 167
167 171
170 196
170 176
170 178
170 189
171 185
172 193
173 193
173 189
176 191
179 195
179 184
180 196
180 190
181 195
183 191
188 197
194 195
195 196
