200 600
0 36
0 48
0 24
0 25
0 27
0 190
1 64
1 106
1 75
1 43
1 87
1 56
1 92
1 184
2 32
2 140
2 76
2 189
2 23
3 136
3 67
3 183
4 162
4 68
4 73
4 110
4 47
4 175
4 115
4 93
5 161
5 72
5 9
5 105
5 168
5 114
5 51
5 84
5 25
5 57
6 17
6 196
6 77
6 141
6 199
7 32
7 64
7 131
7 10
7 14
7 20
7 183
7 91
8 32
8 67
8 39
8 106
8 75
8 17
8 145
8 54
8 120
8 62
9 100
9 68
9 134
9 43
9 111
9 149
10 194
10 195
10 70
10 103
10 82
10 83
10 119
10 120
10 190
11 128
11 129
11 167
11 144
11 118
11 57
12 197
12 39
12 110
12 16
12 147
12 182
12 184
12 57
12 94
13 136
13 30
14 32
14 59
14 124
14 133
15 32
15 47
15 124
15 21
15 89
15 60
16 67
16 136
16 73
16 143
16 144
16 175
16 176
17 195
17 48
17 176
17 22
17 182
17 57
17 126
18 67
18 71
18 199
18 105
18 77
18 83
18 63
18 190
18 95
19 186
19 34
19 131
20 130
20 132
20 39
20 136
20 140
20 144
20 117
21 112
21 106
21 69
21 94
22 96
22 28
22 197
22 182
23 70
23 198
23 41
23 76
23 172
23 50
23 181
23 185
23 58
23 156
23 158
24 179
24 77
25 58
25 108
25 78
26 64
26 41
26 73
26 170
26 144
26 183
26 121
26 29
27 101
27 43
27 45
27 111
27 148
27 185
27 90
27 157
28 86
28 175
29 33
29 194
29 69
29 197
29 198
29 45
29 79
29 179
29 188
30 134
30 136
30 74
30 75
30 151
30 190
31 91
32 100
32 37
32 107
32 48
32 175
32 114
32 115
32 86
33 166
33 71
33 169
33 140
33 82
33 180
33 85
33 150
33 95
34 91
34 69
34 174
35 145
35 194
35 52
35 193
36 194
36 67
36 133
36 75
36 80
36 123
37 166
37 71
37 138
37 45
37 117
37 86
37 95
38 98
38 39
38 199
38 76
38 147
38 119
38 88
38 186
39 131
39 139
39 176
39 158
39 95
40 74
40 125
40 174
40 199
41 42
41 76
41 147
41 156
41 189
42 115
42 165
42 71
43 96
43 59
43 155
43 143
43 183
44 160
44 99
44 103
44 145
44 120
44 159
45 196
45 198
45 111
45 85
46 179
46 93
46 111
47 65
47 134
47 142
47 181
47 54
47 94
48 182
49 64
49 66
49 67
49 70
49 77
49 80
49 144
49 151
49 91
50 56
50 186
50 58
50 67
51 113
51 84
51 86
51 121
51 122
51 158
51 159
52 172
52 183
53 150
53 154
53 131
53 124
53 54
54 132
54 165
54 70
54 196
54 74
54 106
54 183
54 56
54 90
54 93
55 130
55 182
55 199
56 99
56 100
56 163
56 165
56 82
56 116
56 181
57 109
57 78
57 117
58 160
58 80
58 145
59 67
59 149
59 175
60 99
60 137
60 105
60 114
60 148
60 187
60 61
60 190
61 75
61 112
61 115
61 116
61 182
61 151
61 90
62 170
62 168
62 94
62 79
63 161
63 99
63 108
63 144
63 88
64 98
64 180
64 127
65 131
65 102
65 71
65 114
65 152
65 92
66 80
67 161
67 174
67 176
68 80
68 138
68 165
69 191
69 163
69 101
69 167
69 76
69 182
69 94
69 95
70 97
70 173
71 74
71 142
72 134
72 165
73 199
73 180
73 183
74 136
74 139
74 78
74 116
74 182
75 162
75 197
75 144
75 147
75 120
76 173
76 117
76 125
76 126
77 137
78 129
78 177
78 115
78 117
78 127
79 186
80 132
80 142
81 123
81 135
82 188
82 89
83 159
84 133
84 102
84 87
84 123
85 90
85 108
85 98
86 178
86 117
87 152
87 156
88 192
88 163
88 178
88 186
88 94
90 161
91 113
91 146
91 123
92 161
92 116
93 129
93 130
94 131
94 134
94 198
94 136
94 141
94 174
94 182
94 119
94 187
94 125
95 117
96 121
97 176
97 110
97 182
97 192
98 138
98 163
99 106
99 146
99 155
99 125
99 126
100 143
101 171
102 176
102 137
102 185
104 151
104 179
104 176
104 127
105 108
105 160
106 169
106 144
106 114
106 185
107 116
109 167
109 183
109 121
109 135
110 162
110 173
110 112
110 150
112 132
113 136
113 198
114 178
115 194
115 164
115 125
116 153
116 123
117 186
118 153
118 168
118 184
118 121
118 123
118 190
119 123
120 147
121 128
121 186
121 173
121 174
122 185
122 150
124 193
124 163
124 180
124 152
125 165
125 139
125 178
126 148
127 199
128 179
128 141
129 192
129 130
130 159
131 135
131 168
131 184
132 190
134 178
134 148
135 191
136 138
136 142
137 174
137 151
138 185
138 191
139 145
139 179
140 146
140 179
140 188
141 157
143 191
145 146
145 179
145 149
145 156
146 195
146 148
147 175
148 192
148 198
148 183
149 165
151 199
152 163
152 174
152 190
153 176
153 185
153 175
155 188
155 157
155 182
156 196
156 199
158 196
161 197
162 183
165 185
166 181
167 192
167 191
168 197
169 197
170 184
170 179
171 186
171 196
172 182
178 189
180 193
180 197
180 191
182 198
186 187
191 197
193 197
195 197
196 199
