200 600
0 98
0 116
0 45
0 106
1 80
1 145
1 18
1 23
1 122
1 187
1 156
2 73
2 98
2 86
3 169
3 35
3 131
3 157
3 110
4 32
4 7
4 72
4 43
4 45
4 52
4 151
4 186
5 169
5 17
5 131
5 76
6 80
6 112
6 76
6 45
7 161
7 162
7 165
7 197
7 104
7 86
7 87
7 60
8 128
8 65
8 34
8 91
8 172
9 95
10 98
10 99
10 107
10 109
10 82
10 85
10 154
10 188
11 98
11 70
11 12
11 22
11 87
11 190
11 126
11 63
12 66
12 67
12 69
12 102
12 77
12 79
12 145
12 53
12 23
12 88
12 184
12 31
13 102
14 163
14 37
14 102
14 110
14 85
14 181
14 186
14 91
15 98
15 199
15 107
15 85
15 92
15 126
16 133
16 41
16 151
16 123
16 124
16 126
17 198
17 39
17 49
17 82
17 180
17 124
18 193
18 38
18 167
18 138
18 142
18 28
19 80
19 196
19 60
19 134
19 39
20 33
20 106
20 179
20 113
20 95
21 128
21 69
21 150
21 23
22 32
22 102
22 43
22 117
22 91
22 188
23 69
23 173
23 46
23 125
23 63
24 161
24 98
24 73
24 75
24 88
24 123
24 28
25 93
25 151
26 34
26 41
26 105
26 113
26 187
26 188
27 161
27 153
27 103
27 169
27 111
27 47
27 57
27 187
28 130
28 132
28 40
28 139
28 143
28 95
29 161
29 49
29 139
29 171
29 184
30 160
30 49
30 118
30 113
30 184
31 64
31 197
31 103
31 109
31 178
31 85
31 152
31 92
32 161
32 176
32 149
32 54
32 182
33 74
33 142
33 50
33 116
33 89
34 135
34 40
34 171
34 126
35 36
35 135
35 105
35 173
35 47
35 123
35 125
36 53
36 151
37 194
37 38
37 135
37 138
37 112
37 81
37 51
38 130
38 135
38 41
38 169
38 173
38 126
39 100
39 197
39 198
39 173
39 112
39 89
39 58
39 156
40 162
40 110
40 111
40 151
40 62
40 159
41 193
41 126
41 47
41 185
41 93
41 62
42 76
42 110
42 150
42 57
42 92
42 189
43 131
43 174
43 144
43 186
44 69
44 168
44 137
44 169
44 144
44 94
45 114
45 178
45 62
46 161
46 130
46 194
46 102
46 168
46 76
46 180
46 58
47 101
47 73
47 53
48 176
48 145
48 139
48 156
48 191
49 131
49 117
49 158
50 165
50 167
50 171
50 79
50 114
50 155
51 98
51 106
51 76
51 82
51 92
51 94
52 168
52 97
52 192
52 95
53 165
53 78
53 147
53 85
53 122
54 162
54 90
54 124
55 66
55 90
55 100
55 77
55 106
56 110
57 66
57 71
57 108
57 182
57 91
58 73
58 174
58 80
58 123
59 104
59 169
59 179
59 165
59 183
60 66
60 68
60 178
60 62
61 96
61 163
61 70
61 72
61 148
61 120
61 125
62 151
63 65
63 85
64 104
64 169
64 172
64 111
64 151
65 96
65 165
65 136
65 169
65 85
65 189
65 190
66 198
66 73
66 176
66 119
67 128
67 196
67 91
67 157
67 126
68 121
68 153
68 69
68 84
69 188
70 96
70 194
70 133
70 72
70 115
70 179
70 189
70 90
71 122
71 97
73 138
73 112
73 147
73 153
73 187
73 159
74 105
75 128
75 99
75 110
75 114
75 181
75 123
75 93
75 126
76 105
76 119
78 97
78 180
79 181
79 126
79 138
80 187
81 128
81 163
81 195
81 122
81 199
81 90
82 129
83 135
83 145
83 90
83 179
83 130
84 131
84 135
84 103
84 151
84 125
85 184
86 160
86 154
87 99
87 106
87 144
87 92
87 93
88 169
88 102
88 151
89 198
89 137
89 141
89 146
90 145
90 148
90 183
91 130
91 100
91 199
91 171
91 189
92 142
92 93
93 153
93 171
93 182
95 161
95 101
95 142
95 124
95 113
96 141
96 178
96 189
96 190
97 193
97 133
97 112
98 119
99 155
100 198
100 103
100 137
100 177
100 148
101 136
101 155
101 117
102 139
103 128
103 106
103 108
103 117
104 130
104 166
104 198
104 109
104 178
104 150
104 182
104 125
105 109
106 184
106 158
107 179
107 187
108 145
108 193
108 121
109 191
109 153
109 186
110 137
110 154
111 130
111 172
111 117
111 182
111 184
112 157
112 159
113 168
113 170
113 120
113 187
114 128
114 147
116 145
116 182
118 186
119 166
119 147
119 157
120 182
120 121
120 141
121 194
122 172
122 174
122 156
123 182
123 156
124 131
125 192
127 155
127 171
128 155
129 182
130 162
130 196
130 199
130 170
130 148
131 161
131 195
132 187
133 160
133 192
133 170
133 175
133 151
133 191
134 145
134 175
135 165
135 199
135 187
136 137
137 141
137 183
137 156
138 165
139 194
139 189
139 156
140 192
140 174
140 142
141 166
141 182
143 160
143 148
143 194
144 147
144 180
144 188
144 159
145 172
145 178
146 177
148 150
149 161
149 177
150 175
150 152
151 153
151 168
151 178
152 160
155 182
156 168
156 171
157 194
157 168
159 175
159 183
160 162
160 165
163 196
163 189
164 178
164 196
164 165
165 178
165 190
166 193
168 194
170 173
174 189
182 183
183 192
184 189
185 191
186 192
189 195
190 197
195 197
195 198
