200 600
0 9
0 26
0 19
0 121
1 33
1 129
1 195
1 132
1 101
1 105
1 60
2 72
2 74
2 132
3 99
3 68
3 9
3 141
3 47
3 156
4 193
4 103
4 41
4 10
4 169
4 77
4 82
4 56
5 41
5 11
5 139
5 93
5 6
6 75
6 157
6 79
7 65
7 98
7 129
7 104
7 81
7 92
8 192
8 115
8 139
8 143
9 12
9 48
9 20
9 186
10 131
10 198
10 40
10 77
10 48
10 176
10 21
10 89
10 125
10 31
11 32
11 170
11 61
11 159
12 121
12 45
12 54
12 111
13 170
13 92
13 110
13 31
14 56
14 37
15 32
15 132
15 68
15 133
15 166
15 79
15 62
16 26
17 80
17 122
17 107
17 148
17 95
18 160
18 33
18 194
18 101
18 72
18 41
18 108
18 50
19 69
19 72
19 147
19 54
19 89
20 81
20 122
20 75
20 197
21 24
21 25
21 84
21 49
22 64
22 81
22 69
23 48
23 75
23 72
23 77
23 54
24 34
24 70
24 139
24 79
24 152
24 186
24 27
24 60
25 128
25 146
25 183
25 89
25 62
26 161
26 35
26 102
26 174
26 87
26 151
27 40
27 88
27 39
28 35
28 100
28 141
29 193
29 72
29 147
29 179
29 86
29 153
29 95
30 97
30 130
30 196
30 101
30 75
30 181
30 119
30 88
30 159
31 192
31 132
31 172
31 116
31 58
32 97
32 161
32 185
32 39
32 139
32 77
32 145
32 89
32 155
32 157
33 97
33 111
33 48
33 80
33 146
33 148
33 178
33 58
34 193
34 98
34 37
34 133
34 144
34 177
34 82
34 116
35 197
35 173
35 106
36 73
36 179
36 69
36 94
36 183
37 66
37 198
37 72
37 136
37 147
37 86
37 150
37 152
37 159
38 195
38 100
38 101
38 138
38 50
38 56
38 153
39 69
39 134
39 166
39 75
39 108
39 178
39 86
39 60
40 131
40 72
40 76
40 145
41 164
41 77
42 192
42 74
42 173
42 77
42 55
42 121
43 130
43 162
43 133
43 45
43 144
43 117
43 152
44 162
44 58
44 51
44 174
45 66
45 109
45 173
45 151
45 124
46 80
46 161
46 134
47 88
47 108
47 104
47 123
48 166
48 79
48 114
48 115
48 57
49 170
49 173
49 110
49 175
49 179
49 184
50 76
50 140
50 81
50 119
50 185
50 90
51 196
51 105
51 137
51 82
51 178
51 153
51 58
51 63
52 124
52 81
52 76
52 101
52 95
53 104
53 169
53 116
53 77
54 129
54 103
54 74
54 150
55 64
55 125
56 165
56 173
56 149
57 195
57 76
57 109
57 134
58 159
58 99
58 199
58 141
58 173
58 118
58 187
58 189
59 81
59 186
59 177
59 71
60 73
60 108
60 142
60 143
60 147
61 88
61 113
61 183
62 96
62 97
62 162
62 195
63 100
63 135
63 177
63 184
63 156
64 88
64 148
64 173
65 112
65 155
65 86
66 144
66 121
66 77
67 96
67 153
67 83
67 173
68 161
68 98
68 99
68 199
68 85
68 158
69 163
69 166
69 108
69 80
70 90
71 128
71 153
71 90
71 131
72 135
72 156
73 191
73 188
73 175
74 128
74 79
74 182
75 99
75 93
76 102
76 134
76 136
76 139
76 155
76 77
76 79
76 123
77 128
77 197
77 175
77 152
77 184
77 159
78 122
78 107
78 199
79 106
79 139
80 130
80 89
81 136
81 125
82 113
82 135
83 111
84 136
84 152
85 137
85 177
85 178
85 118
85 151
85 125
86 160
86 193
86 111
86 180
86 153
87 199
87 139
87 172
87 178
87 123
88 99
88 132
88 153
89 161
89 192
89 198
89 171
89 184
89 125
90 132
90 166
90 107
90 178
91 105
91 137
91 147
91 117
92 178
92 170
92 140
93 99
93 177
93 132
94 161
94 167
94 104
94 178
94 151
94 189
95 98
95 131
95 157
96 161
96 98
96 130
96 102
96 171
96 159
97 196
97 135
97 138
97 146
98 160
98 161
98 197
98 102
98 180
98 152
99 100
99 137
99 140
100 161
100 173
100 180
100 118
101 196
101 170
102 128
102 107
102 185
102 159
103 132
103 190
104 147
105 150
106 183
106 164
108 142
108 176
108 181
109 141
110 128
110 162
110 164
111 138
111 118
112 199
112 149
112 152
112 121
112 124
112 189
113 178
113 192
114 191
114 182
114 160
114 175
115 172
115 145
115 179
115 184
115 125
116 161
116 136
116 168
116 140
116 189
117 187
117 157
118 172
119 199
119 126
119 191
120 164
120 148
120 183
121 149
122 165
124 156
124 173
125 140
125 187
126 135
126 146
126 171
127 163
127 196
128 170
128 148
128 182
128 155
130 162
130 148
132 192
132 154
133 192
133 179
133 157
134 147
135 198
135 143
137 161
137 166
137 157
138 199
138 149
139 192
139 162
139 198
140 171
141 143
141 186
141 187
142 154
144 183
145 199
145 172
145 183
147 197
147 170
147 189
148 185
149 180
149 181
149 188
149 190
150 197
151 196
151 190
154 167
156 161
156 198
156 187
157 167
158 164
158 173
158 190
159 161
160 178
160 184
161 195
161 182
163 176
164 189
165 182
165 168
168 178
170 182
172 188
175 181
176 181
179 181
180 184
185 188
192 194
194 195
