200 500
0 11
0 116
0 141
0 78
0 71
1 166
1 105
1 172
1 77
1 48
1 118
1 22
1 61
2 72
2 52
2 76
2 95
2 127
3 130
3 163
3 58
3 6
3 199
3 138
3 16
3 151
3 90
3 60
3 191
4 33
4 5
4 91
4 29
4 78
5 25
5 129
5 51
6 129
6 170
6 13
6 82
6 148
6 182
6 154
6 124
7 67
7 26
7 187
7 98
7 159
8 128
8 161
8 171
8 126
8 80
9 100
9 37
9 168
9 78
9 181
9 90
10 144
10 169
10 91
10 92
10 105
11 130
11 76
12 103
12 105
12 107
12 45
12 146
12 55
12 159
13 37
13 199
13 40
13 138
13 173
13 84
13 60
14 53
15 113
15 42
15 115
15 179
15 119
16 129
16 167
16 81
16 119
16 155
16 60
16 61
16 127
17 32
17 65
17 107
17 118
18 128
18 80
18 54
19 193
19 42
19 110
19 117
19 119
19 25
19 29
20 99
20 136
20 106
20 107
20 77
20 46
20 113
20 156
20 158
21 161
21 33
21 67
21 198
21 92
21 95
22 128
22 68
22 166
22 48
22 114
22 83
22 84
22 58
23 186
23 34
23 90
23 117
24 178
24 180
24 182
24 25
24 61
24 126
25 38
25 104
25 109
25 87
26 158
26 107
26 174
27 64
27 195
27 165
27 87
28 128
28 197
29 123
29 65
29 132
30 187
30 124
31 171
31 140
31 142
32 188
32 173
33 103
33 136
33 45
33 84
34 98
34 101
34 170
34 112
34 155
35 162
35 98
35 165
35 172
35 141
35 153
36 170
36 78
36 39
37 129
37 131
37 67
37 138
37 90
38 106
39 196
39 71
39 106
39 174
39 113
40 192
40 154
40 127
40 93
40 191
42 172
42 44
42 110
42 112
42 58
43 131
43 108
43 118
43 63
44 140
44 143
45 173
46 94
47 155
47 85
47 102
47 103
49 136
49 128
49 60
49 53
50 130
50 102
50 77
50 111
50 54
50 183
51 57
51 180
52 99
52 198
53 193
53 168
53 148
53 93
54 67
54 101
54 165
54 147
54 85
55 80
55 85
55 183
56 68
57 64
57 194
57 110
57 177
57 116
57 149
58 163
58 165
58 170
58 142
58 84
59 103
60 64
60 70
60 122
61 97
61 99
61 169
61 115
61 122
61 126
62 98
63 75
63 188
65 195
65 175
65 178
65 114
65 180
65 85
65 95
66 125
66 117
67 152
67 153
68 132
68 197
68 75
68 143
68 190
68 95
69 140
69 111
70 175
70 71
71 73
71 84
71 151
71 184
71 95
72 170
72 195
72 149
73 114
73 79
73 157
73 87
74 168
74 121
75 120
76 161
76 196
76 171
77 171
77 138
79 115
79 163
80 193
80 102
80 183
81 193
81 152
81 131
81 157
82 113
82 187
82 147
82 173
83 151
83 91
83 127
83 102
84 97
84 149
86 169
86 171
87 110
87 143
88 123
88 93
89 114
89 93
89 173
90 193
90 190
90 159
91 199
91 167
91 184
91 121
91 186
92 184
92 189
93 142
93 157
94 107
94 198
94 175
95 193
95 121
95 122
95 188
96 123
97 194
97 149
98 140
98 116
99 193
99 100
99 147
99 122
100 119
102 164
102 140
102 144
102 175
102 147
102 116
102 122
103 168
104 112
104 124
105 106
105 144
105 184
105 159
107 140
107 174
107 148
107 184
108 184
108 155
108 150
109 168
109 130
111 124
111 130
112 192
113 169
114 135
114 172
114 123
115 169
115 183
116 154
117 162
117 156
118 128
118 129
118 197
118 186
120 179
120 126
120 135
121 164
121 153
121 190
122 129
122 137
122 145
122 189
123 137
123 174
123 175
124 174
124 187
125 192
125 131
125 197
125 126
126 131
127 164
127 167
127 144
127 149
128 166
128 156
128 188
128 189
129 167
129 146
129 155
130 131
130 165
131 141
132 169
132 151
132 188
132 159
133 143
134 154
134 156
134 149
135 151
138 161
138 194
138 151
138 158
140 169
140 187
141 187
141 165
142 196
142 155
142 181
142 187
143 170
146 180
147 186
148 166
148 177
148 178
149 174
150 156
152 158
153 199
154 198
155 199
156 164
156 167
157 168
157 173
158 193
158 165
158 173
158 182
159 175
161 163
163 179
165 197
165 178
166 193
166 185
167 168
167 185
168 172
168 180
176 187
177 186
178 190
181 193
181 189
184 188
185 186
185 190
187 196
