200 500
0 130
0 4
0 12
1 157
1 126
2 80
2 69
3 160
3 194
3 10
3 74
3 79
4 32
4 132
4 110
4 174
4 145
4 181
4 27
4 62
5 64
5 153
5 101
5 198
5 151
6 89
6 68
6 43
6 46
6 112
6 18
6 148
6 54
6 25
7 33
7 146
7 51
8 66
8 133
8 70
8 48
8 155
8 124
9 169
9 74
9 91
9 143
10 128
10 33
10 37
10 105
10 74
10 42
10 117
10 60
11 175
11 51
11 94
11 47
12 72
12 157
12 71
12 47
13 192
13 134
13 76
13 77
13 109
13 78
13 114
13 154
14 66
14 111
15 21
16 34
16 50
16 143
17 144
17 161
17 48
17 117
17 135
18 129
18 112
18 179
18 119
18 30
19 196
19 134
19 142
19 115
19 55
19 26
19 125
20 41
20 162
20 69
21 138
21 43
21 42
21 45
21 173
21 121
21 26
21 27
21 30
22 152
22 81
22 146
22 45
22 86
23 104
23 92
23 198
24 65
24 195
24 132
24 198
24 42
24 118
24 150
24 62
25 199
25 39
25 75
25 114
25 50
25 157
26 160
26 47
26 49
26 85
26 187
27 130
27 107
27 115
27 125
28 65
28 188
28 157
29 138
29 155
29 190
29 45
29 38
30 160
30 98
30 143
31 124
31 90
31 188
31 142
32 34
32 67
32 133
32 159
33 99
33 173
33 51
33 83
33 115
33 181
34 104
34 147
34 152
34 92
35 103
35 42
35 80
35 153
35 123
35 189
36 166
36 76
36 142
36 114
36 116
36 53
36 86
36 156
37 184
37 54
37 78
38 164
38 165
38 154
38 85
38 186
38 94
39 112
39 161
39 162
39 123
40 72
40 153
40 129
40 44
40 182
41 64
41 100
41 199
41 178
41 84
41 118
42 97
42 76
42 44
42 93
42 62
43 132
43 101
43 68
43 165
43 143
44 65
44 198
44 138
44 172
44 55
44 91
44 156
45 132
45 113
45 56
45 124
45 63
46 103
46 178
46 55
46 152
46 126
47 163
47 164
47 105
47 117
47 57
47 188
48 109
48 175
48 52
48 85
49 186
49 77
50 102
50 190
50 150
51 151
52 121
52 140
52 71
52 95
53 82
53 111
53 95
54 97
54 168
54 58
54 159
55 118
55 147
56 101
56 70
56 71
56 85
56 90
56 126
57 186
58 120
58 90
58 164
59 104
59 131
60 192
60 164
60 170
60 177
60 91
61 185
61 162
61 150
62 175
62 112
62 85
62 149
64 170
64 156
65 180
66 170
66 146
66 82
66 149
66 92
67 169
67 108
69 123
69 84
69 146
70 125
70 158
71 101
71 165
71 123
71 81
71 91
71 126
72 87
73 183
73 91
73 109
73 113
73 79
75 120
75 117
76 165
76 198
76 77
76 82
76 179
76 149
76 188
77 100
77 107
77 124
78 136
78 97
78 175
79 160
79 131
79 180
80 152
80 182
81 150
81 155
82 170
83 149
83 142
84 101
85 88
86 174
87 92
87 184
87 135
88 138
88 172
89 139
89 156
89 191
90 177
90 140
92 108
92 179
93 146
93 195
94 104
94 195
95 137
95 134
95 121
97 194
97 99
97 196
97 133
97 112
97 152
98 152
98 177
98 118
98 112
99 119
100 136
100 138
100 182
101 162
101 183
103 149
103 198
103 111
104 131
104 112
104 177
105 113
105 138
105 117
106 168
106 130
106 196
107 115
107 162
107 108
108 114
108 166
109 171
109 113
109 145
109 112
109 179
111 121
111 167
112 163
112 172
112 144
112 179
113 194
113 114
114 194
114 182
114 127
115 171
115 146
116 120
116 123
116 143
117 198
117 191
118 144
118 120
118 125
119 147
120 139
120 121
120 187
121 143
121 123
122 195
122 141
123 164
123 134
123 125
124 191
124 180
125 129
125 163
125 133
125 168
125 170
126 154
126 187
126 189
128 172
128 141
129 133
129 168
129 152
130 133
130 137
130 189
131 145
131 148
133 173
133 146
134 155
134 187
134 143
134 157
134 189
135 145
136 198
136 191
137 181
137 159
138 173
138 143
138 178
138 183
141 188
142 167
142 188
142 190
143 162
143 163
143 152
144 160
144 162
144 198
144 145
144 150
146 175
147 173
149 195
150 181
151 189
152 182
153 196
154 158
157 186
158 199
159 199
160 164
160 188
163 171
166 188
167 192
171 186
172 182
174 198
177 184
178 190
179 192
182 194
184 194
