200 2000
0 160
0 1
0 2
0 163
0 169
0 11
0 43
0 45
0 114
0 20
0 149
0 182
0 152
0 25
0 61
0 190
1 64
1 98
1 129
1 132
1 5
1 167
1 172
1 144
1 20
1 116
1 180
1 23
1 56
1 91
1 156
1 63
2 131
2 69
2 168
2 106
2 138
2 13
2 16
2 124
2 51
2 115
2 180
2 24
2 60
2 191
3 194
3 36
3 68
3 164
3 88
3 136
3 138
3 13
3 187
3 143
3 177
3 50
3 181
3 183
3 62
3 57
3 27
3 28
3 30
3 63
4 14
4 152
4 153
4 156
4 164
4 41
4 171
4 172
4 47
4 177
4 178
4 182
4 183
4 56
4 188
4 74
4 87
4 91
4 105
4 112
4 123
4 126
5 34
5 33
5 65
5 121
5 70
5 39
5 40
5 136
5 10
5 163
5 109
5 19
5 25
5 187
5 127
6 64
6 162
6 194
6 165
6 134
6 197
6 8
6 9
6 10
6 186
6 109
6 147
6 54
6 55
6 25
6 126
6 187
6 30
7 130
7 12
7 13
7 14
7 17
7 145
7 159
7 40
7 177
7 183
7 56
7 67
7 68
7 70
7 71
7 90
7 99
7 101
7 102
7 118
7 124
7 126
8 98
8 67
8 99
8 132
8 70
8 167
8 194
8 10
8 75
8 108
8 13
8 140
8 111
8 83
8 55
8 152
8 59
8 127
9 129
9 66
9 130
9 164
9 104
9 10
9 43
9 180
9 117
9 86
9 118
9 123
9 62
10 131
10 140
10 17
10 147
10 21
10 23
10 29
10 167
10 40
10 173
10 46
10 53
10 185
10 195
10 196
10 70
10 78
10 82
10 85
10 91
10 100
10 104
10 108
10 112
10 120
11 65
11 97
11 67
11 98
11 130
11 133
11 167
11 136
11 196
11 173
11 48
11 144
11 152
11 116
11 157
11 56
11 58
11 156
11 61
11 126
12 35
12 132
12 164
12 106
12 139
12 172
12 113
12 29
12 115
12 52
12 85
12 86
12 157
12 154
12 124
12 61
13 99
13 71
13 42
13 43
13 169
13 78
13 175
13 145
13 116
13 53
13 54
13 55
13 122
13 30
13 127
14 96
14 129
14 130
14 134
14 88
14 42
14 91
14 107
14 79
14 21
14 118
14 56
14 122
14 27
14 127
14 93
14 63
15 143
15 21
15 150
15 25
15 166
15 170
15 45
15 177
15 185
15 188
15 61
15 62
15 68
15 83
15 93
15 99
15 103
15 114
15 117
15 120
15 124
15 127
16 130
16 37
16 73
16 107
16 123
16 140
16 172
16 177
16 147
16 52
16 89
16 90
16 91
16 28
16 30
17 33
17 162
17 138
17 76
17 172
17 173
17 79
17 143
17 52
17 183
17 56
17 188
17 189
18 96
18 33
18 70
18 104
18 168
18 170
18 107
18 47
18 111
18 149
18 154
18 156
18 189
18 30
19 128
19 65
19 129
19 195
19 70
19 166
19 73
19 105
19 110
19 82
19 83
19 22
19 121
19 91
19 60
19 29
19 127
20 128
20 134
20 141
20 23
20 153
20 155
20 159
20 36
20 179
20 182
20 56
20 59
20 196
20 71
20 73
20 75
20 88
20 99
20 101
20 105
20 120
20 121
21 35
21 37
21 105
21 77
21 79
21 113
21 114
21 147
21 188
21 117
21 150
21 57
21 90
21 60
21 30
21 159
22 65
22 35
22 100
22 164
22 134
22 165
22 106
22 108
22 140
22 175
22 177
22 52
22 83
22 189
22 25
22 58
22 93
22 158
22 31
23 128
23 160
23 68
23 37
23 132
23 197
23 108
23 78
23 175
23 113
23 53
23 24
23 25
23 188
23 126
24 192
24 131
24 100
24 101
24 70
24 167
24 41
24 137
24 139
24 172
24 141
24 142
24 47
24 119
24 181
24 150
24 153
24 157
24 30
25 133
25 148
25 149
25 152
25 162
25 165
25 166
25 41
25 169
25 43
25 170
25 174
25 47
25 53
25 183
25 58
25 59
25 197
25 75
25 77
25 107
25 124
25 127
26 128
26 160
26 34
26 192
26 100
26 132
26 102
26 199
26 171
26 175
26 147
26 116
26 85
27 98
27 153
27 37
27 166
27 198
27 73
27 50
27 55
27 120
27 121
27 59
27 184
28 33
28 65
28 36
28 165
28 197
28 43
28 76
28 140
28 176
28 83
28 184
28 190
29 33
29 131
29 69
29 134
29 166
29 123
29 171
29 172
29 47
29 173
29 153
29 59
29 189
29 159
30 129
30 137
30 138
30 139
30 33
30 38
30 185
30 63
30 192
30 199
30 74
30 90
30 103
30 107
30 112
30 116
30 125
31 64
31 96
31 66
31 42
31 43
31 106
31 78
31 176
31 113
31 88
31 57
31 60
31 189
32 96
32 192
32 66
32 98
32 37
32 42
32 44
32 187
32 175
32 48
32 81
32 50
32 117
32 184
32 186
32 155
32 92
32 125
32 191
33 141
33 152
33 154
33 163
33 168
33 170
33 172
33 47
33 50
33 54
33 183
33 184
33 59
33 75
33 86
33 114
34 65
34 129
34 69
34 169
34 171
34 140
34 46
34 174
34 82
34 88
34 153
34 94
34 95
35 131
35 135
35 148
35 151
35 162
35 39
35 40
35 41
35 170
35 180
35 185
35 188
35 62
35 65
35 66
35 195
35 69
35 70
35 92
35 101
35 102
35 126
36 132
36 137
36 157
36 37
36 40
36 45
36 47
36 175
36 186
36 61
36 62
36 197
36 71
36 77
36 79
36 90
36 93
36 103
36 113
37 133
37 134
37 138
37 144
37 148
37 150
37 151
37 43
37 44
37 176
37 178
37 186
37 62
37 190
37 65
37 67
37 79
37 88
37 90
37 102
37 105
37 106
37 117
37 118
38 160
38 193
38 100
38 196
38 102
38 72
38 75
38 44
38 108
38 78
38 81
38 117
38 149
38 151
38 89
38 158
38 95
39 105
39 171
39 79
39 81
39 82
39 114
39 179
39 85
39 117
39 183
39 57
39 154
39 95
40 145
40 157
40 161
40 164
40 45
40 174
40 50
40 180
40 188
40 189
40 193
40 68
40 196
40 73
40 95
40 101
40 115
40 125
41 96
41 161
41 191
41 99
41 185
41 194
41 72
41 136
41 168
41 139
41 171
41 189
41 124
41 93
41 159
42 96
42 97
42 162
42 100
42 101
42 133
42 103
42 72
42 137
42 139
42 77
42 112
42 50
42 118
42 90
42 59
42 188
43 131
43 135
43 108
43 49
43 156
43 52
43 86
43 187
43 62
44 165
44 104
44 73
44 106
44 139
44 167
44 114
44 181
44 121
44 187
44 190
45 65
45 131
45 195
45 103
45 73
45 105
45 167
45 78
45 79
45 50
45 148
45 181
45 151
45 153
45 154
45 190
46 131
46 101
46 103
46 167
46 74
46 141
46 142
46 79
46 80
46 81
46 111
46 112
46 175
46 177
46 88
46 121
46 124
46 157
46 63
47 132
47 140
47 142
47 160
47 172
47 50
47 56
47 57
47 192
47 65
47 80
47 87
47 88
47 92
47 97
47 105
47 106
47 114
47 117
48 65
48 191
48 133
48 136
48 105
48 137
48 108
48 141
48 51
48 115
48 147
48 184
48 154
48 159
49 96
49 102
49 71
49 72
49 107
49 141
49 173
49 111
49 144
49 83
49 116
49 180
49 54
49 86
49 120
49 150
49 182
49 62
50 149
50 150
50 162
50 163
50 173
50 177
50 53
50 54
50 55
50 181
50 62
50 66
50 197
50 76
50 79
50 84
50 88
50 94
50 98
50 99
50 100
50 108
50 109
51 131
51 140
51 154
51 164
51 170
51 175
51 180
51 57
51 63
51 193
51 82
51 86
51 91
51 93
51 97
51 98
51 108
51 112
51 119
51 120
51 123
51 126
52 64
52 97
52 128
52 194
52 68
52 77
52 108
52 139
52 113
52 173
52 149
52 183
52 185
52 188
52 61
53 160
53 98
53 199
53 136
53 139
53 140
53 173
53 175
53 120
53 122
53 184
53 191
54 132
54 140
54 141
54 152
54 177
54 59
54 193
54 68
54 196
54 199
54 73
54 75
54 77
54 80
54 84
54 109
54 110
55 98
55 70
55 166
55 167
55 170
55 176
55 183
55 152
55 122
55 156
55 93
56 129
56 194
56 100
56 140
56 78
56 83
56 115
56 116
56 152
56 187
57 165
57 171
57 140
57 173
57 110
57 113
57 145
57 116
57 118
57 121
57 188
57 126
58 98
58 194
58 196
58 197
58 103
58 74
58 174
58 126
59 144
59 151
59 163
59 181
59 185
59 188
59 66
59 73
59 95
59 97
59 104
59 105
59 107
59 119
59 127
60 138
60 144
60 151
60 154
60 162
60 168
60 172
60 181
60 188
60 67
60 73
60 74
60 86
60 87
60 97
60 98
60 103
60 105
60 106
60 114
61 161
61 130
61 75
61 108
61 171
61 174
61 83
61 85
61 151
61 184
61 191
62 129
62 133
62 138
62 150
62 158
62 160
62 166
62 168
62 174
62 178
62 80
62 85
62 88
62 94
62 103
62 112
63 160
63 65
63 130
63 168
63 106
63 79
63 81
63 82
63 177
63 149
63 178
63 154
64 144
64 155
64 158
64 162
64 166
64 169
64 178
64 181
64 68
64 72
64 83
64 93
64 96
64 102
64 105
64 110
64 112
64 116
64 118
64 119
65 132
65 134
65 136
65 150
65 155
65 173
65 175
65 176
65 194
65 73
65 74
65 79
65 82
65 87
65 88
65 90
65 92
65 122
66 144
66 153
66 162
66 166
66 168
66 170
66 185
66 196
66 69
66 198
66 199
66 76
66 81
66 83
66 84
66 85
66 98
66 99
66 104
66 106
66 112
66 126
66 127
67 133
67 149
67 150
67 164
67 186
67 189
67 194
67 195
67 199
67 75
67 94
67 108
67 114
67 116
67 117
67 119
67 124
68 128
68 136
68 153
68 159
68 165
68 167
68 176
68 185
68 93
68 95
68 96
68 102
68 105
68 119
68 124
68 126
69 96
69 195
69 103
69 198
69 141
69 187
69 80
69 178
69 84
69 154
69 155
70 193
70 165
70 166
70 78
70 111
70 80
70 144
70 182
70 91
70 124
71 96
71 97
71 195
71 101
71 134
71 73
71 141
71 114
71 148
71 181
71 88
71 94
72 96
72 131
72 196
72 199
72 171
72 141
72 110
72 142
72 179
72 118
72 184
72 154
72 95
73 130
73 161
73 162
73 168
73 185
73 186
73 74
73 81
73 82
73 104
73 107
73 119
73 124
74 98
74 101
74 132
74 196
74 198
74 141
74 142
74 86
74 119
74 185
74 158
75 132
75 133
75 141
75 148
75 154
75 163
75 165
75 178
75 184
75 185
75 187
75 188
75 87
75 94
75 97
75 101
75 108
75 110
75 116
75 118
76 191
76 185
76 197
76 103
76 109
76 120
76 174
76 114
76 177
76 179
76 118
76 88
76 153
76 154
76 189
76 159
77 192
77 121
77 165
77 139
77 81
77 177
77 86
77 119
77 122
77 126
78 100
78 196
78 197
78 169
78 139
78 122
78 127
78 95
79 130
79 134
79 137
79 140
79 142
79 148
79 184
79 198
79 85
79 89
79 90
79 95
79 110
79 127
80 160
80 131
80 106
80 108
80 187
80 174
80 81
80 113
80 145
80 146
80 176
80 179
80 153
80 91
81 132
81 142
81 144
81 150
81 154
81 160
81 174
81 183
81 194
81 85
81 97
81 102
81 103
81 106
81 109
81 127
82 129
82 195
82 137
82 86
82 183
82 90
83 136
83 144
83 146
83 159
83 166
83 178
83 185
83 189
83 109
83 111
83 114
83 118
84 98
84 131
84 167
84 85
84 152
84 187
84 190
84 157
84 184
84 95
85 96
85 128
85 130
85 90
85 105
85 137
85 179
85 151
85 120
85 187
86 98
86 130
86 122
86 106
86 174
86 145
86 90
87 102
87 103
87 106
87 108
87 138
87 110
87 140
87 145
87 171
87 147
87 173
87 150
87 120
87 159
88 129
88 131
88 143
88 144
88 152
88 166
88 173
88 91
88 93
88 96
88 98
88 117
88 125
89 130
89 163
89 165
89 168
89 170
89 172
89 180
89 181
89 183
89 189
89 194
89 196
89 198
89 93
89 96
89 97
89 100
89 103
89 104
89 115
89 117
90 196
90 103
90 137
90 169
90 171
90 113
90 144
90 177
90 155
91 128
91 165
91 196
91 169
91 108
91 111
91 114
91 148
91 189
91 158
92 102
92 140
92 111
92 175
92 147
92 179
92 153
92 93
93 193
93 134
93 103
93 164
93 137
93 197
93 117
93 184
94 132
94 166
94 135
94 106
94 170
94 172
94 173
94 177
94 184
94 158
95 128
95 132
95 103
95 167
95 168
95 143
95 180
95 186
96 128
96 133
96 155
96 167
96 177
96 189
96 112
96 117
97 128
97 192
97 163
97 195
97 168
97 187
97 149
97 150
98 134
98 139
98 140
98 147
98 170
98 174
98 176
98 184
98 199
98 99
99 100
99 195
99 102
99 168
99 198
99 142
99 113
99 116
99 188
100 139
100 151
100 157
100 160
100 163
100 167
100 168
100 175
100 176
100 114
100 122
101 130
101 133
101 144
101 173
101 183
101 184
101 186
101 187
101 194
101 102
101 112
101 119
101 125
102 169
102 139
102 108
102 120
103 132
103 186
103 187
103 114
103 126
103 127
104 193
104 138
104 143
104 146
104 179
104 181
104 152
104 157
105 145
105 167
105 172
105 177
105 179
105 185
105 194
105 198
105 124
105 125
106 127
106 147
106 183
107 131
107 165
107 198
107 158
107 109
107 145
107 146
107 176
107 156
108 129
108 134
108 135
108 141
108 145
108 150
108 184
108 191
108 195
108 120
108 127
109 160
109 165
109 167
109 140
109 150
109 188
109 125
109 126
110 153
110 164
110 165
110 166
110 183
110 120
110 190
110 126
111 128
111 134
111 168
111 172
111 142
111 124
111 181
111 122
111 126
112 128
112 133
112 140
112 142
112 144
112 173
112 183
112 184
112 187
112 193
112 198
112 115
112 119
113 154
113 155
113 163
113 166
113 169
113 172
113 173
113 177
113 185
113 193
113 114
113 122
113 123
114 135
114 140
114 159
114 182
114 189
114 116
114 118
114 125
115 129
115 132
115 137
115 153
115 162
115 164
115 165
115 169
115 171
115 177
115 187
115 189
115 191
115 116
115 118
115 121
115 124
115 127
116 149
116 150
116 163
116 168
116 176
116 185
116 197
116 198
116 118
117 135
117 136
117 137
117 147
117 151
117 167
117 171
117 181
117 185
117 194
117 121
117 126
118 152
118 153
118 158
118 167
118 169
118 179
118 195
118 119
118 120
118 124
119 128
119 161
119 132
119 169
119 155
119 170
119 145
119 188
119 152
120 129
120 140
120 141
120 185
120 187
120 189
120 193
120 196
121 165
121 135
121 136
121 170
121 187
122 194
122 163
122 171
122 140
122 145
122 125
123 131
123 163
123 138
123 157
123 151
123 156
124 163
124 199
124 171
124 188
125 161
125 126
125 164
125 199
125 186
125 184
125 187
125 190
126 144
126 147
126 148
126 149
126 150
126 154
126 159
126 160
126 162
126 164
126 168
126 177
127 130
127 144
127 147
127 155
127 156
127 159
127 164
127 167
127 170
127 199
128 141
128 146
128 156
128 159
128 176
128 177
128 187
128 188
128 189
128 198
129 186
129 179
129 154
129 189
130 143
130 144
130 157
130 164
130 174
130 176
130 183
130 185
130 193
131 163
131 196
131 145
131 149
131 179
131 191
132 135
132 142
132 143
132 159
132 168
132 175
132 181
132 194
132 195
133 161
133 193
133 164
133 165
133 148
133 155
133 188
134 164
134 167
134 137
134 138
134 173
134 150
134 152
135 197
135 198
135 136
135 172
135 175
135 144
135 146
135 154
136 143
136 146
136 147
136 151
136 163
136 166
136 178
136 179
136 193
136 194
136 197
137 163
137 174
137 182
138 165
138 199
138 171
138 187
138 177
138 150
138 185
139 193
139 195
139 142
139 147
140 156
140 163
140 174
140 188
141 162
141 192
141 193
141 171
141 179
142 162
142 165
142 171
142 143
142 144
142 189
142 151
142 185
142 152
143 193
143 194
143 148
143 189
143 157
144 152
144 158
144 188
144 190
145 166
145 167
145 184
146 161
146 177
146 149
146 182
147 161
147 165
147 168
148 186
148 191
149 159
149 164
149 192
149 183
149 157
150 151
150 157
150 161
150 189
150 192
151 195
151 179
151 152
151 181
152 159
152 171
152 177
152 181
152 190
152 199
153 193
153 170
154 157
154 161
154 167
154 168
154 186
154 188
154 196
155 164
155 167
155 193
155 170
155 187
156 191
156 192
156 165
156 175
156 187
156 179
156 188
156 158
157 197
157 199
157 170
157 190
158 164
158 188
158 183
158 184
158 191
159 160
159 181
160 165
160 199
160 173
160 176
160 190
160 189
161 162
161 189
162 164
162 199
162 179
163 176
163 177
163 180
165 171
165 191
165 199
166 185
166 195
166 198
166 180
167 178
167 179
167 182
167 188
167 189
167 190
167 192
168 195
168 198
169 192
169 194
169 199
169 171
169 174
169 184
170 199
171 174
171 176
171 183
171 199
172 175
172 184
172 187
173 188
174 186
176 191
177 191
178 192
178 194
178 195
178 182
179 187
180 191
180 184
180 186
180 187
181 199
181 189
182 198
183 185
183 190
183 193
183 198
184 192
184 197
184 198
185 192
185 193
185 194
185 197
185 198
186 199
186 187
187 188
187 192
188 191
188 197
189 190
189 198
192 198
193 199
194 197
