200 500
0 72
0 8
0 14
0 168
1 98
1 157
2 17
2 130
2 70
2 55
3 185
3 196
3 169
3 43
3 150
3 152
3 89
3 156
3 25
4 37
4 133
4 167
4 143
4 149
4 22
5 35
6 75
6 147
6 88
6 154
6 28
6 127
7 96
7 178
7 190
8 167
8 104
8 105
8 74
8 146
8 123
8 28
8 158
9 178
10 129
10 135
10 104
10 41
10 43
10 171
10 57
10 124
10 31
11 184
11 75
11 196
11 176
12 136
12 106
12 45
12 144
12 83
12 149
12 157
13 65
13 180
13 149
14 97
14 33
14 165
14 150
14 119
14 26
15 148
15 38
16 192
16 50
16 144
16 184
17 65
17 54
17 146
18 93
18 30
19 152
19 66
19 92
19 20
19 114
20 94
20 118
21 54
21 163
21 164
21 189
21 36
22 138
22 66
22 62
23 41
23 114
23 26
23 166
24 88
24 193
24 165
25 48
25 196
25 173
26 162
26 166
26 80
26 81
26 113
26 54
26 93
27 192
27 97
27 194
27 75
27 47
27 52
28 195
28 67
28 73
28 117
28 118
28 151
29 141
29 46
29 144
29 146
29 151
29 63
30 65
30 66
30 108
30 85
30 183
30 122
30 61
31 194
31 90
31 117
32 192
33 128
33 193
33 35
33 132
33 142
33 120
34 144
34 177
34 150
35 153
35 130
35 89
35 122
36 128
36 194
36 197
36 140
36 81
36 117
37 138
37 111
37 133
37 71
38 64
38 140
38 142
39 192
39 57
39 122
39 166
39 78
40 72
40 91
40 82
40 89
40 187
40 94
41 197
41 166
41 70
41 175
41 51
41 55
41 57
42 65
42 162
42 45
42 113
42 50
42 51
42 124
42 95
43 197
43 171
43 76
43 111
43 155
44 120
44 50
44 148
44 86
44 130
45 121
46 122
46 140
46 178
46 61
46 154
47 104
47 83
47 127
48 70
48 103
48 72
48 92
48 86
48 156
49 163
49 103
49 107
49 78
49 177
49 188
50 195
50 100
50 166
50 140
50 81
50 153
50 60
51 131
51 165
51 147
51 88
52 69
52 150
52 191
53 107
53 174
55 137
55 117
55 69
56 105
56 180
56 187
56 100
56 77
57 68
57 106
57 142
57 176
57 91
58 163
58 84
58 181
59 159
59 193
59 106
59 131
59 127
60 144
60 111
61 101
61 173
61 180
61 85
61 153
62 100
62 105
62 171
62 82
62 188
63 96
63 194
63 137
63 140
63 94
63 191
64 160
64 70
64 72
64 175
64 184
64 93
65 166
65 175
65 115
66 129
66 132
66 103
66 175
66 113
66 189
66 126
67 89
67 131
68 185
68 78
69 108
70 170
70 148
70 119
70 90
71 184
71 153
71 85
71 150
72 177
72 82
72 155
73 90
73 91
73 164
74 145
74 177
74 164
74 102
75 198
75 135
75 173
75 176
75 115
76 116
76 124
76 189
77 89
77 133
78 135
78 112
78 178
78 126
78 159
79 168
79 125
80 162
80 100
80 168
80 85
80 124
80 191
81 193
81 100
81 108
82 129
82 145
82 127
83 135
83 132
83 141
85 129
85 183
85 121
85 124
86 100
86 113
86 178
86 92
87 129
87 159
89 192
89 140
89 188
90 161
90 198
91 156
91 94
92 94
93 183
94 176
94 152
96 165
97 175
98 104
98 155
99 137
99 166
99 126
100 101
100 111
101 197
101 169
101 111
102 168
102 180
102 140
102 190
103 118
104 165
104 173
105 135
105 155
105 123
106 196
106 165
106 151
107 183
108 162
108 156
109 189
110 191
111 141
111 174
112 172
112 134
114 160
114 193
114 174
114 119
115 166
115 199
115 137
115 140
115 158
116 155
117 140
117 175
117 191
118 160
118 174
118 175
119 158
119 130
121 152
121 186
122 192
122 129
122 197
122 138
122 125
123 177
124 146
124 159
125 126
126 159
126 172
126 191
127 165
128 167
130 199
131 142
131 174
131 181
132 192
132 198
132 136
132 146
135 137
135 170
135 142
136 196
138 158
138 175
139 168
139 184
140 196
141 176
141 153
142 146
142 147
142 155
143 144
143 191
144 165
145 196
146 154
147 153
148 184
148 194
151 168
151 183
152 172
153 169
153 188
155 171
155 172
157 174
159 162
159 190
160 172
161 168
167 195
167 182
167 183
168 169
174 179
174 188
177 194
177 181
180 194
183 188
184 194
185 196
189 195
190 195
193 196
