200 600
0 168
0 11
0 111
1 64
1 131
1 134
1 42
1 171
1 114
1 115
1 54
2 99
2 134
2 45
2 15
2 48
2 53
2 122
2 59
2 31
3 114
3 52
3 71
4 183
4 116
4 103
5 187
5 20
5 126
5 31
6 170
6 186
6 26
6 75
6 71
7 89
7 34
8 96
8 102
8 168
8 76
8 15
8 82
8 147
8 189
8 30
9 162
9 70
9 44
9 145
9 52
9 24
9 190
10 64
10 65
10 161
10 134
10 177
11 72
11 42
11 77
11 110
11 144
11 56
12 73
12 75
12 21
12 118
12 79
13 140
13 146
13 75
13 36
13 39
14 192
14 95
14 166
14 54
14 87
15 166
15 83
15 52
15 148
15 59
16 37
16 167
16 109
16 83
16 90
16 27
17 129
17 146
17 177
17 46
18 165
18 70
18 76
18 46
18 79
18 50
18 55
18 152
18 191
19 198
19 175
19 143
19 83
19 20
19 85
19 150
19 183
20 165
20 48
20 49
20 148
20 23
20 93
21 161
21 73
21 140
21 49
21 87
21 91
21 61
22 48
22 161
22 169
22 168
23 98
23 68
24 65
24 66
24 195
24 38
24 157
24 29
25 162
25 185
25 168
25 76
25 178
25 115
25 151
25 120
25 183
25 156
26 165
26 38
26 147
26 88
26 153
27 161
27 98
27 168
27 145
27 146
27 53
28 185
28 154
28 188
28 84
29 97
29 70
29 166
29 44
29 143
29 144
29 81
29 60
30 161
30 34
30 163
30 139
30 149
30 119
30 95
31 131
31 103
31 72
31 136
31 137
31 176
32 40
32 190
32 86
32 103
33 35
33 40
33 73
33 171
33 110
33 148
33 185
34 128
34 133
34 41
34 45
35 36
35 165
35 199
35 144
35 53
35 62
36 166
36 168
36 74
36 46
36 47
36 177
36 186
37 175
37 165
37 93
37 71
38 106
38 175
39 89
39 186
39 110
40 196
40 109
40 86
40 152
41 81
41 177
42 66
42 82
42 83
42 184
43 184
43 97
43 110
43 69
43 54
44 197
44 136
44 188
44 94
45 171
45 178
45 53
45 125
46 66
46 138
46 84
46 187
47 185
47 106
47 61
48 163
48 136
48 89
48 91
48 60
49 69
49 158
49 117
49 59
49 62
50 153
50 92
50 69
50 198
51 96
51 100
51 197
51 135
51 179
51 88
51 124
52 87
52 55
52 88
53 172
54 160
54 198
54 115
54 57
54 94
55 135
55 173
55 174
55 114
55 149
55 118
55 188
55 189
56 74
56 179
56 152
56 186
56 126
57 191
57 130
57 134
57 74
57 141
57 78
57 114
57 87
57 95
58 147
58 62
59 68
59 74
59 184
59 125
59 191
60 65
60 77
60 114
60 83
60 149
60 181
61 122
61 158
62 176
62 103
63 65
63 145
63 165
64 167
64 74
64 115
64 180
64 121
65 133
65 102
65 145
66 155
67 98
67 123
67 197
67 183
68 194
68 167
68 186
68 142
68 85
68 122
69 162
69 103
69 172
69 174
69 175
69 144
69 83
70 185
70 71
70 167
70 179
70 182
70 152
70 153
71 162
71 142
71 83
71 125
72 88
72 148
72 84
73 111
73 148
73 183
74 166
74 137
74 146
74 87
74 191
75 131
75 181
75 127
76 124
76 122
77 163
77 142
77 176
77 152
78 160
78 102
78 170
78 184
78 189
79 186
79 90
79 146
80 106
81 195
82 133
82 136
82 139
82 140
82 177
82 115
82 180
82 88
83 167
84 102
84 179
85 192
85 98
85 152
85 189
86 129
86 156
86 192
87 99
87 108
87 184
87 158
88 178
88 120
88 157
88 159
89 103
90 170
90 162
90 112
91 148
92 97
92 190
92 94
93 103
93 166
93 95
94 132
94 172
94 143
94 189
94 158
95 121
96 145
97 136
97 188
98 181
98 127
99 167
99 148
99 174
100 121
100 163
100 140
100 141
101 105
102 129
102 145
102 178
102 190
103 177
103 125
103 154
104 138
104 158
104 133
104 157
105 136
105 117
105 188
106 130
106 108
106 119
106 157
107 134
107 143
108 170
108 172
108 134
109 161
109 123
109 192
110 139
110 191
111 195
111 172
111 114
111 152
111 186
112 171
112 126
113 145
113 190
113 142
113 127
114 177
114 126
115 170
115 120
116 184
116 138
116 142
116 118
117 162
117 130
118 143
119 133
120 133
120 126
121 128
121 139
121 152
121 126
122 165
122 134
122 137
122 147
123 162
123 188
124 198
124 168
124 171
124 179
125 150
125 155
126 181
127 137
127 130
128 192
130 177
131 146
131 151
131 189
132 194
132 159
133 162
133 165
134 141
134 176
135 138
135 173
136 140
136 174
136 179
137 197
137 167
137 169
137 172
138 165
138 147
138 151
138 158
139 154
140 149
140 181
141 164
142 195
142 169
142 153
143 167
143 176
143 181
143 182
144 160
145 181
145 184
146 163
146 198
148 185
150 197
150 190
153 164
154 160
154 184
155 193
155 182
156 189
158 168
158 172
158 175
158 177
159 166
159 176
160 170
162 166
162 197
163 188
164 182
164 165
165 199
166 193
166 189
167 171
167 178
168 190
170 174
172 174
172 182
172 183
173 193
174 185
175 176
176 190
177 179
178 180
179 195
179 185
180 185
182 196
186 197
188 199
190 199
