200 2000
0 4
0 132
0 6
0 134
0 9
0 143
0 145
0 150
0 153
0 29
0 32
0 168
0 43
0 175
0 179
0 53
0 54
0 55
0 188
0 190
0 65
0 82
0 84
0 92
0 111
0 118
1 161
1 35
1 163
1 195
1 102
1 71
1 197
1 198
1 138
1 141
1 111
1 113
1 181
1 55
1 56
1 158
1 124
1 152
1 30
2 3
2 122
2 135
2 104
2 9
2 105
2 199
2 12
2 113
2 85
2 57
2 90
2 27
2 61
2 158
3 131
3 101
3 39
3 40
3 41
3 71
3 136
3 186
3 110
3 16
3 144
3 147
3 85
3 154
3 59
3 156
3 61
3 126
4 33
4 161
4 163
4 132
4 5
4 122
4 39
4 133
4 111
4 181
4 54
4 184
4 25
4 58
4 59
4 94
5 129
5 139
5 143
5 150
5 28
5 161
5 38
5 166
5 171
5 46
5 175
5 176
5 57
5 187
5 80
5 82
5 86
5 106
5 108
5 110
5 116
5 117
6 36
6 197
6 103
6 9
6 139
6 109
6 177
6 115
6 23
6 56
6 187
6 152
7 128
7 134
7 9
7 10
7 147
7 154
7 160
7 168
7 170
7 44
7 47
7 183
7 186
7 59
7 62
7 65
7 197
7 199
7 72
7 86
7 108
7 119
8 131
8 15
8 18
8 147
8 148
8 21
8 27
8 28
8 164
8 38
8 44
8 49
8 52
8 183
8 186
8 58
8 190
8 80
8 98
8 104
8 114
8 120
9 130
9 14
9 17
9 146
9 152
9 153
9 159
9 163
9 164
9 38
9 175
9 176
9 64
9 65
9 194
9 100
9 103
9 116
10 139
10 21
10 26
10 30
10 38
10 39
10 166
10 170
10 172
10 45
10 173
10 47
10 184
10 61
10 196
10 75
10 76
10 81
10 94
10 95
10 114
11 33
11 67
11 36
11 133
11 103
11 104
11 74
11 43
11 75
11 155
11 142
11 15
11 170
11 189
11 117
11 151
11 88
11 27
11 93
12 35
12 163
12 196
12 136
12 173
12 111
12 15
12 114
12 178
12 151
12 187
12 156
12 30
12 127
13 131
13 135
13 141
13 147
13 150
13 23
13 29
13 162
13 163
13 168
13 45
13 174
13 177
13 182
13 189
13 66
13 71
13 76
13 80
13 81
13 84
13 87
13 111
14 89
14 121
14 34
14 162
14 185
14 196
14 102
14 197
14 171
14 82
14 51
14 53
14 157
14 23
14 57
14 154
14 156
14 29
14 126
15 128
15 129
15 133
15 141
15 23
15 25
15 28
15 32
15 160
15 161
15 168
15 171
15 49
15 51
15 180
15 61
15 189
15 63
15 65
15 198
15 88
15 119
16 128
16 33
16 160
16 35
16 39
16 147
16 148
16 117
16 86
16 181
16 88
16 91
16 93
16 62
16 191
17 96
17 159
17 162
17 133
17 102
17 38
17 103
17 197
17 140
17 110
17 111
17 117
17 56
17 89
17 186
17 123
17 184
17 127
18 163
18 198
18 39
18 41
18 42
18 73
18 169
18 77
18 174
18 80
18 144
18 179
18 22
18 55
18 153
19 32
19 66
19 194
19 38
19 103
19 143
19 115
19 20
19 86
19 89
20 136
20 138
20 141
20 147
20 161
20 36
20 167
20 41
20 174
20 47
20 49
20 51
20 53
20 54
20 182
20 62
20 196
20 197
20 87
20 104
20 118
21 33
21 162
21 35
21 132
21 101
21 166
21 198
21 142
21 113
21 22
21 152
21 157
21 30
21 63
22 64
22 161
22 69
22 197
22 139
22 109
22 46
22 142
22 143
22 181
22 151
22 27
23 136
23 24
23 29
23 32
23 160
23 38
23 171
23 172
23 48
23 49
23 57
23 191
23 196
23 73
23 82
23 96
23 102
23 110
23 122
24 128
24 135
24 140
24 144
24 146
24 153
24 156
24 29
24 167
24 168
24 57
24 189
24 190
24 64
24 66
24 67
24 195
24 75
24 80
24 90
24 101
24 114
24 123
24 125
24 127
25 35
25 132
25 164
25 105
25 107
25 139
25 46
25 47
25 48
25 79
25 111
25 115
25 143
25 146
25 179
25 181
25 57
25 123
25 157
26 66
26 164
26 69
26 70
26 168
26 73
26 42
26 74
26 138
26 145
26 178
26 179
26 86
26 118
26 150
26 185
27 130
27 135
27 140
27 143
27 144
27 30
27 159
27 36
27 164
27 169
27 42
27 170
27 51
27 56
27 193
27 72
27 91
27 96
27 112
28 161
28 35
28 167
28 41
28 74
28 186
28 155
28 174
28 48
28 49
28 50
28 61
28 144
28 54
28 90
28 123
28 188
28 29
29 131
29 137
29 152
29 30
29 164
29 39
29 169
29 44
29 174
29 179
29 59
29 68
29 72
29 77
29 94
29 102
29 107
30 131
30 36
30 42
30 174
30 56
30 184
30 188
30 190
30 192
30 197
30 198
30 72
30 75
30 86
30 93
30 118
30 121
30 124
30 125
31 65
31 194
31 131
31 170
31 142
31 175
31 113
31 145
31 83
31 116
31 179
31 120
31 59
31 191
32 65
32 66
32 128
32 161
32 163
32 194
32 42
32 138
32 44
32 45
32 76
32 78
32 118
32 154
32 159
33 130
33 131
33 133
33 103
33 167
33 143
33 116
33 88
33 125
33 158
34 98
34 35
34 162
34 101
34 164
34 194
34 72
34 171
34 109
34 83
34 85
34 53
34 149
34 121
34 124
35 195
35 68
35 199
35 42
35 75
35 140
35 111
35 124
35 82
35 178
35 148
35 182
35 159
36 151
36 155
36 158
36 42
36 48
36 176
36 52
36 65
36 193
36 196
36 70
36 71
36 199
36 79
36 81
36 89
36 107
36 108
36 116
36 117
37 128
37 161
37 162
37 163
37 41
37 108
37 48
37 113
37 188
37 147
37 52
37 85
37 118
37 125
37 56
37 189
37 124
37 61
38 131
38 139
38 154
38 155
38 40
38 178
38 179
38 52
38 181
38 56
38 59
38 62
38 192
38 71
38 79
38 93
39 192
39 130
39 100
39 72
39 81
39 112
39 113
39 85
39 184
39 185
39 124
39 126
39 127
40 160
40 65
40 97
40 68
40 69
40 41
40 43
40 45
40 141
40 48
40 82
40 84
40 53
40 54
40 182
40 88
40 122
41 130
41 140
41 152
41 154
41 162
41 167
41 44
41 47
41 53
41 184
41 61
41 68
41 199
41 90
41 93
41 104
41 111
42 161
42 194
42 69
42 164
42 198
42 144
42 83
42 179
42 53
42 54
42 188
42 93
43 160
43 162
43 68
43 69
43 140
43 142
43 143
43 112
43 83
43 88
43 57
43 124
43 189
44 193
44 162
44 132
44 101
44 198
44 106
44 135
44 139
44 109
44 46
44 82
44 148
44 122
44 158
44 62
44 127
45 135
45 136
45 147
45 153
45 172
45 173
45 179
45 186
45 64
45 193
45 194
45 199
45 74
45 76
45 77
45 79
45 83
45 107
45 125
46 121
46 132
46 133
46 165
46 166
46 169
46 171
46 49
46 52
46 181
46 151
46 120
47 64
47 194
47 100
47 70
47 103
47 75
47 107
47 108
47 143
47 85
47 55
47 188
47 57
48 137
48 138
48 152
48 154
48 158
48 52
48 182
48 184
48 187
48 62
48 63
48 190
48 70
48 80
48 89
48 94
48 99
48 109
48 110
48 113
49 130
49 146
49 164
49 165
49 170
49 55
49 186
49 187
49 191
49 193
49 67
49 196
49 74
49 75
49 81
49 103
49 106
50 195
50 196
50 90
50 199
50 78
50 174
50 156
50 146
50 179
50 58
50 155
50 189
50 63
51 66
51 133
51 73
51 107
51 80
51 110
51 111
51 142
51 52
51 147
51 179
51 153
51 58
51 156
51 93
51 190
51 191
52 137
52 151
52 158
52 164
52 175
52 70
52 199
52 81
52 84
52 93
52 99
52 102
52 109
52 110
52 116
52 120
52 127
53 197
53 132
53 133
53 196
53 167
53 107
53 170
53 141
53 142
53 113
53 115
53 118
54 199
54 60
54 79
54 92
54 177
54 179
54 85
54 89
54 59
54 159
55 96
55 132
55 77
55 127
55 79
55 142
55 89
55 58
55 59
55 92
55 158
55 95
56 137
56 139
56 151
56 161
56 177
56 63
56 195
56 68
56 69
56 94
56 99
56 108
56 112
56 114
56 123
56 126
57 131
57 136
57 170
57 140
57 80
57 114
57 151
57 123
57 152
57 62
57 159
58 145
58 148
58 150
58 176
58 180
58 181
58 183
58 63
58 69
58 199
58 73
58 83
58 88
58 89
58 109
58 111
58 121
59 101
59 72
59 136
59 137
59 139
59 169
59 141
59 171
59 79
59 178
59 86
60 64
60 96
60 159
60 68
60 69
60 72
60 155
60 113
60 87
60 152
60 126
60 91
60 188
60 94
60 127
61 64
61 129
61 66
61 163
61 104
61 172
61 173
61 112
61 178
61 189
62 138
62 146
62 150
62 160
62 161
62 168
62 169
62 172
62 68
62 199
62 75
62 90
62 91
62 94
62 97
62 98
63 192
63 132
63 168
63 187
63 110
63 80
63 115
63 116
63 117
63 151
63 153
63 155
63 179
63 93
64 129
64 149
64 156
64 160
64 161
64 165
64 166
64 170
64 186
64 191
64 199
64 75
64 78
64 83
64 95
64 108
64 111
64 117
64 122
65 140
65 153
65 154
65 158
65 160
65 180
65 198
65 74
65 79
65 88
65 99
65 104
65 113
65 123
66 132
66 135
66 138
66 141
66 147
66 167
66 168
66 170
66 68
66 72
66 80
66 82
66 83
66 85
66 91
66 98
66 100
66 105
67 96
67 101
67 102
67 166
67 198
67 107
67 144
67 147
67 148
67 123
67 157
67 94
67 191
68 142
68 144
68 155
68 157
68 166
68 170
68 180
68 191
68 197
68 77
68 105
68 106
68 115
68 116
68 119
69 135
69 147
69 153
69 160
69 166
69 169
69 173
69 181
69 70
69 78
69 79
69 81
69 101
69 105
69 110
69 114
69 116
69 123
69 125
70 97
70 98
70 130
70 169
70 174
70 83
70 116
70 119
70 88
70 187
70 124
71 128
71 143
71 148
71 150
71 166
71 167
71 172
71 183
71 195
71 73
71 89
71 95
71 97
71 104
71 105
71 114
71 119
71 126
72 161
72 162
72 103
72 168
72 108
72 156
72 147
72 93
72 157
72 151
73 96
73 160
73 162
73 104
73 186
73 141
73 112
73 116
73 85
73 86
73 152
73 178
73 187
73 125
74 99
74 195
74 90
74 197
74 103
74 138
74 76
74 118
74 119
74 187
74 158
75 128
75 130
75 134
75 137
75 138
75 146
75 154
75 161
75 178
75 184
75 82
75 89
75 92
75 95
75 106
76 194
76 132
76 108
76 143
76 112
76 175
76 114
76 83
76 117
76 119
77 160
77 161
77 192
77 133
77 105
77 169
77 80
77 179
77 125
77 152
77 89
77 91
77 94
78 132
78 133
78 145
78 148
78 153
78 154
78 155
78 158
78 162
78 171
78 174
78 178
78 192
78 194
78 81
78 83
78 97
78 100
78 106
78 111
78 113
79 96
79 185
79 100
79 168
79 169
79 140
79 172
79 83
79 92
80 153
80 157
80 161
80 165
80 168
80 179
80 183
80 93
80 98
80 100
80 114
80 119
81 129
81 142
81 144
81 148
81 186
81 86
81 87
81 88
81 91
81 96
81 106
81 107
81 121
81 125
82 160
82 165
82 199
82 109
82 111
82 112
82 173
82 176
82 84
82 180
83 159
83 196
83 90
83 134
83 110
83 182
83 184
83 91
84 129
84 160
84 161
84 134
84 166
84 168
84 198
84 108
84 115
84 146
84 147
84 179
84 182
85 98
85 135
85 137
85 141
85 112
85 124
86 139
86 150
86 154
86 159
86 165
86 179
86 188
86 199
86 94
86 98
86 107
86 121
86 125
87 98
87 101
87 133
87 136
87 105
87 139
87 148
87 119
87 158
87 94
87 127
88 128
88 162
88 122
88 137
88 139
88 111
88 150
88 157
88 182
88 121
88 93
89 131
89 136
89 137
89 176
89 91
89 188
89 93
89 126
90 96
90 97
90 162
90 167
90 136
90 186
90 116
90 146
90 122
91 160
91 194
91 168
91 174
91 190
91 113
91 116
91 176
91 150
91 177
91 184
92 99
92 100
92 134
92 139
92 172
92 143
92 114
92 146
92 148
92 184
93 130
93 134
93 157
93 164
93 172
93 178
93 186
93 106
93 118
93 123
94 196
94 105
94 169
94 141
94 143
94 177
94 183
94 158
94 127
95 96
95 128
95 162
95 103
95 107
95 113
95 114
95 115
95 146
95 117
95 150
95 152
95 189
95 157
96 105
96 107
96 171
96 141
96 111
96 143
96 146
96 148
96 188
96 121
97 191
97 126
97 100
97 134
97 154
97 168
97 110
97 112
97 142
97 174
97 188
97 123
97 156
97 125
97 127
98 131
98 101
98 103
98 105
98 106
98 132
98 149
98 191
99 192
99 196
99 101
99 168
99 171
99 108
99 140
99 144
99 179
99 116
99 118
99 187
99 189
100 103
100 104
100 113
100 146
100 117
100 158
100 191
101 134
101 163
101 164
101 194
101 172
101 144
101 148
101 182
101 157
102 159
102 130
102 161
102 197
102 167
102 139
102 109
102 113
102 122
102 155
102 127
103 130
103 140
103 154
103 156
103 177
103 181
103 186
103 190
103 125
104 196
104 166
104 106
104 138
104 113
104 125
104 180
104 152
105 135
105 136
105 163
105 139
105 145
105 114
105 194
105 122
105 127
106 159
106 135
106 143
106 114
106 182
106 189
106 127
107 137
107 155
107 165
107 166
107 169
107 173
107 178
107 186
107 194
107 197
107 110
107 112
107 119
108 128
108 129
108 131
108 147
108 149
108 150
108 151
108 170
108 173
108 177
108 192
108 195
108 199
108 118
108 124
109 131
109 185
109 133
109 186
109 198
109 112
109 183
109 153
109 189
110 129
110 143
110 150
110 156
110 168
110 173
110 185
110 193
110 121
110 123
110 126
111 136
111 148
111 149
111 150
111 168
111 180
111 118
111 126
112 129
112 134
112 139
112 152
112 160
112 166
112 175
112 176
112 182
112 184
113 132
113 138
113 140
113 141
113 149
113 158
113 163
113 164
113 180
113 192
113 119
113 121
113 123
113 126
114 162
114 127
114 154
114 177
114 149
114 184
115 193
115 153
115 163
115 185
115 135
115 197
115 198
115 172
115 141
115 173
115 190
115 178
115 188
116 153
116 154
116 156
116 158
116 174
116 175
116 181
116 119
116 120
117 128
117 164
117 168
117 190
117 176
117 180
117 149
117 181
117 127
118 128
118 137
118 139
118 149
118 158
118 176
118 186
118 189
118 191
118 194
119 131
119 134
119 140
119 146
119 154
119 186
119 187
119 190
119 194
119 195
119 198
119 122
119 123
120 161
120 172
120 142
120 176
120 187
120 189
121 160
121 133
121 165
121 197
121 198
121 140
121 150
121 151
121 123
121 188
122 160
122 130
122 132
122 194
122 168
122 195
122 141
122 177
122 147
122 190
123 165
123 154
123 186
123 195
123 152
123 151
124 132
124 168
124 137
124 138
124 186
124 198
124 180
124 154
124 155
125 160
125 196
125 138
125 143
126 162
126 166
126 170
126 150
126 158
127 197
127 138
127 169
127 151
127 186
128 159
128 191
128 192
128 142
128 144
129 135
129 173
129 179
129 148
130 167
130 171
130 179
130 157
130 189
130 191
131 134
131 137
131 150
131 160
131 164
131 176
131 177
131 196
132 157
132 160
132 168
132 175
132 189
132 193
133 163
133 196
133 140
133 173
133 182
133 184
134 170
134 140
134 145
134 146
134 153
135 194
135 197
135 170
135 141
135 144
135 177
136 167
136 170
136 187
136 175
136 147
136 179
136 188
136 191
137 193
137 172
137 178
138 164
138 141
138 182
139 143
139 147
139 176
139 182
139 183
139 189
139 191
139 194
140 168
140 169
140 173
140 190
141 198
141 155
141 177
141 148
142 165
142 190
142 176
142 147
142 187
142 184
143 148
143 152
143 171
143 192
144 187
144 176
144 145
144 177
144 182
144 158
145 163
145 164
145 156
145 157
146 161
146 175
146 178
146 180
146 194
146 195
146 197
146 198
147 159
147 160
147 164
147 166
147 170
147 171
148 164
148 195
148 179
149 163
149 165
149 198
149 178
149 181
150 152
150 159
150 164
150 188
150 191
151 161
151 155
151 188
152 159
152 160
152 168
152 178
152 181
152 182
152 190
152 195
152 198
153 162
153 191
153 188
153 157
153 158
154 186
154 159
155 160
155 193
155 162
155 197
155 183
155 157
156 165
156 175
156 176
156 181
157 160
157 191
157 182
158 179
158 193
159 168
159 172
159 175
160 161
160 168
160 177
160 179
160 190
161 177
161 193
161 197
162 195
162 166
163 167
163 168
163 177
163 179
163 196
163 199
164 174
164 176
164 190
164 192
165 167
165 168
165 169
165 178
165 179
166 171
166 178
166 181
166 188
166 190
166 195
167 187
168 172
168 186
168 195
169 192
169 196
169 173
169 178
169 189
170 174
170 175
171 188
171 189
172 193
172 185
172 197
172 174
172 183
173 196
173 198
173 178
173 190
174 194
174 176
174 182
174 184
175 191
175 198
176 193
176 177
176 188
177 197
178 182
178 187
178 189
178 193
179 189
179 198
180 190
181 196
181 188
181 183
182 183
182 191
182 199
183 196
183 191
184 199
184 185
185 193
185 198
186 190
187 191
187 194
189 191
189 193
189 199
190 191
190 194
190 196
192 195
194 198
195 199
