200 500
0 42
0 14
0 176
0 183
0 187
0 62
1 96
1 197
1 71
1 80
1 48
1 90
1 127
2 170
2 20
2 53
2 102
2 103
3 120
3 77
3 173
3 102
3 183
4 129
4 107
4 112
4 122
4 155
4 158
5 96
5 139
5 143
5 49
5 147
5 152
5 63
6 114
6 29
6 95
7 76
7 110
8 79
8 114
8 116
8 118
8 153
8 157
8 62
9 96
9 161
9 102
9 134
9 21
9 150
9 181
9 185
9 28
10 160
11 59
11 130
11 27
11 101
12 192
12 193
12 75
12 176
12 81
12 146
12 85
12 155
13 56
13 54
13 79
14 130
14 120
14 189
14 183
15 165
15 102
15 82
15 85
15 151
15 90
16 97
16 53
17 25
17 42
17 141
17 182
17 103
18 129
18 59
18 188
18 117
18 38
19 178
19 138
20 109
20 78
20 112
20 116
20 62
21 164
21 178
21 117
21 22
21 29
21 190
22 112
22 115
22 181
22 95
23 160
23 39
23 139
23 142
23 144
23 153
24 192
24 71
24 136
24 144
24 116
24 125
25 166
25 182
26 112
26 42
26 36
27 152
27 107
27 60
27 132
28 184
28 63
28 165
28 57
29 35
29 100
29 107
29 146
29 150
29 127
30 65
30 131
30 140
30 46
30 183
30 124
31 36
31 165
31 119
32 177
32 107
32 94
32 78
32 55
33 169
33 140
34 107
34 92
34 45
34 167
35 195
35 164
35 70
35 71
35 179
35 155
36 75
36 187
36 148
36 123
37 96
37 145
37 80
37 198
37 79
38 171
38 101
39 50
39 111
40 168
40 101
40 141
40 95
41 120
41 138
42 51
42 46
43 172
43 45
43 177
43 113
43 53
43 152
43 185
43 189
44 87
45 176
45 145
45 178
46 78
46 102
46 108
47 81
47 180
47 86
47 183
48 158
49 98
49 167
50 177
50 95
51 99
51 197
51 165
51 169
51 190
52 144
52 66
52 189
52 70
52 127
53 96
53 101
53 135
53 113
53 178
53 84
53 122
54 95
54 159
55 135
55 73
55 89
55 167
56 132
56 111
56 180
56 182
56 184
57 138
57 142
57 133
57 174
58 62
58 74
58 142
58 70
59 161
59 65
59 196
59 132
60 130
60 196
60 134
60 87
60 154
60 95
61 177
61 75
61 94
61 199
62 96
62 110
63 73
63 109
63 150
64 104
64 131
65 70
65 146
65 165
66 128
66 164
67 115
67 164
67 102
68 99
68 140
68 167
69 70
69 103
69 104
69 169
69 172
69 147
70 75
70 91
71 178
71 124
72 148
72 156
72 86
73 160
73 182
74 144
74 164
74 141
76 98
76 199
76 173
76 182
76 187
77 83
77 126
78 199
78 106
78 150
78 91
79 130
79 135
79 142
79 114
80 88
80 146
81 194
81 139
81 93
82 96
82 166
82 192
83 164
83 115
83 133
84 105
84 142
84 174
85 106
85 111
85 183
85 94
86 128
86 194
86 163
86 89
86 190
87 144
88 190
89 129
90 100
90 123
90 159
91 158
91 147
92 193
92 101
92 115
92 148
92 181
92 127
93 132
93 149
93 126
94 163
94 165
95 129
95 184
95 185
95 159
96 101
96 177
96 147
96 121
96 123
97 129
97 119
98 165
98 179
98 150
98 182
99 179
100 127
101 160
101 147
101 187
101 157
102 161
102 134
102 143
103 196
103 135
103 140
103 176
103 123
104 136
104 124
105 154
105 148
106 196
106 136
106 138
106 176
106 119
107 198
108 152
109 138
109 188
110 142
111 118
112 133
112 115
112 190
113 178
113 180
113 185
113 190
114 195
114 147
114 151
114 190
115 163
115 169
116 142
117 194
117 195
117 164
117 175
117 183
118 127
119 133
119 138
119 156
120 161
120 152
120 154
120 156
121 195
121 174
122 143
123 189
124 188
125 165
126 177
126 170
128 156
128 140
129 178
130 133
131 138
132 133
132 180
132 182
133 137
134 160
134 194
134 169
134 175
134 144
134 159
135 156
136 162
136 142
136 188
140 159
142 175
142 144
142 178
144 146
144 187
145 192
145 172
147 180
148 166
151 178
151 198
153 160
158 171
158 182
159 175
160 171
160 172
161 169
163 173
163 183
163 185
164 181
164 186
165 195
165 182
167 185
167 187
168 197
168 199
169 192
169 173
169 179
171 183
172 198
173 179
175 177
175 179
179 189
181 190
184 185
187 195
187 197
188 199
192 195
