200 2000
0 2
0 3
0 142
0 21
0 153
0 155
0 27
0 28
0 162
0 170
0 47
0 48
0 49
0 176
0 183
0 184
0 188
0 192
0 198
0 79
0 83
0 89
0 90
0 109
0 117
0 119
1 2
1 5
1 135
1 9
1 13
1 19
1 149
1 23
1 24
1 27
1 156
1 38
1 39
1 48
1 55
1 183
1 185
1 187
1 190
1 64
1 67
1 77
1 121
1 124
2 9
2 138
2 140
2 14
2 158
2 163
2 164
2 165
2 38
2 174
2 57
2 188
2 62
2 190
2 194
2 71
2 76
2 91
2 93
2 114
2 117
2 118
2 121
3 32
3 65
3 66
3 97
3 99
3 136
3 41
3 10
3 137
3 12
3 45
3 175
3 116
3 117
3 182
3 183
3 56
3 58
3 188
3 93
4 129
4 131
4 133
4 6
4 8
4 139
4 15
4 22
4 154
4 26
4 40
4 168
4 45
4 56
4 192
4 67
4 70
4 78
4 83
4 98
4 99
4 102
4 122
5 129
5 134
5 40
5 169
5 190
5 17
5 19
5 52
5 83
5 84
5 151
5 153
5 58
5 188
5 126
6 65
6 194
6 163
6 37
6 102
6 164
6 136
6 9
6 106
6 171
6 141
6 174
6 47
6 82
6 20
6 84
6 94
6 187
6 190
6 62
7 64
7 128
7 129
7 69
7 166
7 198
7 168
7 42
7 173
7 48
7 82
7 115
7 84
7 148
7 22
7 123
7 189
7 30
7 31
8 147
8 21
8 27
8 35
8 41
8 42
8 43
8 44
8 173
8 170
8 50
8 52
8 55
8 187
8 59
8 77
8 80
8 95
8 112
8 113
8 116
9 135
9 141
9 47
9 79
9 51
9 20
9 147
9 181
9 23
9 185
9 125
9 126
10 131
10 13
10 144
10 20
10 21
10 22
10 165
10 39
10 41
10 45
10 48
10 183
10 185
10 186
10 191
10 67
10 196
10 71
10 78
10 89
10 107
10 110
11 32
11 191
11 162
11 99
11 36
11 193
11 73
11 140
11 177
11 178
11 84
11 87
11 55
11 58
11 187
11 93
11 63
12 32
12 128
12 34
12 153
12 165
12 70
12 137
12 106
12 14
12 15
12 174
12 51
12 55
12 120
12 89
12 184
13 133
13 137
13 17
13 18
13 147
13 155
13 158
13 32
13 33
13 37
13 165
13 44
13 172
13 176
13 185
13 65
13 193
13 70
13 87
13 101
13 106
13 111
13 113
14 192
14 65
14 67
14 131
14 133
14 70
14 198
14 110
14 84
14 85
14 22
14 55
14 119
14 89
14 62
14 63
15 139
15 145
15 148
15 21
15 151
15 156
15 158
15 34
15 37
15 170
15 178
15 185
15 57
15 60
15 189
15 192
15 68
15 96
15 110
15 111
15 114
15 124
16 194
16 67
16 131
16 103
16 168
16 73
16 77
16 78
16 112
16 17
16 18
16 50
16 84
16 148
16 149
16 151
16 26
16 155
17 96
17 193
17 67
17 196
17 91
17 107
17 111
17 124
17 20
17 117
17 180
17 87
17 26
17 59
17 92
17 29
18 134
18 145
18 154
18 29
18 162
18 39
18 168
18 51
18 52
18 71
18 199
18 77
18 85
18 89
18 99
18 101
18 107
18 109
18 114
18 127
19 129
19 68
19 164
19 103
19 40
19 167
19 197
19 198
19 172
19 174
19 48
19 49
19 146
19 115
19 148
19 188
19 120
19 124
19 125
20 32
20 160
20 42
20 75
20 139
20 141
20 112
20 147
20 84
20 180
20 27
20 62
20 95
21 134
21 138
21 139
21 149
21 152
21 154
21 31
21 32
21 48
21 182
21 57
21 195
21 70
21 76
21 85
21 95
21 102
21 106
21 107
21 117
22 129
22 132
22 145
22 23
22 152
22 156
22 32
22 171
22 45
22 178
22 181
22 59
22 62
22 63
22 66
22 68
22 198
22 81
22 113
22 117
22 125
23 32
23 33
23 68
23 164
23 198
23 73
23 169
23 171
23 172
23 46
23 48
23 88
23 185
23 26
23 92
23 31
24 65
24 153
24 100
24 185
24 134
24 42
24 43
24 76
24 175
24 80
24 49
24 82
24 53
24 54
24 55
24 87
24 151
24 181
24 123
24 62
25 131
25 134
25 137
25 154
25 31
25 163
25 39
25 169
25 173
25 175
25 48
25 49
25 55
25 185
25 61
25 190
25 62
25 195
25 196
25 197
25 84
25 92
25 113
25 115
25 119
26 136
26 155
26 28
26 29
26 158
26 159
26 34
26 168
26 43
26 175
26 49
26 58
26 187
26 190
26 195
26 71
26 74
26 86
26 115
27 32
27 64
27 132
27 194
27 103
27 105
27 167
27 140
27 155
27 182
27 184
27 59
27 60
28 65
28 98
28 99
28 121
28 162
28 38
28 39
28 194
28 139
28 44
28 79
28 48
28 84
28 117
28 86
28 56
28 89
28 60
29 64
29 195
29 37
29 138
29 142
29 47
29 79
29 112
29 179
29 189
29 118
29 150
29 153
29 61
29 94
29 63
30 32
30 33
30 98
30 99
30 162
30 37
30 164
30 39
30 135
30 169
30 75
30 140
30 78
30 177
30 117
30 57
30 155
30 125
31 130
31 133
31 136
31 143
31 146
31 38
31 45
31 181
31 56
31 191
31 68
31 199
31 78
31 81
31 86
31 92
31 103
31 104
32 152
32 155
32 160
32 35
32 43
32 171
32 179
32 54
32 66
32 197
32 75
32 81
32 83
32 89
32 91
32 96
32 98
32 100
32 109
33 193
33 153
33 185
33 164
33 75
33 82
33 85
33 87
33 55
33 182
33 57
33 156
34 130
34 154
34 157
34 35
34 164
34 167
34 172
34 45
34 176
34 180
34 55
34 58
34 191
34 67
34 195
34 75
34 78
34 105
34 120
35 68
35 196
35 72
35 106
35 44
35 142
35 79
35 145
35 116
35 180
35 185
36 66
36 132
36 197
36 39
36 135
36 136
36 108
36 172
36 187
36 114
36 51
36 116
36 150
36 120
36 154
36 155
36 125
37 161
37 194
37 131
37 100
37 69
37 164
37 44
37 108
37 187
37 113
37 82
37 146
37 125
37 126
37 123
37 191
38 128
38 134
38 136
38 139
38 144
38 150
38 160
38 40
38 43
38 46
38 183
38 184
38 57
38 66
38 197
38 72
38 75
38 81
38 102
38 108
38 109
38 115
39 128
39 147
39 41
39 42
39 172
39 173
39 46
39 175
39 185
39 190
39 63
39 66
39 67
39 70
39 75
39 77
39 78
39 88
39 117
39 118
40 135
40 137
40 154
40 165
40 169
40 179
40 187
40 62
40 192
40 193
40 67
40 68
40 82
40 93
40 94
40 99
40 115
40 121
41 64
41 133
41 135
41 137
41 108
41 47
41 48
41 124
41 188
41 180
41 183
41 121
41 59
41 60
41 191
42 164
42 165
42 74
42 171
42 46
42 110
42 146
42 116
42 54
42 153
42 125
43 65
43 194
43 164
43 102
43 77
43 113
43 152
43 119
43 185
43 125
44 128
44 134
44 146
44 147
44 153
44 161
44 46
44 176
44 59
44 197
44 198
44 71
44 77
44 91
44 92
44 95
44 100
44 106
45 64
45 161
45 133
45 165
45 71
45 194
45 109
45 79
45 117
45 151
45 182
45 122
45 94
46 161
46 195
46 70
46 166
46 171
46 109
46 145
46 189
46 153
46 123
46 93
47 65
47 98
47 99
47 68
47 100
47 103
47 133
47 105
47 108
47 163
47 189
47 92
48 132
48 135
48 140
48 149
48 159
48 162
48 54
48 182
48 187
48 65
48 94
48 103
48 105
48 107
48 109
48 115
48 117
48 118
48 120
49 133
49 142
49 149
49 152
49 165
49 50
49 183
49 184
49 185
49 60
49 191
49 193
49 71
49 72
49 83
49 109
49 121
50 129
50 142
50 153
50 160
50 161
50 162
50 165
50 170
50 172
50 176
50 177
50 179
50 55
50 62
50 193
50 198
50 199
50 79
50 82
50 87
50 99
50 109
50 125
50 127
51 192
51 185
51 101
51 199
51 113
51 84
51 149
51 184
51 87
51 120
51 153
51 123
51 94
51 95
52 98
52 135
52 139
52 78
52 142
52 81
52 114
52 148
52 118
52 87
52 150
52 155
53 66
53 131
53 68
53 101
53 197
53 71
53 109
53 78
53 80
53 113
53 116
53 117
53 180
53 126
54 66
54 69
54 101
54 79
54 143
54 156
54 122
54 123
54 124
55 129
55 144
55 155
55 175
55 184
55 187
55 188
55 196
55 74
55 82
55 92
55 99
55 103
56 101
56 102
56 164
56 198
56 105
56 74
56 137
56 139
56 155
56 175
56 124
56 82
56 85
56 150
56 88
56 153
56 123
57 67
57 165
57 108
57 77
57 155
57 185
57 59
57 190
57 61
58 161
58 67
58 154
58 136
58 199
58 106
58 108
58 109
58 148
58 119
58 187
58 60
58 61
58 190
58 159
59 163
59 136
59 107
59 139
59 169
59 82
59 114
59 119
59 186
59 92
59 158
59 63
60 161
60 100
60 198
60 167
60 186
60 91
60 137
60 170
60 80
60 150
60 152
60 153
61 128
61 130
61 135
61 139
61 140
61 160
61 162
61 164
61 168
61 175
61 195
61 77
61 80
61 85
61 87
61 106
61 112
61 115
61 119
62 134
62 166
62 176
62 182
62 184
62 186
62 191
62 192
62 66
62 67
62 195
62 69
62 71
62 88
62 113
62 117
63 130
63 133
63 140
63 144
63 152
63 189
63 191
63 68
63 196
63 70
63 76
63 84
63 87
63 89
63 93
63 113
64 143
64 156
64 162
64 165
64 167
64 170
64 187
64 188
64 189
64 66
64 67
64 196
64 87
64 106
64 112
64 115
64 121
65 130
65 197
65 72
65 136
65 109
65 141
65 152
66 129
66 145
66 159
66 78
66 88
66 94
66 96
66 101
66 109
66 110
66 112
66 113
66 122
66 126
67 136
67 160
67 165
67 173
67 178
67 184
67 191
67 80
67 94
67 97
67 102
67 116
67 124
68 159
68 126
68 164
68 168
68 122
68 158
68 94
69 159
69 162
69 195
69 106
69 176
69 185
69 126
69 127
70 143
70 156
70 166
70 169
70 170
70 171
70 195
70 197
70 198
70 73
70 83
70 89
70 93
70 113
70 123
70 125
71 121
71 193
71 194
71 72
71 104
71 78
71 110
71 146
71 85
71 152
71 94
71 159
72 164
72 102
72 166
72 169
72 76
72 141
72 83
72 149
72 157
72 158
73 129
73 99
73 165
73 76
73 77
73 147
73 116
73 117
73 157
73 181
73 182
73 189
73 92
73 125
74 160
74 137
74 75
74 107
74 143
74 80
74 88
75 130
75 133
75 140
75 147
75 150
75 152
75 159
75 179
75 181
75 184
75 86
75 106
75 110
75 113
75 117
76 160
76 163
76 164
76 133
76 106
76 171
76 108
76 172
76 173
76 79
76 113
76 82
76 87
76 183
76 156
77 196
77 104
77 136
77 141
77 177
77 179
77 180
77 125
77 181
78 130
78 132
78 133
78 143
78 157
78 162
78 165
78 167
78 177
78 185
78 189
78 190
78 193
78 194
78 85
78 86
78 87
78 121
79 96
79 192
79 99
79 135
79 137
79 169
79 189
79 120
79 121
79 126
80 97
80 101
80 198
80 103
80 136
80 171
80 141
80 110
80 143
80 144
80 152
80 179
80 187
81 97
81 130
81 195
81 170
81 155
81 173
81 111
81 113
81 86
81 87
81 88
81 125
81 184
82 128
82 146
82 154
82 173
82 176
82 190
82 86
82 99
82 100
82 110
82 119
82 121
83 131
83 138
83 152
83 155
83 156
83 158
83 166
83 168
83 171
83 175
83 182
83 198
83 94
83 101
83 104
83 113
83 119
83 121
84 136
84 140
84 144
84 154
84 166
84 172
84 173
84 174
84 183
84 110
84 118
84 119
85 98
85 131
85 162
85 136
85 140
85 178
85 119
85 151
85 183
85 159
86 98
86 131
86 198
86 107
86 111
86 175
86 114
86 146
86 89
87 128
87 140
87 139
87 145
87 146
87 158
87 189
87 190
87 90
87 100
87 103
87 108
87 126
88 126
88 162
88 196
88 169
88 139
88 140
88 109
88 115
88 116
88 149
88 122
88 187
88 127
88 95
89 133
89 135
89 149
89 152
89 154
89 175
89 176
89 180
89 181
89 197
89 107
89 118
90 165
90 102
90 136
90 142
90 113
90 146
90 147
90 179
90 120
90 121
90 123
90 92
90 152
90 184
90 127
91 104
91 182
91 121
91 126
92 132
92 196
92 199
92 155
92 142
92 111
92 190
92 125
92 126
93 161
93 164
93 134
93 136
93 168
93 111
93 156
93 181
93 119
93 184
93 185
93 122
93 155
93 124
94 144
94 150
94 168
94 169
94 178
94 182
94 98
94 104
94 112
94 114
94 116
94 117
94 123
94 124
95 135
95 140
95 145
95 149
95 154
95 160
95 163
95 177
95 192
95 196
95 198
95 100
95 109
95 114
95 116
95 124
96 191
96 99
96 131
96 194
96 102
96 141
96 112
96 153
96 159
97 101
97 165
97 103
97 135
97 168
97 107
97 113
97 179
97 180
97 149
97 183
97 185
97 186
97 191
98 197
98 170
98 139
98 110
98 186
98 127
99 128
99 134
99 141
99 144
99 151
99 159
99 183
99 186
99 197
99 105
99 116
99 121
100 194
100 163
100 106
100 175
100 156
100 178
100 181
100 182
100 153
100 187
101 162
101 193
101 139
101 109
101 151
101 183
102 137
102 143
102 144
102 153
102 179
102 185
102 104
102 106
102 112
102 116
102 117
102 120
103 128
103 133
103 134
103 146
103 148
103 151
103 152
103 169
103 176
103 186
103 196
103 117
104 159
104 133
104 167
104 137
104 199
104 109
104 151
104 127
105 196
105 133
105 199
105 141
105 110
105 180
105 181
105 119
106 145
106 153
106 154
106 155
106 168
106 171
106 184
106 126
107 192
107 121
107 165
107 169
107 138
107 111
107 144
108 134
108 135
108 140
108 149
108 154
108 167
108 168
108 180
108 182
108 185
108 186
108 196
108 115
108 120
108 121
108 123
108 126
108 127
109 130
109 135
109 143
109 158
109 166
109 167
109 169
109 193
109 112
109 116
109 127
110 143
110 148
110 151
110 156
110 160
110 166
110 168
110 169
110 173
110 176
110 188
110 193
110 199
110 123
111 166
111 171
111 115
111 156
111 179
111 182
111 127
112 193
112 134
112 143
112 156
113 141
113 165
113 179
113 181
113 184
113 190
113 194
113 199
113 116
114 131
114 136
114 158
114 160
114 162
114 170
114 174
114 176
114 179
114 181
114 116
114 118
114 121
114 123
115 177
115 178
115 119
115 156
116 129
116 130
116 132
116 133
116 144
116 157
116 177
116 199
116 121
116 123
117 132
117 143
117 145
117 156
117 169
118 129
118 168
118 137
118 169
118 142
118 125
118 183
118 190
119 162
119 132
119 120
119 148
119 159
120 196
120 176
120 147
120 151
120 185
121 133
121 165
121 169
121 178
121 180
121 182
121 196
122 166
122 176
122 148
122 151
123 166
123 174
123 147
123 178
124 192
124 131
124 132
124 196
124 135
124 144
124 176
124 148
124 181
124 185
125 129
125 198
125 190
125 157
126 134
126 136
126 141
126 145
126 151
126 168
126 177
126 181
126 190
126 195
127 162
127 165
127 136
127 168
127 169
127 140
127 143
127 172
127 149
127 182
127 188
128 134
128 189
128 184
128 155
128 190
129 192
129 130
129 131
129 133
129 167
129 199
129 141
129 149
129 178
130 175
130 144
130 145
130 183
131 168
131 169
131 174
131 184
131 186
131 155
132 162
133 134
133 157
133 161
133 168
134 171
134 141
134 143
134 173
134 176
135 156
135 189
135 183
135 184
135 186
136 141
136 147
136 157
136 165
136 171
136 185
136 186
136 194
136 198
137 153
137 138
137 175
137 152
138 167
138 142
138 174
138 144
138 147
138 183
138 191
139 145
139 146
139 155
139 170
139 171
139 182
139 193
139 194
140 157
140 161
140 165
140 166
140 170
140 178
140 181
140 190
140 192
140 194
141 196
141 165
141 179
141 148
141 152
141 189
142 197
142 181
142 189
143 196
143 198
143 166
143 167
143 168
143 146
143 171
144 166
144 145
144 176
144 179
145 180
145 181
145 157
146 181
146 184
146 183
147 195
147 196
147 166
147 171
147 177
147 188
147 152
147 159
148 160
148 197
148 168
148 169
148 198
148 151
148 155
149 162
149 163
149 167
149 199
149 183
149 186
149 157
150 194
150 166
150 172
150 190
150 184
150 151
151 173
151 175
151 176
151 152
152 157
152 166
152 167
152 179
152 188
152 192
153 193
153 169
154 191
154 195
154 178
154 158
155 158
155 166
155 173
155 174
156 195
156 166
156 180
156 189
157 194
157 172
157 186
158 170
159 161
159 174
159 175
159 178
159 179
160 192
160 193
160 163
160 175
161 189
161 185
161 187
162 168
162 186
162 189
162 190
163 164
163 165
163 199
163 175
164 165
164 169
164 175
164 187
164 188
165 167
165 170
165 188
166 167
166 173
166 174
166 195
166 196
167 197
168 191
169 171
169 182
169 187
169 199
170 193
170 190
170 182
170 185
171 178
171 186
171 190
172 173
172 179
172 186
173 187
173 183
174 187
174 176
174 186
175 184
175 197
175 198
176 191
176 194
176 196
177 198
177 179
177 181
177 183
179 194
179 187
180 185
180 182
182 188
183 191
183 193
184 187
185 196
185 197
186 197
187 194
187 195
188 191
189 192
189 198
189 199
191 196
193 197
194 196
