300 750
0 192
0 169
0 236
0 272
0 177
0 278
1 153
1 241
1 157
1 7
2 83
2 28
2 38
2 263
3 220
3 108
3 93
3 230
3 127
4 241
4 52
4 167
5 290
5 69
5 114
5 21
5 248
5 189
6 36
6 201
6 84
6 149
6 186
6 60
7 106
7 274
8 273
8 202
8 171
8 156
8 111
9 298
9 187
9 246
10 163
10 260
10 102
10 202
10 266
10 146
10 147
10 123
11 184
11 297
12 283
12 171
12 63
13 179
13 278
13 286
14 288
14 279
15 37
15 174
15 111
15 238
15 19
15 217
15 219
15 222
15 190
16 164
16 162
16 59
16 84
16 199
17 258
17 274
17 253
17 126
17 239
18 67
18 111
18 113
18 52
18 54
18 216
19 56
19 240
19 261
19 286
20 210
20 29
20 86
20 189
21 160
21 131
21 233
21 107
21 215
22 232
22 154
22 29
22 62
23 98
23 134
23 85
23 246
23 149
23 159
24 88
24 67
24 51
24 96
24 45
25 237
26 288
26 241
26 250
27 274
27 99
27 147
27 45
28 98
28 169
28 234
28 44
28 49
28 122
28 29
29 225
29 71
29 233
29 75
29 206
29 207
29 82
29 184
29 281
30 67
30 228
30 79
30 240
30 145
30 53
31 290
31 60
31 149
32 98
32 181
32 166
32 138
33 112
33 266
33 91
33 195
34 220
34 260
35 197
35 69
35 38
35 165
35 200
35 108
35 236
35 53
35 216
36 124
36 222
37 241
37 219
37 212
38 261
38 297
38 81
38 182
39 68
39 108
39 77
39 176
39 82
39 245
40 75
40 236
40 219
40 49
40 85
40 123
40 285
41 254
41 271
42 296
42 171
42 142
42 277
42 279
42 251
43 138
43 91
43 140
44 229
44 169
44 241
44 58
44 285
45 257
45 195
45 77
45 57
45 152
46 106
46 75
46 142
47 280
47 237
48 161
48 238
48 146
48 52
48 215
48 157
49 66
49 70
49 105
49 168
49 186
49 253
50 145
50 237
50 207
51 201
51 59
51 230
51 287
52 72
52 178
52 277
52 150
52 216
52 218
52 62
53 166
53 268
53 239
53 240
53 88
53 249
54 255
54 198
54 75
54 76
54 268
54 115
54 116
54 281
54 123
54 63
55 130
55 212
55 60
56 169
56 201
56 171
56 142
56 211
56 181
56 223
57 195
57 263
57 88
57 281
57 223
58 210
59 298
59 182
60 294
61 252
61 69
62 260
62 202
62 80
62 217
63 288
63 278
63 246
63 127
64 98
65 282
66 244
66 222
67 231
67 244
67 94
68 167
68 80
68 93
68 125
68 222
69 106
69 207
70 266
70 165
70 182
71 97
71 104
71 73
71 297
71 177
71 180
72 259
72 103
72 108
72 172
72 153
72 191
73 196
73 167
73 176
73 113
73 86
73 278
73 127
75 259
75 241
75 114
75 148
75 276
75 214
75 217
76 168
76 159
77 258
77 262
77 182
77 155
78 170
78 180
78 164
79 107
79 156
80 192
80 264
80 105
80 250
80 152
80 218
81 294
81 290
81 196
81 199
82 227
82 92
82 141
83 177
83 220
83 172
83 268
84 177
84 218
84 285
84 127
85 191
85 148
86 128
86 260
86 235
86 238
86 119
86 88
86 254
87 184
87 117
87 167
88 192
88 298
88 250
89 201
89 188
90 210
90 148
90 111
91 298
91 203
91 216
91 253
92 152
92 155
93 196
93 294
93 121
93 124
94 163
94 203
95 264
95 276
95 142
95 271
96 129
96 102
96 104
96 210
96 278
97 115
97 241
97 99
97 156
98 193
98 227
98 178
99 202
99 284
99 198
100 152
100 299
100 283
100 204
101 187
102 135
102 202
102 282
102 111
102 154
103 282
103 195
103 208
104 211
104 251
104 214
105 167
106 177
107 112
107 217
107 178
108 255
109 248
109 145
110 168
110 209
110 284
110 149
110 247
111 148
111 216
112 239
112 240
112 186
112 252
113 204
113 193
113 114
114 231
114 271
114 149
115 219
115 225
116 138
116 269
116 213
116 245
116 149
117 272
118 290
118 147
118 269
119 151
120 138
120 172
120 290
120 255
121 201
122 264
122 273
123 295
123 298
123 213
123 220
124 163
124 195
124 197
124 262
124 169
124 159
125 142
125 295
126 191
127 228
127 166
127 231
127 146
128 207
129 254
130 162
130 219
130 198
131 233
131 299
131 268
131 146
131 248
131 281
132 252
132 212
132 237
132 158
133 282
134 226
135 276
135 231
136 251
136 142
136 175
137 240
137 256
137 206
137 265
138 289
138 145
138 179
139 200
139 258
139 171
139 197
140 226
140 207
141 217
141 225
141 278
142 289
142 202
142 273
142 245
142 221
143 282
143 292
143 206
143 238
144 272
144 223
144 260
144 287
144 215
145 260
145 198
145 264
145 277
145 285
146 161
146 193
146 274
146 181
147 196
148 152
148 188
148 190
149 226
149 201
149 284
150 272
150 279
151 224
151 241
151 206
152 265
152 178
152 276
153 276
154 186
154 232
155 161
155 172
155 284
155 188
155 158
156 201
156 198
157 202
157 191
158 162
159 263
160 257
160 199
161 185
162 171
162 298
163 265
164 283
165 264
166 245
167 285
169 294
169 241
170 200
170 279
170 208
171 292
171 229
171 175
171 183
172 229
172 188
173 296
173 177
173 218
173 242
173 228
175 256
175 258
176 261
178 225
178 195
179 257
179 290
179 235
179 187
180 209
180 223
181 208
181 248
181 188
182 189
184 276
185 248
185 264
185 190
185 230
186 288
186 296
187 226
187 294
187 276
187 247
188 224
188 257
188 205
188 238
190 224
190 259
190 297
191 227
192 217
192 268
193 234
193 268
193 280
195 265
195 243
195 287
197 208
198 224
198 199
198 276
198 245
198 286
199 223
200 240
200 246
200 285
201 288
201 266
201 219
202 243
202 219
203 294
203 242
203 230
204 275
204 212
205 280
205 268
205 213
205 222
206 243
206 283
206 287
207 299
207 278
209 274
209 235
211 288
212 248
213 248
214 218
215 249
215 299
216 263
216 265
216 270
216 255
217 226
217 268
217 273
217 250
217 252
219 243
220 227
220 263
220 232
220 250
221 280
222 226
222 271
222 272
222 279
222 249
224 236
224 238
225 253
226 282
227 231
227 284
228 273
228 247
228 284
229 281
230 264
230 283
231 271
231 243
231 281
232 244
234 268
234 261
235 272
237 251
238 280
239 268
239 255
241 276
242 256
242 274
243 299
244 292
244 246
246 269
248 273
248 255
249 286
253 263
254 279
258 259
259 289
259 272
260 295
267 271
270 288
274 296
278 288
278 283
279 285
291 299
