300 750
0 288
0 105
0 209
1 264
1 97
1 142
1 87
1 47
2 161
2 97
2 139
2 174
2 116
2 213
3 225
3 226
4 169
4 10
5 227
5 37
5 229
5 201
5 112
5 81
6 205
6 110
6 238
6 247
6 123
6 221
7 106
7 52
7 150
8 74
8 276
8 186
8 91
8 157
8 126
9 229
9 297
9 10
9 138
9 215
9 56
10 51
10 31
11 193
11 163
11 222
11 265
12 40
12 202
12 118
12 55
13 133
13 166
13 200
13 140
13 92
13 287
14 134
14 270
14 173
14 110
14 175
15 171
15 142
15 145
15 181
15 278
15 118
16 38
16 39
16 170
16 173
16 177
16 125
17 35
17 182
18 240
18 70
19 216
19 170
19 196
19 149
20 250
20 53
20 214
21 157
21 102
22 118
22 191
23 81
23 122
23 261
23 230
24 106
24 67
24 133
25 224
25 261
25 102
25 170
25 75
25 53
25 121
25 218
25 95
25 159
26 162
26 46
26 112
26 211
26 149
26 151
26 280
26 30
26 95
27 240
27 234
27 134
27 270
28 68
28 263
29 198
29 167
29 155
29 205
29 270
29 241
29 250
29 187
29 93
29 223
30 289
30 34
30 132
30 43
30 139
30 119
30 217
31 231
31 176
31 212
31 213
31 59
32 242
32 247
33 76
33 149
34 54
34 60
34 261
34 191
35 263
35 170
35 204
35 207
35 122
36 196
36 262
36 199
36 266
36 279
36 220
36 157
37 72
37 73
37 137
37 232
37 158
38 293
38 171
38 238
38 244
38 245
38 87
38 57
39 275
39 99
40 289
40 276
40 158
40 254
41 85
41 77
41 295
42 65
42 196
42 100
42 198
42 140
42 277
42 215
42 91
42 285
43 275
43 83
43 190
43 135
44 202
44 50
44 51
44 276
44 158
46 109
46 246
46 184
46 252
46 125
47 298
48 196
48 102
48 103
48 137
48 176
48 152
48 159
49 130
49 166
49 244
49 276
49 55
49 215
50 233
50 163
51 169
51 138
52 226
52 229
52 230
52 113
52 209
52 250
53 65
53 107
53 174
53 208
53 218
53 126
54 65
54 213
54 182
55 206
55 115
55 181
55 280
55 57
55 188
55 189
56 65
56 170
56 59
56 80
57 152
57 162
57 286
58 294
58 105
58 299
58 178
58 188
58 223
59 105
59 290
59 295
60 267
60 108
61 280
61 113
61 244
61 269
61 103
62 65
62 242
62 285
62 101
62 126
63 64
63 256
63 291
63 137
63 138
63 204
63 81
63 124
64 228
64 71
64 264
64 138
64 176
64 214
64 284
65 160
65 97
65 266
65 79
65 187
65 191
66 77
66 158
66 254
67 224
67 97
67 172
67 236
67 212
68 106
68 93
69 136
69 190
69 142
70 258
70 242
70 179
70 184
70 157
71 162
71 103
71 168
71 204
71 244
72 88
72 136
72 132
72 286
73 197
73 287
74 230
74 263
74 106
74 267
74 76
75 162
75 252
76 96
76 193
76 195
76 264
76 173
76 210
76 148
76 151
76 190
77 144
77 105
78 139
78 245
79 120
79 126
79 147
79 102
80 121
80 201
81 168
81 116
82 168
82 131
82 223
83 150
83 224
83 154
83 102
84 135
84 110
84 119
85 168
85 112
85 209
85 248
85 221
87 258
87 205
87 275
87 276
87 152
87 121
87 188
88 135
88 241
88 119
89 281
89 198
90 121
90 156
90 189
90 295
91 290
91 195
91 164
91 294
91 206
91 145
91 245
91 158
92 224
92 289
92 195
92 172
92 279
92 152
93 101
93 107
93 177
93 94
94 261
94 293
94 110
95 198
95 141
95 143
95 251
95 252
96 272
96 123
96 191
97 100
97 274
97 121
98 225
98 140
98 150
99 135
99 248
100 128
100 137
100 203
100 240
100 177
100 213
101 123
102 192
102 165
102 263
102 138
102 151
104 216
104 233
104 146
104 212
104 143
105 242
106 200
106 110
107 284
107 211
108 116
108 256
108 166
109 165
110 268
110 247
110 184
110 127
111 192
111 296
112 292
112 207
112 115
112 150
113 288
113 194
113 272
113 216
114 161
115 132
115 133
115 232
115 208
115 254
116 191
118 171
118 241
118 242
118 179
118 181
118 215
119 157
119 263
120 263
120 157
121 125
122 291
122 171
123 135
123 268
123 159
124 256
124 267
124 269
124 205
124 279
125 164
125 202
125 299
125 269
125 178
126 167
126 232
127 164
128 218
128 222
128 230
129 170
129 293
130 138
130 283
130 223
131 168
131 291
131 165
131 198
132 223
132 202
132 299
132 215
132 191
133 236
134 160
134 262
134 172
134 271
134 186
134 255
135 296
135 140
136 259
136 239
136 150
136 216
137 261
137 212
139 227
139 176
139 217
140 295
140 264
141 234
141 246
142 291
142 170
142 299
142 218
143 294
143 233
143 168
143 274
143 286
143 254
144 196
146 266
146 268
146 272
146 251
146 221
146 190
148 194
148 292
148 296
148 243
148 214
149 177
150 240
150 241
150 180
151 186
153 289
153 194
153 242
154 291
154 212
155 209
156 280
156 244
156 286
157 263
157 201
157 266
157 217
158 187
159 284
159 189
160 168
160 186
160 232
161 266
162 260
162 298
162 286
163 260
163 290
163 227
164 250
166 295
166 235
166 241
167 262
168 193
168 294
169 250
169 285
169 219
170 217
170 261
170 299
170 173
170 208
171 274
171 183
171 254
172 233
172 174
172 176
172 287
173 213
173 190
174 217
174 274
175 261
175 215
176 187
178 291
178 180
178 185
178 190
179 233
179 265
179 209
179 219
180 235
180 251
182 216
182 204
182 257
183 233
183 239
184 238
185 282
186 235
186 236
187 229
187 241
187 248
187 222
188 229
189 264
189 254
190 207
190 222
191 265
191 241
191 251
192 299
193 256
193 233
193 202
194 260
194 199
194 267
194 272
194 212
196 235
197 261
197 253
197 238
198 273
199 277
199 279
200 293
200 267
200 249
200 220
200 253
201 245
201 271
202 259
202 228
202 237
202 249
203 247
204 290
204 241
204 245
204 248
205 257
205 242
205 211
205 243
206 233
207 281
208 231
208 297
208 299
209 268
210 287
212 285
213 287
213 220
215 282
215 283
216 237
217 285
218 233
219 246
219 257
220 263
221 283
221 247
222 259
223 259
223 263
223 273
224 287
225 261
226 256
227 249
227 230
228 266
228 284
229 298
229 242
230 235
231 281
233 277
234 248
234 267
234 285
241 268
242 253
242 255
244 251
245 278
248 293
249 252
249 263
251 267
253 281
253 262
255 259
255 277
261 262
262 283
265 283
267 274
273 279
274 282
277 290
279 286
289 291
