300 750
0 114
0 67
0 212
1 101
1 102
1 77
1 144
1 59
1 285
2 289
2 291
2 261
2 239
2 146
2 116
2 92
3 104
3 203
3 63
3 149
3 39
4 32
4 128
4 258
4 134
4 176
4 216
4 157
4 286
5 65
6 232
6 288
6 92
6 254
7 299
7 68
7 279
7 143
8 74
8 163
8 23
9 133
9 134
9 298
9 203
9 145
9 18
9 118
9 248
9 156
10 32
10 215
10 140
10 222
10 127
11 144
11 57
11 146
11 116
12 65
13 37
13 296
13 267
13 268
13 29
13 191
14 105
14 42
14 234
14 108
14 15
14 113
14 186
14 252
15 160
15 140
15 111
15 16
15 31
16 128
16 67
16 292
16 69
16 201
16 107
16 17
16 149
16 250
17 224
17 233
17 235
17 175
17 118
17 248
17 63
17 191
18 136
18 178
19 209
19 27
19 157
19 174
19 203
20 122
20 47
21 128
21 291
21 211
21 220
21 299
22 169
22 125
22 102
22 199
23 105
23 272
23 174
23 47
24 33
24 162
24 163
24 109
24 272
24 81
24 277
24 187
24 221
25 48
25 89
25 131
25 163
25 175
26 249
27 118
27 102
28 66
28 292
28 102
28 72
28 93
28 127
29 102
29 103
29 214
29 285
29 126
30 165
30 172
30 109
30 142
30 207
30 240
30 269
31 206
31 47
31 114
31 88
31 120
32 248
32 211
32 63
33 92
33 284
33 94
33 270
34 105
35 168
35 105
35 124
35 236
35 86
36 129
36 219
36 215
37 195
37 261
37 113
37 244
37 286
38 69
38 106
38 108
38 239
38 248
38 222
39 100
39 230
39 71
39 296
39 75
39 92
39 95
40 161
40 162
40 164
41 194
41 243
41 44
42 104
42 75
42 172
42 136
43 248
43 273
43 139
43 260
43 166
44 288
44 100
44 159
45 113
45 236
46 122
46 100
46 229
47 140
47 273
47 188
48 64
48 96
48 67
48 172
48 50
48 151
49 56
49 108
49 92
49 192
50 123
50 115
50 93
51 140
51 226
51 116
51 197
51 135
52 56
52 289
52 116
52 110
53 122
53 103
53 130
53 79
54 263
54 101
54 165
55 160
55 243
55 287
56 240
56 264
57 298
58 235
58 68
58 94
59 297
59 170
59 246
59 119
59 120
60 204
62 168
62 185
62 171
63 165
63 229
63 268
63 247
64 229
64 174
64 115
64 246
64 252
64 158
65 234
65 235
65 275
65 149
65 255
66 134
66 233
66 267
66 109
66 80
66 85
66 222
67 131
67 198
67 81
67 212
67 159
68 96
68 210
68 115
68 93
69 204
69 166
70 200
70 129
70 237
70 278
71 255
71 289
71 199
71 243
72 201
72 251
72 181
73 164
73 228
73 119
74 92
74 277
74 287
75 241
76 227
76 167
76 168
76 210
76 180
76 117
76 87
76 249
76 253
77 263
77 232
77 118
77 281
77 252
77 253
78 200
78 224
78 171
78 132
78 219
79 137
79 236
79 155
79 196
80 96
80 160
80 263
80 173
80 212
80 278
80 90
81 179
81 239
82 265
82 219
82 92
83 257
83 124
83 133
84 180
84 214
85 217
85 291
85 157
86 228
87 210
87 170
87 273
87 281
88 129
88 289
88 164
88 237
88 242
88 284
89 141
89 94
90 196
90 103
90 137
90 276
90 92
91 248
91 263
91 143
92 100
92 176
92 184
93 111
93 110
94 228
94 142
95 169
95 299
95 189
95 270
96 233
97 249
97 252
97 279
97 135
98 218
98 260
98 213
98 222
99 210
99 194
99 131
99 102
99 297
100 273
100 248
101 234
101 106
101 203
101 151
102 161
103 266
103 115
103 275
103 277
104 141
105 192
105 265
105 174
105 176
105 146
105 149
106 257
106 230
106 234
106 278
106 122
106 283
107 162
107 292
107 171
107 271
107 178
107 220
107 126
107 255
108 138
108 146
109 297
109 299
110 298
110 240
110 245
110 118
111 290
111 158
112 193
112 251
112 125
112 215
113 289
113 117
113 186
113 251
114 161
114 167
115 268
115 272
115 119
116 145
116 249
117 272
117 145
117 296
118 288
118 257
118 219
118 157
118 158
119 263
119 200
119 125
120 192
120 226
120 207
120 191
121 258
121 189
122 238
122 248
122 189
122 190
123 164
123 294
124 290
124 204
124 244
125 149
126 297
126 228
126 134
127 133
127 297
127 174
127 279
127 189
128 154
128 260
129 195
129 297
129 286
129 184
129 223
130 133
130 265
130 144
130 252
130 190
131 184
132 152
132 280
132 246
133 162
133 297
133 211
133 218
134 140
134 151
135 141
136 160
136 153
136 168
137 164
137 197
137 178
137 247
137 253
138 162
138 167
139 294
139 299
139 238
141 203
141 299
141 277
141 151
141 190
142 296
142 234
142 214
142 285
142 223
143 165
143 294
143 275
143 189
144 196
144 187
145 170
145 204
145 206
145 244
145 277
146 259
146 215
146 152
147 210
147 278
147 191
148 257
149 199
149 178
149 212
149 255
150 224
150 269
151 216
152 199
153 207
153 253
153 200
155 248
155 288
156 264
156 213
156 286
158 178
158 277
158 215
158 191
159 239
159 167
160 172
161 293
161 165
162 193
162 264
162 239
162 243
163 281
163 202
163 298
163 237
163 207
163 175
163 222
164 266
164 204
164 205
164 176
164 210
164 212
164 278
164 189
165 260
165 204
165 211
165 222
166 207
167 215
168 237
168 213
168 219
169 227
169 182
170 262
170 235
170 240
171 283
172 269
172 209
173 232
173 284
173 294
174 247
175 193
175 201
176 292
176 293
176 281
176 221
177 200
177 217
177 226
178 196
178 241
179 200
179 232
179 215
180 200
180 213
181 250
181 260
181 286
182 271
183 294
184 192
184 199
184 240
185 190
185 221
188 191
188 289
189 265
189 276
190 201
190 207
191 297
191 278
192 248
192 293
192 268
193 214
194 198
194 297
195 243
195 245
196 279
197 217
197 227
198 289
198 199
198 236
198 237
198 275
198 250
200 294
200 244
201 292
202 232
202 270
203 252
204 234
204 220
205 273
205 227
205 299
207 294
207 264
207 278
207 223
208 226
208 294
209 256
209 258
209 234
210 238
211 238
212 215
213 298
213 268
214 249
216 277
217 241
217 291
218 288
219 259
221 233
221 222
223 298
223 231
224 297
224 267
224 251
225 244
226 259
226 231
226 283
227 285
230 299
231 268
233 256
234 296
235 279
236 297
236 254
237 244
241 289
242 293
245 299
248 252
248 253
251 257
251 286
252 279
255 261
255 280
258 259
259 292
259 275
260 293
265 297
265 273
267 292
270 282
270 275
274 275
282 290
