300 750
0 197
0 69
0 175
0 273
0 147
0 280
1 64
1 3
1 240
1 178
1 114
1 116
1 119
2 197
2 169
2 41
2 147
2 153
2 190
2 29
2 94
3 192
3 34
3 224
3 165
3 38
3 266
3 56
3 221
3 93
3 223
4 177
4 169
4 99
4 184
5 218
5 287
5 182
5 279
6 151
6 261
6 37
6 63
7 67
7 237
7 15
7 272
7 244
7 155
7 156
8 10
8 109
8 183
9 197
9 182
9 279
10 70
10 111
11 105
11 218
11 171
11 187
11 245
12 291
12 292
12 69
12 261
12 169
12 42
12 267
12 47
12 211
12 24
12 26
12 60
13 39
13 136
13 173
13 46
13 89
13 285
14 168
14 74
14 226
14 292
14 167
15 98
15 261
15 265
15 30
15 185
15 158
16 283
16 91
16 142
17 118
18 49
18 34
18 275
19 228
19 199
19 92
19 246
19 90
19 60
20 185
20 133
21 56
21 211
21 108
22 162
22 65
22 74
22 30
23 259
23 103
23 155
23 77
23 123
23 191
24 103
24 106
24 172
24 240
24 153
25 64
25 256
25 231
25 107
25 112
25 93
26 260
26 293
26 154
26 114
26 247
26 122
26 92
26 93
26 127
27 288
27 116
27 181
27 283
27 157
27 190
28 196
28 48
28 212
28 152
28 155
28 254
29 92
29 174
30 156
30 181
31 89
31 267
31 172
31 197
32 121
32 116
32 206
33 137
33 98
33 68
33 205
33 134
34 160
34 257
34 291
34 103
34 104
34 214
34 190
35 68
35 71
35 235
35 43
35 80
35 152
35 249
36 220
36 156
36 182
37 86
37 153
37 107
38 293
38 121
38 45
38 279
39 129
39 261
39 207
39 272
39 241
40 112
40 290
41 233
42 194
42 170
42 212
42 53
42 282
43 218
43 251
44 129
44 90
44 83
44 289
44 271
45 241
45 249
45 270
46 256
46 230
46 105
46 266
46 175
46 184
46 285
47 168
47 221
47 197
48 128
48 194
48 135
48 136
48 71
48 246
49 73
49 170
49 169
49 172
49 186
50 233
51 162
51 135
51 200
51 106
51 269
51 114
51 218
51 95
52 263
52 231
52 139
52 146
52 117
52 124
53 89
53 65
53 204
53 159
54 217
54 243
54 294
55 161
55 250
55 251
55 246
56 297
57 145
57 245
57 248
57 91
57 61
57 63
58 141
58 244
58 213
58 85
58 121
58 222
59 160
59 145
59 265
60 297
60 67
60 244
61 136
61 266
61 209
62 112
62 273
62 95
62 94
62 87
63 138
63 155
63 71
64 126
64 277
65 294
65 209
65 155
66 292
66 229
66 235
66 79
66 184
66 122
66 187
67 160
67 245
68 263
68 136
68 145
68 209
68 277
69 130
69 228
69 145
69 282
69 252
70 72
70 147
70 118
70 252
70 286
71 133
71 293
71 204
71 84
71 85
72 115
72 244
73 208
73 165
74 75
75 221
75 197
75 199
76 130
76 172
76 183
78 130
78 92
78 287
78 271
79 105
79 217
79 293
80 229
80 106
80 235
80 247
80 95
81 184
81 99
81 164
81 244
82 152
82 240
82 215
83 293
84 168
84 109
84 91
84 188
84 285
85 162
85 103
85 109
85 206
85 146
85 210
85 248
86 178
86 267
86 142
86 239
87 193
88 200
88 241
88 299
88 109
89 287
89 231
89 178
89 215
90 204
90 248
91 260
91 238
91 247
92 228
92 223
93 122
93 183
94 128
94 97
94 265
94 180
95 133
95 144
95 126
95 216
96 297
96 226
96 135
97 136
97 248
97 200
98 230
98 169
98 173
98 273
98 150
98 215
98 220
99 261
99 234
99 299
99 204
99 206
99 158
100 142
101 243
101 206
101 102
101 135
102 161
102 231
102 202
102 108
102 120
103 256
103 280
103 295
103 236
103 285
104 277
104 221
105 160
105 163
105 153
106 192
106 162
106 261
106 296
106 265
106 175
106 120
106 254
107 164
107 183
107 155
107 285
108 232
109 234
110 283
110 236
111 196
111 278
111 247
111 281
111 218
112 289
112 260
112 141
112 145
112 244
112 150
113 143
114 170
114 203
114 176
114 124
115 197
115 201
115 200
115 271
115 144
115 281
115 220
116 129
116 210
116 216
117 128
117 229
117 269
117 174
117 270
117 271
118 227
118 164
119 186
119 163
120 131
121 128
121 228
121 202
121 143
121 178
122 296
122 236
122 204
122 269
122 244
122 277
122 126
122 255
123 248
123 187
123 212
123 195
124 283
125 268
126 160
126 211
126 278
127 295
128 202
128 271
128 218
129 152
129 155
129 220
131 291
131 137
131 239
131 243
131 149
132 235
132 279
133 226
134 144
134 277
134 283
134 269
135 288
135 277
135 249
136 207
137 138
137 205
138 208
138 153
138 241
139 241
140 297
140 195
140 235
140 143
141 235
141 253
142 240
142 247
142 159
144 174
145 232
145 203
146 230
146 262
146 169
146 176
146 247
147 226
147 263
148 201
148 170
148 172
148 223
149 261
149 299
149 220
149 254
149 255
150 290
150 293
150 223
152 162
152 227
152 234
152 284
154 228
154 206
154 215
155 267
156 275
157 197
157 206
158 245
158 222
159 179
159 191
160 170
160 266
160 189
161 177
161 290
161 203
162 227
164 295
165 296
165 294
166 211
166 228
166 284
166 292
167 182
168 193
168 207
169 294
169 231
169 279
170 271
170 213
170 218
171 294
171 211
171 263
172 295
172 209
172 244
173 219
173 190
173 230
174 268
174 185
174 222
177 213
178 281
178 246
179 263
179 285
180 298
180 228
181 281
181 242
182 292
182 286
183 289
183 229
184 266
184 299
184 204
184 213
184 217
185 207
185 271
186 208
187 224
187 297
187 238
187 277
188 210
189 209
189 268
191 263
192 261
192 194
192 213
194 199
194 204
194 251
195 298
195 261
196 281
196 244
196 238
197 259
197 200
197 234
197 270
197 245
198 298
199 236
200 201
200 204
200 240
201 295
201 206
201 241
202 297
203 216
203 265
204 246
208 256
209 253
209 252
210 266
210 252
211 275
212 240
212 258
213 238
214 218
214 275
214 225
215 259
218 295
218 270
219 296
219 292
220 243
221 244
222 285
224 288
224 255
225 230
226 262
226 299
227 230
227 246
227 281
227 283
228 264
228 245
230 254
231 279
232 245
233 250
234 256
236 289
236 291
237 297
238 254
240 292
240 293
241 289
241 260
241 283
242 279
243 261
243 274
244 277
244 251
244 287
246 263
249 281
249 252
251 261
253 292
253 294
254 258
254 263
258 287
258 271
260 274
261 293
261 274
274 291
280 284
282 297
284 295
285 290
285 287
