300 750
0 204
0 119
0 127
0 63
1 35
1 4
1 106
1 110
1 215
1 121
1 284
2 130
2 202
2 173
2 13
2 185
2 283
2 127
3 34
3 268
4 225
4 170
4 156
4 274
4 188
5 149
5 262
6 150
6 140
6 236
6 78
7 17
7 223
7 179
7 221
7 41
8 216
9 217
9 203
9 212
9 53
9 185
9 251
10 99
10 131
10 198
10 236
10 45
10 219
11 121
11 43
11 214
11 142
11 229
12 126
13 144
13 295
13 199
14 16
14 102
15 164
15 263
15 297
15 207
15 276
15 184
15 124
15 189
16 291
16 174
16 272
16 111
16 19
17 75
17 155
17 47
17 71
18 226
18 136
18 110
18 175
18 275
18 182
18 183
18 58
18 93
19 40
19 77
19 54
19 254
19 30
20 176
20 91
20 27
20 131
20 261
21 118
21 149
21 46
22 195
22 84
22 70
23 75
23 206
23 63
24 192
24 66
24 259
24 290
24 69
24 180
24 283
25 240
25 220
25 180
25 214
25 251
26 224
26 202
26 130
26 233
26 78
27 163
27 135
27 295
27 265
27 140
27 45
27 246
28 160
28 262
28 43
28 171
28 270
28 223
29 132
29 68
30 192
30 70
30 74
30 77
30 242
30 115
31 144
31 185
32 116
32 146
32 60
32 294
32 111
33 56
33 100
33 126
34 40
34 144
34 211
35 75
35 150
35 54
35 217
35 58
36 49
36 282
36 206
36 166
37 144
37 159
38 223
39 144
39 105
39 70
40 248
40 161
40 46
41 195
41 168
41 170
41 171
41 79
42 106
42 51
43 244
43 143
44 116
44 185
44 68
44 128
44 142
45 237
45 230
45 287
46 192
46 162
46 67
46 83
46 252
46 286
47 224
47 102
47 136
47 297
47 119
47 90
47 123
48 213
48 254
49 261
49 168
49 84
49 245
49 219
49 125
50 274
50 193
50 130
50 158
50 86
51 225
51 99
51 104
51 106
51 146
51 243
51 118
51 284
51 189
51 254
52 160
52 198
53 227
53 198
53 142
53 271
53 273
53 82
53 210
53 152
54 165
54 257
54 111
55 226
55 134
55 199
56 96
56 81
56 252
56 281
56 188
56 157
56 63
57 277
57 85
57 294
57 63
58 197
58 142
58 216
58 249
58 159
59 168
59 242
59 172
59 213
59 62
60 96
60 293
60 242
60 179
60 88
60 250
61 288
61 297
61 141
61 144
61 119
61 221
62 92
62 253
62 262
63 230
63 148
63 117
64 289
64 251
64 260
64 271
66 234
66 110
66 274
66 278
66 152
67 171
67 132
67 279
68 127
68 279
68 87
69 158
69 286
70 229
70 118
70 155
70 285
71 261
71 299
71 212
71 124
71 127
72 299
72 235
72 222
72 295
73 237
73 205
73 124
73 243
73 248
73 220
74 290
74 100
75 198
76 128
76 190
76 271
77 227
77 196
77 266
77 174
78 164
78 296
78 151
78 223
79 97
79 194
79 294
79 80
79 81
79 217
79 221
80 147
80 284
80 93
81 97
81 235
81 109
81 239
81 153
82 115
82 248
82 91
82 292
83 291
83 206
83 248
83 124
83 157
84 216
84 288
84 237
85 89
85 290
85 283
85 117
86 104
86 239
86 114
86 148
86 275
86 278
86 190
87 280
87 289
87 274
87 184
87 221
88 100
88 292
88 166
88 147
88 150
89 270
89 177
89 217
89 90
89 187
90 268
91 208
91 284
92 241
92 222
93 225
93 238
93 183
94 159
95 258
95 189
96 162
96 140
96 268
96 210
97 98
97 106
97 268
97 252
98 298
98 219
98 244
99 227
99 231
99 245
99 123
100 269
100 122
101 135
102 188
102 284
103 227
103 260
103 201
103 107
103 269
103 142
103 144
103 244
103 120
103 249
104 150
104 164
104 286
105 265
105 279
106 239
106 220
107 167
107 141
107 142
107 110
107 114
107 251
107 190
108 152
108 249
108 297
109 136
109 115
109 276
110 164
110 232
111 130
111 163
111 251
111 127
112 248
112 237
112 288
112 149
113 201
113 162
113 218
114 194
115 131
115 259
115 298
115 140
115 185
116 250
116 276
116 160
117 219
117 157
118 264
119 185
119 181
119 153
119 126
120 292
120 267
120 210
120 211
120 223
121 130
121 297
122 170
122 273
122 162
122 189
123 184
123 249
123 190
124 262
124 189
125 129
125 258
125 298
125 238
126 161
126 269
126 177
126 187
127 252
127 189
128 223
130 263
130 136
130 264
130 234
131 196
131 135
131 202
131 282
132 234
132 202
133 184
133 154
133 227
133 214
134 256
134 262
135 139
135 246
135 151
135 254
136 285
137 241
137 277
137 253
138 236
138 261
140 203
140 209
140 254
140 287
142 174
142 285
144 204
145 235
145 215
146 256
146 201
146 170
146 274
146 150
148 176
148 243
148 252
148 190
149 239
149 214
149 213
149 278
149 153
150 233
150 266
151 203
151 237
151 157
151 253
151 286
152 249
152 262
153 186
153 161
154 253
154 218
154 262
155 192
155 231
155 204
155 279
155 218
155 219
155 252
156 205
156 162
156 220
156 189
157 162
158 254
159 240
159 281
159 283
160 185
160 231
161 296
161 236
161 177
162 200
162 171
162 209
163 202
163 242
163 185
163 285
163 254
164 290
164 229
164 248
164 254
165 205
166 196
166 215
167 256
167 258
167 237
168 257
169 194
169 220
169 229
169 255
170 193
170 181
171 298
171 211
172 201
172 205
172 214
173 264
173 195
173 212
174 292
174 262
174 176
174 283
174 219
174 221
176 242
177 197
177 231
179 241
179 231
180 248
181 187
182 185
183 293
184 224
184 214
184 278
185 206
185 244
185 284
186 264
187 200
188 296
188 219
188 252
189 290
189 217
190 225
191 248
191 269
192 200
192 298
192 242
193 287
194 232
194 237
195 288
195 231
195 237
195 241
195 283
196 210
196 239
197 223
198 229
198 252
199 289
199 276
201 253
202 218
203 280
203 261
204 218
205 260
205 270
205 221
206 241
207 296
207 274
208 240
208 246
209 218
209 260
209 237
211 262
212 270
214 269
214 272
216 285
217 235
218 261
218 275
219 293
219 266
221 274
221 276
222 256
223 250
224 236
224 287
226 283
228 275
229 293
230 240
230 283
231 258
232 233
232 250
233 290
234 270
235 266
237 238
237 278
238 285
239 263
239 272
240 272
242 259
243 258
246 296
246 247
246 250
247 257
248 289
248 255
251 291
251 276
253 292
254 281
256 277
257 260
257 295
258 296
259 266
259 273
260 297
260 299
260 268
263 297
264 275
267 283
270 281
270 299
270 278
270 287
272 287
280 292
282 288
284 294
287 298
