300 750
0 2
0 103
0 39
0 139
0 274
0 117
0 187
1 10
1 76
2 96
2 128
2 168
2 107
2 242
2 51
3 196
3 27
3 76
3 237
3 53
3 86
3 155
4 72
4 9
4 211
5 112
5 41
6 201
6 266
6 235
6 297
6 241
6 114
6 92
7 208
7 219
7 69
7 270
7 55
8 48
8 169
8 59
8 231
9 36
9 172
9 44
9 206
9 181
9 28
10 163
10 38
10 273
10 83
10 215
10 56
11 226
11 299
11 194
11 187
11 285
12 163
12 235
13 162
13 266
14 81
14 274
14 292
14 39
15 161
15 106
15 235
15 149
15 299
16 66
16 258
16 105
16 235
16 205
16 246
16 63
17 35
17 237
17 134
17 167
18 224
18 290
18 283
18 278
18 215
19 256
19 262
19 263
19 114
19 115
19 89
19 186
20 33
20 129
20 193
20 97
20 286
21 225
21 74
21 205
21 53
21 248
21 187
22 250
22 277
22 36
22 125
23 217
23 232
23 138
23 113
23 82
23 153
23 188
24 277
24 107
24 173
24 235
25 186
25 74
25 148
25 245
25 159
26 192
26 251
26 271
27 59
28 98
28 29
28 86
29 165
29 168
29 87
29 119
29 30
30 197
30 83
30 227
31 274
31 124
31 269
32 121
32 170
33 96
33 228
33 242
33 189
33 151
33 221
34 120
34 219
35 172
36 97
36 193
36 67
36 260
36 76
36 243
36 122
36 127
37 290
37 299
37 134
37 95
38 290
38 261
38 165
38 166
38 255
39 177
39 72
39 232
40 120
40 41
40 218
40 157
41 134
42 231
42 269
42 273
42 211
42 116
42 84
42 89
42 58
42 127
44 73
44 253
44 216
45 72
46 288
46 68
46 230
46 73
46 171
46 108
46 148
46 58
47 130
47 233
47 140
47 236
47 270
47 111
47 271
47 81
47 82
47 281
48 169
48 174
48 275
48 249
48 219
49 173
49 127
50 90
50 234
50 133
50 287
51 234
51 76
51 151
52 237
52 250
52 147
52 157
53 98
53 101
53 236
53 179
53 276
53 118
54 196
54 197
54 263
54 138
54 179
54 281
54 186
54 283
54 124
55 151
56 225
56 241
56 138
57 240
57 145
57 130
58 291
58 80
58 211
58 60
59 225
59 257
59 110
59 124
60 117
60 207
61 67
61 198
61 169
61 203
61 172
61 88
61 153
62 104
62 213
62 107
62 149
63 258
63 296
63 223
64 210
64 271
65 240
65 282
65 67
65 109
65 110
66 112
67 73
67 145
67 241
67 277
67 219
68 89
68 82
68 107
68 257
69 129
69 139
69 193
69 278
70 256
70 83
70 181
70 87
71 120
71 81
71 157
71 213
71 257
72 234
72 298
72 80
72 179
73 290
73 106
73 144
73 116
73 86
74 221
75 163
75 200
75 235
75 147
75 85
75 150
75 248
75 222
75 127
76 143
76 116
76 275
77 120
77 229
79 269
79 117
79 94
79 141
80 257
80 183
80 152
80 185
80 151
81 164
81 220
82 130
82 164
82 142
82 84
83 96
83 193
83 112
83 280
84 196
84 108
84 222
85 283
85 269
85 109
86 99
86 237
87 281
87 212
88 257
88 182
88 191
89 224
89 292
89 230
89 232
89 121
89 222
90 265
90 222
90 166
90 297
91 200
91 138
91 299
91 208
91 277
91 188
92 105
92 207
93 104
93 291
93 162
93 219
93 103
94 275
94 270
95 97
95 194
95 177
96 192
96 194
96 204
96 206
97 130
97 101
97 175
97 276
97 150
97 127
98 193
98 197
98 166
98 142
98 121
98 154
99 298
99 235
99 141
99 186
99 123
100 266
100 111
101 198
101 199
101 208
101 248
102 252
102 156
102 149
102 207
103 256
103 115
103 212
103 152
103 281
104 195
104 145
104 276
104 278
104 287
105 267
105 163
106 131
106 285
106 110
107 288
107 196
107 146
107 123
107 286
108 295
109 131
109 292
109 232
109 248
109 285
110 256
110 129
110 213
111 258
111 171
111 236
112 166
112 145
112 180
112 284
113 151
113 283
113 214
115 232
115 188
115 219
116 252
116 209
117 167
117 206
117 239
117 244
117 123
117 222
118 239
118 131
118 119
119 266
119 203
119 180
120 160
120 131
120 174
120 270
120 273
120 246
121 192
121 230
121 269
121 210
121 183
122 227
122 205
122 146
122 184
122 217
123 161
123 265
123 285
123 223
124 134
124 137
124 175
124 209
124 277
124 280
126 185
126 155
126 299
126 143
127 228
127 274
127 248
127 222
128 168
129 276
129 247
130 146
131 208
132 201
132 179
133 259
133 158
133 175
134 151
135 290
136 250
136 299
136 196
137 291
137 190
138 232
138 205
139 197
139 168
139 165
140 147
141 193
141 194
141 263
141 282
141 155
141 223
142 223
142 222
142 154
143 204
143 272
143 251
143 221
143 287
144 160
144 203
144 177
144 274
144 179
145 262
145 298
145 271
145 250
147 155
147 299
148 292
148 273
149 225
150 166
150 232
150 170
150 177
151 171
151 277
151 156
152 261
152 173
152 186
152 221
153 294
153 208
153 185
153 219
154 257
154 229
154 262
155 288
155 273
156 211
156 204
156 277
157 177
157 211
157 187
158 192
158 270
160 178
160 195
161 207
161 195
162 257
163 294
163 266
163 221
164 226
164 177
164 242
166 231
166 276
166 277
167 258
167 237
167 246
168 194
168 227
169 217
169 257
170 229
171 287
172 224
172 240
172 177
175 196
176 275
176 270
177 256
177 226
177 258
178 272
178 179
178 200
179 230
179 263
179 296
179 267
179 221
180 255
180 203
181 184
181 190
181 253
182 280
182 231
182 216
183 296
183 271
184 192
184 289
184 285
186 205
187 229
187 268
187 269
187 220
188 225
188 238
188 219
188 276
188 282
190 200
190 231
191 271
192 225
193 273
194 203
195 289
195 270
196 281
197 224
197 283
198 249
198 230
198 270
199 201
199 295
200 214
200 249
201 268
201 238
202 256
203 235
203 244
203 249
203 251
204 258
204 281
204 218
205 289
205 268
207 277
208 220
208 285
209 238
210 270
211 295
212 297
212 270
213 223
215 263
215 231
216 297
216 275
216 253
217 291
219 240
221 271
221 241
223 295
223 296
223 277
224 252
225 235
225 242
226 270
227 229
230 293
230 239
230 244
231 289
231 294
232 281
234 263
235 268
235 282
237 266
238 288
238 257
238 268
239 290
240 288
242 263
242 297
242 298
242 274
243 294
247 290
247 271
248 281
248 250
248 286
250 261
251 298
254 296
255 296
255 265
255 278
259 265
261 290
261 271
266 272
269 288
269 283
269 279
278 289
279 280
287 298
