300 750
0 37
0 12
0 44
0 148
0 213
0 188
1 96
1 74
1 268
1 52
1 57
1 125
2 90
2 207
2 262
2 70
2 138
3 74
3 20
3 237
3 138
4 162
4 109
4 110
4 141
4 176
4 152
5 10
5 124
5 238
6 202
6 28
6 37
6 254
6 199
7 160
7 69
7 242
7 178
7 155
7 253
8 170
8 288
8 50
8 155
8 268
9 128
9 163
9 142
9 46
9 238
9 272
9 152
9 184
9 216
10 136
10 242
10 107
10 103
11 192
12 225
12 198
12 294
12 295
12 269
12 51
13 177
14 135
14 265
14 43
14 275
14 150
14 120
14 185
14 251
15 170
15 126
16 162
16 163
16 132
16 80
16 17
16 21
17 161
17 228
17 296
17 299
17 140
17 26
17 251
18 273
18 26
18 166
18 247
19 206
19 30
19 199
20 135
20 236
20 176
20 214
20 151
20 218
20 92
21 288
21 289
21 294
21 268
21 25
21 285
21 191
22 229
22 207
22 176
22 240
22 79
22 276
23 88
23 117
23 38
23 271
24 257
24 267
25 274
25 220
25 164
26 261
27 233
27 275
27 262
27 62
27 71
28 281
28 226
28 235
29 254
30 59
30 244
30 253
31 288
31 177
31 285
31 61
32 204
32 46
32 177
32 179
32 84
32 276
32 185
32 223
33 68
33 261
33 37
33 270
33 273
33 53
33 253
34 225
34 50
34 267
34 197
34 102
35 162
35 182
36 113
36 155
36 140
36 118
36 121
37 226
37 132
37 164
37 109
37 270
37 61
38 116
38 108
39 192
39 212
39 262
40 178
40 267
41 67
41 235
41 44
41 110
41 277
41 185
41 124
42 96
43 96
43 162
43 143
43 113
43 244
43 149
43 277
44 227
44 73
44 266
44 247
44 56
45 186
45 113
45 74
45 164
45 248
46 134
46 237
46 244
46 284
46 189
47 233
47 60
47 174
48 162
48 167
48 73
48 270
48 83
48 219
49 146
49 274
49 149
50 68
50 202
50 75
50 180
50 150
50 59
50 188
51 165
51 264
51 204
51 141
51 242
51 214
51 278
52 96
52 128
52 107
52 190
52 255
54 136
54 185
54 282
54 76
54 183
55 196
55 76
55 198
55 151
56 162
56 204
56 261
56 183
57 267
57 153
57 171
57 100
58 231
58 245
58 270
58 223
59 291
59 227
59 228
60 296
60 191
61 260
61 104
61 200
61 116
63 73
63 164
63 231
63 100
63 175
64 185
64 108
64 134
65 256
65 253
65 181
65 272
65 207
66 168
66 234
67 236
67 265
68 72
69 264
69 288
69 259
70 120
70 226
70 166
71 232
72 259
72 115
72 211
73 172
73 234
74 233
74 79
75 135
75 171
75 235
75 238
75 151
75 281
75 285
76 115
76 195
77 153
77 235
77 108
77 254
78 208
78 224
78 124
78 181
79 288
79 99
79 296
79 234
79 140
79 298
79 84
79 213
80 248
80 98
80 290
80 119
81 264
81 162
81 260
81 276
81 271
82 138
82 275
82 279
83 252
84 258
84 144
84 178
84 155
85 231
85 109
85 248
85 217
85 253
85 223
86 174
86 150
87 231
87 134
87 159
88 216
88 99
88 212
88 163
89 273
90 163
91 248
91 264
91 156
91 181
91 111
92 227
92 100
92 273
92 179
92 122
93 169
93 236
93 94
94 289
94 131
94 260
94 275
94 148
94 219
95 96
95 199
95 234
95 172
95 173
95 182
95 279
95 120
95 122
95 126
96 242
97 226
97 165
97 179
97 180
97 154
97 286
98 298
98 131
98 243
99 193
99 135
99 208
99 210
100 274
100 212
100 216
101 116
101 108
101 228
101 222
102 257
102 171
103 264
103 177
103 255
104 177
104 214
104 243
104 126
105 258
106 265
106 187
106 211
107 288
107 132
107 260
107 200
108 169
108 235
108 236
108 154
108 254
109 202
109 176
109 150
109 215
110 296
110 114
111 161
111 287
111 265
111 171
111 271
111 125
111 255
112 202
112 234
112 150
112 278
113 155
114 225
114 267
114 236
114 241
114 210
114 150
114 279
115 235
115 178
115 216
115 186
115 156
115 254
116 290
116 298
116 268
116 142
117 169
117 188
117 132
117 217
118 264
118 121
118 275
119 205
119 195
119 125
119 208
120 270
120 250
120 220
121 247
121 191
122 193
123 275
124 230
125 137
125 242
126 141
126 174
126 215
126 156
127 153
127 215
127 151
128 194
128 168
128 272
128 180
128 250
129 173
130 153
130 225
131 142
131 139
131 212
133 178
133 154
133 243
134 241
134 150
134 182
135 270
135 150
135 248
137 173
138 140
138 270
138 155
139 244
140 228
140 293
140 233
140 217
140 190
141 197
141 227
142 167
142 203
142 146
142 217
142 189
142 222
143 197
143 231
143 264
143 176
143 181
144 241
144 242
145 202
145 219
145 277
145 254
147 283
147 196
147 261
147 286
148 193
148 264
148 268
148 269
148 240
148 177
148 214
148 218
148 219
149 280
150 213
151 288
151 172
152 194
152 296
152 240
152 244
152 281
152 157
153 217
153 211
154 233
154 172
154 287
155 161
155 242
156 168
156 169
156 211
157 159
158 184
158 215
158 278
158 200
159 264
159 171
159 275
159 185
159 287
160 292
160 262
160 202
160 234
160 216
160 249
162 233
162 297
162 246
163 286
164 168
164 274
164 218
164 254
165 205
166 231
167 180
167 269
168 271
168 272
168 213
168 277
169 270
169 187
170 281
171 223
171 202
172 233
172 280
173 197
173 264
173 234
173 174
173 214
174 230
174 237
174 175
174 253
175 207
176 291
176 178
176 183
176 279
178 213
179 266
180 290
180 292
180 293
180 266
180 274
181 248
182 295
182 212
182 251
183 194
183 261
183 299
183 237
183 250
183 219
186 195
186 293
186 265
186 217
187 240
187 296
187 190
189 217
189 270
190 247
191 217
191 261
191 233
191 254
192 271
193 228
193 262
193 207
193 240
193 249
193 286
194 289
194 207
194 239
194 244
195 230
196 224
196 225
197 289
197 226
197 235
198 215
198 211
198 214
199 221
200 267
201 244
202 294
202 269
205 280
206 274
206 276
207 231
207 271
207 246
210 264
211 243
212 228
213 223
216 270
216 244
217 243
217 221
218 242
218 286
219 280
219 274
219 248
220 266
222 234
222 268
223 292
223 274
224 244
224 238
227 230
227 299
227 279
228 242
231 276
232 245
233 237
234 238
234 286
235 299
236 291
236 237
237 249
239 264
239 244
239 262
242 285
245 264
248 296
248 280
249 266
249 280
249 254
250 297
259 260
267 278
268 279
269 275
279 297
279 280
285 288
288 293
292 294
