300 750
0 296
0 81
0 234
0 36
0 278
1 96
1 201
1 118
2 133
2 103
2 39
2 140
2 146
2 243
2 212
2 159
3 67
3 172
3 93
3 110
3 189
5 42
5 282
5 158
6 250
6 257
6 82
6 227
6 63
7 25
7 39
8 282
8 74
8 101
8 13
9 258
9 197
9 42
9 44
9 175
9 57
9 92
10 210
10 212
10 172
11 65
11 234
11 195
11 124
12 187
12 268
12 110
13 228
13 69
13 235
13 242
13 278
13 251
14 64
14 211
14 44
15 49
15 19
15 153
15 284
15 221
15 191
16 100
16 116
16 76
17 195
17 230
17 190
17 143
18 289
18 108
18 276
18 214
18 90
18 219
19 96
19 260
19 166
19 74
19 211
19 87
19 26
20 32
20 162
20 277
20 85
20 102
21 32
21 65
21 84
21 37
21 86
22 256
22 57
22 206
23 249
23 220
24 160
24 100
24 202
24 111
24 187
24 92
25 261
25 71
25 274
25 83
25 149
26 60
26 270
26 46
26 215
27 81
27 58
27 268
27 62
28 191
28 134
28 71
29 224
29 251
29 46
30 57
30 151
31 128
31 257
31 228
32 242
32 279
32 79
33 236
33 78
33 159
34 112
35 152
35 204
35 107
35 100
36 129
36 130
36 258
36 103
36 105
36 50
36 151
37 253
37 66
37 150
37 122
38 186
38 146
38 239
39 71
39 48
39 149
39 55
39 123
39 124
39 93
40 70
40 73
40 111
40 215
40 252
40 253
41 113
41 67
41 135
42 210
42 158
42 151
43 57
43 258
43 293
43 182
43 271
44 45
45 203
45 108
45 277
45 60
45 254
46 131
46 200
46 110
46 238
46 240
46 117
46 153
47 212
47 70
47 223
48 176
48 281
48 60
48 253
49 83
49 212
49 85
49 246
50 130
50 263
50 76
50 111
50 95
51 149
52 280
52 81
52 124
53 169
53 116
53 249
53 230
54 88
54 98
55 137
55 230
55 117
55 70
56 107
57 99
57 164
57 296
57 137
57 206
57 238
57 151
57 282
57 91
57 61
57 127
58 103
58 264
58 207
58 276
58 118
59 113
59 102
59 167
60 258
60 217
60 293
60 79
60 276
60 215
60 185
60 91
61 272
61 283
61 63
62 74
62 100
63 293
63 107
63 295
64 203
64 78
64 84
64 91
64 287
65 289
66 73
66 110
67 267
67 227
68 118
68 246
69 239
69 183
70 226
70 102
70 204
70 240
70 117
70 185
71 291
71 260
71 204
71 245
72 105
72 237
73 217
73 139
73 235
74 98
74 131
74 195
74 115
74 282
74 187
74 94
75 256
75 194
75 211
76 244
76 222
76 127
77 85
77 151
78 189
78 230
79 116
79 244
79 159
80 258
80 195
80 197
80 183
80 152
80 154
81 209
81 181
81 254
82 165
82 204
82 174
82 143
82 146
82 120
83 145
83 85
83 88
83 186
83 123
83 216
84 161
84 193
84 169
84 201
84 276
84 245
84 153
84 90
85 173
85 241
85 118
85 91
85 188
86 215
86 278
86 159
87 216
87 291
87 288
88 108
88 142
88 90
88 158
89 193
89 195
89 228
89 206
89 112
89 182
90 162
90 251
90 93
91 100
91 135
91 265
91 268
91 251
92 124
92 244
93 288
93 237
93 146
93 152
94 152
94 210
94 160
95 233
95 290
95 245
95 150
96 241
96 118
96 203
97 114
98 184
98 209
98 163
99 224
99 258
99 110
99 270
99 278
100 134
100 152
100 191
101 279
102 148
103 256
103 112
103 274
103 248
103 127
104 241
104 237
105 160
105 202
105 174
105 211
105 181
105 251
106 185
106 225
106 167
107 195
107 261
107 229
108 129
108 166
108 263
108 181
108 217
108 154
108 188
109 236
109 206
110 206
110 211
110 212
110 127
111 228
111 118
112 273
113 211
113 235
114 250
114 125
114 222
115 267
116 258
116 242
116 250
116 188
117 258
117 292
117 293
117 281
118 168
118 278
118 286
119 121
119 193
119 262
120 170
120 142
120 147
120 251
120 286
120 223
121 290
121 164
121 197
121 299
121 274
122 160
122 271
122 135
123 264
123 227
124 194
124 297
124 254
125 282
125 298
126 271
127 185
127 136
127 176
127 210
128 176
128 299
128 253
129 195
129 152
129 142
130 242
130 174
130 251
131 264
132 170
132 244
132 197
133 160
133 193
133 279
133 252
133 191
134 240
134 244
135 263
135 235
135 272
135 177
136 199
136 195
136 157
138 224
138 160
138 243
138 214
138 152
138 250
139 248
140 176
140 201
140 155
141 144
141 209
141 187
141 237
141 195
142 187
144 186
144 255
145 240
145 259
146 262
146 299
147 261
147 181
148 169
148 188
148 159
149 165
149 293
149 240
150 257
150 179
150 163
151 196
151 178
151 280
152 238
152 178
152 250
153 256
153 194
153 172
153 211
153 243
154 163
154 260
154 170
154 270
154 175
154 243
154 246
155 171
155 187
156 219
157 239
157 217
157 284
157 189
157 254
158 226
159 193
159 272
160 192
160 277
161 227
161 244
161 278
162 196
162 287
163 227
163 264
163 211
164 286
166 281
166 289
167 188
167 211
167 295
169 203
169 243
169 189
170 282
170 294
171 281
171 188
172 226
172 194
172 237
172 271
173 280
173 295
174 288
175 211
175 278
175 184
175 191
176 195
176 245
177 217
177 261
177 197
177 238
179 260
179 254
181 213
182 195
182 198
182 230
182 184
182 285
182 223
184 263
184 198
186 237
186 238
188 235
188 243
188 223
189 260
193 232
193 273
194 216
197 224
197 267
197 204
197 251
198 297
198 206
198 255
199 291
199 292
199 294
199 295
199 281
200 287
201 271
201 254
202 226
202 212
203 268
203 281
203 251
203 222
204 219
204 252
206 299
207 216
207 274
207 234
207 292
208 224
208 254
209 286
210 287
211 289
211 291
212 226
212 228
212 242
212 281
213 262
213 235
213 244
213 249
213 250
214 284
215 281
215 295
215 217
216 222
216 254
217 226
217 290
218 275
218 254
219 269
220 261
220 230
220 239
220 245
220 284
221 224
221 295
222 290
222 271
223 244
224 235
224 255
225 274
226 249
227 264
227 249
229 233
229 276
229 245
230 291
231 280
231 242
231 299
232 284
234 296
234 237
234 284
235 295
237 281
239 257
240 268
240 247
241 261
243 296
244 294
244 273
244 276
244 254
246 298
247 253
248 253
249 294
249 263
249 264
249 271
252 255
253 294
253 270
254 267
258 290
258 272
258 273
259 286
260 296
260 299
264 296
264 276
264 285
266 277
270 297
271 292
272 289
272 292
275 290
283 289
283 295
286 289
287 290
295 297
