300 750
0 272
0 27
0 279
0 198
0 239
1 178
1 89
1 34
2 99
2 200
2 203
2 273
2 25
2 188
2 29
3 231
3 163
3 20
3 187
3 68
4 289
4 236
4 141
5 265
5 99
5 179
5 289
6 172
6 219
6 127
6 119
7 233
7 186
7 282
7 172
7 77
8 104
8 218
8 124
9 169
9 187
10 128
10 246
11 248
11 197
11 150
12 64
12 289
12 107
12 13
12 282
12 251
13 24
14 131
14 137
14 47
14 188
14 29
14 159
15 168
15 245
15 147
15 29
16 100
16 101
16 165
16 43
16 211
16 252
17 257
17 159
18 193
18 50
18 172
18 198
19 217
19 66
19 195
19 297
20 66
20 70
20 119
20 184
20 63
21 192
21 36
21 108
21 242
21 83
21 148
22 57
22 267
22 213
23 136
23 42
23 66
24 42
24 60
24 292
25 135
25 271
25 245
25 249
25 252
26 176
26 82
27 48
27 164
27 181
28 248
28 153
28 52
28 286
29 99
29 39
29 72
29 242
29 283
29 156
29 221
29 127
30 200
30 187
30 236
30 55
31 195
31 230
31 41
31 106
31 238
31 245
32 65
32 261
32 74
32 179
32 56
32 218
34 96
34 229
34 134
34 170
34 50
34 118
35 160
35 240
35 173
36 65
36 83
37 221
37 241
37 255
37 85
37 239
38 199
38 148
38 119
39 72
39 248
40 56
40 275
40 43
40 297
40 71
41 104
41 129
41 243
41 168
42 224
42 65
42 130
42 165
42 207
42 115
43 99
43 206
43 138
44 176
44 230
44 198
44 182
44 215
45 194
45 199
45 178
45 187
45 124
45 254
46 226
47 78
47 250
47 109
48 257
48 268
48 251
49 288
49 65
49 209
49 274
49 183
49 282
50 196
50 176
50 243
50 61
51 128
51 290
51 243
51 136
52 208
52 172
52 85
52 133
53 64
53 257
53 202
53 78
53 113
53 279
53 88
53 93
54 136
54 259
54 211
54 245
54 271
55 259
55 73
55 203
55 236
56 293
56 173
57 92
57 85
58 248
58 264
58 278
59 170
59 154
59 203
59 108
59 110
60 185
60 88
60 227
60 207
61 290
61 103
61 177
61 210
61 245
61 124
62 227
62 133
62 127
63 64
63 231
63 139
63 143
63 115
63 185
63 122
63 123
64 198
64 264
64 176
64 240
65 295
65 93
66 249
66 200
66 274
66 179
66 185
67 145
67 186
67 290
67 69
67 142
68 176
68 153
68 82
68 203
69 229
69 136
69 232
69 235
69 80
69 115
69 118
70 104
70 154
70 219
71 137
71 267
71 175
71 147
71 91
72 192
72 237
72 153
72 222
73 162
73 170
73 251
73 216
73 123
74 109
74 294
75 89
75 267
75 164
76 157
77 261
77 276
77 119
77 125
78 258
78 134
78 142
78 241
78 121
79 152
79 130
79 236
79 207
80 115
80 289
80 91
81 144
81 114
81 134
81 122
82 164
82 165
82 136
82 149
82 119
82 88
82 252
83 242
83 227
84 226
84 173
84 119
85 252
85 280
85 124
86 207
86 261
86 140
86 165
86 127
87 96
87 259
87 230
87 204
87 141
87 113
87 190
88 224
88 161
88 111
89 233
89 142
89 208
89 248
89 282
89 251
90 241
90 146
90 117
90 257
91 108
91 261
92 226
92 193
92 233
93 234
93 99
93 231
94 104
94 106
94 173
94 135
95 98
95 226
95 196
95 253
96 260
96 266
96 272
96 243
96 119
97 299
97 124
97 261
98 129
98 174
99 151
99 221
99 154
99 220
100 254
101 137
101 243
101 135
102 138
102 108
102 179
102 180
102 243
102 155
103 132
103 234
103 203
103 239
103 244
104 290
104 294
104 168
104 178
104 214
105 230
105 267
105 269
105 240
105 217
105 155
106 187
107 264
107 288
107 206
107 215
108 160
108 259
108 166
108 234
108 265
108 178
108 214
109 225
109 162
109 138
109 190
110 136
110 260
110 211
110 200
111 225
111 133
112 156
112 149
112 134
112 151
113 155
114 149
114 279
115 164
116 218
116 194
117 198
117 269
117 205
117 240
117 178
118 163
118 291
118 278
118 247
118 252
119 290
119 213
119 281
119 285
120 196
120 230
120 168
120 232
120 187
120 188
120 189
121 151
122 239
123 225
123 258
123 203
123 179
123 247
123 124
124 234
124 155
124 239
125 146
125 179
125 254
125 247
126 232
126 265
126 140
126 135
127 230
127 221
127 281
128 298
129 133
129 202
129 145
129 159
130 233
130 236
130 248
130 153
131 197
132 170
132 180
133 162
133 235
133 211
134 200
134 222
135 228
135 167
135 234
135 204
135 223
136 160
136 297
136 205
137 202
137 171
137 140
137 213
137 216
138 227
138 199
138 179
138 246
139 240
139 299
140 299
141 184
141 217
142 228
142 217
142 206
143 275
143 271
144 149
144 215
145 172
145 236
146 234
146 203
146 251
147 257
147 233
147 247
147 283
147 189
148 269
148 152
148 282
148 187
149 230
149 267
150 231
150 199
150 172
150 240
150 213
150 245
150 252
151 288
151 236
151 206
151 191
152 272
152 234
153 203
154 195
154 234
154 243
154 280
155 199
155 173
155 274
156 178
156 162
157 233
158 256
158 195
158 245
158 215
159 200
160 288
160 174
160 243
161 299
161 282
161 211
162 166
162 230
162 264
162 246
163 297
163 172
164 209
164 220
166 246
166 183
167 233
167 254
168 230
168 170
169 245
171 289
171 272
171 282
171 220
171 253
173 183
175 196
176 257
177 223
178 188
179 227
179 197
179 221
180 294
180 293
180 183
181 295
183 229
183 271
183 219
185 259
185 244
185 223
186 192
186 200
186 213
187 288
187 266
188 284
189 287
190 249
191 281
192 264
192 283
193 274
195 203
195 285
196 252
197 288
197 206
198 292
198 210
199 270
199 218
199 254
200 250
200 267
200 269
200 271
200 241
200 248
201 299
201 213
201 286
202 262
202 215
202 280
203 276
205 224
205 277
206 229
207 296
207 281
208 242
211 258
211 271
211 241
211 272
212 294
212 230
214 230
214 269
214 272
214 279
215 236
215 241
216 276
217 274
219 224
220 235
221 285
222 225
222 232
224 237
224 249
225 295
225 232
227 249
228 257
228 278
229 253
230 247
231 275
232 235
232 276
232 255
233 237
233 246
236 262
237 285
238 283
241 296
241 243
241 248
242 274
242 245
245 257
245 265
245 284
246 261
247 298
248 281
254 284
257 271
258 267
259 261
259 280
262 284
262 292
263 284
264 292
265 268
267 268
270 288
270 276
275 291
277 294
278 281
278 285
279 290
279 293
283 286
287 298
290 295
291 298
