300 750
0 162
0 3
0 4
0 36
0 294
0 112
0 49
0 248
0 185
0 186
1 135
1 66
1 82
1 71
2 67
2 271
2 178
2 274
2 27
2 62
3 32
3 128
3 257
3 41
3 146
4 59
4 44
4 155
4 118
5 97
5 161
5 245
5 121
5 60
5 222
6 131
6 196
6 165
6 7
6 16
6 273
6 83
6 244
6 57
7 280
8 105
8 106
8 155
9 97
9 145
9 172
9 181
9 94
10 160
10 34
10 148
10 62
10 159
11 135
11 245
11 85
11 87
12 232
12 91
12 199
13 234
13 196
13 44
13 292
13 263
14 193
14 67
14 38
14 295
14 201
14 176
14 210
14 147
15 121
15 164
15 100
15 284
15 254
16 229
16 231
16 233
16 108
16 46
16 155
17 168
17 98
17 290
17 30
17 159
18 183
19 83
19 109
19 135
20 292
20 107
20 143
20 241
20 277
20 214
20 120
20 187
21 98
21 293
21 103
21 42
21 272
21 247
22 289
22 134
22 266
22 146
22 153
22 123
22 28
23 135
23 73
23 266
23 176
23 114
23 242
23 215
23 252
24 110
24 243
24 68
24 46
24 79
25 33
25 291
25 261
25 105
25 115
25 250
26 136
26 282
26 259
26 62
27 164
27 198
27 79
27 273
27 146
27 220
28 160
28 44
28 269
28 274
28 218
28 187
28 252
28 159
29 88
29 162
29 235
30 248
30 217
30 252
31 260
31 53
31 199
32 194
32 261
32 201
32 273
32 156
33 160
33 162
33 262
33 139
33 108
34 229
34 60
34 273
34 246
34 119
34 59
34 220
34 125
35 235
36 282
36 296
37 296
37 202
37 267
37 271
38 258
38 67
38 164
38 163
38 166
38 145
38 253
39 267
39 285
39 142
39 279
40 73
40 178
41 250
41 294
41 199
42 192
42 65
42 257
42 70
42 124
42 159
43 106
43 113
43 150
43 95
43 283
43 190
43 255
44 162
44 142
44 114
44 154
45 67
46 67
46 101
46 49
46 178
46 150
46 214
46 186
47 121
47 146
48 132
48 199
48 72
48 212
48 249
48 283
49 257
49 298
49 240
49 278
49 57
50 53
50 135
51 291
51 179
51 69
51 102
52 130
52 68
52 171
52 148
52 249
52 62
53 224
53 173
53 273
53 242
54 89
54 153
55 64
55 195
55 260
55 105
55 273
55 282
55 190
56 210
56 122
56 213
57 102
57 178
57 245
57 58
58 256
58 292
58 265
58 270
59 85
59 262
59 183
60 244
60 172
61 260
61 230
61 199
61 74
61 242
61 146
62 288
62 282
62 78
62 209
63 248
64 275
64 117
65 104
65 114
66 291
66 133
66 70
66 113
66 245
66 219
67 121
68 227
68 199
68 202
68 172
68 112
68 187
69 297
69 82
69 198
69 247
70 125
70 227
71 234
71 278
72 164
72 94
73 203
73 148
73 284
73 152
73 90
73 279
74 267
74 292
74 231
75 168
75 97
75 194
75 293
75 173
76 178
76 239
76 214
76 167
77 240
77 83
77 156
77 165
77 110
78 136
78 276
78 196
78 228
79 284
79 219
80 224
80 299
80 208
80 152
80 221
80 253
80 158
81 120
81 211
82 243
82 212
83 105
83 143
83 245
83 278
84 112
84 144
84 175
85 208
85 258
85 228
86 200
86 237
86 241
86 215
86 184
86 188
87 139
88 201
88 122
88 243
88 289
89 137
89 226
89 188
89 103
90 248
90 298
90 238
91 121
91 154
91 299
91 228
92 161
92 145
92 158
92 94
93 213
93 272
93 171
93 165
94 165
94 138
94 116
94 158
95 192
95 258
95 165
95 237
95 176
95 123
95 189
96 152
96 219
97 175
97 179
97 216
97 121
98 201
98 106
98 234
98 110
99 128
99 289
99 259
99 177
99 274
99 275
100 161
100 195
100 281
100 278
101 294
101 274
101 147
101 277
101 117
101 222
102 260
102 106
102 206
102 215
103 203
103 206
103 274
103 190
104 208
104 278
105 234
105 206
105 243
105 276
105 119
105 255
106 161
106 152
106 127
107 289
107 258
107 208
107 147
107 159
108 147
108 157
109 297
109 269
109 240
109 280
109 124
110 242
111 205
111 113
111 189
112 133
112 233
112 279
113 115
113 263
114 211
114 246
114 123
115 210
115 222
116 156
116 125
116 263
117 186
117 141
118 137
118 234
118 219
119 171
119 180
119 154
120 263
120 232
120 201
120 254
120 286
121 192
121 136
121 280
122 199
122 174
122 246
122 152
122 287
123 197
123 135
123 218
124 294
124 129
124 262
125 282
126 208
126 199
127 272
127 195
127 290
127 149
128 139
128 278
128 159
129 283
129 259
129 213
131 289
131 231
131 273
131 247
131 183
132 275
133 185
133 217
134 145
134 142
134 287
134 191
135 276
136 265
136 266
136 174
136 252
137 176
137 138
137 224
138 154
138 180
139 297
139 174
139 220
140 273
140 282
140 276
140 173
140 151
141 248
141 237
141 190
142 158
144 288
144 194
144 213
144 184
144 285
145 232
145 253
146 282
146 222
147 263
148 226
148 264
148 241
148 242
148 247
148 186
148 223
150 153
150 210
151 203
151 260
152 162
152 195
152 183
153 170
154 193
154 274
154 159
156 244
157 243
157 181
158 195
158 297
158 181
159 177
159 241
160 235
162 171
162 240
162 254
163 296
163 186
163 195
163 292
164 168
164 251
164 278
164 250
165 200
166 294
166 182
166 222
166 215
167 280
167 249
167 190
168 241
169 266
169 188
170 265
170 239
171 266
171 278
171 184
172 290
172 237
172 244
173 232
173 211
174 253
175 228
176 233
176 265
176 177
177 192
177 267
177 203
178 240
180 237
181 211
181 281
183 227
183 199
183 221
183 216
184 275
185 209
185 267
185 281
186 202
186 212
186 244
187 296
187 257
188 289
188 223
189 227
189 293
189 236
189 212
190 257
190 196
190 265
191 243
192 295
192 251
193 266
193 255
193 239
194 211
195 292
195 213
196 258
196 251
197 273
198 225
198 292
199 240
200 201
200 202
201 233
201 251
202 256
202 228
202 292
203 287
204 283
204 226
204 242
205 256
206 257
207 209
207 268
207 222
207 286
208 238
208 212
209 259
209 293
210 276
212 286
213 297
213 272
214 291
214 280
214 254
215 271
215 284
216 268
219 275
219 252
221 275
221 285
222 241
225 229
228 271
228 242
228 280
231 289
231 267
231 255
233 258
234 237
234 248
241 264
242 290
242 266
243 255
244 267
250 267
251 280
252 276
253 273
253 255
254 266
259 298
261 262
263 297
264 288
264 286
267 286
272 273
273 285
279 293
282 293
289 293
290 296
291 294
