400 4000
0 288
0 344
0 101
0 263
0 138
0 123
0 76
0 268
0 270
0 301
0 49
0 209
0 52
0 311
0 152
0 57
0 91
0 157
1 384
1 385
1 194
1 163
1 164
1 133
1 291
1 293
1 359
1 391
1 363
1 314
1 110
1 208
1 177
1 148
1 279
1 250
1 91
1 222
2 128
2 67
2 358
2 200
2 393
2 203
2 109
2 110
2 78
2 205
2 145
2 306
2 334
2 340
2 118
2 86
2 215
2 252
2 125
3 290
3 99
3 69
3 134
3 166
3 136
3 230
3 262
3 43
3 171
3 237
3 326
3 207
3 144
3 366
3 306
3 211
3 278
3 342
3 58
3 189
4 265
4 140
4 20
4 277
4 287
4 34
4 163
4 295
4 170
4 303
4 51
4 312
4 65
4 195
4 354
4 126
4 358
4 372
4 250
4 252
4 381
4 382
5 260
5 198
5 231
5 262
5 234
5 394
5 109
5 47
5 147
5 20
5 340
5 371
5 247
5 345
5 348
5 350
6 225
6 287
6 325
6 356
6 231
6 376
6 9
6 329
6 396
6 49
6 210
6 179
6 337
6 340
6 279
6 312
6 186
6 124
6 318
6 95
7 385
7 292
7 391
7 43
7 396
7 145
7 18
7 372
7 53
7 374
7 183
7 217
7 283
8 228
8 133
8 230
8 135
8 294
8 105
8 376
8 268
8 346
8 303
8 283
8 17
8 50
8 372
8 21
8 277
8 120
8 122
8 123
8 156
8 349
9 97
9 121
9 99
9 194
9 165
9 281
9 40
9 327
9 345
9 203
9 12
9 389
9 118
9 25
9 282
9 380
9 285
9 94
10 33
10 290
10 230
10 71
10 328
10 266
10 267
10 332
10 45
10 142
10 177
10 18
10 337
10 371
10 245
10 189
10 221
10 316
10 93
11 384
11 289
11 98
11 227
11 259
11 344
11 264
11 328
11 330
11 396
11 365
11 305
11 182
11 119
11 312
11 314
11 220
11 190
12 132
12 393
12 145
12 34
12 290
12 39
12 42
12 50
12 178
12 312
12 184
12 58
12 70
12 82
12 342
12 345
12 89
12 220
12 349
12 95
12 97
12 98
12 364
12 253
13 130
13 271
13 16
13 152
13 158
13 40
13 175
13 308
13 309
13 187
13 59
13 188
13 61
13 70
13 72
13 329
13 210
13 338
13 86
13 217
13 223
13 374
13 376
13 382
14 382
14 37
14 165
14 103
14 261
14 41
14 105
14 204
14 173
14 274
14 254
14 341
14 23
14 312
14 249
14 122
14 187
14 92
14 30
15 387
15 152
15 159
15 287
15 33
15 36
15 37
15 43
15 45
15 308
15 310
15 186
15 193
15 73
15 82
15 83
15 347
15 353
15 237
15 247
15 376
15 254
15 127
16 389
16 134
16 18
16 275
16 279
16 153
16 25
16 159
16 288
16 41
16 302
16 181
16 193
16 81
16 91
16 348
16 375
16 353
16 356
16 232
16 105
16 369
16 247
17 224
17 288
17 162
17 165
17 293
17 329
17 361
17 172
17 45
17 207
17 146
17 340
17 213
17 150
17 278
17 185
17 314
17 123
17 316
17 317
18 257
18 131
18 281
18 282
18 36
18 292
18 47
18 304
18 49
18 179
18 182
18 320
18 321
18 335
18 209
18 214
18 343
18 347
18 358
18 371
18 372
18 373
19 101
19 262
19 263
19 293
19 325
19 328
19 79
19 337
19 339
19 342
19 184
19 126
20 32
20 163
20 294
20 324
20 72
20 383
20 387
20 363
20 204
20 388
20 394
20 399
20 275
20 371
20 246
20 376
20 127
21 389
21 390
21 265
21 397
21 276
21 280
21 155
21 289
21 290
21 36
21 38
21 50
21 328
21 212
21 341
21 344
21 90
21 347
21 352
21 102
21 105
21 113
21 246
21 378
21 381
22 161
22 98
22 99
22 36
22 162
22 260
22 71
22 40
22 232
22 292
22 107
22 268
22 328
22 363
22 396
22 337
22 114
22 149
22 313
22 355
23 199
23 104
23 297
23 282
23 155
23 45
23 47
23 143
23 187
23 114
23 208
23 308
23 372
23 87
23 376
23 90
23 59
23 350
24 140
24 141
24 144
24 147
24 25
24 286
24 166
24 295
24 170
24 48
24 191
24 197
24 200
24 201
24 204
24 207
24 211
24 339
24 342
24 94
24 353
24 100
24 250
25 160
25 34
25 35
25 163
25 392
25 234
25 267
25 236
25 364
25 305
25 306
25 147
25 84
25 149
25 187
25 380
26 96
26 66
26 162
26 196
26 135
26 395
26 236
26 314
26 83
26 116
26 243
26 118
26 275
26 309
26 250
26 379
26 350
27 386
27 355
27 197
27 166
27 358
27 394
27 333
27 334
27 335
27 304
27 117
27 155
27 220
27 158
28 352
28 66
28 67
28 227
28 165
28 359
28 393
28 138
28 170
28 108
28 302
28 208
28 50
28 51
28 179
28 190
28 125
28 158
29 257
29 388
29 261
29 135
29 30
29 159
29 31
29 290
29 318
29 64
29 322
29 196
29 204
29 206
29 207
29 337
29 85
29 215
29 359
29 232
29 365
29 111
29 114
29 370
29 371
29 373
29 255
30 320
30 280
30 325
30 103
30 40
30 138
30 268
30 238
30 272
30 276
30 56
30 345
30 285
31 256
31 132
31 36
31 164
31 167
31 356
31 202
31 107
31 236
31 173
31 146
31 52
31 181
31 308
31 375
31 220
32 132
32 388
32 268
32 397
32 151
32 154
32 156
32 289
32 34
32 47
32 48
32 186
32 68
32 72
32 201
32 91
32 223
32 226
32 356
32 233
32 379
32 254
33 384
33 225
33 258
33 229
33 102
33 198
33 360
33 332
33 77
33 219
33 54
33 189
33 184
33 121
33 310
33 155
33 252
33 157
34 398
34 143
34 279
34 282
34 38
34 41
34 171
34 177
34 187
34 77
34 83
34 87
34 347
34 350
34 352
34 353
34 226
34 100
34 245
34 122
34 251
35 357
35 158
35 138
35 170
35 250
35 237
35 337
35 347
35 245
35 151
35 153
35 126
35 59
35 286
35 223
36 257
36 130
36 390
36 397
36 276
36 285
36 290
36 168
36 51
36 179
36 313
36 60
36 192
36 74
36 82
36 341
36 354
36 101
36 229
36 239
36 117
36 127
37 261
37 395
37 142
37 149
37 151
37 284
37 294
37 39
37 300
37 179
37 192
37 199
37 72
37 80
37 84
37 219
37 93
37 95
37 351
37 239
37 116
37 117
37 245
37 379
38 376
38 70
38 328
38 360
38 203
38 235
38 396
38 219
38 315
38 274
38 84
38 284
38 55
38 373
38 345
38 91
38 124
38 318
39 129
39 98
39 323
39 196
39 166
39 263
39 296
39 41
39 389
39 210
39 148
39 280
39 187
39 156
39 381
39 222
40 284
40 294
40 62
40 63
40 68
40 198
40 203
40 76
40 332
40 82
40 90
40 96
40 100
40 356
40 233
40 238
40 112
40 242
40 251
41 262
41 136
41 141
41 150
41 171
41 174
41 51
41 53
41 186
41 187
41 316
41 191
41 196
41 197
41 72
41 330
41 221
41 350
41 108
41 364
41 115
41 116
41 249
41 252
41 383
42 258
42 142
42 270
42 149
42 150
42 158
42 288
42 168
42 183
42 58
42 316
42 64
42 66
42 329
42 332
42 205
42 206
42 92
42 221
42 361
42 114
43 129
43 259
43 260
43 136
43 393
43 146
43 280
43 281
43 154
43 287
43 44
43 308
43 187
43 194
43 196
43 215
43 349
43 95
43 105
43 237
43 365
44 257
44 322
44 323
44 387
44 197
44 230
44 104
44 203
44 77
44 331
44 303
44 399
44 338
44 276
44 380
44 249
44 284
44 191
45 97
45 153
45 162
45 132
45 165
45 102
45 228
45 263
45 297
45 108
45 279
45 399
45 184
45 89
45 156
45 253
46 226
46 195
46 263
46 360
46 394
46 237
46 112
46 276
46 150
46 54
46 88
46 249
46 285
46 374
46 253
46 351
47 257
47 138
47 267
47 394
47 290
47 164
47 303
47 49
47 305
47 64
47 72
47 82
47 214
47 347
47 100
47 105
47 111
47 239
47 367
47 382
48 318
48 291
48 196
48 323
48 198
48 395
48 76
48 238
48 302
48 336
48 209
48 210
48 338
48 52
48 219
48 222
49 128
49 269
49 145
49 276
49 153
49 170
49 53
49 311
49 190
49 201
49 332
49 86
49 97
49 232
49 116
49 374
49 119
49 121
49 122
49 123
50 289
50 99
50 197
50 294
50 267
50 173
50 397
50 398
50 273
50 370
50 83
50 307
50 181
50 91
50 254
51 261
51 262
51 392
51 143
51 272
51 276
51 152
51 307
51 186
51 67
51 68
51 331
51 83
51 344
51 220
51 100
51 120
51 123
51 382
52 256
52 261
52 390
52 136
52 264
52 393
52 160
52 165
52 166
52 176
52 180
52 66
52 218
52 220
52 100
52 234
52 370
52 246
52 249
53 64
53 100
53 70
53 73
53 75
53 169
53 172
53 339
53 252
53 93
53 254
54 226
54 227
54 132
54 360
54 362
54 76
54 206
54 305
54 184
54 349
54 317
54 382
55 326
55 136
55 169
55 351
55 81
55 177
55 286
55 159
56 256
56 291
56 69
56 294
56 167
56 357
56 297
56 237
56 80
56 244
56 373
56 249
56 218
56 251
57 160
57 193
57 288
57 102
57 299
57 239
57 177
57 220
57 86
57 343
57 379
57 92
57 126
58 352
58 390
58 265
58 372
58 277
58 185
58 90
58 91
58 252
58 319
59 257
59 163
59 167
59 328
59 137
59 302
59 175
59 240
59 181
59 88
59 313
59 154
59 219
60 65
60 130
60 354
60 388
60 72
60 200
60 333
60 113
60 307
60 244
60 371
60 152
60 345
60 63
61 96
61 289
61 356
61 388
61 198
61 295
61 363
61 204
61 335
61 117
61 278
61 313
61 282
61 156
61 158
62 323
62 134
62 71
62 329
62 107
62 77
62 272
62 337
62 372
62 309
62 119
62 89
62 91
62 348
62 285
63 65
63 290
63 323
63 102
63 142
63 240
63 115
63 220
63 87
63 248
63 186
63 251
63 189
63 255
64 224
64 130
64 260
64 264
64 361
64 203
64 77
64 336
64 114
64 220
64 148
64 182
64 87
64 213
64 92
65 382
65 163
65 228
65 134
65 351
65 168
65 267
65 269
65 206
65 146
65 372
65 119
65 121
65 190
66 265
66 396
66 278
66 280
66 162
66 166
66 294
66 168
66 188
66 190
66 320
66 69
66 225
66 99
66 100
66 357
66 236
66 110
66 241
66 115
66 253
66 127
67 130
67 258
67 386
67 390
67 138
67 148
67 279
67 282
67 155
67 169
67 179
67 185
67 327
67 220
67 224
67 115
67 243
67 378
67 123
67 125
68 384
68 264
68 397
68 272
68 146
68 165
68 296
68 174
68 303
68 177
68 196
68 69
68 326
68 333
68 208
68 343
68 216
68 93
68 106
68 107
68 236
68 248
69 160
69 280
69 100
69 312
69 123
69 155
69 173
69 203
69 242
69 149
69 181
69 185
69 88
69 380
70 160
70 318
70 290
70 131
70 101
70 231
70 383
70 389
70 331
70 209
70 150
70 87
70 123
70 94
70 286
71 263
71 364
71 365
71 334
71 112
71 176
71 241
71 148
71 341
71 119
71 249
71 158
72 217
72 292
72 234
72 331
72 366
72 240
72 369
72 83
72 117
72 149
72 371
72 248
72 185
73 320
73 319
73 138
73 365
73 209
73 244
73 182
73 120
73 253
73 191
74 161
74 163
74 249
74 387
74 388
74 298
74 364
74 302
74 111
74 368
74 315
74 370
74 341
74 183
74 88
74 217
74 215
74 187
75 228
75 388
75 135
75 199
75 295
75 177
75 211
75 85
75 312
75 378
75 91
75 284
75 382
75 95
76 132
76 357
76 302
76 143
76 175
76 178
76 271
76 213
76 86
76 185
76 154
76 316
76 254
76 95
77 195
77 261
77 326
77 167
77 327
77 391
77 106
77 140
77 236
77 271
77 302
77 304
77 365
77 275
77 247
77 88
78 97
78 105
78 329
78 300
78 111
78 368
78 181
78 119
78 344
78 379
78 255
79 129
79 230
79 294
79 358
79 265
79 171
79 396
79 110
79 335
79 305
79 178
79 308
79 369
79 155
79 126
79 319
80 230
80 199
80 325
80 332
80 237
80 364
80 365
80 81
80 178
80 179
80 209
80 281
80 88
81 229
81 317
81 329
81 202
81 155
81 173
81 349
81 283
81 83
81 347
81 184
81 282
81 123
81 156
81 285
82 396
82 270
82 275
82 291
82 316
82 317
82 318
82 328
82 210
82 83
82 217
82 219
82 91
82 227
82 367
82 381
82 250
82 253
82 127
83 258
83 285
83 162
83 296
83 175
83 303
83 183
83 315
83 326
83 199
83 88
83 344
83 97
83 353
83 234
83 364
83 119
83 376
84 385
84 274
84 149
84 278
84 158
84 169
84 173
84 178
84 307
84 185
84 313
84 329
84 211
84 339
84 91
84 223
84 227
84 370
84 374
84 379
85 321
85 355
85 324
85 325
85 297
85 205
85 142
85 176
85 208
85 305
85 306
85 277
85 221
85 123
85 287
86 280
86 217
86 165
86 260
86 231
86 218
86 297
86 366
86 272
86 368
86 311
86 248
86 122
86 251
86 316
86 287
87 228
87 136
87 328
87 266
87 203
87 300
87 331
87 349
87 336
87 177
87 273
87 252
87 308
87 152
87 127
87 95
88 147
88 158
88 174
88 304
88 305
88 306
88 187
88 318
88 324
88 350
88 97
88 227
88 358
88 106
88 113
89 99
89 132
89 351
89 390
89 393
89 362
89 270
89 175
89 366
89 378
89 147
89 277
89 186
89 317
89 191
90 192
90 131
90 133
90 197
90 201
90 395
90 176
90 246
90 248
90 284
90 341
90 156
90 285
91 134
91 394
91 275
91 291
91 305
91 183
91 189
91 223
91 104
91 246
91 127
92 256
92 98
92 321
92 357
92 281
92 135
92 106
92 266
92 110
92 144
92 177
92 207
92 215
92 311
92 223
93 385
93 389
93 135
93 149
93 279
93 155
93 286
93 289
93 293
93 294
93 177
93 179
93 313
93 189
93 205
93 338
93 347
93 350
93 236
93 364
93 110
93 376
93 255
94 161
94 257
94 291
94 319
94 134
94 104
94 360
94 203
94 391
94 301
94 176
94 145
94 177
94 149
94 181
94 246
94 159
95 248
95 258
95 355
95 388
95 298
95 398
95 336
95 116
95 278
95 216
96 160
96 98
96 196
96 136
96 329
96 108
96 109
96 349
96 336
96 177
96 116
96 373
96 284
96 382
97 224
97 291
97 229
97 201
97 173
97 270
97 301
97 396
97 246
97 374
97 377
97 251
97 381
98 161
98 225
98 131
98 352
98 325
98 231
98 236
98 174
98 208
98 156
98 188
98 373
98 311
98 315
98 382
99 392
99 141
99 142
99 148
99 282
99 292
99 297
99 298
99 179
99 181
99 310
99 194
99 204
99 334
99 209
99 212
99 219
99 348
99 370
100 256
100 389
100 146
100 290
100 302
100 208
100 211
100 225
100 357
100 365
100 238
100 244
100 117
101 385
101 194
101 164
101 328
101 331
101 395
101 304
101 145
101 177
101 212
101 305
101 373
101 215
101 123
101 279
102 159
102 384
102 259
102 132
102 390
102 169
102 210
102 180
102 119
102 344
102 279
102 286
103 128
103 295
103 200
103 332
103 141
103 239
103 269
103 377
103 250
103 187
103 311
103 158
104 161
104 354
104 262
104 232
104 234
104 139
104 112
104 147
104 349
104 375
105 385
105 283
105 161
105 167
105 172
105 312
105 314
105 189
105 328
105 205
105 333
105 210
105 214
105 233
105 235
105 239
105 241
105 242
105 119
105 252
106 392
106 394
106 398
106 399
106 272
106 158
106 160
106 293
106 167
106 301
106 182
106 211
106 215
106 345
106 375
106 227
106 365
106 117
106 119
106 249
106 381
107 290
107 376
107 296
107 233
107 237
107 270
107 303
107 367
107 211
107 247
107 374
107 380
107 346
107 190
107 222
108 320
108 231
108 295
108 302
108 143
108 366
108 367
108 306
108 213
108 310
108 342
108 346
108 381
108 191
109 287
109 358
109 206
109 176
109 368
109 115
109 308
109 371
109 158
109 255
110 386
110 388
110 398
110 271
110 177
110 308
110 194
110 329
110 208
110 340
110 357
110 231
110 370
110 372
110 382
110 127
111 398
111 399
111 272
111 274
111 172
111 176
111 180
111 318
111 196
111 199
111 203
111 217
111 224
111 237
111 238
111 368
111 250
111 254
112 320
112 293
112 294
112 139
112 364
112 365
112 143
112 208
112 307
112 181
112 150
112 214
112 344
112 125
113 312
113 294
113 295
113 205
113 178
113 250
113 319
114 387
114 296
114 392
114 234
114 172
114 187
114 396
114 272
114 179
114 180
114 211
114 155
114 279
115 289
115 354
115 357
115 296
115 171
115 206
115 180
115 309
115 342
115 375
115 221
115 313
115 285
115 349
115 159
116 256
116 130
116 162
116 196
116 169
116 299
116 314
116 240
116 209
116 369
116 276
116 340
116 185
116 189
117 263
117 265
117 139
117 151
117 281
117 156
117 160
117 174
117 309
117 183
117 195
117 333
117 344
117 233
117 367
118 192
118 352
118 263
118 169
118 139
118 171
118 234
118 219
118 396
118 145
118 146
118 309
118 249
118 123
119 256
119 137
119 395
119 396
119 145
119 148
119 284
119 292
119 315
119 191
119 196
119 339
119 218
119 221
119 223
119 235
119 244
119 249
119 251
120 128
120 322
120 135
120 313
120 141
120 205
120 206
120 145
120 146
120 306
120 309
120 310
120 121
121 386
121 133
121 262
121 390
121 395
121 303
121 212
121 342
121 374
121 249
121 347
121 152
121 191
122 295
122 329
122 170
122 202
122 238
122 272
122 371
122 150
122 278
122 217
122 347
122 349
123 257
123 133
123 165
123 319
123 201
123 329
123 348
123 238
123 241
123 244
123 380
124 288
124 161
124 137
124 362
124 140
124 237
124 300
124 306
124 148
124 182
124 246
124 316
124 383
125 194
125 325
125 262
125 231
125 355
125 376
125 391
125 271
125 214
125 184
125 317
125 287
126 384
126 321
126 355
126 266
126 330
126 366
126 306
126 179
126 314
126 157
126 254
127 256
127 321
127 131
127 197
127 385
127 168
127 170
127 139
127 205
127 347
127 371
127 214
127 152
128 224
128 321
128 312
128 230
128 377
128 268
128 206
128 242
128 305
128 150
128 343
128 374
128 159
129 225
129 382
129 228
129 197
129 134
129 201
129 362
129 363
129 176
129 273
129 373
129 185
129 156
129 158
129 286
130 257
130 131
130 390
130 135
130 392
130 395
130 143
130 239
130 375
130 382
131 271
131 160
131 294
131 167
131 176
131 182
131 310
131 327
131 331
131 207
131 214
131 343
131 348
131 360
131 377
131 236
131 244
131 375
131 249
131 252
131 253
132 385
132 138
132 266
132 268
132 394
132 144
132 280
132 289
132 290
132 292
132 298
132 171
132 334
132 341
132 220
132 221
132 381
133 192
133 258
133 386
133 196
133 197
133 228
133 249
133 170
133 298
133 299
133 304
133 145
133 305
133 368
133 370
134 318
134 191
134 227
134 320
134 136
134 251
134 240
134 210
134 271
134 272
134 305
134 310
134 159
135 160
135 257
135 288
135 291
135 262
135 263
135 202
135 314
135 146
135 348
135 153
135 190
136 258
136 143
136 279
136 157
136 169
136 175
136 307
136 321
136 210
136 341
136 227
136 358
136 366
136 252
136 383
137 224
137 162
137 351
137 168
137 330
137 203
137 362
137 237
137 366
137 251
137 176
137 348
137 285
137 158
137 286
138 384
138 389
138 146
138 150
138 279
138 151
138 281
138 161
138 168
138 178
138 179
138 310
138 313
138 317
138 226
138 244
138 253
139 192
139 226
139 323
139 197
139 263
139 297
139 327
139 204
139 371
139 215
140 321
140 354
140 385
140 292
140 198
140 324
140 327
140 398
140 339
140 221
140 318
140 255
141 318
141 321
141 227
141 261
141 292
141 200
141 294
141 324
141 361
141 237
141 334
141 144
141 177
141 240
141 345
141 190
142 225
142 223
142 196
142 257
142 293
142 296
142 201
142 358
142 395
142 271
142 184
142 313
142 282
142 317
143 390
143 241
143 275
143 371
143 374
143 346
143 190
143 286
144 164
144 323
144 250
144 346
144 175
144 399
144 241
144 306
144 342
144 279
144 380
144 186
144 189
144 222
145 320
145 198
145 294
145 297
145 335
145 399
145 241
145 184
145 373
145 155
145 375
146 324
146 325
146 392
146 244
146 309
146 281
146 250
146 219
146 190
147 385
147 382
147 388
147 296
147 330
147 267
147 271
147 367
147 307
147 183
147 154
147 252
147 158
148 287
148 358
148 263
148 268
148 375
148 174
148 210
148 252
148 373
148 214
148 186
148 158
148 286
149 392
149 271
149 280
149 157
149 159
149 305
149 182
149 190
149 319
149 198
149 216
149 222
149 352
149 367
149 372
149 383
150 198
150 203
150 297
150 279
150 216
150 343
150 375
151 321
151 376
151 232
151 169
151 267
151 332
151 270
151 378
151 371
151 280
151 250
151 220
151 255
152 385
152 386
152 389
152 263
152 399
152 168
152 299
152 305
152 197
152 206
152 338
152 211
152 227
152 355
152 362
152 377
153 289
153 226
153 361
153 299
153 399
153 177
153 341
153 374
153 215
153 312
153 313
153 250
154 318
154 167
154 266
154 173
154 301
154 251
154 364
154 347
154 181
154 248
154 286
154 351
155 256
155 393
155 399
155 273
155 274
155 286
155 190
155 326
155 206
155 211
155 212
155 341
155 222
156 384
156 272
156 286
156 159
156 292
156 176
156 323
156 331
156 218
156 221
156 230
156 359
156 232
156 363
156 238
157 259
157 260
157 261
157 390
157 397
157 275
157 290
157 299
157 300
157 173
157 178
157 186
157 193
157 331
157 214
157 365
157 238
157 242
157 376
158 391
158 299
158 301
158 184
158 315
158 326
158 346
158 356
158 377
159 272
159 278
159 283
159 169
159 298
159 179
159 311
159 200
159 333
159 352
159 360
159 364
160 386
160 229
160 261
160 358
160 377
160 175
160 212
160 276
160 252
161 357
161 261
161 198
161 263
161 169
161 293
161 330
161 335
161 272
161 241
161 218
161 383
162 266
162 284
162 177
162 182
162 187
162 320
162 204
162 206
162 209
162 216
162 221
162 247
162 376
162 379
163 320
163 281
163 176
163 310
163 248
163 186
163 318
163 191
164 350
164 355
164 383
164 171
164 236
164 270
164 273
164 336
164 312
164 249
164 254
165 289
165 226
165 236
165 205
165 335
165 179
165 245
165 277
165 307
165 185
165 190
166 357
166 262
166 359
166 173
166 301
166 303
166 304
166 368
166 242
166 213
166 186
166 188
166 253
166 184
167 224
167 256
167 289
167 344
167 376
167 358
167 327
167 267
167 365
167 176
167 315
167 274
167 179
168 224
168 227
168 228
168 390
168 231
168 200
168 270
168 210
168 275
168 244
168 343
168 282
168 187
169 257
169 387
169 268
169 272
169 281
169 292
169 326
169 210
169 345
169 221
169 376
169 254
170 261
170 390
170 394
170 289
170 306
170 180
170 318
170 324
170 331
170 204
170 208
170 215
170 216
170 364
171 257
171 260
171 273
171 275
171 299
171 174
171 317
171 205
171 207
171 346
171 352
171 225
171 358
171 363
171 370
172 288
172 385
172 389
172 236
172 268
172 206
172 332
172 338
172 370
172 374
172 397
172 219
172 285
172 287
173 261
173 267
173 300
173 176
173 315
173 322
173 195
173 197
173 198
173 219
173 224
173 370
173 243
174 376
174 302
174 303
174 336
174 178
174 274
174 307
174 377
174 188
174 221
174 255
175 321
175 230
175 327
175 239
175 271
175 212
175 317
175 351
176 263
176 396
176 302
176 316
176 317
176 209
176 344
176 352
176 252
177 257
177 386
177 262
177 284
177 182
177 314
177 333
177 213
177 373
177 248
177 253
178 359
178 265
178 266
178 300
178 308
178 376
178 349
179 384
179 260
179 388
179 264
179 265
179 270
179 276
179 284
179 290
179 291
179 303
179 326
179 201
179 213
180 384
180 291
180 293
180 200
180 336
180 209
180 212
180 246
180 184
180 282
180 252
180 349
180 382
181 257
181 262
181 390
181 392
181 275
181 294
181 297
181 184
181 190
181 319
181 192
181 326
181 331
181 334
182 256
182 259
182 265
182 271
182 272
182 285
182 322
182 326
182 201
182 345
182 222
182 363
182 383
183 352
183 257
183 330
183 237
183 270
183 333
183 336
183 210
183 211
183 280
183 218
183 252
184 321
184 294
184 397
184 243
184 312
184 380
185 256
185 353
185 195
185 260
185 384
185 234
185 236
185 339
185 246
185 251
186 270
186 275
186 188
186 197
186 209
186 350
186 223
186 351
186 230
186 232
186 369
186 374
187 387
187 268
187 396
187 283
187 299
187 191
187 328
187 207
187 218
187 375
187 248
187 251
188 192
188 320
188 358
188 296
188 391
188 394
188 397
188 280
188 382
189 260
189 281
189 285
189 296
189 302
189 309
189 212
189 213
189 222
189 225
189 361
189 236
189 378
189 253
190 386
190 273
190 300
190 316
190 206
190 216
190 220
190 349
190 221
190 350
190 355
191 293
191 295
191 392
191 269
191 283
191 284
191 282
191 252
192 295
192 200
192 389
192 203
192 237
192 336
192 369
192 242
192 371
192 312
192 313
192 222
192 319
193 352
193 263
193 234
193 302
193 378
193 243
193 276
193 340
193 278
193 311
193 250
193 253
193 286
194 256
194 259
194 262
194 266
194 399
194 293
194 315
194 197
194 203
194 334
194 214
194 346
194 357
194 240
194 248
195 227
195 263
195 296
195 332
195 398
195 372
195 214
195 247
195 374
195 346
196 276
196 281
196 286
196 298
196 205
196 208
196 212
196 340
196 356
196 240
196 369
196 376
197 261
197 272
197 280
197 303
197 326
197 350
197 243
197 374
197 252
198 288
198 295
198 331
198 398
198 371
198 377
198 349
199 386
199 260
199 294
199 231
199 325
199 210
199 242
199 307
199 214
199 219
199 343
200 268
200 397
200 272
200 274
200 306
200 341
200 218
200 350
200 222
200 242
200 372
200 249
200 252
200 383
201 261
201 288
201 290
201 308
201 326
201 330
201 218
201 350
201 235
201 238
201 239
201 247
201 382
201 383
202 256
202 319
202 296
202 242
203 256
203 392
203 315
203 323
203 324
203 216
203 343
203 230
203 362
203 365
203 238
203 371
203 380
203 252
203 253
204 256
204 388
204 391
204 394
204 242
204 379
204 283
204 223
205 229
205 262
205 293
205 233
205 301
205 327
205 305
205 372
205 222
206 258
206 387
206 264
206 396
206 272
206 285
206 290
206 326
206 375
206 238
206 365
206 242
206 374
206 247
206 380
207 256
207 266
207 267
207 288
207 293
207 308
207 331
207 333
207 225
207 226
207 359
207 235
207 237
207 250
207 252
208 256
208 227
208 383
208 369
208 242
208 342
208 285
208 222
208 255
209 394
209 281
209 283
209 292
209 324
209 333
209 337
209 213
209 343
209 217
209 239
209 368
210 353
210 261
210 239
210 269
210 294
211 256
211 290
211 389
211 298
211 238
211 299
211 332
211 336
211 220
212 384
212 385
212 262
212 392
212 276
212 283
212 307
212 310
212 315
212 343
212 346
212 220
212 354
212 360
212 371
213 272
213 379
213 315
213 284
214 385
214 262
214 397
214 398
214 277
214 293
214 317
214 328
214 218
214 350
214 358
214 241
214 370
215 288
215 298
215 373
215 379
215 350
216 385
216 398
217 256
217 396
217 399
217 280
217 296
217 303
217 309
217 322
217 222
217 237
217 243
217 374
217 382
218 257
218 388
218 397
218 284
218 291
218 318
218 326
218 327
218 345
218 365
218 243
218 372
219 257
219 388
219 261
219 290
219 291
219 326
219 334
219 342
219 226
219 231
219 249
220 391
220 265
220 266
220 290
220 338
220 342
220 369
221 257
221 259
221 392
221 268
221 399
221 279
221 320
221 327
221 330
221 335
221 344
221 249
222 390
222 270
222 305
222 317
222 345
222 225
222 231
222 246
222 375
222 382
223 228
223 291
223 355
223 263
223 387
223 239
223 311
223 379
223 253
223 255
224 287
224 360
224 362
224 366
224 399
224 242
224 276
224 310
224 250
224 380
224 255
225 354
225 398
225 342
225 374
225 251
226 353
226 266
226 397
226 271
226 272
226 335
226 379
226 286
227 386
227 389
227 281
227 297
227 317
227 322
227 332
227 361
227 365
227 383
228 255
228 355
228 229
228 294
228 325
228 362
228 271
228 306
228 378
229 270
229 334
229 339
229 315
229 284
230 385
230 262
230 268
230 272
230 314
230 323
230 342
230 236
230 371
230 247
230 251
231 385
231 263
231 317
231 240
231 381
231 379
231 340
231 279
231 280
232 256
232 353
232 290
232 354
232 334
232 303
232 304
232 243
232 275
232 381
232 248
233 352
233 388
233 264
233 392
233 243
233 307
234 397
234 303
234 305
234 332
234 334
234 235
234 364
234 241
234 369
234 372
234 376
234 250
235 288
235 385
235 331
235 362
235 312
235 347
236 260
236 282
236 289
236 308
236 312
236 332
236 333
236 339
236 249
236 380
237 266
237 269
237 397
237 294
237 305
237 338
237 355
237 362
237 253
238 323
238 356
238 332
238 349
238 271
238 307
238 344
239 257
239 291
239 262
239 281
239 297
239 319
239 393
239 341
239 315
240 354
240 297
240 361
240 300
240 396
240 315
240 275
240 375
240 381
241 385
241 391
241 302
241 311
241 324
241 353
241 366
241 368
241 243
241 373
241 246
241 248
241 380
242 263
242 393
242 267
242 294
242 298
242 342
242 349
242 352
242 244
242 245
242 374
242 249
243 288
243 386
243 376
243 397
243 245
243 381
243 351
244 260
244 383
244 273
244 278
244 374
244 375
245 359
245 363
245 338
245 371
245 376
245 378
246 323
246 313
246 345
246 279
246 398
246 310
247 259
247 260
247 294
247 305
247 397
247 344
247 284
247 351
248 263
248 327
248 364
248 270
248 378
248 337
248 371
248 350
249 263
249 286
249 293
249 334
249 380
249 382
250 284
250 305
250 316
250 341
250 366
250 255
251 266
251 268
251 280
251 307
251 311
251 313
251 326
251 338
251 343
251 353
251 357
252 268
252 271
252 302
252 313
252 327
252 338
252 363
252 367
252 368
252 372
253 359
253 307
253 372
254 291
254 319
254 303
254 367
254 342
254 286
255 256
255 323
255 301
255 335
255 276
255 376
255 283
256 264
256 292
256 319
256 323
256 367
256 377
257 386
257 267
257 270
257 275
257 285
257 289
257 300
257 376
258 289
258 354
258 264
258 268
258 370
258 341
258 374
259 293
259 393
259 331
259 378
259 339
259 314
259 319
260 267
260 395
260 290
260 314
260 339
260 342
260 375
260 371
261 297
261 301
261 334
261 337
261 340
261 354
261 379
262 274
262 305
262 318
262 326
262 328
262 337
263 395
263 278
263 281
263 296
263 297
263 320
263 321
263 338
263 349
263 378
264 293
264 294
264 296
264 299
264 279
264 281
264 346
264 316
264 381
264 382
265 352
265 386
265 267
265 366
265 275
265 316
265 348
265 382
266 384
266 359
266 397
266 376
266 345
267 289
267 353
267 335
267 399
267 376
267 351
268 386
268 285
268 330
268 347
268 354
268 366
268 378
269 325
269 396
269 339
269 283
269 382
270 292
270 298
270 310
270 316
270 327
270 340
270 362
270 375
271 394
271 398
271 274
271 278
271 283
271 305
271 358
271 366
271 375
272 307
272 323
272 341
272 346
272 354
272 364
273 294
273 361
273 330
273 333
273 398
273 307
273 278
273 282
274 353
274 329
274 331
274 398
274 307
274 278
275 396
275 281
275 304
275 322
275 342
275 365
276 390
276 399
276 279
276 299
276 375
276 376
276 381
277 385
277 390
277 393
277 298
277 310
277 344
277 318
277 351
278 291
278 293
278 351
278 366
278 304
278 305
279 283
279 317
279 331
279 339
279 363
279 382
280 329
280 377
280 315
280 308
280 373
281 302
281 322
281 329
281 334
281 367
282 384
282 323
282 389
282 309
282 372
282 348
283 322
283 293
283 394
283 367
283 310
284 329
284 334
285 391
285 396
285 292
285 297
285 361
285 379
285 382
286 395
286 290
286 311
286 327
286 336
286 339
286 350
286 371
288 389
288 313
288 326
288 328
288 345
288 398
288 392
289 302
289 306
289 312
289 320
289 328
289 360
289 382
290 397
290 336
290 337
290 339
290 382
291 384
291 358
291 361
291 315
292 387
292 297
292 309
292 356
292 362
292 365
292 378
293 300
293 331
293 343
293 353
293 373
293 374
293 376
294 344
294 349
294 353
294 358
294 368
294 378
294 379
295 366
295 342
295 317
296 384
296 356
296 376
297 329
297 378
297 349
298 386
298 394
298 304
298 308
298 316
298 329
298 333
298 334
298 350
298 378
298 379
299 382
299 333
299 305
299 381
299 341
300 387
300 357
300 389
300 395
300 301
300 333
300 334
300 369
301 321
301 316
302 395
302 320
302 322
302 324
302 331
302 341
303 322
303 393
304 312
304 324
304 326
304 327
304 399
304 337
304 339
304 341
305 316
305 319
305 345
305 366
306 326
306 380
306 374
306 311
307 309
307 310
307 361
307 377
308 389
308 358
308 377
308 336
308 372
308 310
309 356
309 392
309 333
309 348
310 341
310 316
311 318
311 319
311 388
311 389
312 357
312 388
312 373
313 384
313 325
313 396
313 367
313 347
314 320
314 390
314 343
314 319
315 321
315 325
315 330
315 360
315 379
316 392
316 330
316 347
316 356
317 366
317 372
317 342
318 323
318 334
318 340
318 344
319 386
319 393
319 343
319 351
319 363
319 378
320 397
320 334
320 338
320 367
320 375
321 390
321 370
321 342
322 385
322 323
322 324
322 388
322 369
322 372
322 350
322 351
324 354
324 334
324 351
325 335
325 367
326 384
326 393
326 330
326 362
327 391
327 393
327 397
327 343
327 349
327 353
327 356
328 363
328 336
328 346
329 389
329 331
329 343
329 382
330 388
330 361
330 394
331 343
331 369
331 380
332 361
333 353
333 386
333 338
333 378
334 389
334 340
334 379
335 358
335 363
336 350
336 354
336 359
336 377
336 349
337 355
337 364
337 367
338 398
338 340
339 386
339 372
340 390
340 368
340 371
340 374
341 370
342 385
342 353
342 369
343 386
343 394
343 344
343 364
343 373
344 382
344 361
344 362
345 367
345 381
345 373
346 373
346 380
347 391
347 379
349 375
350 386
350 394
350 359
350 374
350 377
351 389
351 374
352 363
352 393
352 378
352 370
353 398
353 371
354 361
354 392
355 359
355 363
356 394
356 399
356 372
357 359
357 377
358 387
358 365
359 368
359 369
359 374
361 376
362 366
363 364
363 381
365 389
366 388
367 373
368 389
369 384
369 380
369 377
370 371
371 372
371 380
371 381
371 382
375 389
376 384
376 393
379 389
379 396
380 389
382 384
383 395
385 386
385 390
385 391
390 392
398 399
