400 1000
0 162
0 122
0 237
0 263
1 307
1 171
1 212
1 182
1 183
2 34
2 194
2 262
2 136
2 105
2 215
3 242
3 284
3 308
4 312
5 154
5 84
6 265
6 247
6 345
6 154
6 252
6 351
7 32
7 258
7 74
7 203
7 80
7 272
7 351
8 50
8 126
9 131
9 53
10 289
10 395
10 206
10 27
10 28
10 382
11 353
11 298
11 387
11 212
11 151
12 64
12 168
12 393
12 332
12 148
12 222
13 184
13 226
13 138
13 35
13 345
14 331
14 236
15 345
15 73
15 103
16 289
16 131
16 397
16 17
16 308
16 92
17 369
17 148
17 279
18 130
18 323
18 354
18 299
18 270
18 48
18 209
18 80
18 341
18 378
19 253
19 332
19 205
20 134
20 262
20 117
20 374
20 120
20 60
21 136
21 33
21 220
21 113
22 320
22 263
22 232
22 327
22 174
22 122
22 91
22 287
23 40
23 345
23 346
24 346
24 315
24 188
24 293
24 214
25 28
25 141
25 294
26 160
26 293
26 366
26 239
27 352
27 99
27 392
27 111
27 346
28 163
28 113
28 49
28 51
28 119
28 184
28 59
29 202
29 341
29 173
29 366
29 399
30 238
30 143
30 79
30 373
30 279
30 312
31 129
31 68
31 261
31 357
31 79
31 337
31 252
32 280
32 156
32 303
32 302
33 67
33 103
33 296
33 328
33 236
33 172
33 245
34 137
34 103
34 221
34 55
35 36
35 264
35 331
35 145
35 115
35 153
36 312
36 344
36 101
36 386
36 46
36 49
36 117
36 120
36 60
37 67
37 84
37 395
37 55
38 249
38 397
38 286
39 136
39 237
39 385
39 165
40 312
40 263
40 244
40 237
41 224
41 100
41 328
41 270
41 207
41 370
41 217
42 312
42 273
42 274
42 293
42 182
43 197
43 265
43 363
43 210
43 95
43 223
44 131
44 201
44 243
44 181
44 252
44 125
44 318
45 66
45 362
45 138
46 185
46 396
47 130
47 243
47 103
48 104
48 203
48 108
49 354
49 263
49 103
49 187
49 365
49 398
49 341
49 155
50 123
50 381
50 67
50 253
51 128
51 342
51 122
51 230
52 324
52 398
52 79
52 244
52 53
52 377
52 156
52 350
53 288
53 356
53 133
53 166
53 168
53 251
54 104
54 217
54 192
54 136
54 165
55 131
55 329
55 153
55 285
57 272
57 332
57 182
57 103
58 112
58 369
58 266
58 108
59 225
59 359
59 343
59 219
59 157
60 252
61 88
61 122
61 131
61 166
61 354
62 353
62 227
62 196
62 229
62 345
62 319
63 382
63 252
63 117
63 190
64 70
64 271
65 288
65 258
65 267
65 115
65 152
65 121
65 383
66 325
66 69
66 75
66 272
66 318
67 128
67 291
67 374
68 293
68 72
68 168
68 74
68 113
68 246
68 315
68 382
69 352
69 134
69 122
69 227
70 387
70 133
70 166
70 302
70 156
70 344
70 217
70 220
71 363
71 249
71 315
71 247
72 369
72 118
72 278
72 250
72 383
73 392
73 185
73 396
74 238
74 179
74 212
74 342
74 90
74 252
75 196
75 77
75 263
76 161
76 98
76 360
76 398
76 335
76 177
76 273
76 211
76 182
77 260
77 326
77 300
77 78
77 377
78 195
78 222
79 347
79 85
80 129
80 386
80 165
80 212
80 277
80 214
80 87
80 91
80 286
81 317
81 174
82 350
82 323
82 155
82 260
82 326
83 232
83 251
83 173
84 130
84 100
84 198
84 294
84 202
84 362
84 243
85 379
85 90
85 267
85 333
86 248
87 138
87 332
87 386
88 295
89 151
89 382
89 119
90 285
90 283
90 340
91 103
91 331
91 371
91 279
91 154
91 124
92 273
92 280
92 286
93 276
93 295
94 104
95 299
95 277
95 262
96 104
96 256
96 325
96 222
97 221
97 109
98 229
98 360
98 368
98 146
98 243
98 371
99 360
99 251
100 146
100 201
100 375
101 134
101 236
101 366
101 176
101 345
102 392
102 138
102 220
102 119
103 197
103 294
103 358
103 202
103 149
103 182
103 317
104 349
104 383
105 203
105 290
105 142
106 288
106 305
106 210
106 274
106 298
107 300
107 174
107 270
108 266
108 244
108 313
108 315
109 235
109 179
109 375
109 216
109 378
110 153
110 173
110 281
110 191
111 194
111 178
111 333
111 301
112 212
112 354
112 175
113 384
113 290
113 238
113 380
114 339
114 269
114 390
115 135
115 296
115 396
115 210
115 122
116 390
116 337
116 363
116 197
116 158
117 136
117 300
117 367
117 120
118 324
118 197
119 259
119 297
119 144
119 340
119 183
119 346
120 178
120 245
120 276
120 379
120 156
121 227
121 374
121 399
122 289
122 227
122 265
122 202
122 304
122 253
123 160
123 203
123 295
124 357
124 150
125 204
126 372
126 150
126 375
127 216
127 336
127 333
127 310
128 167
128 329
128 152
128 283
128 190
129 290
129 301
129 242
129 346
129 315
129 223
130 197
131 132
131 268
131 269
131 318
132 292
132 253
132 223
133 353
133 228
133 172
134 212
135 171
135 230
135 246
136 321
136 169
136 395
137 186
137 272
137 200
138 166
138 328
138 391
138 142
138 277
138 315
139 240
139 273
139 360
139 380
140 267
141 337
141 265
142 389
142 310
143 388
143 147
143 260
144 388
144 150
145 205
146 289
146 393
146 239
146 208
146 336
146 220
147 161
147 359
148 257
148 366
148 270
148 369
148 180
149 218
149 299
149 290
149 346
151 316
151 399
152 162
152 251
152 326
153 347
153 212
154 390
154 201
154 241
154 307
154 218
155 359
155 233
155 333
155 221
156 289
156 195
156 393
156 298
156 365
156 378
156 190
157 259
157 209
157 289
157 271
158 243
159 282
159 198
159 279
160 267
160 294
161 297
161 203
161 245
161 250
162 232
162 371
162 376
162 190
163 323
163 199
163 399
163 214
163 281
165 353
165 194
165 266
165 205
166 257
166 290
166 249
166 220
166 190
167 336
167 307
167 391
168 388
169 243
169 357
170 290
170 206
171 187
171 284
171 174
172 242
172 322
173 234
173 180
174 233
175 396
175 346
175 276
176 281
177 330
178 345
178 287
179 380
179 308
179 383
180 316
180 327
181 364
181 372
181 269
182 386
182 202
182 234
182 287
183 227
183 263
183 330
183 203
183 274
184 258
184 299
184 396
184 272
185 353
185 326
185 298
185 297
185 329
185 316
185 318
186 319
187 276
188 193
188 384
189 241
189 219
191 240
192 293
193 352
193 345
194 256
194 278
195 227
195 367
195 272
195 253
196 328
196 375
196 287
197 389
198 337
198 234
198 353
199 289
199 339
200 241
201 329
201 375
202 295
202 238
203 302
203 317
204 240
204 355
204 325
204 214
205 277
206 387
206 262
207 217
208 240
208 361
208 359
208 247
209 317
209 235
210 299
210 275
210 341
210 378
210 318
211 246
212 289
212 295
212 297
212 302
212 248
212 287
213 384
213 359
214 330
214 342
214 221
215 233
215 298
215 346
215 383
217 352
217 325
217 350
219 392
220 336
220 371
220 285
220 350
221 320
222 349
223 266
225 328
225 325
226 315
227 339
228 256
228 378
228 333
229 296
230 323
230 330
230 299
230 273
230 372
230 250
231 352
231 398
232 269
233 325
233 368
233 306
233 340
234 355
234 261
234 268
234 337
235 285
235 299
236 252
237 304
237 255
238 267
238 365
238 312
238 347
239 323
239 331
239 364
239 302
239 378
240 355
240 397
240 336
240 368
241 391
242 340
243 310
244 387
246 262
247 323
247 387
247 396
247 345
248 281
248 348
248 308
249 320
249 368
250 378
251 291
251 263
251 332
252 391
252 392
252 297
253 263
253 304
253 312
255 394
256 334
256 318
257 344
258 385
258 316
259 369
260 298
260 336
260 349
261 381
261 310
262 365
262 368
263 316
265 271
265 309
265 348
265 285
266 334
266 307
266 350
267 321
268 313
269 346
269 350
270 335
271 314
272 313
273 386
273 389
273 338
273 309
274 318
275 345
275 329
275 279
276 362
277 398
277 350
278 390
278 365
278 399
278 379
279 333
281 293
281 395
281 350
282 291
283 320
283 341
284 381
284 367
285 346
285 367
285 370
286 313
286 363
287 308
288 338
288 289
289 359
291 372
291 300
292 328
292 351
293 323
293 370
293 371
293 315
294 382
294 328
294 369
294 342
294 311
294 343
295 376
297 301
298 307
299 399
299 337
301 336
303 341
303 351
304 328
304 374
306 329
306 323
310 372
310 342
311 352
315 393
315 370
321 371
324 362
324 348
326 329
328 390
328 346
328 349
328 350
329 387
329 368
330 346
331 395
331 398
332 395
337 378
340 369
343 398
345 392
345 374
346 378
347 369
355 378
356 358
357 389
357 390
358 370
363 367
364 370
370 384
372 375
373 380
377 385
387 393
