400 1200
0 144
0 201
0 26
0 60
1 261
1 262
1 303
1 209
1 370
1 51
1 25
1 319
2 395
2 5
2 30
2 230
3 66
3 258
3 253
3 103
4 320
4 185
4 59
4 149
4 287
5 231
5 10
5 172
5 12
5 178
5 153
5 187
6 138
6 283
6 157
6 182
7 355
7 167
7 185
7 91
7 318
7 351
8 133
8 165
8 197
8 142
8 175
8 53
8 248
8 188
9 32
9 66
9 100
9 388
9 306
9 282
9 347
10 99
10 262
10 366
10 239
10 147
10 308
10 340
10 156
11 329
11 113
11 107
11 222
12 333
12 77
12 115
12 125
12 286
13 35
13 198
13 234
13 44
13 149
13 55
14 224
14 241
14 246
15 211
15 44
16 64
16 385
16 99
16 35
16 104
16 75
16 305
16 216
16 349
17 288
17 178
17 340
18 115
18 131
19 196
19 39
19 109
19 334
19 348
19 285
20 168
20 200
20 366
20 273
20 246
20 216
20 379
20 156
21 34
22 345
22 291
22 150
22 335
23 192
23 393
23 77
23 335
23 80
23 214
23 220
24 124
24 333
24 308
25 40
25 360
25 392
25 139
25 267
25 238
25 218
25 92
25 254
26 58
26 173
26 237
26 114
26 244
26 308
26 218
27 358
27 106
27 236
27 214
27 62
27 126
27 316
27 222
28 202
28 395
28 142
28 239
28 209
28 186
28 220
29 212
29 77
29 308
30 209
30 69
30 239
31 129
31 295
31 72
31 108
31 178
31 370
31 120
31 346
32 186
32 259
32 41
33 97
33 393
33 389
33 126
34 273
34 42
34 316
34 191
35 288
35 299
35 83
35 340
36 314
36 315
36 309
36 350
37 320
37 337
37 223
38 357
38 148
38 45
39 44
39 157
40 321
40 370
40 279
41 396
41 156
41 276
41 87
42 342
43 192
43 298
43 108
43 47
43 337
43 340
44 173
44 110
44 176
44 221
45 193
45 174
45 398
45 112
45 54
45 349
46 272
46 329
46 355
46 356
47 232
47 176
47 53
47 215
47 183
47 90
48 316
48 302
49 216
49 295
50 224
50 105
50 211
50 245
50 380
50 157
51 129
51 102
51 84
51 186
51 283
51 319
52 145
52 122
52 157
52 257
52 270
53 175
53 131
53 316
54 104
54 398
54 334
54 120
54 220
55 260
55 100
55 298
55 394
55 316
56 152
56 385
57 193
57 196
57 295
57 201
57 109
57 254
57 191
59 323
59 324
59 332
59 77
59 84
59 282
60 171
60 204
60 308
61 236
61 205
61 337
61 309
61 181
61 348
62 396
62 303
62 399
62 114
62 121
62 346
62 348
62 221
63 304
63 353
63 327
63 230
63 286
64 313
64 386
64 152
64 184
65 264
65 361
65 178
65 214
65 315
65 124
65 191
66 129
66 69
66 230
66 139
66 333
66 306
66 313
67 168
67 272
67 82
67 281
68 99
68 133
68 390
68 358
68 264
68 155
69 272
69 210
69 334
70 112
70 154
70 363
70 276
70 176
71 260
71 328
71 75
71 307
71 276
71 84
71 375
71 121
71 94
72 353
72 326
72 366
72 376
72 377
72 348
73 225
73 326
73 392
73 76
73 239
73 318
73 286
74 123
74 364
74 303
74 176
74 184
74 283
74 94
75 252
75 350
76 320
76 103
76 207
76 175
76 215
77 160
77 260
77 357
77 103
77 168
77 296
77 240
77 210
77 83
77 117
77 215
78 161
78 257
78 195
78 290
78 230
78 147
78 244
78 373
78 158
79 363
79 251
79 84
79 376
80 369
80 179
80 397
80 195
81 355
81 138
81 332
81 239
81 273
81 120
81 122
81 127
82 322
82 140
82 340
82 348
82 188
82 317
82 222
82 159
83 309
84 352
84 145
84 209
84 344
84 351
85 97
85 100
85 208
85 213
85 118
85 222
86 114
86 149
86 318
87 266
87 138
87 370
87 379
87 278
87 155
87 285
87 383
88 266
88 307
88 179
88 212
88 211
88 308
88 255
89 129
89 360
89 299
89 303
89 175
89 153
89 255
90 175
90 382
90 269
90 327
91 355
91 164
91 235
91 207
91 145
91 241
91 273
91 310
91 311
91 120
92 259
92 133
92 396
92 112
92 349
92 158
93 129
93 387
93 202
93 269
93 280
93 281
93 155
94 160
94 224
94 199
94 234
94 140
94 337
94 153
94 186
95 113
95 172
95 349
95 262
95 289
96 323
96 294
96 205
96 399
96 374
96 218
97 294
97 198
97 391
97 302
97 125
98 161
98 99
98 296
98 398
98 279
98 216
98 127
98 287
99 291
99 262
99 316
100 354
100 168
100 124
101 219
101 253
102 161
102 121
102 268
102 223
103 192
103 355
103 180
103 150
103 351
104 369
104 284
104 200
105 379
106 371
106 307
106 214
106 262
107 221
107 320
107 338
107 163
108 264
108 137
108 139
109 131
109 261
109 200
109 209
109 117
109 118
109 127
110 355
110 315
110 243
111 232
111 392
111 362
111 212
111 247
111 216
111 314
111 155
112 183
112 184
112 154
112 221
113 272
113 210
113 333
114 350
114 132
114 135
114 331
114 395
114 214
114 159
115 193
115 292
115 294
115 234
115 219
116 261
116 134
116 237
116 335
116 221
116 318
117 298
117 171
117 362
117 304
117 146
117 283
117 317
117 191
118 258
118 329
118 332
118 183
119 171
119 220
119 246
120 163
120 295
120 399
120 276
121 264
122 197
123 275
123 234
123 236
123 335
124 299
124 213
125 325
125 171
125 147
125 216
125 250
125 255
126 384
126 323
126 237
126 270
126 255
127 266
127 372
127 254
128 371
129 295
130 133
131 387
131 316
132 343
133 384
133 293
133 329
133 315
134 323
134 163
134 165
134 369
134 312
134 188
135 264
135 348
135 278
135 391
136 320
136 194
136 292
136 233
136 138
136 279
136 250
136 375
136 255
137 200
137 296
137 299
137 206
137 342
137 318
138 268
138 276
138 250
138 220
138 157
139 165
139 297
139 238
139 381
139 151
139 189
140 224
140 194
140 325
140 176
140 180
140 151
141 242
141 340
141 325
141 253
141 279
142 187
142 227
142 223
143 290
143 323
143 164
143 395
143 367
143 177
143 305
143 313
143 221
144 177
144 254
144 345
145 194
147 290
147 229
147 389
147 399
147 369
147 341
147 280
147 349
147 255
148 182
148 229
148 223
149 321
149 165
149 293
149 356
149 159
150 365
150 313
150 347
150 221
151 225
151 170
151 330
151 394
152 288
152 228
153 288
153 226
154 226
154 387
154 300
154 176
154 370
154 280
155 356
155 359
155 233
155 364
155 240
155 278
156 368
156 373
156 349
157 288
157 272
157 219
159 219
160 166
160 327
160 209
160 178
160 245
160 247
160 218
161 208
161 312
162 391
162 265
162 203
162 395
162 310
162 315
163 260
163 233
163 249
163 282
163 221
164 388
164 219
164 337
164 276
164 313
164 189
165 327
165 281
166 285
167 200
167 320
167 187
168 202
168 238
169 284
170 353
170 202
170 300
170 206
170 211
170 249
170 346
170 375
170 255
172 373
172 330
172 235
173 248
173 345
173 215
174 357
175 385
175 201
175 271
175 342
175 312
175 317
176 192
176 257
176 298
176 302
176 374
176 313
176 286
177 377
177 386
177 367
178 194
178 225
178 267
178 269
178 212
178 190
179 217
179 237
179 208
180 191
180 365
181 274
181 243
182 232
182 362
182 213
182 287
183 391
183 282
184 224
185 352
185 297
185 298
185 366
185 367
185 282
185 190
186 324
186 390
187 217
188 249
188 368
189 242
189 332
189 271
190 320
191 205
191 238
191 272
191 337
192 267
192 377
193 229
193 295
193 359
193 204
193 336
193 246
194 213
194 252
194 222
195 203
195 292
195 392
196 259
196 201
196 359
197 395
197 366
197 334
197 350
198 200
198 358
198 255
199 201
199 390
199 260
199 316
200 224
200 321
200 228
200 270
200 285
201 357
201 262
201 233
201 203
201 338
201 286
202 327
202 369
203 264
203 301
203 276
203 319
204 222
204 326
205 219
205 263
206 339
206 279
206 231
207 377
208 389
208 363
208 305
208 351
209 327
210 256
210 340
211 338
212 321
212 376
213 392
213 373
213 380
213 313
214 342
215 267
215 348
216 289
216 393
216 235
216 334
216 279
216 349
216 350
218 281
218 237
218 369
218 277
219 355
220 274
221 258
221 333
221 342
221 253
221 255
222 334
222 249
223 239
223 336
223 284
224 344
224 392
224 234
224 394
224 272
224 337
224 315
225 322
225 301
225 246
226 316
226 330
226 319
227 248
227 289
227 388
227 326
229 390
229 243
229 346
230 302
230 272
231 389
231 360
231 392
231 349
232 391
233 321
233 354
233 245
233 246
233 377
233 319
234 262
234 393
235 389
236 295
237 288
237 252
238 325
238 334
238 248
239 330
239 397
239 368
239 246
239 376
239 345
240 248
240 379
240 342
241 376
241 250
242 362
243 264
243 328
243 268
244 352
244 359
244 366
244 248
244 252
246 289
246 333
246 371
246 279
247 331
247 310
248 296
248 360
249 371
250 278
250 280
251 370
251 342
252 328
253 263
253 313
254 269
254 335
254 306
254 350
255 261
256 320
256 360
256 322
257 380
258 388
258 303
258 274
259 328
259 361
259 343
260 262
260 367
260 346
261 356
261 332
261 376
262 357
263 386
263 284
263 398
264 329
264 267
264 367
264 399
264 279
264 378
264 284
266 366
266 341
266 315
268 295
268 394
268 347
269 320
269 290
269 348
270 347
270 284
270 351
271 337
271 279
272 328
273 293
274 301
274 283
276 309
276 284
277 304
277 389
277 374
278 354
279 298
279 340
279 373
279 374
282 302
282 334
283 390
283 376
284 298
284 374
285 376
286 359
286 300
286 332
286 337
287 331
287 335
287 311
287 377
287 381
288 395
288 339
289 355
289 387
290 360
290 346
291 388
291 358
291 369
291 339
291 313
292 321
292 322
292 300
292 303
293 385
293 396
293 397
294 398
294 374
294 347
296 364
297 337
297 378
297 371
298 387
300 353
301 326
302 384
302 375
304 329
304 395
305 385
305 354
305 315
307 312
307 354
308 309
309 337
309 369
311 391
311 347
312 336
313 341
314 388
314 391
314 330
314 336
316 391
316 343
317 382
318 391
319 385
320 341
321 331
326 339
327 398
327 339
328 365
329 336
330 395
331 391
334 360
334 362
335 357
339 352
339 380
341 357
341 396
342 366
342 380
344 398
345 375
347 373
352 368
355 363
355 364
364 388
367 371
367 376
367 378
368 387
369 387
370 386
372 393
374 389
376 395
380 387
380 391
383 394
384 392
389 399
