400 4000
0 1
0 153
0 195
0 36
0 37
0 356
0 71
0 74
0 300
0 141
0 301
0 241
0 19
0 117
0 54
0 157
0 121
0 316
0 93
0 253
1 289
1 68
1 101
1 324
1 357
1 74
1 362
1 363
1 110
1 304
1 84
1 116
1 213
1 308
1 249
1 187
2 248
2 350
2 35
2 227
2 105
2 394
2 333
2 15
2 80
2 368
2 275
2 119
2 348
2 87
2 55
2 182
2 25
2 252
2 184
3 257
3 68
3 388
3 134
3 38
3 329
3 394
3 363
3 396
3 79
3 369
3 339
3 86
3 150
3 186
3 125
4 130
4 102
4 359
4 169
4 233
4 139
4 267
4 299
4 272
4 337
4 82
4 115
4 243
4 117
4 213
4 308
4 184
4 338
4 219
4 220
4 30
5 321
5 355
5 38
5 40
5 296
5 202
5 75
5 12
5 141
5 173
5 269
5 271
5 330
5 242
5 274
5 378
5 25
5 154
5 123
5 158
5 191
6 194
6 36
6 69
6 101
6 296
6 42
6 138
6 279
6 398
6 175
6 272
6 17
6 51
6 243
6 85
6 247
6 57
6 252
7 261
7 139
7 269
7 398
7 276
7 159
7 289
7 301
7 304
7 49
7 309
7 195
7 68
7 323
7 324
7 328
7 222
7 360
7 235
7 111
7 379
7 124
7 381
8 96
8 194
8 164
8 265
8 106
8 171
8 234
8 13
8 301
8 15
8 314
8 335
8 212
8 309
8 23
8 153
8 215
8 125
8 127
9 34
9 249
9 377
9 107
9 236
9 46
9 79
9 15
9 369
9 370
9 185
9 90
9 155
9 28
9 158
9 63
10 352
10 130
10 195
10 259
10 69
10 37
10 134
10 104
10 197
10 199
10 266
10 298
10 48
10 148
10 276
10 86
10 344
10 185
10 122
10 126
10 319
11 225
11 195
11 326
11 204
11 141
11 269
11 279
11 17
11 114
11 49
11 244
11 85
11 182
11 245
11 284
11 339
11 372
11 251
11 60
11 159
12 191
12 385
12 67
12 163
12 102
12 323
12 107
12 77
12 206
12 47
12 270
12 17
12 336
12 340
12 341
12 346
12 222
12 31
13 128
13 350
13 322
13 69
13 326
13 233
13 330
13 76
13 174
13 144
13 337
13 18
13 374
13 88
13 381
13 158
14 129
14 19
14 277
14 152
14 25
14 37
14 177
14 178
14 66
14 67
14 198
14 329
14 203
14 91
14 220
14 222
14 94
14 229
14 359
14 240
14 116
14 373
14 374
15 132
15 266
15 142
15 146
15 41
15 42
15 175
15 54
15 192
15 68
15 329
15 330
15 209
15 354
15 243
15 121
15 122
15 254
15 127
16 260
16 270
16 145
16 18
16 277
16 157
16 168
16 300
16 304
16 50
16 180
16 184
16 57
16 62
16 196
16 201
16 203
16 206
16 80
16 89
16 232
16 234
16 369
17 128
17 350
17 385
17 136
17 76
17 110
17 111
17 176
17 152
17 380
17 378
17 348
17 62
18 185
18 313
18 104
18 363
18 396
18 205
18 397
18 176
18 304
18 119
18 277
18 309
18 23
18 88
18 153
18 26
18 283
18 252
18 191
19 386
19 37
19 198
19 229
19 168
19 169
19 202
19 294
19 172
19 236
19 390
19 336
19 305
19 274
19 275
19 24
19 56
19 253
20 288
20 352
20 36
20 390
20 73
20 41
20 363
20 174
20 82
20 51
20 55
20 153
20 154
20 379
20 343
21 132
21 389
21 263
21 266
21 140
21 270
21 143
21 274
21 148
21 161
21 294
21 40
21 175
21 315
21 190
21 320
21 326
21 203
21 78
21 91
21 224
21 232
21 234
21 238
21 114
22 64
22 89
22 153
22 37
22 331
22 395
22 333
22 177
22 51
22 371
22 55
22 344
22 57
22 283
22 124
22 311
22 191
23 159
23 69
23 198
23 231
23 40
23 265
23 330
23 364
23 45
23 369
23 181
23 247
23 344
23 123
23 220
23 381
23 222
23 63
24 34
24 131
24 130
24 359
24 377
24 171
24 332
24 52
24 84
24 275
24 343
24 253
24 186
24 155
24 349
24 189
24 190
25 387
25 132
25 260
25 135
25 264
25 269
25 284
25 29
25 166
25 41
25 311
25 313
25 315
25 190
25 326
25 75
25 232
25 112
25 121
26 224
26 100
26 36
26 388
26 263
26 264
26 266
26 235
26 331
26 367
26 146
26 119
26 252
26 246
26 151
26 312
26 217
26 188
26 383
27 389
27 272
27 284
27 168
27 170
27 45
27 175
27 50
27 60
27 320
27 323
27 72
27 329
27 75
27 333
27 216
27 346
27 221
27 93
27 355
27 361
27 366
27 115
27 371
27 245
27 246
27 120
27 377
28 291
28 164
28 133
28 293
28 387
28 392
28 202
28 204
28 236
28 365
28 48
28 121
28 122
28 348
28 29
28 286
29 192
29 320
29 98
29 260
29 133
29 102
29 201
29 266
29 297
29 268
29 394
29 60
29 302
29 115
29 308
29 30
29 319
30 395
30 268
30 150
30 278
30 281
30 157
30 286
30 166
30 294
30 41
30 169
30 44
30 303
30 50
30 178
30 184
30 316
30 191
30 66
30 200
30 341
30 346
30 237
30 242
30 120
30 378
31 195
31 196
31 217
31 231
31 40
31 47
31 335
31 49
31 50
31 177
31 315
31 341
31 342
31 343
31 372
31 121
31 314
31 123
32 387
32 132
32 389
32 265
32 138
32 140
32 34
32 39
32 43
32 47
32 55
32 186
32 187
32 64
32 77
32 78
32 334
32 215
32 90
32 220
32 95
32 96
32 377
33 160
33 384
33 198
33 71
33 136
33 296
33 332
33 334
33 239
33 176
33 341
33 254
33 345
33 349
33 317
33 190
34 344
34 229
34 166
34 295
34 359
34 392
34 394
34 109
34 47
34 48
34 144
34 305
34 212
34 308
34 55
34 89
34 220
34 222
35 64
35 161
35 160
35 256
35 261
35 198
35 326
35 264
35 394
35 139
35 268
35 141
35 335
35 179
35 248
35 285
35 255
36 288
36 384
36 357
36 136
36 41
36 297
36 269
36 50
36 371
36 340
36 374
36 247
36 217
36 349
37 256
37 392
37 266
37 146
37 277
37 284
37 162
37 47
37 175
37 187
37 59
37 60
37 190
37 70
37 327
37 74
37 333
37 215
37 347
37 224
37 112
37 242
37 376
38 131
38 139
38 267
38 145
38 148
38 279
38 171
38 175
38 49
38 51
38 308
38 314
38 319
38 191
38 215
38 353
38 357
38 358
38 231
38 118
39 399
39 275
39 279
39 153
39 169
39 172
39 49
39 180
39 72
39 73
39 201
39 329
39 205
39 216
39 89
39 346
39 222
39 223
39 226
39 354
39 101
39 115
39 371
40 324
40 166
40 326
40 200
40 41
40 43
40 363
40 141
40 111
40 271
40 81
40 116
40 180
40 278
40 349
40 311
41 130
41 164
41 188
41 316
41 327
41 73
41 88
41 92
41 224
41 361
41 241
41 244
41 245
41 249
41 381
41 126
42 128
42 257
42 266
42 272
42 147
42 154
42 283
42 167
42 175
42 178
42 308
42 64
42 321
42 201
42 329
42 204
42 214
42 96
42 363
42 241
42 252
43 288
43 356
43 391
43 364
43 47
43 209
43 82
43 210
43 337
43 85
43 150
43 250
43 123
44 288
44 225
44 292
44 356
44 102
44 328
44 171
44 302
44 175
44 48
44 49
44 398
44 343
44 349
45 129
45 130
45 386
45 173
45 142
45 272
45 82
45 149
45 213
45 311
45 286
45 95
46 147
46 277
46 157
46 162
46 165
46 297
46 178
46 307
46 181
46 182
46 186
46 201
46 202
46 78
46 80
46 336
46 82
46 337
46 89
46 232
46 362
46 369
46 121
46 252
46 255
47 265
47 394
47 292
47 299
47 186
47 316
47 193
47 336
47 209
47 84
47 342
47 220
47 92
47 95
47 353
47 226
47 113
47 117
48 131
48 147
48 163
48 52
48 310
48 183
48 57
48 317
48 193
48 69
48 198
48 73
48 202
48 87
48 215
48 91
48 100
48 366
48 119
48 379
49 265
49 270
49 271
49 276
49 154
49 285
49 290
49 291
49 295
49 60
49 64
49 69
49 326
49 200
49 208
49 349
49 225
49 98
49 112
49 380
49 252
49 381
49 383
50 133
50 265
50 139
50 268
50 269
50 274
50 148
50 154
50 286
50 165
50 184
50 312
50 59
50 93
50 222
50 95
50 352
50 98
50 226
50 101
50 246
50 249
50 254
51 146
51 148
51 171
51 58
51 187
51 316
51 327
51 333
51 336
51 216
51 356
51 233
51 106
51 370
51 117
51 376
51 251
51 124
51 381
51 383
52 129
52 258
52 261
52 151
52 154
52 296
52 175
52 307
52 323
52 330
52 332
52 77
52 345
52 102
52 233
52 110
52 371
52 248
52 123
52 252
53 384
53 129
53 226
53 326
53 171
53 299
53 115
53 83
53 213
53 376
53 313
53 186
53 251
53 252
53 61
53 158
54 160
54 165
54 294
54 231
54 136
54 265
54 391
54 365
54 240
54 271
54 399
54 343
54 152
54 253
54 93
55 321
55 164
55 228
55 71
55 136
55 203
55 270
55 367
55 80
55 145
55 305
55 89
55 283
55 93
56 384
56 99
56 164
56 101
56 197
56 297
56 76
56 115
56 372
56 313
56 378
56 60
57 129
57 387
57 265
57 281
57 161
57 289
57 182
57 312
57 62
57 193
57 195
57 198
57 327
57 75
57 338
57 341
57 224
57 354
57 356
57 102
57 367
57 244
57 374
57 376
58 160
58 66
58 355
58 260
58 133
58 262
58 390
58 201
58 394
58 139
58 301
58 302
58 144
58 176
58 272
58 275
58 343
58 218
58 319
59 396
59 143
59 159
59 295
59 170
59 298
59 172
59 309
59 315
59 318
59 190
59 194
59 67
59 329
59 76
59 332
59 337
59 358
59 106
59 365
59 113
59 248
59 380
60 384
60 390
60 136
60 168
60 91
60 360
60 395
60 272
60 369
60 372
60 245
60 221
60 218
60 190
61 350
61 130
61 223
61 101
61 326
61 329
61 234
61 142
61 398
61 80
61 209
61 275
61 86
61 245
61 246
61 343
61 95
62 224
62 162
62 387
62 229
62 358
62 296
62 75
62 139
62 140
62 239
62 177
62 339
62 86
62 90
62 219
62 124
63 321
63 226
63 353
63 101
63 135
63 175
63 274
63 341
63 182
63 247
63 380
63 287
64 224
64 194
64 131
64 164
64 320
64 353
64 173
64 142
64 333
64 82
64 87
64 188
65 261
65 135
65 137
65 154
65 284
65 157
65 162
65 165
65 166
65 172
65 177
65 187
65 73
65 342
65 87
65 94
65 225
65 355
65 231
65 105
65 365
65 246
65 380
65 255
66 257
66 389
66 136
66 395
66 281
66 282
66 291
66 300
66 306
66 316
66 320
66 197
66 326
66 206
66 343
66 93
66 238
66 112
66 244
66 249
66 252
66 381
67 131
67 132
67 260
67 198
67 262
67 170
67 108
67 302
67 208
67 249
67 190
68 258
68 390
68 397
68 274
68 147
68 149
68 282
68 177
68 322
68 332
68 333
68 345
68 219
68 364
68 365
68 372
68 252
68 380
69 321
69 294
69 168
69 392
69 145
69 176
69 119
69 348
69 374
69 380
69 92
69 286
69 223
70 132
70 260
70 136
70 265
70 300
70 311
70 188
70 190
70 323
70 197
70 198
70 205
70 78
70 89
70 355
70 100
70 369
70 248
70 121
70 253
70 255
71 256
71 387
71 141
71 283
71 284
71 289
71 167
71 304
71 312
71 195
71 199
71 84
71 85
71 340
71 104
71 375
71 121
71 251
71 253
72 288
72 100
72 167
72 105
72 298
72 76
72 398
72 85
72 278
72 89
73 134
73 271
73 149
73 279
73 159
73 162
73 166
73 167
73 181
73 314
73 199
73 203
73 334
73 80
73 209
73 92
73 228
73 111
74 129
74 248
74 344
74 326
74 167
74 331
74 108
74 335
74 80
74 210
74 179
74 276
74 117
74 152
74 345
74 282
74 187
74 92
75 287
75 164
75 305
75 308
75 79
75 341
75 86
75 215
75 216
75 94
75 356
75 357
75 231
75 241
75 374
75 251
75 124
76 258
76 386
76 387
76 135
76 263
76 391
76 283
76 285
76 289
76 163
76 165
76 295
76 299
76 304
76 184
76 333
76 227
76 119
76 251
77 155
77 163
77 295
77 170
77 173
77 301
77 184
77 188
77 320
77 341
77 214
77 343
77 344
77 222
77 223
77 350
77 231
77 235
77 236
77 239
77 121
77 380
78 161
78 162
78 131
78 226
78 357
78 327
78 297
78 235
78 112
78 178
78 120
78 281
78 220
78 380
79 261
79 200
79 392
79 393
79 394
79 397
79 304
79 211
79 84
79 120
79 347
79 348
79 349
80 256
80 385
80 255
80 274
80 152
80 281
80 163
80 164
80 173
80 186
80 192
80 330
80 336
80 82
80 83
80 214
80 217
80 346
80 358
80 237
80 111
80 240
80 241
80 244
80 252
80 127
81 131
81 164
81 357
81 387
81 199
81 267
81 299
81 269
81 331
81 395
81 340
81 85
81 88
81 124
81 184
82 163
82 345
82 360
82 107
82 139
82 175
82 367
82 152
82 121
82 90
82 379
82 157
83 318
83 202
83 107
83 234
83 267
83 365
83 368
83 210
83 220
83 148
83 277
83 151
83 341
83 342
83 379
83 283
83 92
83 254
83 95
84 164
84 104
84 327
84 359
84 203
84 204
84 236
84 362
84 379
84 345
84 186
84 187
85 130
85 388
85 265
85 143
85 145
85 152
85 282
85 157
85 185
85 190
85 195
85 324
85 332
85 212
85 340
85 215
85 346
85 96
85 101
85 358
85 359
86 130
86 266
86 395
86 275
86 166
86 173
86 200
86 202
86 204
86 212
86 341
86 89
86 231
86 238
86 369
86 118
86 251
87 99
87 195
87 197
87 198
87 259
87 325
87 328
87 385
87 139
87 108
87 299
87 334
87 303
87 306
87 338
87 213
87 286
88 385
88 262
88 345
88 361
88 206
88 304
88 339
88 372
88 310
88 183
88 153
88 379
88 188
88 311
88 343
88 159
89 133
89 134
89 272
89 281
89 176
89 319
89 323
89 201
89 204
89 344
89 92
89 352
89 99
89 113
89 243
89 116
89 247
89 379
89 254
89 383
90 386
90 230
90 103
90 167
90 359
90 141
90 182
90 280
90 154
90 220
90 255
91 368
91 207
91 209
91 239
91 241
91 273
91 118
91 307
91 152
91 341
91 346
91 349
91 158
92 132
92 134
92 263
92 390
92 151
92 169
92 188
92 194
92 340
92 215
92 217
92 346
92 220
92 225
92 229
92 103
92 369
92 121
93 143
93 293
93 200
93 203
93 334
93 211
93 340
93 346
93 352
93 99
93 102
93 107
93 363
93 112
93 240
93 248
94 384
94 137
94 157
94 290
94 163
94 314
94 316
94 190
94 194
94 199
94 208
94 210
94 344
94 354
94 104
94 233
94 107
94 367
94 372
94 374
95 128
95 133
95 399
95 282
95 292
95 188
95 322
95 323
95 331
95 207
95 339
95 218
95 347
95 100
95 236
95 113
95 241
96 264
96 398
96 144
96 149
96 150
96 167
96 169
96 300
96 306
96 334
96 336
96 209
96 344
96 360
96 365
96 112
96 369
96 119
96 126
96 127
97 353
97 383
97 264
97 394
97 204
97 366
97 303
97 211
97 118
97 153
97 220
97 126
97 287
98 257
98 260
98 201
98 330
98 361
98 272
98 116
98 181
98 221
98 121
98 348
99 259
99 274
99 153
99 285
99 291
99 166
99 299
99 301
99 310
99 184
99 314
99 323
99 197
99 199
99 211
99 103
99 238
99 368
99 114
99 124
100 195
100 164
100 259
100 324
100 326
100 234
100 171
100 333
100 273
100 368
100 373
100 184
100 249
100 251
101 280
101 165
101 104
101 277
101 121
101 220
101 350
102 225
102 262
102 168
102 169
102 233
102 394
102 174
102 111
102 344
102 154
102 347
102 348
102 382
102 319
103 292
103 323
103 201
103 399
103 112
103 369
103 188
103 148
103 118
103 182
103 247
103 223
104 128
104 289
104 324
104 293
104 300
104 399
104 336
104 145
104 377
104 189
104 287
105 224
105 352
105 197
105 295
105 345
105 299
105 363
105 206
105 302
105 113
105 114
105 148
105 151
105 312
105 183
105 219
105 349
105 190
106 384
106 259
106 388
106 230
106 294
106 265
106 359
106 333
106 143
106 144
106 272
106 306
106 180
106 307
106 183
106 344
106 314
106 127
107 385
107 382
107 388
107 138
107 265
107 140
107 267
107 158
107 165
107 166
107 167
107 175
107 176
107 204
107 215
107 348
107 368
107 115
107 117
107 126
108 132
108 195
108 281
108 357
108 200
108 171
108 267
108 237
108 332
108 333
108 398
108 371
108 148
108 121
108 189
109 353
109 134
109 198
109 264
109 391
109 110
109 111
109 336
109 115
109 179
109 309
109 184
109 186
109 219
109 382
109 351
110 195
110 259
110 291
110 356
110 167
110 328
110 202
110 203
110 112
110 115
110 341
110 348
110 157
110 190
110 286
111 225
111 261
111 200
111 265
111 294
111 274
111 305
111 213
111 309
111 375
111 280
112 386
112 139
112 270
112 179
112 312
112 313
112 314
112 201
112 332
112 344
112 345
112 223
112 234
112 364
112 372
112 245
112 247
112 126
113 130
113 259
113 133
113 392
113 398
113 280
113 153
113 283
113 292
113 173
113 321
113 202
113 228
113 360
113 236
113 119
113 251
113 124
113 127
114 129
114 161
114 165
114 197
114 170
114 301
114 238
114 143
114 305
114 211
114 278
114 282
114 351
115 395
115 149
115 150
115 161
115 301
115 322
115 196
115 337
115 351
115 225
115 360
115 362
115 379
115 380
116 264
116 138
116 142
116 281
116 285
116 169
116 297
116 177
116 178
116 179
116 330
116 333
116 335
116 209
116 345
116 346
116 351
116 225
116 357
116 236
116 237
116 365
116 379
117 384
117 132
117 134
117 260
117 390
117 148
117 283
117 288
117 172
117 186
117 189
117 206
117 334
117 221
117 228
117 230
117 360
118 323
118 167
118 247
118 236
118 206
118 241
118 305
118 180
118 213
118 183
118 152
118 153
118 154
118 381
119 133
119 136
119 141
119 292
119 165
119 175
119 305
119 181
119 187
119 212
119 359
119 232
119 123
119 380
120 163
120 196
120 325
120 166
120 389
120 173
120 142
120 301
120 210
120 340
120 183
120 184
120 185
120 157
121 128
121 135
121 391
121 393
121 138
121 149
121 277
121 152
121 284
121 301
121 345
121 350
121 362
121 239
121 367
121 374
122 289
122 223
122 323
122 355
122 351
122 233
122 300
122 208
122 239
122 381
122 211
122 340
122 277
122 309
122 157
122 191
123 322
123 262
123 168
123 200
123 201
123 395
123 303
123 180
123 278
123 279
123 254
124 260
124 138
124 139
124 270
124 160
124 170
124 177
124 306
124 193
124 321
124 208
124 342
124 215
124 230
124 236
124 376
124 254
125 131
125 265
125 298
125 396
125 143
125 240
125 241
125 146
125 369
125 371
125 278
125 216
125 219
126 290
126 384
126 293
126 281
126 170
126 172
126 236
126 237
126 240
126 272
126 249
126 283
126 156
127 193
127 322
127 355
127 197
127 327
127 268
127 241
127 242
127 368
127 341
127 312
127 249
127 316
128 396
128 148
128 150
128 159
128 165
128 181
128 182
128 319
128 321
128 327
128 201
128 209
128 339
128 346
128 242
128 373
129 392
129 140
129 145
129 276
129 167
129 310
129 319
129 203
129 216
129 217
129 352
129 225
129 247
129 248
129 378
130 143
130 146
130 279
130 288
130 180
130 207
130 336
130 344
130 216
130 349
130 225
130 241
130 246
131 193
131 162
131 326
131 329
131 271
131 240
131 241
131 212
131 244
131 214
131 273
131 305
131 317
132 256
132 263
132 264
132 267
132 148
132 300
132 180
132 183
132 194
132 206
132 207
132 352
132 361
132 246
132 378
132 383
133 376
133 218
133 299
133 207
133 208
133 311
133 252
133 336
133 216
133 221
134 289
134 388
134 325
134 139
134 298
134 363
134 367
134 179
134 150
134 246
134 342
134 186
134 221
135 386
135 287
135 293
135 240
135 370
135 184
135 380
136 225
136 398
136 175
136 242
136 147
136 211
136 246
136 309
136 338
136 187
136 159
137 325
137 394
137 238
137 207
137 176
137 336
137 274
137 369
137 398
137 213
137 346
137 187
137 287
138 193
138 321
138 163
138 385
138 231
138 172
138 235
138 175
138 209
138 179
138 221
139 269
139 157
139 286
139 159
139 173
139 176
139 330
139 348
139 360
139 363
139 381
140 162
140 201
140 202
140 365
140 142
140 208
140 146
140 372
140 214
140 312
140 250
141 290
141 164
141 292
141 199
141 332
141 396
141 366
141 175
141 209
141 211
141 342
142 322
142 292
142 388
142 199
142 265
142 237
142 301
142 332
142 339
142 277
142 215
142 282
143 382
143 386
143 265
143 274
143 276
143 151
143 156
143 157
143 164
143 177
143 181
143 200
143 332
143 206
143 349
143 242
143 254
144 389
144 397
144 271
144 148
144 283
144 173
144 305
144 311
144 188
144 317
144 208
144 210
144 218
144 227
144 355
144 375
144 249
144 380
144 253
145 256
145 322
145 167
145 266
145 363
145 300
145 396
145 399
145 305
145 336
145 344
145 348
145 221
146 191
146 255
146 261
146 295
146 250
146 364
146 377
146 187
146 380
146 159
147 291
147 359
147 297
147 330
147 300
147 269
147 212
147 249
147 250
147 219
147 158
148 259
148 149
148 151
148 162
148 290
148 171
148 174
148 187
148 188
148 189
148 323
148 339
148 364
149 160
149 323
149 165
149 167
149 199
149 365
149 243
149 343
149 155
149 349
150 384
150 263
150 268
150 154
150 292
150 317
150 203
150 205
150 335
150 212
150 347
150 349
150 223
150 228
150 358
150 360
150 246
151 192
151 331
151 210
151 180
151 338
152 257
152 263
152 393
152 288
152 300
152 175
152 180
152 204
152 345
152 222
152 351
152 354
152 366
153 272
153 289
153 291
153 171
153 177
153 310
153 190
153 192
153 203
153 345
153 350
153 223
153 233
153 234
153 239
154 264
154 397
154 283
154 160
154 290
154 292
154 304
154 186
154 320
154 323
154 324
154 326
154 327
154 228
154 229
154 358
154 376
155 257
155 386
155 397
155 282
155 283
155 303
155 310
155 188
155 197
155 201
155 214
155 343
155 350
155 224
155 368
155 369
155 375
155 377
155 383
156 197
156 390
156 169
156 171
156 213
156 343
157 387
157 260
157 169
157 330
157 267
157 301
157 398
157 315
158 225
158 290
158 263
158 168
158 171
158 173
158 301
158 304
158 305
158 180
158 213
158 276
158 277
158 382
159 329
159 299
159 365
159 304
159 346
159 349
159 190
160 385
160 292
160 386
160 263
160 233
160 295
160 235
160 298
160 271
160 339
160 252
160 245
161 256
161 353
161 386
161 232
161 363
161 395
161 303
161 242
161 245
161 246
161 307
161 283
161 279
162 290
162 322
162 357
162 389
162 360
162 392
162 393
162 239
162 214
162 255
163 248
163 320
163 386
163 227
163 387
163 261
163 293
163 313
163 252
163 285
163 191
164 274
164 276
164 289
164 190
164 198
164 327
164 215
164 346
164 219
164 352
164 374
164 254
165 322
165 293
165 202
165 235
165 341
165 191
166 388
166 389
166 272
166 288
166 298
166 304
166 180
166 310
166 325
166 330
166 205
166 366
166 253
166 381
167 387
167 265
167 270
167 301
167 302
167 304
167 180
167 325
167 342
167 245
167 374
168 353
168 385
168 227
168 261
168 171
168 363
168 304
168 243
168 310
168 183
168 280
168 349
169 257
169 258
169 260
169 324
169 391
169 202
169 206
169 305
169 284
169 182
169 344
170 288
170 385
170 230
170 301
170 306
170 339
170 372
170 379
170 183
170 381
170 217
170 317
171 318
171 352
171 195
171 390
171 208
171 177
171 308
171 339
172 288
172 382
172 385
172 386
172 199
172 231
172 234
172 317
172 237
172 272
172 338
172 185
172 380
172 189
173 391
173 285
173 290
173 313
173 185
173 325
173 209
173 215
173 216
173 347
173 220
173 233
173 254
174 322
174 185
174 389
174 327
174 232
174 329
174 269
174 271
174 273
174 306
174 243
174 310
174 343
174 344
174 217
174 284
175 389
175 390
175 273
175 186
175 343
175 217
175 237
176 227
176 232
176 329
176 267
176 206
176 330
176 334
176 335
176 397
176 181
176 392
176 351
177 390
177 397
177 289
177 295
177 299
177 314
177 195
177 330
177 211
177 344
177 216
177 352
177 227
178 288
178 322
178 195
178 390
178 375
178 339
178 212
178 308
178 310
178 312
178 313
178 283
178 252
178 381
178 287
179 196
179 229
179 263
179 387
179 361
179 235
179 389
179 272
179 310
179 247
179 374
179 222
180 258
180 280
180 194
180 324
180 204
180 333
180 217
180 221
180 225
180 363
180 236
180 369
180 247
180 255
181 320
181 258
181 389
181 394
181 395
181 334
181 210
181 368
181 190
181 383
182 385
182 262
182 269
182 285
182 303
182 187
182 192
182 325
182 326
182 332
182 333
182 206
182 338
182 215
182 343
182 362
182 379
182 251
183 257
183 321
183 293
183 296
183 309
183 343
183 377
183 285
184 196
184 322
184 388
184 238
184 305
184 247
184 252
185 355
185 230
185 329
185 300
185 362
185 375
185 345
185 282
185 283
185 286
186 226
186 290
186 240
186 303
186 212
186 342
186 374
187 391
187 280
187 322
187 197
187 206
187 335
187 336
187 237
187 366
188 387
188 266
188 399
188 294
188 304
188 308
188 312
188 322
188 203
188 223
188 245
188 377
188 379
189 288
189 355
189 358
189 359
189 203
189 302
189 367
189 240
189 241
189 372
189 343
189 281
189 314
189 319
190 388
190 271
190 296
190 197
190 208
190 337
190 211
190 348
190 353
190 355
190 233
190 236
190 366
190 244
191 224
191 353
191 385
191 195
191 387
191 389
191 395
191 381
191 283
191 253
192 197
192 200
192 201
192 298
192 395
192 349
192 305
192 214
192 374
192 279
193 257
193 223
193 255
193 382
193 281
193 326
193 200
193 392
193 220
193 373
193 375
193 222
194 352
194 226
194 258
194 382
194 230
194 264
194 269
194 271
194 212
194 253
195 209
195 337
195 341
195 231
195 363
195 244
195 248
196 223
196 255
196 290
196 197
196 262
196 324
196 326
196 366
197 396
197 280
197 287
197 301
197 336
197 209
197 344
197 241
197 253
198 262
198 388
198 362
198 337
198 242
198 306
198 370
198 219
198 221
199 272
199 287
199 312
199 204
199 332
199 349
199 221
199 351
199 227
199 232
199 244
199 245
200 262
200 287
200 291
200 304
200 307
200 320
200 323
200 216
200 353
200 363
200 368
200 254
201 269
201 273
201 297
201 336
201 209
201 214
201 348
201 245
201 380
202 385
202 226
202 322
202 357
202 358
202 319
203 271
203 294
203 295
203 297
203 299
203 329
203 218
203 350
203 225
203 356
203 371
203 372
204 390
204 265
204 396
204 292
204 335
204 339
204 218
204 355
204 361
204 235
204 246
204 248
205 321
205 294
205 391
205 235
205 332
205 206
205 340
205 372
205 375
206 248
206 387
206 366
206 370
206 398
206 249
206 383
207 320
207 386
207 383
207 317
207 362
207 239
207 271
207 337
207 368
207 371
207 278
207 249
207 252
207 285
208 322
208 255
208 324
208 389
208 298
208 331
208 315
208 217
208 283
208 223
209 384
209 388
209 267
209 277
209 292
209 296
209 317
209 329
209 340
209 219
209 354
209 359
209 232
209 242
209 370
209 250
209 381
210 226
210 344
210 228
210 386
210 295
210 364
210 246
210 255
211 344
211 359
211 363
211 269
211 367
211 370
211 373
211 312
212 290
212 387
212 231
212 266
212 282
212 300
212 397
212 271
212 338
212 317
213 261
213 277
213 305
213 326
213 328
213 338
213 346
213 347
213 224
213 226
213 227
213 228
213 358
213 360
213 367
214 256
214 226
214 229
214 258
214 259
214 320
214 351
214 219
214 300
214 348
214 254
214 287
215 393
215 299
215 354
215 231
215 362
215 366
215 239
215 369
215 250
216 277
216 247
217 226
217 291
217 319
217 304
217 379
218 390
218 391
218 395
218 252
218 283
218 222
219 350
219 233
219 240
219 243
219 250
220 388
220 266
220 397
220 280
220 226
220 234
220 368
220 377
221 224
221 226
221 258
221 295
221 296
221 355
221 273
222 258
222 387
222 230
222 294
222 242
223 386
223 389
223 396
223 272
223 361
223 236
223 243
223 374
223 249
223 254
223 383
224 382
224 328
224 393
224 272
224 304
224 338
224 280
225 260
225 309
225 331
225 355
225 230
225 358
225 233
225 360
225 371
226 256
226 295
226 301
227 384
227 230
227 329
227 377
227 365
227 306
227 338
227 313
227 319
228 293
228 270
228 305
228 339
228 283
229 292
229 362
229 236
229 332
229 273
229 307
230 259
230 290
230 353
230 359
230 396
230 335
231 256
231 291
231 357
231 389
231 235
231 315
231 371
231 251
232 357
232 296
232 313
232 340
232 317
233 257
233 288
233 385
233 299
233 268
234 353
234 258
234 291
234 363
234 346
234 396
234 240
234 245
234 314
235 292
235 388
235 250
235 300
235 368
235 275
235 373
235 317
235 286
236 288
236 384
236 270
236 273
236 316
236 348
237 385
237 391
237 329
237 304
237 274
237 364
237 365
237 366
237 373
237 348
237 286
238 256
238 353
238 362
238 268
238 334
238 367
238 336
238 340
238 373
238 314
238 383
239 256
239 258
239 291
239 313
239 377
239 332
239 252
239 255
240 256
240 355
240 388
240 282
240 347
240 245
240 343
241 259
241 391
241 267
241 278
241 291
241 319
241 366
241 251
242 386
242 355
242 324
242 338
242 275
243 384
243 356
243 336
243 370
243 374
244 258
244 356
244 301
244 337
244 306
244 374
244 344
244 349
245 260
245 368
246 392
246 284
246 286
246 303
246 305
246 317
246 341
246 344
246 379
246 372
246 251
246 254
247 280
247 264
247 266
247 279
247 397
248 256
248 332
248 333
248 274
248 342
248 286
249 382
249 266
249 279
249 295
249 307
249 318
249 334
249 346
249 351
249 359
249 371
249 378
249 381
250 320
250 260
250 262
250 359
250 328
250 362
250 334
250 364
250 283
250 308
250 347
251 399
251 272
251 315
251 318
251 329
251 338
251 340
251 345
251 354
251 381
252 257
252 395
252 269
252 280
252 297
252 303
252 307
252 324
252 353
252 363
252 371
253 289
253 353
253 388
253 261
253 294
253 267
253 358
253 389
253 342
253 254
254 387
254 303
254 310
254 311
254 317
254 355
254 362
254 366
254 372
254 255
255 323
255 389
255 282
255 332
255 365
255 275
256 392
256 398
256 399
256 279
256 286
256 298
256 309
256 319
256 322
256 336
257 353
257 263
257 269
257 335
257 304
257 286
257 351
258 386
258 396
258 270
258 281
258 288
258 302
258 317
258 320
258 340
258 379
259 323
259 391
259 266
259 269
259 280
260 385
260 332
260 366
260 306
261 384
261 326
261 361
261 333
261 302
261 307
261 341
262 324
262 325
262 347
263 356
263 388
263 295
263 393
263 395
263 272
263 304
263 342
263 380
263 315
264 357
264 384
264 389
265 285
265 292
265 309
265 320
265 381
266 271
266 279
266 307
266 310
266 312
266 325
266 346
267 321
267 365
267 339
267 346
268 292
268 312
269 396
269 270
269 275
269 337
269 340
269 376
269 378
269 383
270 288
270 389
270 328
270 362
270 377
270 347
271 273
271 293
271 308
271 312
271 327
271 345
271 359
272 283
272 290
272 296
272 300
272 320
272 329
272 335
272 339
272 350
272 368
273 357
273 359
273 368
274 278
274 293
274 310
274 319
274 324
274 330
274 340
274 350
275 319
275 328
275 393
275 367
275 305
276 384
276 323
276 389
276 300
276 332
276 304
276 315
276 351
277 324
277 281
277 310
277 279
277 349
278 307
279 396
279 399
279 294
279 317
279 319
279 336
279 348
279 361
280 326
280 297
280 383
280 304
280 315
280 307
280 312
280 375
281 350
281 319
281 326
281 327
281 391
281 398
281 376
281 286
282 384
282 359
282 330
282 300
282 331
283 393
283 303
283 312
283 332
283 333
283 345
283 360
283 361
283 363
283 364
283 371
283 379
284 321
284 292
284 333
284 336
284 337
284 371
284 286
285 386
285 393
285 304
285 306
286 355
286 399
286 348
286 383
287 327
287 344
287 381
287 382
288 386
288 295
288 322
288 334
288 378
289 290
289 393
289 334
289 311
289 383
290 399
290 314
290 315
290 317
290 318
290 323
290 330
290 343
290 345
290 359
290 381
291 384
291 365
291 376
292 354
292 307
292 381
293 387
293 390
293 362
293 336
293 309
293 378
294 350
294 322
294 296
294 360
295 358
295 299
295 379
295 310
295 312
296 320
296 350
296 382
296 393
297 322
297 325
297 299
297 364
297 399
298 321
298 322
298 334
298 312
299 351
299 359
299 303
299 306
299 380
300 325
300 303
300 381
301 386
301 392
301 308
302 356
302 311
302 371
303 323
303 350
303 328
303 397
303 335
303 379
303 343
304 385
304 398
304 306
304 360
304 365
305 309
305 317
305 339
305 349
305 359
305 372
305 374
306 389
306 364
306 370
306 339
306 318
307 367
308 360
308 362
308 344
308 313
309 391
309 395
309 397
309 327
309 333
309 339
309 361
309 377
310 332
310 338
310 346
311 312
311 360
311 394
311 370
311 374
311 379
312 388
312 394
312 322
313 354
313 345
314 323
314 326
314 367
314 380
314 349
315 322
315 362
315 397
315 375
316 387
316 389
316 334
316 368
317 322
317 358
318 390
318 328
318 375
318 383
319 325
319 348
320 334
320 398
321 348
321 344
322 393
322 336
322 343
322 345
322 360
322 364
322 369
322 372
324 325
324 332
324 372
324 374
325 353
325 376
325 334
325 363
326 338
326 368
327 387
327 351
327 377
327 337
327 373
329 385
329 395
329 351
329 378
330 389
330 336
330 377
331 346
331 368
332 340
332 372
333 371
333 341
334 370
335 339
336 372
336 373
336 374
337 382
337 355
337 359
337 390
337 383
338 355
338 363
338 339
339 341
339 348
339 363
340 376
340 342
341 396
341 359
341 363
342 357
342 363
343 390
343 345
343 369
344 357
346 393
346 361
347 367
348 388
348 397
348 364
349 388
349 397
349 355
349 375
350 356
350 372
351 368
351 380
352 359
352 360
352 372
352 379
353 392
353 396
353 398
353 361
353 382
354 382
354 362
355 398
356 386
357 375
358 385
358 392
359 385
360 389
361 363
361 380
361 382
362 365
362 371
362 377
362 379
363 396
363 379
364 388
364 394
366 393
366 378
367 384
367 382
367 396
367 399
368 387
368 389
368 378
369 398
369 399
369 373
370 383
371 392
371 394
371 373
372 395
374 393
374 395
376 385
376 398
376 381
377 379
379 386
379 389
382 390
382 391
385 389
386 389
389 391
389 397
392 398
