400 1200
0 72
0 193
0 90
0 94
1 36
1 136
1 305
1 307
1 342
1 254
2 212
2 300
2 287
3 16
3 25
3 155
3 55
4 360
4 301
4 334
4 111
4 188
4 349
4 95
5 73
5 146
5 306
5 93
5 198
6 258
6 377
6 110
6 303
6 337
6 338
6 153
6 95
7 226
7 102
7 237
7 14
7 243
7 342
7 183
7 217
8 320
8 132
8 324
8 138
8 394
8 238
8 209
8 338
8 53
8 219
8 222
9 64
9 116
9 37
9 294
10 68
10 69
10 135
10 186
10 19
10 116
10 20
10 149
10 182
10 277
10 26
10 349
10 222
11 67
11 132
11 390
11 138
11 396
11 247
12 17
12 385
12 339
12 103
13 130
13 283
13 165
13 326
14 257
14 68
14 396
14 206
14 176
14 81
14 17
14 156
15 209
15 348
15 269
16 381
16 214
16 211
16 359
17 258
17 264
17 110
17 367
17 242
17 274
17 372
17 56
18 56
18 304
18 99
18 139
18 314
19 354
19 140
19 47
19 50
19 188
19 285
20 163
20 134
20 137
20 181
20 155
21 393
21 323
21 76
21 198
21 158
22 65
22 97
22 68
22 41
22 332
22 269
22 240
22 374
22 127
22 190
22 159
23 39
23 334
23 116
23 213
23 248
23 346
23 254
24 272
24 65
24 235
24 117
24 350
25 321
25 229
25 167
25 360
25 332
25 155
25 383
26 131
26 37
26 134
26 111
26 180
26 85
27 336
27 309
28 384
28 166
28 330
28 239
28 250
28 318
28 127
29 160
29 163
29 201
29 74
29 139
29 243
29 182
29 247
29 122
30 98
30 36
30 351
30 103
30 140
30 236
30 372
30 127
31 366
31 383
31 70
31 127
32 97
32 193
32 231
32 137
32 106
32 329
32 78
32 305
32 210
32 51
32 373
32 278
32 378
32 156
32 62
33 153
33 182
33 273
33 167
33 151
34 357
34 222
34 94
34 303
35 388
35 358
35 267
35 54
35 185
35 122
36 281
37 294
37 39
37 110
37 249
38 41
38 170
38 51
38 203
38 271
39 290
39 163
39 336
39 338
40 360
40 194
41 391
41 296
41 367
41 55
42 51
42 389
42 46
42 287
43 184
43 209
43 363
43 310
44 98
44 226
44 332
44 189
45 257
45 263
45 231
45 138
45 236
45 209
46 261
46 174
46 209
46 273
46 152
46 319
47 77
47 94
47 111
48 390
48 268
48 112
48 279
48 283
48 62
49 369
49 274
50 339
50 369
50 202
50 215
51 170
51 303
51 337
52 357
52 268
52 371
52 119
52 378
52 347
53 364
53 300
53 150
54 184
54 325
54 70
55 203
55 148
55 341
55 344
55 378
55 92
56 65
56 232
56 297
56 396
56 243
56 216
57 96
57 365
57 155
57 109
57 246
58 257
58 249
58 154
58 153
58 122
58 251
58 220
58 93
59 384
59 265
59 66
59 171
59 273
60 96
60 230
60 266
60 112
60 370
60 340
60 214
61 274
61 171
61 395
61 301
62 228
62 108
62 111
62 347
63 154
63 164
63 322
63 389
63 135
64 291
64 180
64 373
64 382
65 90
65 198
65 74
65 240
65 214
66 292
66 198
66 169
66 394
66 334
66 111
66 144
66 305
66 337
66 399
66 84
67 76
67 303
67 370
67 375
67 282
67 127
68 103
68 206
68 143
68 273
68 304
68 245
68 282
69 131
69 164
69 356
69 262
69 327
69 358
69 73
69 300
69 255
70 130
70 265
70 207
70 376
70 317
71 210
71 365
71 358
72 122
72 365
72 85
72 382
73 97
73 394
73 395
73 172
73 95
74 130
74 227
74 101
74 393
74 111
74 143
74 118
74 182
74 188
74 94
75 241
75 323
75 212
75 124
76 200
76 367
76 245
76 217
77 82
77 242
77 243
78 107
78 150
79 261
79 252
79 171
79 196
79 205
80 105
80 274
80 367
81 176
81 161
81 254
82 96
82 171
82 399
82 314
82 123
82 317
83 139
83 237
83 195
84 104
84 283
85 356
85 122
85 262
85 346
85 239
85 146
85 118
87 216
87 154
87 351
87 335
87 183
88 320
88 324
88 311
89 313
89 251
89 380
89 374
90 360
90 209
90 309
90 213
90 118
91 128
91 292
91 389
91 390
91 175
91 304
92 163
92 103
92 270
92 271
92 112
92 208
92 247
92 377
92 349
93 193
93 250
93 371
93 277
93 374
94 132
94 167
94 237
94 366
94 156
95 288
95 108
95 186
95 287
96 99
96 106
96 337
97 353
97 103
97 206
97 213
97 185
97 127
98 128
99 173
99 208
99 245
99 214
100 245
100 197
100 174
100 383
101 157
102 322
102 141
102 142
103 327
103 368
103 212
103 349
104 139
104 198
105 133
105 134
105 200
105 141
105 243
105 117
105 183
105 190
106 140
106 298
106 342
107 193
107 198
107 295
107 393
107 173
107 157
107 221
108 321
108 140
108 260
109 393
109 347
109 245
109 281
110 230
110 293
110 370
110 120
110 249
111 162
111 134
111 351
111 235
111 301
111 305
111 211
111 307
111 340
111 150
111 159
112 131
112 199
112 113
112 336
112 367
112 180
113 267
113 369
113 147
113 308
113 253
114 200
114 145
114 253
115 326
115 334
115 304
115 242
115 123
115 351
116 196
116 181
116 250
117 239
117 276
117 214
117 183
117 278
117 216
118 160
118 320
118 177
118 119
119 358
119 359
119 297
119 333
119 188
119 158
120 328
120 353
120 333
121 193
121 231
121 232
121 345
121 378
121 287
122 357
122 263
122 171
122 372
123 397
123 399
123 348
123 255
124 248
124 218
124 342
125 216
125 272
125 344
125 246
125 313
126 225
126 340
126 142
127 353
127 174
127 270
127 398
127 180
128 363
128 202
128 378
129 316
129 340
130 323
130 135
130 235
130 182
131 198
131 331
131 301
131 333
131 275
131 312
131 218
132 355
132 390
132 264
132 333
132 342
132 248
133 358
133 222
133 375
134 163
134 140
134 151
134 283
134 188
135 177
135 209
135 380
135 286
136 295
136 393
136 172
136 371
136 250
137 257
137 258
137 375
138 303
138 242
138 307
139 291
139 390
139 201
139 211
140 322
140 270
140 143
140 175
140 302
141 162
141 226
141 262
141 241
142 229
142 191
143 226
144 226
144 328
144 275
144 308
144 181
145 260
145 263
145 177
145 337
145 186
146 330
146 250
146 235
147 360
147 334
147 240
147 304
147 212
147 249
147 285
148 338
148 339
148 311
148 216
148 249
148 219
149 356
149 214
149 166
149 239
150 280
151 384
151 325
151 295
151 362
151 175
151 282
151 283
152 316
152 340
153 305
153 309
153 249
153 284
154 335
154 276
154 344
155 231
156 356
157 293
157 308
158 283
158 244
159 344
160 197
160 350
160 271
161 355
161 170
161 208
161 215
161 191
162 278
162 377
162 349
162 381
163 199
163 348
163 283
163 375
164 230
164 199
164 395
164 368
164 337
164 218
164 220
164 254
164 191
165 317
165 185
165 195
165 270
166 289
166 389
166 272
166 218
167 322
167 207
167 304
167 241
167 277
167 311
168 297
168 186
168 363
168 372
168 261
169 176
170 234
170 213
170 342
170 375
171 391
171 299
171 396
171 277
171 215
173 204
173 335
173 277
173 221
173 191
174 256
174 294
174 264
174 202
174 245
174 281
174 253
175 320
175 213
175 381
176 269
176 399
176 276
177 253
178 315
179 313
179 195
179 364
179 269
179 389
180 311
180 281
180 223
181 245
181 384
182 344
182 393
182 312
183 256
183 365
183 302
183 303
183 186
183 219
184 297
184 382
184 373
185 224
185 195
185 303
185 337
185 248
186 300
187 249
187 195
187 333
187 317
187 289
188 321
188 327
188 267
188 207
188 249
189 360
189 307
189 397
189 300
190 316
190 317
191 259
191 397
191 338
191 311
191 249
191 348
192 361
192 325
193 386
193 249
195 367
196 242
196 215
196 239
197 256
197 305
197 244
197 223
198 304
198 220
199 358
200 228
200 341
200 381
201 356
201 325
201 343
201 381
202 302
202 240
202 273
202 307
202 314
202 219
203 389
203 301
203 280
203 249
203 314
204 259
205 369
205 298
205 295
206 352
206 234
206 283
206 348
207 323
207 233
207 363
207 376
208 291
208 230
208 233
208 213
208 279
208 223
209 224
209 389
209 211
210 295
210 367
210 237
211 357
211 233
211 373
213 320
214 291
214 362
214 218
214 379
214 221
215 358
215 299
215 278
216 395
216 271
216 316
217 300
218 388
218 303
218 399
218 374
218 249
219 305
220 368
220 277
220 346
220 317
221 336
222 228
222 263
223 353
224 296
224 363
225 227
226 354
226 298
226 235
226 279
226 283
227 228
227 286
228 258
228 296
228 363
229 288
229 391
229 330
229 334
229 337
229 308
230 265
230 251
230 318
231 292
231 382
232 387
233 399
234 389
235 352
235 293
235 303
235 316
236 360
236 238
237 262
237 377
237 283
238 360
239 389
239 399
240 267
240 302
240 271
240 370
240 248
241 338
242 281
243 384
243 270
244 349
244 307
244 292
245 384
245 258
245 371
245 373
245 343
247 335
247 341
247 319
248 321
248 385
248 355
248 359
248 268
248 312
249 293
249 303
249 279
249 350
251 366
251 335
251 350
251 287
252 297
253 292
253 295
253 255
254 260
254 362
254 286
255 376
255 271
256 297
257 332
257 271
260 301
260 342
261 278
261 343
262 390
262 336
262 282
263 395
263 307
263 278
263 377
264 290
264 331
264 365
264 349
264 350
265 348
266 370
266 397
268 291
268 355
268 317
269 355
269 366
269 399
270 320
270 362
270 399
270 350
271 334
271 345
272 325
272 334
272 305
272 275
272 378
273 370
273 380
274 391
276 361
277 348
278 304
278 374
279 299
279 336
279 374
280 382
280 340
280 399
281 362
281 396
281 310
281 342
282 363
282 367
283 321
283 291
284 380
284 342
285 314
285 378
286 350
287 375
289 342
291 360
291 300
292 305
292 372
292 342
293 324
293 373
294 298
295 346
295 314
296 392
296 366
296 306
297 356
297 377
297 346
299 349
300 366
300 367
301 356
302 377
303 320
303 312
303 317
304 329
305 333
307 320
308 365
309 385
309 328
309 377
309 349
310 390
310 382
311 390
312 317
313 388
313 390
313 369
315 373
316 318
319 352
319 366
320 365
321 332
323 387
323 341
325 396
329 398
331 394
332 371
333 351
334 371
334 382
335 352
337 373
338 350
340 387
341 374
341 344
344 373
348 393
348 363
349 374
356 369
357 369
360 395
368 370
368 373
368 377
370 388
371 385
374 386
375 397
382 392
383 388
