400 1000
0 349
0 237
0 31
1 32
1 393
1 282
1 323
2 8
2 193
2 58
2 155
3 283
3 377
3 19
3 260
3 399
4 318
4 390
4 268
4 5
4 142
5 36
5 332
6 212
6 173
6 334
6 39
7 290
7 227
7 317
7 235
8 194
8 37
8 168
8 46
8 47
9 24
9 263
9 207
10 65
10 90
10 229
10 237
10 281
11 40
11 201
11 397
11 264
12 233
12 285
13 227
13 68
13 327
13 361
13 235
13 76
13 174
13 381
13 371
13 182
13 317
14 130
14 164
14 260
14 72
14 372
14 124
15 225
15 99
15 124
15 197
15 191
16 385
16 229
16 198
17 72
17 275
17 219
17 152
17 47
18 80
18 35
18 128
19 323
19 183
20 299
20 92
20 197
20 166
21 128
21 50
21 307
21 395
21 190
22 56
22 205
22 109
22 37
22 168
23 128
23 202
23 312
23 160
23 351
24 25
24 119
25 390
25 327
25 310
25 278
25 188
25 29
26 48
26 234
26 172
26 192
27 66
28 67
28 355
28 281
28 243
28 245
28 217
28 282
29 272
29 393
29 161
30 144
30 132
30 276
30 176
31 383
31 172
31 141
31 216
31 58
31 223
32 382
32 131
32 174
32 135
33 194
33 83
33 197
33 326
33 239
34 108
34 76
34 366
34 306
34 57
34 189
35 258
35 244
35 301
35 198
36 129
36 170
36 176
36 152
36 223
37 281
37 365
37 63
38 329
38 148
38 124
38 125
38 265
39 384
39 193
39 264
39 105
39 243
39 60
40 361
40 380
40 183
41 131
41 262
41 107
41 114
41 308
41 54
41 279
41 280
41 125
42 384
42 241
42 394
42 246
43 395
43 79
43 208
43 47
43 51
43 150
44 280
44 378
44 307
44 47
45 385
45 72
45 330
45 398
45 304
45 248
46 137
46 296
46 175
46 52
46 221
47 71
47 362
47 244
47 343
47 346
47 254
48 313
48 244
48 334
48 263
49 371
49 227
49 303
50 200
50 99
50 124
50 70
51 105
51 137
51 324
51 396
52 392
52 106
52 139
53 69
54 152
54 132
55 208
55 249
55 268
55 158
55 372
56 223
56 290
56 143
57 260
57 164
57 292
57 187
57 60
58 257
58 258
58 353
58 383
58 140
58 145
58 178
58 245
59 304
59 140
59 141
59 391
60 384
60 129
60 217
60 167
61 376
61 181
61 150
62 388
62 263
63 81
63 77
63 374
64 241
64 356
64 381
64 286
65 201
66 131
66 266
66 336
66 178
66 280
67 96
67 143
67 177
67 252
67 276
67 349
67 159
68 288
68 355
68 198
68 80
68 348
69 117
69 326
70 232
70 266
70 392
70 154
71 325
71 103
71 138
71 268
71 275
71 347
72 110
72 304
72 335
72 243
72 223
73 369
73 326
74 153
74 226
74 205
74 279
75 153
75 309
75 141
76 115
76 188
77 293
77 391
77 366
77 117
77 278
77 182
78 100
78 228
78 105
78 333
78 308
78 155
79 184
79 323
80 196
80 106
80 188
80 124
81 304
81 362
81 317
82 216
82 282
82 387
82 294
83 112
83 92
83 173
83 126
84 100
84 170
84 203
84 235
84 141
84 268
84 367
84 94
85 304
85 137
85 358
85 397
85 350
86 105
86 146
86 277
86 374
86 305
87 249
87 143
88 362
88 115
88 292
88 149
88 159
89 129
89 394
89 379
89 364
89 382
90 393
91 373
92 225
92 357
92 155
93 371
93 190
93 327
93 142
93 231
94 225
94 293
94 140
94 239
94 209
94 341
94 189
94 191
95 255
95 284
95 375
95 231
96 107
96 108
96 141
96 210
96 375
97 192
97 162
97 336
97 380
98 227
98 101
98 396
98 365
98 177
98 349
99 170
99 238
100 164
100 390
100 202
100 282
100 319
101 385
101 354
101 165
101 330
101 365
101 269
101 374
102 193
102 203
102 396
103 284
103 365
104 240
104 282
104 164
104 263
105 195
105 329
105 238
106 194
106 361
106 299
106 363
106 369
106 189
106 287
107 290
107 387
107 140
107 335
107 283
107 286
108 116
108 246
108 303
109 256
109 226
109 327
109 168
109 244
109 313
109 124
110 311
111 133
111 332
111 365
111 399
111 274
111 254
112 290
112 235
112 340
112 149
112 313
113 381
113 333
114 330
114 292
114 141
115 209
115 214
115 223
116 296
116 320
116 365
117 132
117 274
117 330
118 120
118 161
118 164
118 230
118 248
119 356
119 328
119 364
119 269
119 122
119 157
120 385
120 285
120 246
121 260
121 359
121 137
121 138
121 395
121 279
121 314
122 160
122 198
122 138
122 298
122 185
122 283
122 159
123 397
123 247
124 257
124 184
124 159
125 332
125 333
125 175
125 340
125 152
126 320
126 204
126 374
126 303
127 200
127 162
127 346
127 172
127 290
128 132
128 389
128 363
129 257
129 194
129 365
129 210
130 369
130 338
130 156
130 247
131 356
131 135
131 315
132 237
132 340
132 190
132 255
133 291
133 234
133 175
133 177
133 276
134 202
134 207
134 319
134 143
135 209
135 166
136 354
136 357
136 158
136 231
137 217
137 335
137 310
137 253
138 391
138 204
138 307
139 353
139 199
139 393
139 171
139 205
139 309
139 377
139 350
140 387
140 303
140 370
141 193
141 187
141 315
141 280
142 380
142 210
143 323
143 355
143 271
143 310
143 219
144 352
144 332
144 173
144 364
144 242
144 277
145 390
145 202
145 336
145 247
145 312
145 281
146 353
146 213
147 347
147 203
147 351
148 291
148 211
148 269
149 338
149 363
149 216
150 240
150 228
151 201
151 195
151 196
151 206
152 176
152 372
152 248
153 236
153 237
153 374
153 380
154 179
154 204
154 219
155 288
155 261
155 303
156 346
156 309
157 277
158 170
158 284
159 325
159 264
159 316
159 216
160 385
160 355
160 232
160 361
160 399
160 176
160 345
161 352
161 390
161 296
161 239
161 210
161 178
161 181
161 220
162 369
162 342
162 183
162 380
162 188
162 318
162 286
163 273
163 390
163 189
163 361
164 169
164 342
164 188
165 370
165 231
165 223
166 349
166 238
167 168
167 380
168 184
168 218
168 287
169 390
169 341
169 350
169 399
170 346
172 261
172 203
172 367
173 330
173 349
174 332
174 350
175 255
176 270
177 225
177 196
178 354
178 378
178 340
178 343
179 280
180 195
180 212
181 391
181 366
181 377
182 229
183 297
183 367
183 340
184 377
186 307
186 298
186 227
186 247
187 355
187 398
188 354
190 339
190 343
190 218
191 386
191 387
191 391
191 335
192 235
192 276
192 248
192 219
192 317
193 238
193 399
193 277
195 237
195 372
195 276
196 380
197 271
197 310
197 216
198 360
198 393
198 283
199 283
199 222
199 351
200 377
200 347
200 396
201 205
202 240
202 317
203 273
203 245
204 356
204 375
205 295
205 265
205 393
205 274
205 376
206 260
206 325
206 263
206 246
206 319
207 298
207 389
207 215
208 231
209 322
209 348
210 316
211 236
212 218
212 226
212 367
213 331
213 387
213 285
214 305
214 274
214 370
214 342
214 221
215 226
215 243
215 338
216 287
216 294
217 234
218 278
218 279
218 345
219 258
219 245
220 370
220 361
221 360
221 370
221 252
221 318
222 354
222 244
223 376
223 382
224 371
224 364
225 253
226 331
226 236
226 237
226 251
226 350
227 290
227 242
227 252
228 384
228 296
228 245
228 310
229 337
229 309
230 379
230 373
230 263
231 340
232 358
232 374
232 387
233 261
233 294
234 397
234 237
234 246
235 263
235 307
236 354
236 295
237 399
237 340
237 343
237 380
238 303
238 315
239 258
239 252
239 317
239 319
240 292
241 326
241 319
242 341
242 350
244 264
244 397
244 313
245 389
245 248
246 316
246 351
247 385
247 376
249 265
249 355
250 266
252 327
252 329
253 291
254 341
255 367
255 303
257 363
258 329
258 366
258 303
259 378
259 292
259 270
259 303
260 320
260 308
260 280
261 325
261 279
262 352
262 360
264 284
264 286
265 379
265 279
267 361
267 372
268 389
268 269
268 378
269 387
269 399
269 342
269 343
270 307
270 296
270 369
272 327
274 293
274 391
274 337
274 309
274 347
277 306
278 355
278 357
278 304
279 368
280 298
280 376
281 330
281 341
282 293
284 324
284 302
284 339
284 314
286 384
286 308
289 317
289 343
290 334
291 398
292 381
293 354
295 315
296 338
297 329
298 377
299 370
301 371
303 366
304 308
304 377
305 343
306 398
306 387
306 378
307 364
308 392
309 391
309 375
310 311
312 376
312 341
314 331
315 388
315 397
317 363
317 396
319 326
319 348
320 353
320 333
322 399
324 334
326 329
330 331
333 382
335 377
335 380
337 338
344 384
347 398
348 396
349 396
350 385
351 386
352 382
353 363
354 368
355 369
362 392
364 391
364 374
370 379
371 381
375 379
