400 1200
0 353
0 359
0 11
0 299
0 336
0 273
0 116
0 119
1 364
1 315
1 259
1 36
1 53
2 225
2 364
2 366
2 47
2 339
2 27
3 257
3 382
3 263
4 10
4 179
4 140
4 69
5 258
5 36
5 171
5 336
5 374
5 281
5 219
5 383
6 120
6 34
6 192
7 354
7 165
7 238
7 16
7 83
7 88
7 27
8 97
8 329
8 44
8 76
8 149
8 186
8 351
9 352
9 285
9 228
9 43
9 237
9 80
9 118
9 154
9 156
9 253
9 126
10 196
10 168
10 271
10 51
10 20
10 223
11 192
11 388
11 325
11 390
11 359
11 104
11 333
11 282
12 88
12 266
12 243
12 334
12 343
13 194
13 93
13 246
13 286
14 325
14 262
14 359
14 268
14 237
14 222
15 225
15 250
15 322
15 207
16 164
16 179
16 184
16 57
16 157
16 221
17 68
17 360
17 297
17 368
17 372
17 186
18 288
18 322
18 100
18 324
18 391
18 329
18 331
18 368
18 245
19 356
19 125
20 291
20 69
20 286
20 47
21 248
21 83
21 206
22 327
22 136
22 105
22 234
22 200
22 331
22 176
22 277
22 280
23 384
23 164
23 231
23 394
23 372
23 278
23 118
24 294
24 388
24 47
24 30
24 31
25 161
25 38
26 104
26 115
26 100
26 352
27 227
27 197
27 69
27 234
27 396
27 338
27 123
27 29
27 382
28 385
28 132
28 135
28 44
28 173
28 113
28 243
28 120
28 250
29 137
29 106
29 304
29 311
29 285
30 243
30 351
30 230
30 263
31 168
31 265
31 270
31 209
31 278
31 58
32 138
32 43
32 131
32 94
32 191
33 356
33 71
33 72
33 271
33 112
33 304
33 114
33 53
33 248
34 72
34 361
34 362
34 300
34 275
34 179
34 376
35 193
35 357
35 337
35 342
35 186
35 158
36 352
36 353
36 387
36 164
36 360
36 202
36 266
36 54
36 185
37 242
37 229
38 202
38 364
38 44
38 370
38 61
39 232
39 353
39 283
39 294
40 224
40 248
40 199
40 141
40 48
40 49
40 81
40 182
40 152
40 90
40 124
41 196
41 390
41 169
41 106
41 110
41 241
41 150
41 217
42 337
42 186
42 203
42 300
42 231
43 292
43 148
43 250
43 252
44 70
44 297
44 390
44 348
44 312
44 286
45 129
45 84
45 61
46 139
46 244
46 302
47 229
47 265
47 237
47 119
47 183
47 286
47 152
47 94
47 127
48 197
48 174
48 178
48 183
48 61
49 281
49 179
49 133
49 389
50 272
50 162
50 397
51 352
51 146
51 84
51 120
51 346
52 170
52 108
52 78
52 179
52 376
52 251
53 73
53 272
53 149
53 185
53 381
54 258
54 67
54 236
54 109
54 301
54 85
55 316
55 342
55 151
56 329
56 382
56 110
57 355
57 117
57 150
57 168
58 227
58 138
58 302
58 175
58 213
58 375
58 124
59 192
59 277
59 189
59 166
60 201
60 298
60 164
60 158
61 143
61 144
61 149
62 168
62 336
62 271
62 167
63 233
63 149
64 325
64 298
64 236
64 184
64 152
64 382
65 184
65 224
65 316
65 181
65 240
66 356
66 326
67 120
67 240
67 365
68 74
68 179
68 262
69 325
69 361
69 75
69 255
70 249
70 258
71 96
71 295
71 75
71 300
71 83
71 346
72 384
72 193
72 360
72 77
72 367
72 145
72 125
73 112
73 299
73 182
74 257
74 290
74 99
74 323
74 390
74 360
74 82
74 316
74 280
74 284
75 291
75 135
75 296
75 249
76 336
76 96
76 206
76 239
77 363
77 113
77 312
77 313
77 125
77 159
78 259
78 353
78 212
79 169
79 250
79 395
79 213
79 159
80 250
80 274
80 238
81 323
81 266
81 365
81 399
81 336
81 212
81 119
81 186
81 379
82 96
82 256
82 131
82 230
82 202
82 237
82 91
83 224
83 344
83 392
83 269
83 240
83 276
83 184
83 217
83 124
84 342
85 234
85 276
85 284
85 285
85 318
86 130
86 166
86 319
87 378
87 355
87 397
87 366
88 299
88 374
88 279
88 253
89 129
89 194
89 177
89 271
89 231
90 331
90 300
90 335
90 304
90 176
91 274
91 198
91 383
92 369
92 170
93 241
93 245
94 230
94 330
94 155
94 255
95 181
95 311
96 288
96 152
96 122
97 194
97 269
97 366
98 257
98 210
98 107
98 246
98 359
99 166
99 360
99 399
99 245
99 216
100 392
100 108
100 115
100 212
101 335
101 183
102 266
102 155
102 163
102 374
103 380
103 121
103 212
103 335
103 324
104 222
104 251
105 305
105 123
106 160
106 226
106 323
106 301
106 238
106 397
106 114
106 276
107 274
107 145
107 147
107 308
108 261
108 334
108 210
108 338
108 212
108 182
109 342
109 234
109 349
110 386
110 137
110 361
110 335
110 343
110 121
111 233
111 385
111 367
112 128
112 392
112 174
112 336
112 340
112 315
113 114
113 339
113 187
113 350
113 159
114 257
114 393
114 300
114 120
115 283
115 278
116 222
117 352
117 353
117 167
117 297
117 138
118 168
118 298
118 183
118 122
119 195
119 121
120 135
120 170
120 249
120 254
121 299
121 260
122 225
122 371
122 384
123 264
123 174
123 399
124 224
124 385
124 357
124 393
124 330
124 267
124 309
125 363
125 176
125 313
125 218
126 322
127 200
127 340
127 214
128 297
128 136
128 366
128 343
129 290
129 281
129 276
129 149
129 372
130 318
130 324
130 143
131 225
131 164
131 330
131 348
132 203
132 189
133 192
133 237
133 302
134 224
134 170
134 374
134 253
134 150
135 256
135 271
135 335
135 399
135 253
136 256
136 313
136 289
137 160
137 228
137 168
137 360
137 207
137 208
139 276
139 230
139 222
139 183
140 353
140 196
140 392
140 141
140 397
140 247
140 219
141 381
141 318
142 160
142 300
142 301
142 205
142 251
142 285
143 192
143 394
143 306
143 311
143 186
144 205
144 248
144 314
144 394
145 256
145 324
145 367
146 228
146 197
146 265
146 399
146 246
146 312
146 380
146 221
147 250
147 276
147 373
147 182
148 256
148 272
148 260
148 173
149 352
149 226
149 325
149 205
149 371
149 342
149 375
150 291
150 377
150 301
150 368
150 212
150 157
151 167
151 194
151 247
151 338
152 298
152 380
152 314
152 220
153 208
153 385
153 288
153 173
154 163
155 184
155 297
155 342
156 320
156 352
156 250
156 220
156 189
156 351
157 362
157 273
157 211
157 350
158 333
158 274
158 181
159 297
159 306
159 183
159 346
160 196
160 169
160 332
161 272
162 178
162 241
163 287
163 243
163 307
163 284
163 222
163 191
164 355
164 191
165 371
165 273
165 219
165 388
166 229
166 197
166 175
166 246
167 198
167 338
167 245
169 226
169 356
169 299
169 243
169 285
170 248
170 225
170 297
170 330
170 187
170 351
171 256
171 196
171 332
171 375
171 318
171 287
172 362
173 239
173 241
173 275
173 379
174 288
174 271
174 274
174 375
174 190
174 222
175 260
175 261
175 229
175 180
175 374
176 193
176 225
176 367
176 380
176 223
177 368
177 274
177 380
178 258
178 358
178 237
178 241
178 180
178 344
179 386
179 389
179 231
180 184
180 241
180 266
182 323
182 325
182 358
183 325
183 200
183 246
183 374
183 219
184 288
184 277
184 340
185 265
185 314
185 317
186 322
186 376
186 314
186 252
187 347
187 301
188 320
188 395
188 212
188 215
189 214
189 248
189 221
190 200
190 234
190 252
190 335
191 258
192 394
192 308
194 297
194 220
194 252
195 322
195 347
196 304
196 246
197 326
197 245
197 348
198 256
198 260
198 363
198 219
198 335
198 371
198 282
199 296
199 360
199 367
199 376
199 287
200 277
201 257
202 233
202 362
203 357
203 229
203 240
203 378
204 288
204 356
204 360
204 249
204 286
204 223
205 381
205 227
206 258
206 264
206 241
206 350
207 365
207 299
207 349
208 385
208 301
208 397
210 264
210 311
211 393
211 239
212 260
212 265
212 275
212 316
212 318
213 271
213 240
213 244
213 347
213 348
214 226
214 354
214 387
214 232
214 301
214 270
214 272
214 279
214 249
215 299
216 312
216 320
216 376
216 319
218 238
218 367
218 241
218 245
218 350
219 355
219 302
219 338
219 279
220 296
220 305
220 279
221 266
221 300
221 340
222 307
223 257
223 363
223 237
223 242
223 251
224 323
224 325
224 345
224 370
224 310
224 249
225 323
225 357
225 387
225 302
225 337
225 398
225 371
226 267
226 275
226 277
227 292
227 326
227 298
227 395
227 251
227 308
227 373
228 293
228 395
228 397
228 255
229 332
229 278
231 257
231 344
233 384
233 387
233 298
233 244
234 350
234 237
235 280
235 251
235 278
236 355
236 302
236 244
236 349
237 394
237 373
238 398
239 357
239 359
240 288
240 306
240 311
241 384
241 379
241 347
241 287
242 271
242 319
242 268
243 326
243 391
243 250
244 257
244 332
244 310
245 335
246 367
247 249
247 251
247 358
248 363
248 374
248 311
248 281
249 312
249 296
249 372
249 347
250 358
250 348
251 256
251 327
251 308
252 258
252 297
252 332
253 358
254 377
254 381
255 297
255 341
256 356
256 261
256 294
256 332
257 259
258 265
258 273
258 276
259 390
259 313
260 377
261 288
261 296
261 361
261 340
261 277
262 291
262 279
263 326
264 349
264 362
265 320
265 352
265 385
265 393
266 322
266 315
267 339
268 353
268 393
269 323
269 389
269 312
269 283
269 381
270 338
272 361
272 285
273 325
273 334
273 307
274 320
274 324
274 326
274 364
274 309
274 377
274 351
275 396
275 373
275 278
275 343
276 329
276 366
276 341
276 283
278 356
278 300
278 347
279 391
279 337
281 299
282 368
283 320
283 335
284 376
286 330
286 340
287 336
288 344
289 381
290 340
292 320
292 328
292 353
294 350
295 358
295 362
295 343
296 395
296 309
297 385
297 374
300 395
301 326
301 315
302 348
304 375
306 355
306 382
307 326
309 326
310 363
310 397
310 382
312 382
314 322
314 341
316 325
316 349
317 321
317 381
318 387
318 379
321 363
321 388
321 390
322 327
322 331
322 373
323 388
324 325
324 330
325 327
327 356
328 342
330 396
331 359
331 333
331 382
333 398
337 395
337 362
341 390
342 385
342 372
345 362
345 395
347 373
348 378
348 371
349 367
350 358
350 364
351 367
351 368
353 388
354 359
355 385
356 398
357 389
359 377
360 382
365 391
367 369
367 371
370 382
374 392
377 398
378 389
381 382
382 391
382 392
383 397
388 395
391 394
