400 4000
0 262
0 17
0 35
0 291
0 293
0 171
0 305
0 308
0 309
0 57
0 190
0 65
0 199
0 72
0 206
0 80
0 90
0 95
0 352
0 365
0 367
0 120
0 121
0 381
1 2
1 3
1 4
1 344
1 360
1 393
1 138
1 139
1 332
1 141
1 110
1 367
1 146
1 147
1 22
1 183
1 216
1 313
1 215
1 287
2 128
2 321
2 36
2 292
2 294
2 327
2 297
2 76
2 205
2 237
2 333
2 397
2 113
2 50
2 83
2 52
2 379
2 27
2 287
3 258
3 132
3 101
3 260
3 71
3 72
3 332
3 144
3 83
3 213
3 183
3 250
3 91
3 63
4 384
4 258
4 9
4 141
4 150
4 282
4 32
4 294
4 43
4 172
4 48
4 49
4 177
4 307
4 323
4 329
4 84
4 90
4 349
4 359
4 360
4 366
4 241
4 114
4 381
5 289
5 196
5 319
5 359
5 136
5 200
5 74
5 395
5 333
5 79
5 16
5 251
5 50
5 148
5 118
5 343
5 250
5 219
5 254
5 255
6 128
6 390
6 9
6 138
6 142
6 20
6 21
6 30
6 42
6 303
6 58
6 187
6 318
6 319
6 64
6 321
6 327
6 200
6 331
6 76
6 205
6 78
6 336
6 337
6 85
6 95
6 227
6 228
6 110
6 374
6 375
6 248
6 378
7 160
7 320
7 162
7 196
7 294
7 72
7 105
7 75
7 11
7 45
7 334
7 395
7 16
7 370
7 275
7 307
7 280
7 380
7 381
7 223
8 34
8 247
8 201
8 394
8 11
8 142
8 303
8 368
8 156
8 180
8 21
8 308
8 55
8 348
8 249
8 91
8 127
8 158
8 95
9 320
9 193
9 68
9 167
9 198
9 266
9 44
9 332
9 398
9 50
9 116
9 247
9 313
9 189
9 223
10 388
10 197
10 325
10 326
10 104
10 138
10 282
10 44
10 303
10 115
10 21
10 23
10 24
10 154
11 128
11 65
11 153
11 193
11 164
11 197
11 261
11 41
11 264
11 355
11 205
11 16
11 184
11 57
11 347
11 189
11 221
12 33
12 321
12 215
12 353
12 167
12 264
12 233
12 208
12 113
12 179
12 117
12 150
12 54
12 248
12 153
12 58
12 254
13 386
13 389
13 263
13 138
13 271
13 19
13 154
13 27
13 32
13 38
13 305
13 307
13 308
13 69
13 209
13 342
13 89
13 91
13 106
13 236
13 375
13 254
14 192
14 193
14 34
14 67
14 196
14 37
14 247
14 41
14 105
14 78
14 143
14 179
14 371
14 149
14 150
14 214
14 24
14 88
14 189
14 126
15 256
15 35
15 293
15 105
15 42
15 43
15 169
15 268
15 110
15 303
15 332
15 393
15 114
15 394
15 85
15 151
15 188
15 343
16 261
16 269
16 279
16 155
16 292
16 179
16 180
16 312
16 317
16 327
16 205
16 78
16 334
16 209
16 84
16 85
16 341
16 87
16 88
16 219
16 91
16 92
16 347
16 351
16 105
16 379
17 320
17 232
17 43
17 76
17 203
17 205
17 237
17 178
17 115
17 371
17 117
17 372
17 381
17 25
17 378
17 283
17 29
18 263
18 270
18 143
18 290
18 163
18 291
18 165
18 45
18 52
18 180
18 315
18 316
18 201
18 202
18 333
18 207
18 340
18 214
18 349
18 97
18 126
18 369
18 380
18 122
18 124
18 254
19 256
19 162
19 130
19 229
19 330
19 173
19 398
19 240
19 399
19 20
19 315
20 129
20 34
20 98
20 193
20 225
20 230
20 136
20 268
20 143
20 275
20 374
20 215
20 312
20 57
20 283
20 124
20 94
20 31
21 64
21 121
21 194
21 225
21 258
21 198
21 41
21 139
21 206
21 177
21 82
21 147
21 54
21 119
21 312
21 89
21 346
21 317
22 130
22 322
22 376
22 38
22 198
22 74
22 138
22 203
22 330
22 238
22 363
22 365
22 273
22 274
22 211
22 148
22 340
22 278
22 216
22 62
23 96
23 288
23 355
23 325
23 390
23 135
23 393
23 394
23 78
23 142
23 238
23 147
23 180
23 118
23 182
23 249
23 347
23 157
23 62
23 383
24 396
24 274
24 280
24 152
24 32
24 161
24 53
24 184
24 60
24 66
24 326
24 333
24 337
24 343
24 216
24 90
24 96
24 98
24 359
24 365
24 249
24 382
25 97
25 168
25 328
25 42
25 170
25 268
25 282
25 60
25 303
25 240
25 51
25 181
25 218
25 28
26 388
26 69
26 293
26 71
26 231
26 331
26 395
26 239
26 48
26 303
26 115
26 310
26 120
26 313
26 94
26 191
27 288
27 66
27 36
27 99
27 104
27 328
27 362
27 238
27 397
27 80
27 113
27 50
27 144
27 178
27 154
27 349
27 317
28 64
28 33
28 140
28 268
28 305
28 306
28 245
28 118
28 150
28 277
28 310
28 61
28 382
29 96
29 385
29 35
29 259
29 229
29 70
29 200
29 42
29 74
29 330
29 110
29 79
29 283
29 50
29 336
29 346
29 123
29 284
29 221
30 257
30 135
30 40
30 105
30 268
30 141
30 333
30 47
30 176
30 146
30 87
30 216
30 250
30 375
31 321
31 35
31 164
31 135
31 103
31 168
31 360
31 43
31 332
31 77
31 361
31 175
31 176
31 240
31 397
31 341
31 376
31 154
31 219
31 221
32 160
32 33
32 259
32 323
32 344
32 356
32 106
32 203
32 270
32 79
32 283
32 242
32 84
32 154
32 251
32 318
33 259
33 134
33 173
33 142
33 92
33 364
33 309
33 215
33 375
34 129
34 262
34 273
34 284
34 165
34 38
34 175
34 49
34 52
34 185
34 204
34 333
34 339
34 340
34 346
34 90
34 227
34 102
34 367
34 377
34 252
34 381
35 395
35 142
35 167
35 45
35 46
35 304
35 54
35 182
35 187
35 61
35 192
35 320
35 66
35 326
35 199
35 209
35 210
35 214
35 345
35 229
35 357
35 232
36 390
36 289
36 290
36 163
36 49
36 180
36 309
36 57
36 317
36 64
36 320
36 200
36 335
36 212
36 214
36 90
36 239
36 117
36 250
36 124
37 133
37 262
37 389
37 398
37 148
37 276
37 287
37 175
37 58
37 315
37 68
37 325
37 326
37 202
37 209
37 216
37 92
37 230
37 104
37 363
37 110
37 124
38 161
38 98
38 197
38 104
38 200
38 107
38 331
38 77
38 142
38 303
38 335
38 371
38 277
38 182
38 283
38 92
38 285
38 382
39 67
39 292
39 324
39 326
39 387
39 41
39 74
39 137
39 334
39 306
39 51
39 309
39 54
39 86
39 312
39 123
40 353
40 322
40 195
40 287
40 388
40 166
40 41
40 267
40 365
40 372
40 95
40 121
40 91
40 380
40 127
41 129
41 288
41 293
41 167
41 44
41 317
41 192
41 66
41 200
41 202
41 83
41 339
41 97
41 361
41 109
41 246
41 252
42 160
42 192
42 217
42 197
42 71
42 104
42 325
42 205
42 269
42 336
42 81
42 306
42 93
42 182
42 285
42 317
43 258
43 68
43 231
43 334
43 143
43 144
43 307
43 117
43 150
43 214
43 309
43 346
43 347
43 252
43 93
43 95
44 199
44 74
44 234
44 236
44 175
44 398
44 113
44 82
44 116
44 55
44 122
44 348
44 159
45 128
45 352
45 259
45 104
45 232
45 202
45 233
45 263
45 395
45 367
45 48
45 176
45 277
45 313
45 379
45 254
45 319
46 283
46 302
46 175
46 313
46 61
46 68
46 196
46 72
46 338
46 341
46 347
46 94
46 100
46 103
46 361
46 109
46 237
46 124
46 369
46 114
46 376
46 252
46 255
47 322
47 386
47 228
47 325
47 103
47 168
47 233
47 362
47 77
47 378
47 81
47 83
47 51
47 276
47 373
47 375
47 346
47 285
47 63
48 193
48 162
48 385
48 198
48 263
48 326
48 390
48 266
48 362
48 393
48 270
48 177
48 146
48 52
48 350
49 67
49 66
49 291
49 168
49 326
49 364
49 335
49 145
49 305
49 281
49 189
49 158
50 129
50 132
50 279
50 159
50 293
50 305
50 51
50 313
50 60
50 63
50 66
50 329
50 202
50 76
50 338
50 86
50 223
50 225
50 354
50 363
50 109
50 239
50 368
50 369
50 243
50 116
50 244
50 121
51 132
51 134
51 391
51 397
51 272
51 155
51 157
51 294
51 169
51 186
51 187
51 60
51 61
51 192
51 321
51 200
51 337
51 90
51 226
51 354
51 365
51 240
51 243
51 245
51 118
51 377
52 320
52 385
52 164
52 134
52 154
52 395
52 108
52 83
52 379
52 86
52 311
52 58
52 251
52 319
53 194
53 67
53 100
53 258
53 70
53 230
53 319
53 376
53 202
53 299
53 300
53 77
53 112
53 116
53 150
53 310
53 283
53 252
53 191
54 138
54 141
54 285
54 290
54 319
54 65
54 70
54 332
54 82
54 83
54 338
54 218
54 220
54 358
54 367
54 117
54 252
54 127
55 128
55 257
55 290
55 170
55 395
55 237
55 80
55 305
55 371
55 375
56 256
56 66
56 195
56 290
56 167
56 327
56 266
56 299
56 108
56 237
56 395
56 144
56 368
56 146
56 147
56 342
56 250
56 284
56 317
57 384
57 263
57 266
57 396
57 154
57 158
57 163
57 192
57 195
57 341
57 219
57 220
57 222
57 100
57 241
57 369
57 373
57 120
57 249
58 129
58 161
58 228
58 198
58 200
58 293
58 171
58 203
58 236
58 241
58 210
58 214
58 251
58 348
58 222
59 69
59 358
59 103
59 263
59 389
59 174
59 111
59 272
59 338
59 85
59 86
59 182
59 152
59 213
59 60
60 270
60 277
60 280
60 153
60 158
60 292
60 302
60 181
60 185
60 314
60 317
60 204
60 77
60 332
60 83
60 89
60 94
60 101
60 364
60 367
61 385
61 101
61 69
61 167
61 233
61 106
61 202
61 365
61 175
61 176
61 305
61 309
61 150
61 310
61 186
61 375
62 161
62 353
62 69
62 358
62 103
62 73
62 172
62 269
62 346
62 143
62 211
62 148
62 86
62 245
62 186
62 187
62 343
62 127
63 382
63 388
63 394
63 144
63 282
63 165
63 170
63 320
63 331
63 204
63 210
63 212
63 87
63 90
63 220
63 352
63 353
63 245
63 118
63 246
63 126
63 254
64 96
64 256
64 70
64 327
64 233
64 266
64 359
64 179
64 216
64 345
64 250
64 317
64 157
65 195
65 325
65 166
65 294
65 169
65 106
65 299
65 361
65 142
65 212
65 246
65 376
65 313
65 250
65 283
65 284
66 390
66 136
66 137
66 395
66 270
66 296
66 169
66 301
66 178
66 310
66 192
66 71
66 74
66 332
66 211
66 85
66 220
66 112
66 379
67 68
67 262
67 295
67 173
67 82
67 115
67 212
67 117
67 118
67 90
67 317
67 255
68 128
68 151
68 283
68 291
68 292
68 293
68 296
68 170
68 69
68 72
68 202
68 77
68 84
68 214
68 88
68 220
68 228
68 102
68 382
69 143
69 271
69 277
69 281
69 284
69 162
69 164
69 297
69 179
69 312
69 193
69 71
69 330
69 231
69 105
69 110
69 248
70 137
70 269
70 275
70 150
70 281
70 160
70 164
70 300
70 301
70 174
70 304
70 188
70 320
70 195
70 82
70 340
70 91
70 353
70 235
70 237
70 112
70 249
71 256
71 387
71 389
71 141
71 276
71 150
71 280
71 289
71 167
71 168
71 321
71 325
71 84
71 87
71 216
71 346
71 221
71 366
71 113
71 116
71 374
71 121
71 124
72 96
72 99
72 265
72 297
72 207
72 315
72 83
72 211
72 248
72 187
72 191
73 321
73 259
73 262
73 233
73 361
73 395
73 109
73 110
73 301
73 208
73 114
73 211
73 244
73 275
73 371
73 250
73 92
73 349
73 158
73 159
74 160
74 289
74 322
74 167
74 218
74 314
74 276
74 341
74 374
74 154
74 187
75 161
75 98
75 290
75 292
75 166
75 230
75 392
75 315
75 152
75 122
75 187
75 222
75 127
76 163
76 102
76 201
76 377
76 399
76 80
76 81
76 82
76 307
76 246
76 343
76 153
76 255
77 194
77 356
77 383
77 363
77 395
77 110
77 206
77 154
77 253
77 254
78 391
78 149
78 166
78 296
78 174
78 181
78 311
78 188
78 197
78 325
78 201
78 337
78 82
78 86
78 216
78 349
78 234
78 373
78 382
79 355
79 231
79 104
79 172
79 80
79 81
79 178
79 274
79 212
79 348
79 376
79 90
79 316
79 255
80 385
80 99
80 260
80 261
80 391
80 104
80 123
80 171
80 395
80 304
80 241
80 274
80 220
80 351
81 129
81 133
81 267
81 144
81 276
81 280
81 167
81 168
81 302
81 303
81 194
81 197
81 202
81 211
81 92
81 230
81 232
81 234
81 376
82 260
82 396
82 298
82 181
82 183
82 199
82 333
82 210
82 86
82 89
82 221
82 224
82 225
82 231
82 109
82 369
83 264
83 268
83 141
83 142
83 279
83 292
83 300
83 188
83 340
83 231
83 361
83 106
83 234
83 110
84 128
84 169
84 234
84 204
84 109
84 113
84 117
84 248
84 381
84 95
85 263
85 266
85 396
85 142
85 156
85 162
85 291
85 182
85 183
85 318
85 334
85 338
85 340
85 222
85 227
85 357
85 365
85 370
85 126
85 383
86 129
86 136
86 153
86 168
86 300
86 310
86 312
86 317
86 193
86 328
86 204
86 346
86 361
86 115
86 123
86 124
87 97
87 193
87 131
87 226
87 101
87 255
87 238
87 176
87 177
87 119
87 216
87 126
88 321
88 130
88 354
88 324
88 199
88 270
88 113
88 144
88 145
88 241
88 342
88 343
88 152
88 249
88 346
88 318
89 289
89 322
89 228
89 356
89 294
89 199
89 360
89 169
89 234
89 362
89 365
89 208
89 209
89 272
89 213
89 373
89 283
90 140
90 155
90 292
90 293
90 167
90 196
90 338
90 342
90 356
90 359
90 363
90 114
90 246
90 127
91 128
91 318
91 322
91 260
91 200
91 240
91 211
91 307
91 186
91 219
91 157
91 126
92 129
92 275
92 156
92 159
92 289
92 292
92 298
92 300
92 177
92 182
92 315
92 332
92 224
92 356
92 357
92 237
92 375
92 121
92 127
93 224
93 322
93 163
93 231
93 263
93 169
93 264
93 398
93 303
93 208
93 336
93 180
93 341
93 283
93 221
94 258
94 131
94 323
94 105
94 298
94 140
94 127
94 239
94 112
94 209
94 301
94 334
94 367
94 214
94 379
94 219
94 95
95 288
95 163
95 197
95 268
95 305
95 213
95 183
95 216
95 281
95 315
95 191
96 260
96 137
96 396
96 141
96 157
96 288
96 290
96 296
96 176
96 307
96 199
96 340
96 215
96 347
96 370
96 243
96 119
96 252
97 261
97 140
97 149
97 286
97 309
97 194
97 198
97 326
97 328
97 215
97 345
97 218
97 223
97 224
97 228
97 117
97 377
97 251
98 354
98 261
98 295
98 200
98 205
98 397
98 283
98 347
98 219
98 318
98 223
99 288
99 258
99 163
99 227
99 134
99 105
99 395
99 116
99 148
99 149
99 342
99 152
99 153
99 252
100 128
100 389
100 135
100 263
100 148
100 151
100 166
100 296
100 198
100 330
100 210
100 211
100 343
100 122
100 231
100 104
100 358
100 108
100 367
100 244
100 246
100 250
100 251
101 224
101 288
101 389
101 391
101 104
101 265
101 106
101 234
101 331
101 237
101 333
101 303
101 176
101 242
101 339
102 229
102 388
102 234
102 205
102 236
102 207
102 237
102 300
102 180
102 215
102 121
102 349
103 132
103 133
103 261
103 287
103 358
103 363
103 333
103 175
103 272
103 274
103 338
103 378
103 373
103 250
103 124
103 157
104 288
104 235
104 299
104 176
104 114
104 177
104 313
105 384
105 261
105 264
105 391
105 278
105 279
105 160
105 176
105 184
105 187
105 316
105 232
105 234
105 111
105 381
105 244
105 119
105 253
106 139
106 146
106 275
106 173
106 311
106 205
106 349
106 375
106 353
106 109
106 367
106 240
106 247
106 379
106 125
106 254
106 383
107 163
107 388
107 295
107 168
107 264
107 392
107 331
107 268
107 206
107 274
107 183
107 151
107 282
107 251
107 285
108 196
108 197
108 331
108 367
108 368
108 274
108 370
108 278
108 119
108 282
108 189
109 160
109 258
109 290
109 135
109 296
109 267
109 173
109 270
109 335
109 177
109 364
109 343
109 152
110 384
110 389
110 147
110 278
110 289
110 165
110 321
110 334
110 208
110 212
110 346
110 351
110 364
110 371
110 126
111 386
111 195
111 324
111 328
111 393
111 207
111 303
111 146
111 306
111 244
111 372
111 246
111 348
111 217
111 220
111 350
112 296
112 267
112 174
112 176
112 240
112 147
112 243
112 309
112 378
112 155
112 190
112 349
112 287
113 128
113 130
113 135
113 394
113 143
113 146
113 280
113 180
113 181
113 184
113 187
113 316
113 198
113 344
113 360
113 233
113 114
113 116
113 248
114 355
114 390
114 186
114 362
114 369
114 279
114 184
114 313
114 349
114 189
114 127
115 194
115 322
115 355
115 357
115 172
115 237
115 301
115 368
115 145
115 243
115 340
115 150
115 375
115 311
115 287
116 352
116 193
116 388
116 166
116 296
116 361
116 331
116 177
116 369
116 381
117 258
117 266
117 267
117 143
117 286
117 163
117 184
117 324
117 202
117 332
117 333
117 334
117 211
117 216
117 217
117 226
117 240
117 119
117 123
118 195
118 387
118 299
118 127
118 206
118 375
118 304
118 177
118 182
118 120
118 314
118 221
119 134
119 136
119 328
119 172
119 239
119 303
119 367
119 276
119 341
119 249
120 153
120 386
120 217
120 134
120 328
120 139
120 204
120 141
120 270
120 299
120 331
120 209
120 149
120 215
120 341
120 286
121 161
121 289
121 312
121 261
121 298
121 238
121 177
121 341
121 184
121 380
121 285
121 221
122 160
122 256
122 259
122 229
122 393
122 396
122 299
122 174
122 238
122 365
122 177
122 210
122 212
122 241
122 366
122 286
123 352
123 321
123 323
123 361
123 267
123 300
123 270
123 336
123 222
123 212
123 157
123 152
123 314
123 188
123 190
124 257
124 260
124 136
124 137
124 394
124 144
124 148
124 280
124 283
124 302
124 304
124 310
124 315
124 325
124 334
124 337
124 338
124 347
124 374
124 250
125 130
125 232
125 203
125 207
125 144
125 239
125 210
125 277
125 342
125 279
125 373
125 317
125 191
126 389
126 141
126 285
126 163
126 291
126 324
126 332
126 335
126 339
126 213
126 218
126 234
126 235
126 240
126 242
126 376
126 380
126 383
127 386
127 268
127 270
127 288
127 291
127 292
127 173
127 304
127 181
127 311
127 184
127 326
127 331
127 225
127 230
127 232
127 246
127 255
128 257
128 130
128 162
128 169
128 202
128 283
128 310
128 314
128 190
128 287
129 385
129 133
129 137
129 397
129 270
129 143
129 398
129 148
129 284
129 172
129 193
129 199
129 329
129 330
129 214
129 218
129 365
130 193
130 226
130 289
130 387
130 326
130 231
130 393
130 399
130 178
130 306
130 369
130 246
131 160
131 356
131 198
131 328
131 233
131 298
131 396
131 150
131 182
131 186
131 349
131 222
131 158
132 321
132 328
132 393
132 170
132 239
132 144
132 272
132 146
132 368
132 369
132 343
132 348
133 226
133 255
133 196
133 135
133 296
133 336
133 146
133 210
133 148
133 277
133 186
133 317
133 223
134 193
134 141
134 371
134 246
134 378
134 252
134 152
135 255
135 196
135 231
135 359
135 362
135 332
135 341
135 373
135 215
136 259
136 383
136 396
136 146
136 277
136 278
136 156
136 161
136 164
136 309
136 183
136 318
136 319
136 200
136 231
136 240
136 250
136 254
136 255
137 327
137 206
137 210
137 152
138 258
138 263
138 265
138 278
138 305
138 306
138 314
138 316
138 192
138 203
138 212
138 213
138 355
138 229
138 361
138 237
138 365
138 240
138 370
138 371
139 386
139 260
139 165
139 389
139 360
139 394
139 314
139 378
139 273
139 178
139 371
139 157
139 375
139 282
139 348
139 152
139 255
140 224
140 162
140 312
140 352
140 198
140 231
140 391
140 393
140 268
140 302
140 304
140 220
140 151
140 152
140 219
140 317
141 394
141 299
141 204
141 363
141 181
141 223
142 224
142 393
142 333
142 336
142 145
142 178
142 211
142 246
142 151
142 316
142 191
143 160
143 224
143 200
143 203
143 205
143 176
143 208
143 243
143 277
143 343
143 314
144 256
144 227
144 167
144 172
144 300
144 271
144 368
144 177
144 277
144 151
145 162
145 258
145 354
145 365
145 263
145 234
145 333
145 302
145 176
145 177
145 305
145 181
145 278
145 247
145 283
145 318
145 223
146 388
146 390
146 391
146 392
146 396
146 398
146 167
146 173
146 176
146 308
146 314
146 319
146 203
146 215
146 234
146 241
146 371
146 245
147 390
147 391
147 395
147 277
147 158
147 173
147 321
147 325
147 202
147 204
147 230
147 231
147 367
147 243
147 372
147 377
147 254
148 384
148 267
148 152
148 281
148 154
148 287
148 303
148 315
148 189
148 323
148 334
148 350
148 364
149 321
149 291
149 353
149 299
149 209
149 339
149 345
149 314
149 155
149 188
149 349
150 258
150 207
150 335
150 339
150 341
150 344
151 224
151 196
151 292
151 171
151 208
151 336
151 370
151 309
151 153
151 380
151 350
152 260
152 389
152 275
152 156
152 297
152 199
152 329
152 330
152 366
152 368
152 254
153 165
153 229
153 329
153 175
153 178
153 188
153 242
153 342
153 251
153 190
154 257
154 272
154 158
154 321
154 195
154 324
154 200
154 332
154 346
154 218
154 352
154 357
154 373
154 248
154 252
154 382
155 352
155 225
155 326
155 167
155 393
155 303
155 177
155 180
156 312
156 326
156 330
156 331
156 363
156 366
156 245
156 283
156 317
156 254
157 322
157 350
157 294
157 236
157 363
157 365
157 244
157 213
157 245
157 184
157 183
157 343
158 391
158 265
158 287
158 169
158 172
158 312
158 186
158 320
158 336
158 214
158 216
158 221
158 354
158 355
158 236
158 382
159 353
159 358
159 202
159 297
159 271
159 240
159 303
159 211
160 358
160 363
160 333
160 210
160 188
161 350
161 227
161 344
161 351
161 359
161 203
161 282
161 240
161 243
161 317
161 284
161 253
161 216
162 391
162 398
162 271
162 278
162 287
162 325
162 328
162 334
162 336
162 337
162 343
162 344
162 227
162 357
162 360
163 385
163 164
163 302
163 312
163 314
163 196
163 326
163 203
163 211
163 353
163 226
163 356
163 368
163 381
164 166
164 168
164 170
164 357
164 359
164 206
164 364
164 398
164 282
165 192
165 295
165 200
165 394
165 172
165 368
165 180
165 186
165 350
166 194
166 326
166 236
166 331
166 274
166 370
166 372
166 252
166 349
166 350
167 258
167 272
167 286
167 298
167 325
167 219
167 346
167 347
167 223
167 228
167 229
167 383
168 386
168 261
168 392
168 265
168 393
168 267
168 288
168 216
168 347
168 362
168 374
168 375
168 377
168 379
168 252
168 254
169 322
169 287
169 392
169 393
169 395
169 215
169 223
170 319
170 388
170 179
170 373
170 348
170 254
171 260
171 296
171 201
171 233
171 266
171 394
171 302
171 304
171 219
171 221
171 222
172 388
172 378
172 175
172 274
172 179
172 343
172 186
173 388
173 357
173 198
173 231
173 351
173 273
173 214
173 311
173 248
173 375
173 286
174 225
174 390
174 234
174 266
174 282
174 209
174 240
174 372
174 221
174 255
175 274
175 278
175 280
175 283
175 181
175 190
175 327
175 203
175 334
175 336
175 213
175 226
175 370
175 247
175 251
175 381
176 263
176 361
176 334
176 189
176 214
176 248
176 251
176 188
177 391
177 275
177 282
177 303
177 179
177 192
177 332
177 360
177 254
178 258
178 319
178 390
178 327
178 268
178 272
178 210
178 334
178 350
178 255
179 224
179 232
179 297
179 333
179 377
179 250
179 348
180 390
180 317
180 269
180 219
180 311
180 189
180 181
180 244
180 345
181 388
181 390
181 286
181 307
181 311
181 187
181 188
181 316
181 223
181 226
181 356
181 365
181 240
181 242
182 387
182 389
182 264
182 267
182 274
182 275
182 278
182 307
182 313
182 193
182 202
182 337
182 340
182 346
182 222
182 359
182 380
183 289
183 229
183 389
183 295
183 359
183 234
183 266
183 239
183 306
183 338
183 339
183 380
184 269
184 274
184 292
184 302
184 319
184 323
184 330
184 331
184 339
184 340
184 342
184 222
184 228
184 233
184 371
184 374
184 248
184 255
185 353
185 226
185 255
185 260
185 355
185 235
185 238
185 366
185 272
185 242
185 278
185 344
185 381
185 191
186 350
186 194
186 325
186 317
186 395
186 236
186 396
186 287
187 323
187 351
187 234
187 268
187 305
187 338
187 254
187 380
187 253
187 287
188 260
188 278
188 285
188 314
188 316
188 192
188 320
188 322
188 200
188 222
188 234
188 368
188 380
189 352
189 226
189 195
189 393
189 206
189 244
189 372
189 280
189 315
189 382
189 319
190 257
190 227
190 320
190 230
190 326
190 232
190 391
190 235
190 335
190 367
190 284
190 252
190 286
190 287
191 386
191 355
191 391
191 201
191 392
191 203
191 236
191 300
191 363
191 211
191 310
191 216
191 283
191 316
192 262
192 295
192 200
192 359
192 362
192 240
192 278
192 279
192 254
193 389
193 397
193 272
193 280
193 287
193 292
193 307
193 195
193 323
193 348
193 354
193 253
193 254
194 388
194 393
194 287
194 299
194 304
194 305
194 319
194 204
194 206
194 209
194 218
194 354
194 372
194 247
194 380
195 256
195 257
195 289
195 296
195 313
195 328
195 223
195 236
195 237
195 244
195 374
195 383
196 355
196 262
196 293
196 299
196 330
196 357
196 210
196 306
196 338
196 248
196 348
197 324
197 293
197 231
197 325
197 201
197 240
197 336
197 244
197 348
198 321
198 388
198 326
198 267
198 398
198 271
198 209
198 399
198 249
198 285
199 356
199 294
199 327
199 301
199 302
199 333
199 338
199 276
199 277
199 285
200 386
200 271
200 272
200 282
200 293
200 314
200 329
200 202
200 340
200 216
200 222
200 254
201 394
201 279
201 282
201 295
201 304
201 306
201 326
201 206
201 340
201 218
201 353
201 231
201 363
201 365
201 239
201 380
202 389
202 266
202 271
202 310
202 318
202 322
202 328
202 335
202 209
202 213
202 220
202 250
203 267
203 302
203 329
203 340
203 349
203 354
203 228
203 357
203 234
203 364
203 239
203 254
204 259
204 390
204 394
204 268
204 274
204 276
204 279
204 298
204 299
204 349
204 222
204 352
204 366
204 241
205 261
205 300
205 309
205 343
205 376
206 295
206 303
206 307
206 312
206 325
206 212
206 342
206 355
206 229
206 234
206 237
206 374
207 224
207 363
207 367
207 273
207 242
207 343
207 314
207 223
208 389
208 230
208 358
208 381
208 341
208 214
208 310
208 317
209 263
209 271
209 310
209 335
209 336
209 339
209 227
209 376
209 229
209 232
209 361
209 247
209 380
210 352
210 285
210 297
210 361
210 271
210 399
210 253
210 380
211 257
211 395
211 399
211 288
211 295
211 303
211 319
211 329
211 339
211 362
212 295
212 296
212 361
212 267
212 334
212 366
212 213
212 311
212 280
212 217
213 231
213 313
213 298
213 397
213 308
213 341
214 225
214 324
214 390
214 396
214 399
214 380
214 253
215 258
215 261
215 329
215 301
215 278
215 220
216 265
216 281
216 285
216 287
216 361
216 241
216 382
217 352
217 357
217 362
217 268
217 336
217 275
217 220
217 255
218 226
218 258
218 356
218 331
218 393
218 346
218 378
218 304
218 241
218 242
218 245
218 253
219 350
219 258
219 229
219 331
219 302
219 333
219 241
219 316
220 291
220 230
220 281
220 304
220 275
220 309
220 247
220 380
220 382
221 231
221 398
221 307
221 370
221 375
221 312
222 229
222 328
222 298
222 329
222 271
222 369
222 307
222 245
222 223
223 387
223 394
223 319
223 344
223 241
223 252
223 253
223 254
224 234
224 244
224 284
224 344
224 379
225 259
225 228
225 324
225 325
225 359
225 233
225 330
225 362
225 370
226 256
226 323
226 324
226 327
226 328
226 377
226 309
226 374
227 258
227 230
227 231
227 392
227 332
227 398
227 254
227 344
227 284
228 389
228 232
228 281
228 250
228 297
228 302
228 274
228 246
228 382
228 319
229 347
229 308
229 348
230 353
230 324
230 387
230 298
230 370
230 276
230 339
231 390
231 393
231 397
231 398
231 274
231 288
231 333
231 344
231 354
231 355
231 240
231 249
231 382
232 290
232 261
232 301
232 245
232 311
232 279
232 347
233 302
233 334
233 242
233 365
233 341
233 246
233 374
234 384
234 387
234 390
234 281
234 333
234 240
234 369
235 292
235 391
235 361
235 238
235 379
235 245
235 283
235 381
236 261
236 313
236 250
236 330
236 240
236 381
236 278
236 254
236 281
236 348
237 266
237 295
237 304
237 331
237 348
237 358
237 242
237 245
237 373
238 318
238 322
238 260
238 391
238 329
238 273
238 245
238 286
238 319
239 264
239 265
239 267
239 272
239 368
239 307
239 308
239 339
239 248
239 380
240 264
240 381
240 254
240 255
241 257
241 279
241 280
241 281
241 282
241 288
241 317
241 323
241 339
241 345
241 353
241 366
242 263
242 255
243 355
243 389
243 359
243 362
243 363
243 268
244 259
244 355
244 298
244 361
244 333
244 393
244 341
244 253
244 282
244 319
245 350
245 319
245 273
245 277
245 339
245 345
246 323
246 262
246 396
246 378
246 252
246 379
247 292
247 261
247 293
247 324
247 362
247 365
247 399
247 281
247 349
247 318
248 385
248 258
248 278
248 292
248 318
248 321
248 325
248 326
248 372
248 373
248 377
249 344
249 349
249 270
249 365
249 398
249 274
249 338
249 310
249 342
249 279
249 253
249 380
250 332
250 334
250 335
250 308
250 291
251 291
251 281
251 263
251 265
251 377
251 306
251 379
251 341
251 315
251 253
252 290
252 392
252 375
253 387
253 372
254 257
254 325
254 340
254 355
254 365
254 381
255 263
255 270
255 273
255 330
255 333
255 337
255 346
255 351
255 355
256 395
256 365
256 334
256 303
256 275
256 373
257 318
257 296
257 395
257 346
257 398
257 306
257 284
257 310
257 313
257 349
258 262
258 396
258 294
258 379
259 303
259 272
259 277
259 283
259 348
260 320
260 385
260 394
260 333
260 337
261 279
261 291
261 303
261 305
261 310
261 330
261 377
261 366
261 372
262 263
262 396
262 303
262 336
262 374
262 315
262 316
262 318
263 396
263 280
263 335
263 344
263 376
263 383
264 391
264 265
264 276
264 277
264 310
264 374
264 378
264 380
265 269
265 273
265 369
265 279
265 284
265 375
266 353
266 290
266 357
266 294
266 399
266 310
266 348
267 389
267 294
267 394
267 367
267 275
268 388
268 302
268 365
268 338
268 339
269 292
269 365
269 369
269 319
270 289
270 345
270 297
270 330
270 347
270 372
270 342
270 318
271 290
271 322
271 296
271 298
271 362
271 340
271 341
271 378
272 364
272 310
272 380
273 352
273 384
273 284
273 381
273 350
274 390
274 279
274 290
274 308
274 321
274 331
274 339
274 343
274 344
274 350
274 354
274 360
274 362
275 291
275 363
275 393
275 308
275 378
275 283
275 349
275 383
276 321
276 326
276 345
276 334
276 377
276 394
276 307
276 396
276 313
276 350
277 353
277 297
277 299
277 330
277 284
277 282
278 320
278 391
278 396
278 308
278 286
279 353
279 384
279 294
279 335
279 368
279 285
280 386
280 390
280 303
280 309
280 315
280 316
280 323
280 339
280 341
280 342
280 351
281 392
281 398
281 289
281 295
281 302
281 311
281 347
281 352
281 366
282 291
282 357
282 389
282 296
282 285
283 398
283 291
283 309
283 310
283 316
283 323
283 343
283 353
284 350
284 391
284 310
284 316
285 384
285 293
285 301
285 308
285 316
285 318
285 333
285 342
285 345
286 312
286 344
286 292
286 353
286 397
286 308
286 315
286 317
287 390
287 393
287 363
287 369
288 321
288 298
288 362
288 315
288 337
288 340
289 326
289 393
289 363
289 335
290 344
290 303
290 305
290 374
290 383
291 394
291 347
292 393
292 298
292 302
292 355
293 320
293 354
293 379
293 349
294 390
294 295
294 297
294 301
294 304
294 305
294 314
294 323
294 330
294 331
294 355
294 358
294 373
294 383
295 354
295 315
295 351
296 387
296 388
296 391
296 395
296 301
296 348
296 357
296 368
296 372
297 376
297 299
297 397
297 340
297 318
298 353
298 333
298 349
299 355
299 376
299 377
299 363
299 393
299 398
300 325
301 352
301 387
301 328
301 362
301 303
301 308
301 372
301 344
301 380
302 327
302 339
302 351
303 385
303 322
303 342
303 344
303 347
303 352
303 376
304 359
304 332
304 333
304 336
304 396
304 371
304 379
306 322
306 333
306 307
306 340
306 371
307 323
307 377
308 361
308 393
308 313
308 379
309 359
309 361
309 369
309 343
310 319
310 324
310 336
310 343
311 360
311 396
311 340
312 390
312 396
312 318
312 328
312 329
312 349
312 370
312 378
313 373
314 328
314 334
314 341
314 345
315 318
315 394
315 333
315 397
315 368
316 397
316 329
316 332
316 339
316 345
316 348
316 354
316 377
316 380
317 324
317 327
317 341
317 343
317 352
317 373
318 325
318 331
318 347
318 350
319 392
319 330
319 337
319 338
319 340
319 353
319 361
319 370
320 328
320 355
320 336
320 370
320 347
321 342
321 345
321 351
321 357
321 358
322 376
322 394
322 372
322 342
323 389
323 381
324 355
324 373
325 392
325 399
325 327
325 344
325 360
326 385
326 330
326 339
326 351
326 357
326 359
327 355
327 361
327 397
327 380
327 350
327 383
328 331
328 332
328 343
328 374
329 387
329 396
329 368
329 381
330 394
330 336
330 352
330 353
330 355
330 382
331 342
332 350
332 354
332 372
333 383
333 397
333 346
333 364
333 370
334 357
334 363
335 346
336 342
336 359
336 367
336 372
336 375
337 357
337 383
337 361
338 386
338 389
338 366
338 375
338 350
339 390
339 391
339 367
339 373
340 384
340 390
340 378
341 348
341 360
342 386
342 396
342 365
342 381
343 352
343 370
343 381
344 386
344 351
344 376
344 380
345 363
345 367
345 381
346 361
346 348
347 394
347 367
348 386
348 393
348 360
348 373
349 384
349 376
350 358
350 366
350 376
351 384
352 368
352 374
354 376
354 387
354 377
356 394
356 397
356 382
357 382
359 376
359 363
359 370
360 395
361 372
362 376
363 388
363 390
363 398
364 384
364 387
364 391
364 370
365 375
366 382
366 391
367 391
367 393
368 373
368 382
369 387
369 374
369 375
373 384
374 395
374 377
374 381
376 385
376 387
376 380
377 389
377 396
377 397
377 379
379 396
380 386
381 382
382 393
383 390
384 391
384 397
385 389
385 399
386 387
386 390
387 389
387 396
389 392
