400 1000
0 128
0 367
0 336
0 209
0 179
0 344
1 321
1 66
1 35
1 166
1 381
1 341
1 118
1 61
2 164
2 292
2 232
2 73
2 147
2 149
3 259
3 7
3 170
3 76
3 375
3 59
4 291
4 349
4 293
4 14
5 232
5 69
5 214
6 232
6 266
6 13
6 141
6 178
6 242
7 283
7 204
7 205
8 202
8 66
8 355
8 21
8 119
9 56
9 376
9 372
9 269
10 17
10 142
10 209
10 94
10 279
11 65
11 18
11 185
11 156
11 187
12 72
12 257
12 50
12 211
12 281
13 160
13 394
13 303
13 375
13 279
13 286
14 379
14 276
14 206
15 150
15 175
16 123
16 52
17 232
17 173
17 333
17 271
17 181
17 118
18 224
18 34
18 37
18 296
18 233
18 202
18 109
18 141
18 341
18 315
19 56
19 178
19 141
19 118
21 384
21 97
21 327
21 239
21 49
21 305
21 307
21 316
21 29
22 185
22 173
22 263
23 272
23 312
23 35
23 351
24 67
24 324
24 329
24 42
24 144
24 339
24 189
24 94
25 204
26 64
26 38
26 327
26 40
26 205
26 180
26 148
26 249
26 350
27 145
27 257
27 399
28 385
28 290
28 136
28 332
28 78
28 83
28 117
29 80
29 209
29 38
29 31
30 123
30 276
30 62
31 170
31 50
31 374
31 182
31 94
32 81
32 295
32 279
33 170
33 316
33 295
34 73
34 343
34 143
35 129
35 293
35 39
35 369
35 149
35 157
36 65
36 198
36 202
36 365
36 112
36 341
36 283
36 252
37 366
37 292
37 142
37 327
38 132
38 41
38 43
38 348
38 284
40 384
40 355
40 326
40 75
40 208
40 306
41 96
41 99
41 164
41 73
41 361
41 395
41 150
41 86
41 250
42 265
42 124
42 302
43 227
43 238
43 397
43 95
44 46
45 74
45 268
45 279
46 331
46 48
46 49
46 340
46 86
46 312
46 57
46 92
47 226
47 382
47 102
47 232
47 77
47 252
47 247
47 88
47 120
47 93
47 222
48 320
48 228
48 136
48 106
48 174
48 280
49 312
49 326
49 143
49 248
50 160
50 223
50 100
50 103
50 203
50 152
50 314
50 380
51 95
52 148
52 92
52 292
52 159
53 161
53 98
53 293
53 198
53 231
53 327
53 362
53 148
53 213
53 182
53 127
54 143
54 91
54 251
54 87
55 114
55 395
56 385
56 66
56 165
56 108
56 346
57 299
57 139
57 314
57 248
57 250
58 230
58 297
58 397
58 79
58 372
58 344
58 345
58 187
59 177
59 146
59 372
59 150
59 381
60 324
60 394
60 204
60 276
60 184
60 249
61 66
61 133
61 231
61 332
61 396
61 89
61 282
61 189
61 223
62 131
62 133
62 393
62 303
62 147
62 158
63 204
64 297
64 325
65 98
65 346
65 345
65 282
66 97
66 387
66 197
66 293
66 266
66 336
66 346
66 382
67 232
67 346
67 72
67 167
68 315
68 263
69 331
69 243
69 276
69 222
70 227
70 260
70 101
70 312
70 219
70 286
71 192
71 266
71 396
71 373
71 87
71 89
72 132
72 388
72 81
72 154
72 380
72 285
73 365
73 302
73 369
73 375
73 91
74 369
74 187
74 324
75 195
75 203
75 77
75 79
75 92
75 159
76 144
76 237
76 198
76 397
77 265
77 139
77 238
77 85
77 222
77 286
78 392
78 122
78 219
80 233
80 101
80 253
81 211
81 214
81 344
81 190
82 113
82 153
82 99
82 190
82 103
83 113
83 324
83 334
83 127
84 202
85 128
85 89
85 177
85 248
86 99
86 262
86 304
86 179
86 340
86 181
86 189
86 287
87 355
87 301
88 293
88 337
88 113
88 316
88 381
89 185
89 187
89 287
90 299
90 372
91 224
91 229
91 327
91 214
92 322
92 259
92 199
92 315
92 307
92 251
92 287
93 381
93 117
94 177
94 277
94 158
95 99
95 328
95 398
95 181
96 280
96 398
96 353
96 361
97 164
97 361
97 377
97 121
97 218
98 272
98 392
98 310
99 131
99 167
99 202
100 209
100 107
100 251
101 366
101 175
101 306
101 149
101 282
102 160
102 328
103 252
104 260
104 232
104 105
104 213
104 342
104 127
104 223
105 297
105 158
106 278
107 210
107 330
107 246
108 357
108 142
108 389
109 193
109 167
109 233
109 268
109 112
109 122
110 169
110 187
111 337
111 150
111 383
112 387
112 259
112 392
112 245
113 311
114 193
114 323
114 219
114 343
114 187
115 256
115 353
115 204
115 175
116 218
116 226
116 189
117 354
117 195
117 197
117 293
117 175
117 344
118 225
119 355
119 340
119 136
120 340
121 352
121 269
122 162
122 167
123 293
123 360
123 169
123 396
123 147
123 280
123 186
124 387
124 132
124 268
124 142
124 307
125 184
125 332
125 310
126 373
126 261
126 398
126 279
127 384
127 399
127 148
127 152
128 371
128 192
129 315
129 389
129 158
130 136
130 234
130 351
130 343
131 150
131 196
131 213
132 337
132 245
133 225
133 163
133 297
133 338
133 246
133 283
133 351
134 289
134 275
134 350
135 145
135 202
135 261
135 366
136 163
136 234
136 395
136 309
136 247
137 160
137 236
137 340
137 192
138 184
138 232
138 210
138 267
138 342
139 369
139 375
140 313
140 388
140 389
141 363
142 303
142 145
143 387
143 198
143 298
143 380
144 357
145 230
145 165
146 354
146 229
146 239
146 343
146 346
147 389
147 372
147 382
148 362
148 337
148 153
150 233
150 270
152 225
152 321
152 200
152 185
152 348
153 215
154 277
154 306
154 221
155 385
156 264
156 250
157 322
157 267
157 309
157 220
157 158
158 231
158 392
158 369
158 178
159 271
160 276
160 314
161 362
162 332
162 303
163 168
164 354
164 228
164 166
164 277
164 316
165 392
165 366
165 314
165 254
166 337
166 374
166 270
167 336
168 347
169 312
170 297
170 265
170 399
171 201
171 252
171 254
172 355
172 180
172 292
172 335
173 301
173 228
173 268
174 326
174 276
174 316
175 194
175 326
175 254
176 275
176 195
176 220
177 225
177 201
177 336
177 309
177 310
179 393
180 263
180 394
180 369
180 190
181 187
181 246
182 341
182 343
182 219
182 318
183 288
183 316
183 332
184 283
184 196
185 240
186 305
186 234
187 358
187 390
187 296
187 265
187 380
187 190
188 190
189 288
189 389
189 236
189 398
189 308
189 375
190 260
191 379
191 194
191 322
191 197
193 297
193 336
193 276
193 244
193 246
193 380
194 353
194 385
194 232
194 202
194 396
194 365
194 270
194 274
194 377
194 252
195 303
196 321
196 298
197 353
197 219
197 223
198 224
198 261
198 379
199 201
199 268
200 210
200 266
202 300
202 219
203 291
203 295
203 279
203 218
203 255
204 290
205 225
205 271
206 289
206 354
206 227
206 251
207 280
207 355
207 318
208 305
208 379
208 381
209 293
209 393
210 234
210 340
210 374
211 373
212 306
212 291
213 255
214 261
214 235
214 383
215 293
215 254
216 360
216 330
218 230
219 356
219 297
219 240
219 254
220 311
221 387
223 269
223 337
224 365
224 303
224 317
225 305
226 304
226 279
227 363
227 384
228 330
228 237
228 347
229 368
229 329
230 342
232 396
233 253
233 255
234 391
235 256
236 346
237 319
238 318
240 250
241 306
241 346
241 333
241 335
241 271
242 393
242 381
242 245
243 384
243 297
243 388
244 294
244 264
244 297
244 272
244 306
245 256
245 296
245 314
246 307
246 349
247 361
247 288
248 317
248 265
249 312
249 364
250 261
251 266
251 331
251 269
251 281
251 381
252 370
252 342
252 343
253 346
253 261
254 264
254 395
254 365
254 275
254 379
254 376
255 284
255 334
256 384
257 292
258 306
258 333
258 389
258 359
259 373
260 350
260 380
263 347
264 312
264 333
265 305
265 275
265 350
266 384
267 362
268 388
268 367
268 283
269 375
270 354
270 397
270 383
272 299
272 365
272 309
272 285
272 382
273 299
274 315
274 284
276 398
276 315
277 309
277 301
278 371
278 332
278 349
279 322
279 387
281 374
281 349
281 358
282 292
282 399
282 338
282 314
285 379
286 345
287 389
288 320
288 363
289 298
291 320
291 376
292 315
293 358
293 392
294 337
294 374
295 376
295 353
296 322
297 300
297 335
300 328
302 340
302 351
306 335
306 308
307 350
308 359
309 362
310 356
312 373
313 360
313 364
313 330
314 397
314 380
315 352
315 331
315 332
315 396
316 390
316 363
316 336
318 325
319 333
322 345
324 385
325 371
326 360
326 366
326 374
327 335
328 337
329 349
329 332
330 358
333 390
333 345
336 391
336 350
337 338
340 377
342 354
342 381
344 373
345 386
348 385
349 365
362 398
362 373
363 370
366 368
366 377
370 381
372 375
375 390
376 385
378 389
384 388
385 393
