400 4000
0 133
0 12
0 145
0 160
0 40
0 168
0 317
0 189
0 193
0 325
0 82
0 87
0 88
0 98
0 356
0 357
0 103
0 232
0 378
0 116
0 246
0 250
0 251
0 127
1 65
1 98
1 312
1 100
1 294
1 231
1 313
1 73
1 329
1 351
1 398
1 368
1 274
1 277
1 248
1 57
1 314
1 187
1 382
1 95
2 387
2 134
2 145
2 19
2 21
2 277
2 154
2 291
2 292
2 37
2 299
2 302
2 47
2 178
2 61
2 63
2 65
2 78
2 208
2 87
2 345
2 93
2 223
2 225
2 229
2 359
2 234
2 108
2 111
3 32
3 320
3 130
3 355
3 164
3 293
3 230
3 356
3 359
3 265
3 77
3 237
3 143
3 384
3 398
3 20
3 245
3 276
3 340
3 61
4 391
4 9
4 140
4 23
4 156
4 33
4 294
4 46
4 175
4 308
4 310
4 190
4 192
4 70
4 199
4 201
4 329
4 81
4 342
4 350
4 223
4 113
5 280
5 66
5 291
5 36
5 322
5 323
5 7
5 357
5 9
5 202
5 234
5 362
5 45
5 144
5 50
5 54
5 24
5 345
5 27
5 31
6 350
6 194
6 259
6 100
6 354
6 298
6 362
6 44
6 13
6 112
6 336
6 337
6 21
6 375
6 154
6 316
6 222
6 126
7 130
7 72
7 105
7 330
7 111
7 49
7 50
7 83
7 20
7 115
7 343
7 56
7 126
7 223
8 385
8 325
8 42
8 45
8 141
8 239
8 399
8 113
8 371
8 213
8 342
8 282
9 128
9 98
9 194
9 68
9 293
9 73
9 45
9 109
9 206
9 80
9 239
9 272
9 85
9 246
9 185
9 347
9 126
10 157
10 158
10 35
10 36
10 308
10 318
10 62
10 66
10 194
10 197
10 72
10 329
10 83
10 342
10 343
10 233
10 365
10 369
10 379
10 117
10 248
10 123
10 380
10 253
11 289
11 130
11 153
11 162
11 38
11 139
11 235
11 79
11 272
11 178
11 115
11 84
11 277
11 121
11 252
11 223
12 33
12 390
12 359
12 360
12 76
12 365
12 239
12 81
12 83
12 117
12 22
12 151
12 374
12 124
13 385
13 387
13 281
13 289
13 164
13 297
13 45
13 51
13 310
13 55
13 57
13 325
13 199
13 206
13 334
13 343
13 91
13 102
13 358
13 107
13 379
13 252
14 384
14 97
14 163
14 100
14 291
14 390
14 71
14 391
14 137
14 329
14 141
14 79
14 176
14 113
14 305
14 20
14 254
14 151
14 94
14 95
15 65
15 225
15 35
15 259
15 323
15 198
15 167
15 326
15 77
15 111
15 207
15 399
15 19
15 147
15 371
15 246
15 278
15 345
15 124
15 126
16 163
16 164
16 197
16 70
16 391
16 104
16 169
16 170
16 139
16 108
16 109
16 332
16 271
16 333
16 21
16 342
16 248
16 124
16 29
17 264
17 21
17 278
17 284
17 295
17 301
17 176
17 49
17 180
17 54
17 186
17 188
17 60
17 69
17 80
17 340
17 344
17 216
17 347
17 235
17 115
17 374
17 378
17 255
18 225
18 130
18 131
18 195
18 355
18 358
18 135
18 391
18 329
18 299
18 173
18 206
18 50
18 85
18 157
18 279
18 184
18 153
18 125
18 190
19 34
19 66
19 197
19 262
19 263
19 323
19 383
19 42
19 74
19 107
19 203
19 331
19 48
19 307
19 277
19 58
19 317
19 221
19 63
20 256
20 137
20 268
20 279
20 292
20 44
20 48
20 55
20 58
20 61
20 317
20 323
20 197
20 70
20 75
20 76
20 333
20 337
20 88
20 217
20 91
20 223
20 105
20 233
20 367
20 247
21 34
21 37
21 197
21 262
21 170
21 268
21 47
21 239
21 52
21 55
21 183
21 122
21 316
21 30
22 128
22 289
22 164
22 69
22 358
22 199
22 264
22 202
22 330
22 48
22 156
22 242
22 274
22 252
22 307
22 214
22 89
22 124
22 318
22 191
23 387
23 101
23 69
23 102
23 168
23 218
23 202
23 314
23 205
23 142
23 335
23 209
23 306
23 339
23 150
23 183
23 26
23 63
24 130
24 258
24 133
24 134
24 270
24 147
24 148
24 277
24 153
24 26
24 159
24 291
24 302
24 311
24 312
24 192
24 193
24 77
24 206
24 79
24 211
24 85
24 90
24 240
24 115
24 116
24 377
25 193
25 166
25 134
25 230
25 300
25 332
25 78
25 371
25 116
25 117
25 280
25 94
26 133
26 136
26 394
26 396
26 146
26 27
26 156
26 176
26 185
26 323
26 200
26 331
26 83
26 87
26 217
26 96
26 233
26 245
26 376
26 378
27 387
27 376
27 358
27 39
27 72
27 169
27 327
27 171
27 236
27 267
27 268
27 362
27 177
27 277
27 183
27 312
27 29
28 288
28 289
28 324
28 197
28 325
28 359
28 297
28 202
28 395
28 50
28 52
28 127
29 128
29 255
29 376
29 101
29 351
29 383
29 76
29 187
29 238
29 47
29 175
29 176
29 301
29 252
29 120
29 185
29 190
29 184
29 223
30 257
30 66
30 230
30 41
30 106
30 377
30 395
30 146
30 179
30 150
30 376
30 217
30 253
30 159
31 65
31 97
31 162
31 385
31 229
31 135
31 233
31 170
31 204
31 109
31 268
31 303
31 396
31 338
31 379
31 276
31 375
31 88
31 347
31 255
32 132
32 138
32 148
32 279
32 152
32 156
32 289
32 43
32 44
32 48
32 306
32 311
32 62
32 64
32 200
32 74
32 202
32 76
32 336
32 219
32 347
32 224
32 237
32 243
32 122
33 161
33 99
33 68
33 131
33 136
33 140
33 397
33 113
33 50
33 241
33 116
33 53
33 278
33 151
33 311
33 339
33 314
33 285
34 96
34 195
34 293
34 266
34 203
34 267
34 269
34 82
34 52
34 246
34 338
34 152
34 57
34 374
34 382
35 139
35 140
35 396
35 45
35 178
35 306
35 313
35 187
35 204
35 79
35 81
35 211
35 84
35 214
35 87
35 224
35 356
35 234
35 107
35 115
35 376
35 377
36 384
36 129
36 386
36 387
36 263
36 273
36 151
36 285
36 287
36 293
36 168
36 169
36 175
36 55
36 324
36 332
36 89
36 100
36 360
36 375
36 252
37 137
37 141
37 271
37 399
37 155
37 156
37 296
37 175
37 304
37 50
37 52
37 314
37 215
37 343
37 89
37 356
37 357
37 230
37 359
37 370
37 381
37 120
37 378
37 125
38 136
38 394
38 294
38 43
38 175
38 311
38 57
38 318
38 62
38 65
38 321
38 75
38 335
38 82
38 101
38 104
38 360
38 362
38 111
38 370
38 372
39 385
39 136
39 392
39 139
39 285
39 168
39 305
39 186
39 193
39 323
39 69
39 73
39 74
39 332
39 337
39 92
39 349
39 350
39 97
39 105
39 366
39 367
39 241
39 120
39 121
40 390
40 136
40 396
40 269
40 272
40 273
40 286
40 166
40 300
40 45
40 176
40 180
40 59
40 328
40 201
40 204
40 346
40 91
40 102
40 103
40 360
40 111
40 117
40 250
41 64
41 290
41 227
41 357
41 198
41 328
41 106
41 363
41 239
41 80
41 304
41 306
41 83
41 243
41 117
41 54
41 86
41 87
41 213
41 158
42 322
42 67
42 68
42 165
42 260
42 356
42 328
42 360
42 76
42 204
42 47
42 52
42 341
42 280
42 153
42 283
42 61
42 253
42 127
43 257
43 386
43 135
43 137
43 139
43 395
43 143
43 276
43 278
43 281
43 154
43 158
43 314
43 77
43 207
43 85
43 348
43 223
43 97
43 359
43 241
43 251
44 262
44 268
44 141
44 270
44 145
44 289
44 163
44 301
44 304
44 180
44 311
44 329
44 204
44 210
44 343
44 219
44 224
44 97
44 234
44 364
44 369
45 96
45 194
45 260
45 198
45 359
45 207
45 211
45 84
45 279
45 282
46 97
46 194
46 323
46 197
46 137
46 170
46 298
46 141
46 270
46 175
46 378
46 81
46 209
46 147
46 275
46 306
46 248
46 154
46 348
46 381
47 129
47 260
47 265
47 143
47 298
47 305
47 54
47 194
47 79
47 343
47 222
47 353
47 364
47 237
47 366
47 111
47 240
47 380
47 125
47 382
48 257
48 288
48 227
48 166
48 262
48 265
48 108
48 140
48 79
48 144
48 208
48 273
48 83
48 116
48 217
48 250
48 93
49 285
49 68
49 100
49 196
49 296
49 360
49 113
49 116
49 53
49 308
49 151
49 280
49 121
49 58
49 316
49 61
49 380
49 95
50 165
50 218
50 74
50 392
50 204
50 399
50 113
50 147
50 337
50 213
50 372
50 183
50 120
50 374
50 58
51 257
51 385
51 185
51 196
51 268
51 173
51 269
51 332
51 366
51 307
51 245
51 277
51 62
51 153
51 346
51 126
51 216
52 257
52 143
52 280
52 154
52 159
52 294
52 176
52 311
52 190
52 193
52 196
52 197
52 74
52 81
52 101
52 230
52 105
52 111
52 381
53 160
53 131
53 199
53 72
53 263
53 296
53 394
53 397
53 110
53 142
53 210
53 275
53 180
53 337
53 342
53 88
53 282
53 125
54 353
54 130
54 292
54 70
54 294
54 296
54 271
54 244
54 277
54 375
54 93
54 351
55 386
55 327
55 202
55 235
55 299
55 366
55 271
55 378
55 381
55 214
55 279
55 90
55 316
55 285
55 158
56 386
56 195
56 69
56 294
56 104
56 76
56 108
56 238
56 175
56 396
56 209
56 369
56 243
56 84
56 117
56 93
57 131
57 395
57 140
57 143
57 293
57 300
57 309
57 320
57 332
57 77
57 333
57 336
57 86
57 216
57 90
57 219
57 221
57 100
57 236
57 243
57 127
58 128
58 397
58 144
58 273
58 274
58 280
58 168
58 297
58 298
58 174
58 310
58 186
58 192
58 193
58 324
58 197
58 198
58 203
58 348
58 95
58 234
58 107
58 370
58 380
59 133
59 390
59 136
59 139
59 142
59 273
59 275
59 284
59 290
59 163
59 175
59 319
59 64
59 65
59 74
59 214
59 89
59 351
59 354
59 107
59 241
59 369
59 116
59 373
59 254
60 321
60 358
60 361
60 106
60 314
60 365
60 368
60 212
60 119
60 341
60 183
60 373
60 215
60 315
60 349
60 61
61 261
61 390
61 395
61 398
61 148
61 149
61 285
61 163
61 173
61 303
61 321
61 203
61 207
61 217
61 348
61 94
61 105
61 235
61 239
61 380
62 128
62 130
62 390
62 272
62 163
62 293
62 303
62 179
62 315
62 194
62 82
62 338
62 85
62 108
62 373
62 118
62 380
62 382
63 67
63 295
63 313
63 360
63 391
63 113
63 210
63 275
63 117
63 181
63 120
63 121
63 159
64 389
64 269
64 399
64 147
64 150
64 303
64 199
64 328
64 210
64 340
64 342
64 345
64 89
64 224
64 100
64 122
64 109
64 239
64 115
64 120
64 378
65 385
65 136
65 264
65 394
65 398
65 279
65 168
65 325
65 75
65 203
65 85
65 344
65 347
65 96
65 100
65 235
65 367
65 116
65 247
65 249
66 97
66 98
66 259
66 133
66 326
66 168
66 107
66 170
66 204
66 234
66 314
66 275
66 343
66 279
66 282
67 161
67 223
67 293
67 296
67 139
67 172
67 332
67 207
67 87
67 217
67 314
67 155
67 95
68 129
68 396
68 143
68 276
68 300
68 180
68 313
68 193
68 196
68 326
68 199
68 73
68 204
68 82
68 340
68 218
68 225
68 100
68 106
68 370
68 373
68 122
68 126
69 384
69 388
69 272
69 153
69 281
69 167
69 175
69 316
69 324
69 198
69 206
69 335
69 343
69 89
69 356
69 103
69 105
69 367
69 127
70 352
70 259
70 101
70 262
70 323
70 356
70 377
70 395
70 172
70 336
70 116
70 313
70 91
70 380
70 94
71 352
71 131
71 227
71 326
71 390
71 111
71 80
71 270
71 118
71 251
71 253
72 130
72 392
72 138
72 149
72 278
72 301
72 303
72 308
72 314
72 197
72 203
72 81
72 211
72 85
72 213
72 92
72 352
72 353
72 231
72 235
72 242
72 118
72 251
73 128
73 129
73 140
73 396
73 399
73 144
73 156
73 294
73 170
73 310
73 322
73 195
73 197
73 325
73 79
73 87
73 216
73 107
73 365
73 381
74 131
74 137
74 394
74 139
74 276
74 152
74 164
74 174
74 187
74 75
74 206
74 212
74 90
74 221
74 361
74 236
74 116
75 225
75 133
75 329
75 107
75 138
75 109
75 205
75 361
75 81
75 210
75 379
75 276
75 152
75 313
75 90
75 187
75 157
76 385
76 258
76 259
76 139
76 145
76 162
76 291
76 168
76 304
76 179
76 184
76 326
76 334
76 80
76 82
76 227
76 360
76 111
76 114
76 116
77 262
77 155
77 164
77 300
77 175
77 304
77 184
77 323
77 331
77 206
77 220
77 97
77 360
77 367
77 115
77 120
77 379
77 380
78 128
78 389
78 135
78 269
78 270
78 278
78 284
78 159
78 160
78 290
78 292
78 293
78 295
78 190
78 327
78 342
78 357
78 358
78 235
78 113
78 116
79 130
79 199
79 299
79 109
79 367
79 274
79 279
79 346
79 318
80 129
80 262
80 266
80 144
80 148
80 281
80 290
80 166
80 175
80 305
80 178
80 306
80 180
80 192
80 321
80 201
80 338
80 215
80 350
80 120
80 249
80 250
80 123
80 127
81 385
81 261
81 134
81 264
81 396
81 142
81 149
81 289
81 180
81 313
81 323
81 331
81 209
81 349
81 224
81 353
81 102
81 117
81 248
81 253
82 129
82 98
82 290
82 264
82 205
82 334
82 147
82 84
82 120
82 317
82 189
83 248
83 320
83 266
83 377
83 142
83 394
83 113
83 397
83 348
83 341
83 247
83 88
83 89
83 252
83 286
84 256
84 357
84 167
84 104
84 297
84 202
84 234
84 302
84 271
84 147
84 311
84 121
84 316
85 387
85 265
85 269
85 399
85 283
85 162
85 294
85 167
85 298
85 303
85 87
85 222
85 360
85 237
85 366
85 114
85 118
85 121
85 255
86 98
86 100
86 260
86 104
86 331
86 268
86 300
86 303
86 208
86 240
86 375
86 153
87 131
87 267
87 167
87 302
87 176
87 183
87 184
87 316
87 318
87 326
87 200
87 328
87 337
87 220
87 224
87 229
87 366
87 113
87 246
87 122
87 379
87 380
88 352
88 344
88 101
88 166
88 297
88 361
88 377
88 370
88 221
88 185
88 282
88 283
88 92
88 157
88 286
89 386
89 264
89 138
89 145
89 324
89 325
89 119
89 218
89 350
89 375
89 354
89 100
89 365
89 115
89 243
89 247
89 378
90 392
90 139
90 399
90 279
90 298
90 176
90 315
90 201
90 331
90 336
90 216
90 103
90 231
90 233
90 362
90 371
90 121
90 254
91 290
91 357
91 326
91 358
91 138
91 359
91 283
91 209
91 368
91 121
91 219
91 316
91 159
92 224
92 312
92 355
92 358
92 327
92 106
92 368
92 241
92 146
92 147
92 214
92 119
92 151
92 310
92 315
92 120
92 184
92 95
93 224
93 351
93 383
93 345
93 201
93 335
93 115
93 147
93 213
93 220
93 185
93 347
93 188
93 318
93 319
94 163
94 198
94 393
94 202
94 395
94 236
94 300
94 334
94 399
94 147
94 180
94 245
94 343
94 187
94 316
94 126
95 224
95 225
95 329
95 220
95 212
95 340
96 288
96 320
96 321
96 134
96 390
96 329
96 267
96 314
96 109
96 304
96 145
96 177
96 178
96 210
96 244
96 313
96 124
97 387
97 132
97 383
97 146
97 279
97 175
97 303
97 185
97 191
97 321
97 199
97 336
97 348
97 349
97 232
97 118
97 127
98 134
98 151
98 161
98 302
98 306
98 180
98 189
98 323
98 211
98 222
98 223
98 355
98 233
98 236
98 240
98 373
99 344
99 383
99 360
99 138
99 334
99 305
99 146
99 307
99 148
99 369
99 370
99 120
99 217
99 378
99 223
100 256
100 388
100 265
100 144
100 146
100 154
100 177
100 191
100 194
100 207
100 211
100 347
100 220
100 101
100 360
100 233
100 369
100 380
100 125
101 319
101 230
101 329
101 282
101 118
101 157
101 214
101 318
101 127
102 329
102 392
102 332
102 367
102 144
102 272
102 187
102 348
102 311
103 106
103 204
103 205
103 272
103 242
103 339
103 308
103 344
103 377
104 256
104 387
104 230
104 359
104 107
104 269
104 143
104 177
104 239
104 275
104 276
104 310
104 155
104 190
105 137
105 140
105 271
105 146
105 276
105 284
105 316
105 190
105 325
105 331
105 211
105 351
105 227
105 358
105 362
105 235
105 240
105 370
105 372
105 374
105 119
105 253
106 321
106 353
106 261
106 230
106 326
106 137
106 107
106 140
106 176
106 243
106 252
106 372
106 118
106 348
107 262
107 138
107 140
107 146
107 164
107 308
107 315
107 317
107 196
107 342
107 219
107 111
107 113
107 241
107 120
108 387
108 296
108 328
108 202
108 171
108 140
108 393
108 395
108 272
108 311
108 346
108 220
109 256
109 131
109 395
109 151
109 167
109 296
109 304
109 181
109 312
109 186
109 329
109 350
109 355
109 368
109 375
110 386
110 131
110 389
110 137
110 139
110 268
110 178
110 306
110 371
110 376
110 218
110 380
111 279
111 156
111 167
111 302
111 305
111 315
111 317
111 204
111 210
111 226
111 233
111 370
111 371
112 256
112 131
112 196
112 389
112 198
112 264
112 233
112 176
112 304
112 216
112 313
112 187
113 131
113 260
113 270
113 398
113 274
113 152
113 158
113 164
113 301
113 175
113 180
113 193
113 200
113 211
113 353
113 115
113 244
113 245
114 193
114 319
114 198
114 383
114 264
114 233
114 202
114 267
114 331
114 142
114 360
114 145
114 210
114 338
114 150
114 345
114 314
114 155
114 255
115 256
115 165
115 368
115 273
115 183
115 125
115 254
115 151
115 381
115 158
116 266
116 159
116 287
116 297
116 307
116 180
116 188
116 316
116 318
116 195
116 198
116 332
116 339
116 340
116 347
116 234
116 237
116 378
116 127
117 268
117 143
117 289
117 291
117 187
117 317
117 191
117 330
117 334
117 338
117 235
117 241
117 247
117 124
118 129
118 385
118 283
118 158
118 165
118 167
118 172
118 178
118 320
118 200
118 216
118 350
118 226
118 354
118 365
119 131
119 334
119 242
119 276
119 316
120 388
120 135
120 391
120 393
120 394
120 272
120 148
120 276
120 292
120 303
120 180
120 184
120 185
120 202
120 206
120 341
120 346
120 223
120 226
120 235
120 239
120 254
121 353
121 162
121 165
121 122
121 393
121 395
121 178
121 213
122 227
122 295
122 359
122 170
122 362
122 332
122 205
122 279
122 207
122 272
122 367
122 151
122 188
122 350
123 385
123 354
123 361
123 171
123 299
123 301
123 302
123 146
123 147
123 180
123 246
123 220
123 382
124 290
124 163
124 262
124 199
124 172
124 396
124 239
124 368
124 147
124 180
124 369
124 252
124 317
124 127
125 396
125 269
125 271
125 280
125 287
125 161
125 294
125 173
125 174
125 302
125 303
125 334
125 216
125 225
125 367
125 243
125 378
125 379
125 254
126 391
126 393
126 394
126 270
126 156
126 177
126 179
126 181
126 310
126 196
126 327
126 207
126 220
126 236
126 368
126 251
126 254
127 257
127 321
127 324
127 261
127 385
127 170
127 302
127 181
127 343
127 218
127 318
128 192
128 131
128 132
128 395
128 398
128 209
128 275
128 244
128 348
128 280
128 217
128 347
128 316
129 294
129 357
129 233
129 142
129 240
129 273
129 244
129 337
129 183
129 316
129 311
130 385
130 162
130 132
130 344
130 136
130 170
130 296
130 141
130 271
130 273
130 156
131 258
131 140
131 162
131 301
131 312
131 205
131 214
131 362
131 367
131 251
132 397
132 143
132 341
132 373
132 345
132 284
133 259
133 134
133 144
133 286
133 166
133 168
133 174
133 307
133 314
133 316
133 334
133 209
133 339
133 233
133 235
133 368
133 245
134 386
134 143
134 278
134 170
134 172
134 304
134 188
134 197
134 198
134 203
134 335
134 344
134 352
134 231
134 363
134 238
134 375
134 378
134 380
135 195
135 376
135 261
135 265
135 331
135 332
135 239
135 303
135 305
135 275
135 246
135 313
136 226
136 356
136 295
136 385
136 267
136 155
136 143
136 144
136 279
136 152
136 223
137 353
137 386
137 355
137 351
137 328
137 173
137 337
137 242
137 282
137 159
138 248
138 258
138 280
138 290
138 392
138 140
138 187
138 303
138 180
138 150
138 184
138 186
139 259
139 261
139 395
139 141
139 308
139 320
139 328
139 206
139 352
139 355
139 235
139 239
139 250
139 255
140 321
140 164
140 202
140 399
140 308
140 344
141 256
141 227
141 258
141 198
141 229
141 265
141 297
141 325
141 239
141 241
141 245
141 216
141 186
142 387
142 261
142 167
142 251
142 144
142 180
142 287
143 389
143 397
143 149
143 278
143 281
143 168
143 296
143 317
143 324
143 355
143 234
143 371
143 372
143 253
144 258
144 398
144 145
144 285
144 177
144 304
144 312
144 190
144 208
144 214
144 346
144 349
144 225
144 252
145 226
145 196
145 261
145 289
145 297
145 273
145 337
145 148
145 340
145 216
145 283
145 383
146 273
146 313
146 317
146 319
146 324
146 202
146 208
146 209
146 339
146 352
146 231
146 364
146 371
146 244
146 383
147 288
147 321
147 386
147 363
147 349
147 220
147 242
147 341
147 218
148 224
148 256
148 320
148 265
148 268
148 334
148 303
148 177
148 339
148 366
148 245
148 150
148 370
149 258
149 323
149 199
149 265
149 365
149 219
149 303
149 381
149 155
149 383
150 289
150 163
150 259
150 292
150 383
150 362
150 239
150 367
150 371
150 213
150 314
150 284
150 191
151 384
151 397
151 288
151 290
151 295
151 298
151 172
151 309
151 326
151 199
151 202
151 335
151 343
151 363
151 373
151 246
151 379
152 391
152 269
152 155
152 159
152 163
152 296
152 172
152 173
152 315
152 195
152 211
152 340
152 213
152 353
152 361
152 241
152 369
152 373
152 247
153 384
153 383
153 398
153 369
153 214
153 216
154 395
154 397
154 174
154 303
154 371
154 311
155 384
155 262
155 390
155 265
155 268
155 278
155 279
155 160
155 308
155 309
155 189
155 323
155 200
155 332
155 216
155 356
155 362
155 248
156 391
156 234
156 203
156 297
156 367
156 177
156 368
156 244
156 183
156 246
156 310
156 317
157 344
157 200
157 299
157 331
157 174
157 206
157 179
157 309
157 284
158 229
158 268
158 238
158 273
158 305
158 374
158 215
158 219
158 279
158 191
159 399
159 273
159 280
159 289
159 292
159 173
159 305
159 178
159 215
159 217
159 224
159 228
159 230
159 233
159 361
159 369
159 242
159 253
159 254
160 198
160 230
160 231
160 206
160 367
160 276
160 277
160 342
160 378
160 383
161 384
161 290
161 387
161 231
161 169
161 171
161 235
161 241
161 306
161 243
161 244
161 276
161 343
161 344
161 379
162 290
162 323
162 358
162 383
162 211
162 275
162 340
162 342
162 379
163 352
163 263
163 234
163 238
163 209
163 188
163 271
163 276
163 283
163 286
164 277
164 312
164 314
164 188
164 318
164 194
164 331
164 208
164 211
164 351
164 231
164 375
164 251
164 254
165 352
165 259
165 199
165 359
165 297
165 203
165 172
165 365
165 339
165 251
165 381
165 254
166 248
166 318
166 382
166 323
166 230
166 326
166 204
166 207
166 210
166 286
167 322
167 361
167 300
167 367
167 338
167 340
167 350
167 375
168 385
168 169
168 170
168 173
168 190
168 196
168 324
168 325
168 204
168 343
168 356
168 365
169 224
169 227
169 228
169 260
169 231
169 329
169 355
169 390
169 367
169 381
169 250
169 349
169 223
170 323
170 356
170 386
170 266
170 392
170 379
170 277
170 184
170 347
171 362
171 239
171 218
171 348
171 254
171 287
172 324
172 232
172 294
172 313
172 325
172 330
172 357
172 245
172 310
172 376
172 283
172 216
173 286
173 295
173 195
173 205
173 206
173 334
173 208
173 343
173 345
173 233
173 361
173 363
173 236
173 242
173 247
173 377
174 352
174 290
174 324
174 203
174 271
174 240
174 303
174 305
174 369
175 315
175 317
175 188
175 191
175 321
175 216
175 224
175 235
175 239
175 370
175 244
175 377
176 385
176 285
176 202
176 189
176 276
177 257
177 196
177 205
177 178
177 371
177 284
177 185
177 381
178 389
178 361
178 207
178 275
178 220
179 198
179 218
179 265
179 203
179 205
179 333
179 180
179 245
179 253
179 349
180 392
180 288
180 302
180 312
180 334
180 223
180 353
180 370
181 388
181 200
181 298
181 269
181 378
181 222
181 243
181 213
181 182
181 307
181 248
181 316
181 340
181 190
181 189
182 225
182 258
182 236
182 334
182 340
182 311
182 312
183 289
183 387
183 297
183 269
183 206
183 185
183 287
184 224
184 248
184 390
184 265
184 395
184 372
184 318
184 351
185 312
185 228
185 391
185 200
185 394
185 314
185 339
185 277
185 371
185 345
185 255
186 257
186 195
186 266
186 236
186 398
186 241
186 339
187 288
187 382
187 363
187 273
187 220
188 353
188 261
188 392
188 234
188 282
188 363
188 301
188 334
188 209
188 373
189 192
189 196
189 329
189 266
189 203
189 394
189 242
189 348
189 246
189 343
189 344
189 316
190 241
190 214
190 344
190 251
190 349
190 287
191 235
191 337
191 210
191 274
191 339
191 374
191 279
191 381
192 355
192 293
192 262
192 325
192 266
192 394
192 209
192 309
192 219
192 254
193 354
193 217
193 293
193 296
193 201
193 324
193 358
193 242
193 254
193 383
194 258
194 195
194 233
194 267
194 270
194 395
194 341
194 374
195 226
195 376
195 378
195 335
195 381
195 212
196 386
196 388
196 389
196 278
196 297
196 202
196 205
196 221
196 351
196 355
196 245
196 375
197 291
197 390
197 232
197 213
197 319
198 260
198 263
198 296
198 273
198 212
198 379
198 380
198 349
199 386
199 315
199 324
199 337
199 346
199 347
199 355
199 361
199 244
199 381
200 384
200 389
200 397
200 277
200 288
200 295
200 334
200 210
200 357
200 363
200 243
200 372
200 379
201 232
201 265
201 238
201 398
201 209
201 240
201 211
201 244
201 276
201 376
201 253
201 380
201 223
202 265
202 268
202 308
202 335
202 211
202 343
202 223
202 230
202 359
202 245
202 248
202 255
203 264
203 301
203 305
203 312
203 319
203 331
203 343
203 350
203 354
203 238
203 378
204 263
204 395
204 289
204 309
204 316
204 327
204 330
204 332
204 340
204 364
204 255
205 256
205 229
205 327
205 336
205 278
205 219
205 285
205 222
206 226
206 259
206 267
206 243
206 381
206 284
206 221
206 286
207 261
207 329
207 237
207 209
207 370
207 215
207 216
207 317
208 224
208 353
208 267
208 365
208 366
208 241
208 399
208 277
208 341
208 342
208 379
208 381
208 222
209 292
209 355
209 387
209 362
209 396
209 210
209 284
209 215
210 353
210 359
210 232
210 264
210 311
210 347
211 388
211 323
211 233
211 375
211 251
211 324
212 388
212 359
212 235
212 252
212 284
212 340
213 353
213 258
213 322
213 354
213 395
213 336
213 274
213 245
213 380
213 350
214 257
214 386
214 260
214 263
214 268
214 397
214 287
214 302
214 317
214 323
214 346
214 361
214 367
214 241
214 243
214 255
215 385
215 325
215 232
215 331
215 239
215 307
215 244
215 278
215 314
216 265
216 288
216 292
216 294
216 295
216 313
216 337
216 342
216 364
216 238
216 382
217 257
217 384
217 265
217 279
217 283
217 289
217 328
217 331
217 340
217 356
217 234
217 238
218 256
218 257
218 266
218 279
218 300
218 323
218 332
218 230
218 231
218 235
218 238
218 251
218 252
219 226
219 318
219 323
219 295
219 268
219 251
219 365
219 315
219 222
219 310
219 314
219 221
220 322
220 238
220 241
220 244
220 253
220 378
221 322
221 297
221 370
222 257
222 226
222 280
222 355
222 263
222 385
222 398
222 239
222 246
222 248
222 373
222 374
223 256
223 389
223 263
223 273
223 286
223 297
223 300
223 308
223 327
223 336
223 340
223 240
223 380
224 268
224 274
224 338
224 363
224 239
224 369
224 244
224 374
224 377
225 287
225 356
225 265
225 298
225 300
225 241
225 318
226 256
226 318
226 227
226 376
226 231
226 332
226 240
226 273
226 307
226 246
226 342
227 356
227 314
227 396
227 306
227 371
227 342
227 349
228 352
228 395
228 303
228 340
228 310
228 282
229 257
229 383
229 232
229 361
229 394
229 238
229 274
229 275
229 246
230 288
230 263
230 299
230 269
230 242
230 277
230 246
231 233
231 300
231 270
231 345
231 252
232 257
232 385
232 239
232 272
232 369
232 306
232 245
232 343
233 264
233 393
233 270
233 275
233 308
233 351
233 367
233 374
233 247
233 249
233 382
234 385
234 258
234 388
234 396
234 270
234 281
234 284
234 288
234 298
234 304
234 313
234 237
234 365
234 371
234 372
234 374
234 377
234 383
235 264
235 271
235 320
235 365
235 239
235 249
236 384
236 385
236 291
236 323
236 295
236 298
236 299
236 399
236 337
236 338
236 280
237 325
237 357
237 393
237 397
237 334
237 369
237 342
237 281
237 284
237 253
237 350
237 383
238 248
238 391
238 264
238 360
238 300
238 346
238 399
238 381
238 307
239 276
239 355
239 372
240 385
240 357
240 262
240 386
240 331
240 396
240 305
240 242
240 246
240 313
241 387
241 263
241 265
241 267
241 293
241 306
241 343
241 344
241 379
242 300
242 270
242 303
242 332
242 367
242 308
242 368
242 312
242 284
243 249
243 295
243 394
243 366
243 339
243 309
243 317
243 348
244 295
244 303
244 307
244 314
244 347
244 350
244 255
245 286
245 302
245 310
245 318
245 319
245 324
245 251
245 254
246 256
246 293
246 279
246 304
246 274
246 277
247 258
247 357
247 327
247 333
247 276
247 253
248 258
248 261
248 289
248 299
248 320
248 330
248 373
248 254
249 300
249 363
249 270
249 304
249 343
250 291
250 324
250 387
250 364
250 373
250 378
250 251
251 384
251 397
251 278
251 284
251 298
251 311
251 332
251 342
251 353
251 363
251 254
252 262
253 389
253 265
253 398
253 272
253 285
253 289
253 300
253 315
253 324
253 333
253 359
253 379
253 381
254 389
254 396
254 397
254 317
254 342
254 381
255 361
255 362
255 303
255 339
255 278
255 310
255 283
256 386
256 388
256 298
256 299
256 303
256 308
256 316
256 322
256 325
256 337
256 338
256 378
257 265
257 275
257 283
257 307
257 315
257 319
257 338
257 365
258 312
258 263
258 265
258 283
259 298
259 302
259 305
259 366
259 311
260 384
260 324
260 326
260 359
260 298
260 363
260 396
260 303
260 304
260 305
261 296
261 375
261 303
261 277
261 348
261 377
261 346
261 318
262 320
262 290
262 359
262 304
262 342
262 377
263 325
263 355
263 360
263 362
263 279
263 378
264 384
264 269
264 396
264 285
265 319
265 321
265 333
265 338
265 350
265 360
265 369
265 373
265 379
266 390
266 267
266 304
266 307
266 281
266 350
267 289
267 361
267 298
267 399
267 379
267 373
267 280
267 380
267 349
268 396
268 397
269 353
269 325
269 326
269 334
269 367
269 369
269 374
270 358
270 331
270 393
270 334
270 369
271 274
271 281
271 285
271 286
271 294
271 299
271 301
271 313
271 314
271 326
271 335
271 341
271 348
271 350
271 370
271 373
272 356
272 385
272 324
272 331
272 279
272 317
273 280
273 294
273 299
273 341
273 356
273 358
274 322
274 314
274 307
274 347
275 287
275 323
275 328
275 329
275 353
275 306
275 370
275 380
276 388
276 390
276 285
276 289
276 296
276 316
276 343
276 367
277 384
277 387
277 392
277 278
277 290
277 295
277 355
277 359
277 362
277 368
278 390
278 393
278 292
278 303
278 313
278 318
278 330
278 349
279 393
279 331
279 344
279 364
279 369
280 352
280 393
280 397
280 303
280 306
281 338
281 373
281 377
281 317
281 319
282 399
283 335
284 286
284 298
284 299
284 327
284 345
284 354
284 369
285 395
285 297
285 323
285 345
285 347
285 360
285 365
285 368
285 383
286 355
286 375
286 341
286 348
287 367
287 306
287 370
288 363
288 347
288 308
288 348
288 345
288 318
289 292
289 319
289 334
289 352
290 391
290 362
290 333
290 398
290 339
290 381
291 297
291 331
291 333
291 305
291 309
291 313
292 323
292 310
293 330
293 361
293 342
293 346
293 315
293 381
293 319
294 321
294 365
294 306
294 309
294 342
294 316
295 322
295 387
295 300
295 346
295 345
295 317
296 352
296 362
296 395
296 343
296 382
297 329
297 364
298 349
299 300
299 338
299 378
299 350
300 394
300 396
300 332
300 338
300 348
301 321
301 398
301 343
302 395
302 337
302 347
303 317
303 325
304 330
304 307
304 308
304 369
304 312
305 312
305 324
305 331
305 336
305 350
305 370
305 379
305 382
306 393
306 395
306 337
306 345
306 356
306 362
306 375
307 384
307 394
307 372
307 348
307 311
307 383
308 352
308 364
308 369
308 371
308 343
309 356
309 394
309 373
309 344
309 349
310 353
310 345
310 378
310 344
310 313
311 360
311 330
312 362
312 363
312 365
312 315
313 390
313 338
313 352
313 366
313 375
314 399
314 347
315 387
315 396
317 396
317 351
317 367
317 369
318 386
318 391
318 393
318 375
319 353
319 394
319 344
319 350
320 386
320 356
320 396
320 398
320 371
321 376
321 329
321 337
321 338
321 370
321 373
321 344
322 327
322 362
323 344
323 355
323 380
324 331
324 341
324 359
324 382
325 391
325 397
325 344
325 349
325 372
326 384
326 390
326 391
326 394
326 395
326 399
326 368
326 373
326 380
327 395
327 372
327 344
328 384
328 345
328 366
328 342
329 390
329 397
329 354
329 376
329 377
330 396
331 339
331 361
331 382
332 367
332 342
333 384
333 361
333 343
334 398
334 355
334 367
335 387
335 336
335 339
335 349
336 393
336 346
336 368
336 369
336 375
337 390
337 365
337 370
337 348
338 361
338 367
338 349
339 387
339 396
339 340
339 347
339 369
339 381
340 389
340 399
340 375
341 350
341 399
341 377
341 349
342 385
342 387
342 356
342 372
342 380
343 391
343 348
344 399
344 359
344 361
344 366
344 371
345 395
345 398
345 359
345 367
345 376
346 358
346 360
346 362
346 347
347 395
347 353
347 365
348 357
348 368
348 378
349 365
349 399
351 396
352 365
352 367
353 364
353 365
354 389
354 363
354 395
354 374
355 388
355 395
355 366
356 391
356 393
356 366
357 359
357 371
358 398
360 386
361 373
361 379
362 390
362 381
363 366
363 369
363 380
364 388
364 392
366 372
367 377
367 382
369 396
369 374
369 382
372 376
372 394
372 373
372 374
372 382
373 384
373 398
376 391
376 383
377 389
377 381
378 388
378 397
379 386
379 383
380 391
381 398
382 399
384 398
388 393
390 398
397 399
