400 70
0 178
1 32
3 295
14 88
15 48
16 260
18 265
20 221
25 63
27 55
31 313
34 274
42 299
44 350
46 78
49 156
52 261
56 292
59 399
70 115
71 227
73 249
83 182
84 221
85 88
85 296
101 206
102 233
103 343
107 379
109 299
117 192
124 219
127 180
135 261
135 399
139 248
141 390
156 235
159 336
159 187
166 229
167 350
171 336
172 388
194 279
199 396
203 285
206 301
209 296
215 399
233 393
240 396
240 342
242 309
248 274
253 297
259 289
262 325
268 369
274 336
275 376
276 357
293 366
296 297
304 314
313 384
323 347
332 356
333 370
