400 1000
0 82
0 67
0 238
0 46
0 106
1 337
1 171
1 31
1 125
1 23
2 263
2 183
3 96
3 276
3 368
3 85
3 29
4 24
5 377
5 290
5 47
6 120
6 350
6 19
6 174
6 175
7 33
7 170
7 332
7 38
8 85
8 246
9 282
9 119
9 314
9 39
10 379
10 85
11 18
11 284
11 322
12 202
12 83
12 212
13 309
13 99
13 261
13 327
13 79
14 292
14 167
14 169
14 170
14 234
14 29
15 305
15 58
15 214
16 67
16 204
16 174
16 110
16 176
16 121
16 316
16 125
17 320
17 122
17 205
18 97
18 255
18 37
18 364
18 210
18 22
18 24
18 316
18 31
19 32
19 354
19 389
19 107
19 178
19 211
20 240
20 212
20 53
20 391
21 120
21 106
21 231
21 164
21 191
22 274
22 124
22 262
22 354
23 152
23 271
24 315
24 62
24 31
25 34
25 131
25 285
25 102
25 219
26 106
26 395
26 284
26 311
28 292
28 230
28 149
28 86
28 348
28 317
29 289
29 139
29 367
30 167
30 236
30 373
30 206
30 79
31 196
31 249
31 313
31 45
31 374
31 153
31 351
32 355
32 201
32 83
32 76
33 193
33 301
33 181
33 389
34 88
34 269
35 43
35 76
35 84
36 280
36 356
36 139
36 45
36 240
36 216
37 224
37 344
37 58
37 76
38 240
38 309
39 164
39 133
39 170
39 114
39 283
40 304
40 265
40 339
40 213
41 188
41 239
42 96
42 330
42 356
42 357
43 224
43 387
43 72
43 264
43 144
43 53
44 146
44 134
44 214
44 86
45 133
45 364
45 275
45 308
45 342
45 87
45 374
45 156
46 132
46 164
46 101
46 363
46 270
46 48
46 209
46 60
47 216
47 256
47 238
47 294
48 81
49 161
49 347
49 204
49 249
50 305
50 397
50 78
50 63
51 225
51 291
51 293
51 298
51 108
51 271
52 104
52 321
52 173
52 337
53 120
53 368
54 229
54 200
54 240
54 278
54 343
54 379
55 336
55 58
55 332
55 157
55 398
56 129
56 162
56 163
56 107
56 204
56 111
56 79
56 178
56 274
56 277
57 121
57 323
57 263
57 345
57 379
57 92
58 97
58 387
58 94
58 351
59 399
59 347
59 142
59 111
60 272
60 382
60 173
60 255
61 274
61 236
61 207
62 371
62 291
62 292
62 246
63 373
63 202
63 179
63 333
64 360
64 378
64 333
64 181
65 203
65 363
65 82
65 152
65 346
65 285
65 216
66 130
66 315
66 76
66 69
66 366
67 110
67 377
68 256
68 258
68 167
68 364
68 181
68 120
68 153
68 251
69 368
69 275
69 167
70 280
70 393
70 156
70 158
70 340
71 249
71 393
71 302
72 381
73 387
73 325
74 361
74 199
74 254
74 119
75 323
76 102
76 239
77 264
78 355
78 206
78 207
78 144
78 317
79 290
79 357
79 235
80 256
80 323
80 107
80 366
80 303
80 381
81 197
81 202
81 93
81 378
82 136
82 83
82 180
82 222
83 196
83 112
83 243
83 340
83 123
84 193
84 131
84 369
84 351
85 256
85 97
85 261
85 325
85 282
85 314
85 144
85 181
85 122
86 310
86 269
86 87
87 121
87 317
87 327
88 97
88 235
89 112
89 224
89 379
89 261
89 230
90 317
90 206
90 311
91 208
91 133
91 190
91 255
92 128
92 199
92 190
92 192
93 328
93 370
93 267
93 344
94 198
94 231
94 103
94 302
94 334
94 144
95 329
95 339
95 395
96 328
96 121
96 118
97 248
98 336
98 233
98 250
99 322
99 235
99 370
100 342
101 163
101 235
101 376
101 126
101 351
102 320
102 217
102 264
102 142
102 338
103 258
103 286
103 149
103 207
104 259
104 158
104 279
105 399
105 209
105 243
105 397
105 143
106 385
106 242
106 345
107 229
107 298
107 300
107 309
107 249
108 201
108 244
109 345
109 357
109 301
109 277
109 255
110 325
110 234
110 365
110 184
110 155
110 381
111 266
111 172
111 340
111 313
112 342
112 313
113 321
113 315
113 197
114 201
114 266
114 185
114 220
114 125
115 260
115 357
115 140
115 155
115 272
115 310
115 123
116 211
116 247
117 259
117 155
117 316
118 371
118 252
118 157
119 232
119 332
119 302
119 242
119 247
120 224
120 163
120 164
120 261
120 202
120 242
120 183
120 152
120 156
120 253
121 255
121 230
121 392
121 191
122 224
122 201
122 361
123 195
123 231
123 299
123 205
124 201
124 287
125 208
125 183
126 323
126 337
126 209
126 278
126 345
126 255
127 164
127 136
127 360
127 272
127 274
127 147
127 190
127 159
128 372
128 190
128 286
129 207
129 373
129 249
129 379
129 191
130 338
130 237
130 354
130 386
131 180
131 346
131 166
132 361
133 301
133 242
133 283
134 136
134 314
134 227
134 354
135 334
135 167
136 283
136 163
137 293
138 188
138 150
138 383
139 366
139 175
139 277
139 379
140 361
140 332
140 149
141 359
142 301
142 229
142 271
143 325
143 171
143 368
143 311
143 378
144 194
144 229
144 295
144 334
145 290
145 187
145 230
146 298
146 182
147 285
148 234
148 243
148 325
149 196
150 192
150 248
150 344
151 354
151 262
152 355
152 236
152 338
153 396
153 342
154 177
154 290
154 359
154 319
154 287
155 195
155 236
155 241
155 182
155 344
156 223
157 355
157 187
158 231
158 361
158 207
158 275
159 290
159 195
159 359
159 240
159 246
159 379
160 169
160 185
160 276
160 319
161 227
161 324
161 331
161 173
161 238
161 375
162 199
162 169
162 234
162 273
162 313
162 318
164 248
164 257
164 211
164 252
165 271
166 172
166 228
166 375
167 342
168 219
168 277
168 239
169 215
169 346
169 189
169 254
170 358
170 390
170 209
170 212
170 309
170 342
170 247
171 173
171 175
172 256
172 275
172 278
173 225
173 294
175 274
175 242
175 340
175 377
175 378
176 265
176 243
176 245
177 261
177 229
177 326
177 223
178 291
178 323
178 179
179 296
180 263
180 391
180 207
180 183
180 189
181 201
181 348
182 309
182 285
182 191
183 369
184 194
184 293
185 188
186 230
187 224
187 268
187 369
187 248
188 226
188 201
189 352
189 385
189 262
189 215
190 325
190 240
190 253
191 265
191 202
191 235
191 336
192 302
192 209
192 374
193 386
193 325
193 341
193 311
193 250
194 384
194 293
194 217
194 351
195 260
195 254
196 354
197 282
197 252
197 340
198 283
198 227
199 254
200 334
200 258
200 275
201 292
202 312
202 273
202 243
202 315
203 360
203 218
203 397
203 386
204 259
204 371
205 220
206 220
206 214
207 394
208 288
208 385
208 290
208 367
209 355
209 228
209 231
209 392
209 265
209 222
210 257
210 242
210 397
211 238
212 264
212 363
212 223
213 251
213 373
213 286
214 320
214 394
214 242
215 250
215 387
217 359
217 264
217 244
217 276
218 336
218 250
219 245
219 374
219 314
219 317
220 229
220 233
220 240
221 385
221 229
221 294
221 234
221 370
221 248
222 370
223 356
223 324
224 228
225 296
226 248
226 369
226 383
226 348
227 365
227 378
227 251
228 234
228 282
228 315
228 285
229 306
230 384
230 267
230 367
231 327
232 289
232 234
232 339
232 372
233 364
233 284
234 245
234 375
235 361
235 337
235 251
236 322
236 327
236 330
236 334
238 258
238 277
238 346
238 286
239 281
239 313
240 382
240 329
241 362
241 260
242 373
242 281
242 253
243 366
243 336
245 273
245 252
245 285
246 335
247 305
248 340
249 353
249 366
250 259
250 293
250 267
251 336
251 377
252 272
253 373
254 369
254 373
254 348
256 294
256 370
257 384
258 362
258 273
259 261
261 327
262 270
263 340
263 287
264 329
266 346
266 269
267 293
268 387
270 334
270 346
271 291
271 378
271 379
272 322
272 324
272 293
272 350
274 389
274 314
274 382
275 362
275 345
276 290
276 357
277 398
278 353
278 297
278 340
278 378
278 347
278 285
280 312
280 285
282 355
282 299
282 337
284 293
284 297
284 304
285 398
286 303
287 377
287 395
288 368
288 390
288 351
290 294
290 328
291 325
291 300
294 368
294 340
296 392
296 397
296 366
296 369
296 351
297 303
298 343
298 376
298 345
301 355
301 390
301 334
301 399
302 316
303 369
304 322
305 370
305 334
307 380
307 372
308 381
308 371
309 366
310 336
310 365
311 378
311 373
312 398
313 377
314 394
314 345
315 316
317 342
318 355
319 392
324 363
325 359
325 328
326 344
327 377
329 330
329 385
330 387
332 351
335 367
336 352
336 341
337 366
338 390
338 379
339 388
339 366
339 375
341 355
341 381
342 360
343 344
344 372
344 383
348 361
348 378
350 397
352 363
353 370
354 374
355 375
357 369
358 366
361 370
361 376
362 392
362 367
363 382
369 383
384 397
386 393
