400 4000
0 134
0 7
0 8
0 137
0 263
0 18
0 22
0 27
0 156
0 158
0 31
0 288
0 53
0 195
0 79
0 336
0 88
0 100
0 238
0 243
0 116
0 119
0 251
0 252
1 132
1 263
1 279
1 281
1 156
1 28
1 288
1 163
1 176
1 305
1 65
1 321
1 195
1 200
1 332
1 80
1 81
1 85
1 349
1 96
1 229
1 118
2 358
2 105
2 140
2 268
2 46
2 79
2 272
2 81
2 305
2 334
2 399
2 312
2 58
3 131
3 260
3 267
3 268
3 270
3 271
3 147
3 287
3 35
3 296
3 41
3 42
3 46
3 305
3 52
3 190
3 86
3 96
3 226
3 360
3 368
3 373
3 252
3 381
4 384
4 389
4 268
4 269
4 142
4 273
4 22
4 31
4 164
4 296
4 306
4 311
4 320
4 195
4 78
4 86
4 217
4 221
4 228
4 101
4 230
4 361
4 235
4 109
4 367
4 379
5 288
5 384
5 162
5 132
5 197
5 70
5 103
5 136
5 166
5 295
5 203
5 140
5 325
5 174
5 393
5 24
5 377
5 357
5 315
5 255
6 192
6 257
6 258
6 68
6 262
6 27
6 9
6 136
6 330
6 363
6 47
6 305
6 210
6 222
6 370
6 91
6 156
6 93
6 126
7 227
7 68
7 69
7 132
7 71
7 228
7 233
7 261
7 294
7 45
7 205
7 366
7 80
7 272
7 283
7 51
7 93
7 285
7 155
7 61
8 320
8 384
8 163
8 356
8 386
8 359
8 11
8 270
8 338
8 370
8 150
8 118
8 312
8 185
8 90
8 375
9 128
9 386
9 357
9 358
9 40
9 172
9 173
9 112
9 368
9 370
9 84
9 85
9 182
9 215
9 278
9 281
9 282
9 379
9 156
9 317
10 387
10 264
10 398
10 145
10 283
10 35
10 292
10 304
10 312
10 194
10 325
10 328
10 209
10 337
10 338
10 216
10 91
10 103
10 105
10 233
10 234
10 378
10 253
11 64
11 255
11 292
11 327
11 266
11 302
11 336
11 343
11 277
11 246
11 87
11 24
11 155
11 92
11 30
11 31
12 99
12 357
12 167
12 297
12 362
12 13
12 14
12 142
12 174
12 17
12 210
12 272
12 84
12 301
12 86
12 220
13 129
13 35
13 228
13 101
13 70
13 357
13 169
13 371
13 21
13 149
13 214
13 248
13 217
13 347
13 348
13 221
14 318
14 33
14 225
14 102
14 198
14 106
14 138
14 76
14 331
14 366
14 396
14 21
14 246
14 183
14 345
14 156
14 222
14 190
15 263
15 394
15 146
15 19
15 276
15 151
15 281
15 29
15 30
15 160
15 161
15 292
15 300
15 175
15 182
15 59
15 190
15 195
15 69
15 74
15 203
15 76
15 91
15 347
15 350
15 231
15 361
15 374
15 378
15 251
15 380
15 254
16 259
16 260
16 270
16 399
16 274
16 21
16 152
16 32
16 35
16 163
16 43
16 299
16 300
16 46
16 174
16 177
16 51
16 59
16 60
16 194
16 199
16 329
16 79
16 335
16 84
16 87
16 103
16 369
16 381
16 125
17 256
17 194
17 195
17 100
17 168
17 363
17 44
17 314
17 364
17 179
17 181
17 282
17 59
17 286
17 31
18 66
18 322
18 376
18 386
18 166
18 71
18 200
18 76
18 77
18 269
18 79
18 307
18 374
18 311
18 280
18 185
18 90
18 190
18 158
18 383
19 260
19 262
19 39
19 232
19 358
19 42
19 393
19 47
19 335
19 54
19 121
19 282
19 94
19 383
20 66
20 317
20 137
20 265
20 44
20 333
20 81
20 113
20 242
20 315
20 21
20 55
20 187
20 189
20 127
21 162
21 390
21 71
21 395
21 45
21 173
21 239
21 115
21 180
21 240
21 370
21 346
21 60
21 255
22 260
22 264
22 282
22 283
22 29
22 161
22 292
22 295
22 168
22 175
22 49
22 192
22 194
22 67
22 323
22 324
22 77
22 217
22 241
22 118
23 136
23 329
23 107
23 267
23 367
23 272
23 82
23 55
23 379
23 124
23 29
23 31
24 260
24 261
24 389
24 270
24 149
24 150
24 151
24 278
24 155
24 31
24 32
24 164
24 300
24 187
24 69
24 325
24 202
24 215
24 108
24 239
24 372
25 32
25 96
25 355
25 68
25 164
25 134
25 260
25 396
25 176
25 49
25 209
25 148
25 120
25 377
25 282
25 315
25 284
25 189
25 383
26 355
26 325
26 72
26 233
26 107
26 75
26 237
26 332
26 153
26 122
26 285
26 286
27 388
27 296
27 142
27 238
27 240
27 50
27 211
27 306
27 53
27 86
27 214
27 57
27 219
27 284
27 61
27 253
27 191
28 224
28 195
28 102
28 154
28 390
28 394
28 139
28 203
28 333
28 399
28 80
28 272
28 304
28 369
28 148
28 56
28 90
28 61
28 254
28 255
29 99
29 100
29 324
29 262
29 263
29 232
29 376
29 42
29 111
29 311
29 276
29 348
29 150
29 57
29 285
29 251
29 252
29 152
30 384
30 257
30 194
30 358
30 72
30 138
30 43
30 368
30 220
30 340
30 90
30 283
30 92
30 62
31 134
31 394
31 396
31 152
31 155
31 171
31 306
31 61
31 192
31 198
31 334
31 208
31 336
31 350
31 94
31 236
31 254
32 386
32 35
32 291
32 390
32 391
32 42
32 139
32 108
32 364
32 177
32 240
32 274
32 371
32 310
32 318
32 127
33 352
33 386
33 324
33 70
33 232
33 392
33 234
33 394
33 78
33 113
33 209
33 338
33 247
33 344
33 383
34 160
34 223
34 344
34 229
34 199
34 74
34 363
34 333
34 302
34 398
34 178
34 306
34 181
34 214
34 373
34 248
34 222
34 95
35 134
35 393
35 270
35 158
35 43
35 299
35 322
35 336
35 340
35 217
35 346
35 226
35 357
35 102
35 376
35 378
35 379
35 381
36 258
36 388
36 391
36 394
36 139
36 140
36 397
36 143
36 274
36 279
36 280
36 160
36 162
36 164
36 49
36 305
36 184
36 185
36 313
36 66
36 67
36 330
36 210
36 347
36 350
36 97
36 231
36 108
36 378
36 240
36 117
36 122
36 382
37 224
37 353
37 385
37 38
37 41
37 361
37 235
37 76
37 205
37 267
37 114
37 115
37 242
37 214
37 350
38 320
38 97
38 354
38 386
38 102
38 104
38 168
38 267
38 205
38 46
38 399
38 117
38 182
38 310
38 248
38 374
38 315
38 316
38 63
39 163
39 388
39 166
39 296
39 266
39 75
39 203
39 239
39 176
39 368
39 116
39 371
39 344
39 249
39 58
39 315
39 223
40 193
40 132
40 173
40 174
40 47
40 80
40 272
40 114
40 305
40 398
40 213
40 375
40 249
40 59
40 252
40 254
40 95
41 96
41 161
41 257
41 266
41 282
41 298
41 46
41 112
41 113
41 176
41 178
41 212
41 369
41 152
41 281
41 186
41 184
42 256
42 129
42 135
42 160
42 290
42 48
42 51
42 309
42 312
42 61
42 190
42 321
42 198
42 327
42 329
42 203
42 236
42 114
43 353
43 354
43 102
43 104
43 328
43 139
43 76
43 78
43 47
43 271
43 309
43 310
43 151
43 120
43 315
43 375
43 253
43 319
44 192
44 353
44 376
44 263
44 202
44 77
44 269
44 242
44 116
44 248
44 92
44 61
44 319
45 257
45 385
45 260
45 135
45 267
45 270
45 46
45 50
45 306
45 308
45 184
45 316
45 65
45 70
45 71
45 203
45 339
45 345
45 90
45 97
45 102
45 238
45 248
46 257
46 387
46 388
46 262
46 202
46 140
46 268
46 239
46 302
46 51
46 52
46 151
46 154
46 380
47 130
47 273
47 149
47 150
47 278
47 160
47 173
47 187
47 318
47 193
47 198
47 335
47 88
47 90
47 349
47 375
47 357
47 104
47 106
47 364
47 117
47 373
47 119
47 379
48 256
48 100
48 167
48 200
48 73
48 169
48 297
48 109
48 219
48 327
48 80
48 397
48 178
48 307
48 213
48 91
48 286
48 190
48 191
49 289
49 66
49 99
49 292
49 230
49 136
49 169
49 298
49 171
49 332
49 144
49 241
49 273
49 336
49 54
49 351
50 258
50 259
50 132
50 71
50 265
50 106
50 143
50 144
50 176
50 304
50 211
50 149
50 345
50 154
50 157
50 287
51 147
51 276
51 176
51 183
51 316
51 62
51 191
51 326
51 200
51 75
51 83
51 97
51 353
51 231
51 105
51 109
51 110
51 113
51 381
52 225
52 99
52 69
52 229
52 262
52 359
52 110
52 177
52 242
52 306
52 338
52 182
52 282
52 59
52 316
53 96
53 350
53 249
53 362
53 207
53 304
53 368
53 399
53 373
53 189
53 121
53 93
53 253
54 96
54 161
54 225
54 262
54 264
54 201
54 234
54 203
54 333
54 147
54 117
54 211
54 55
54 339
54 185
54 218
54 60
54 157
55 289
55 66
55 322
55 389
55 331
55 301
55 177
55 274
55 305
55 337
55 221
55 371
55 125
55 222
56 385
56 387
56 262
56 391
56 393
56 270
56 274
56 295
56 298
56 182
56 310
56 312
56 323
56 196
56 199
56 79
56 81
56 218
56 220
56 93
56 350
56 101
56 112
56 375
56 122
56 123
56 254
57 96
57 160
57 288
57 322
57 352
57 319
57 134
57 262
57 326
57 364
57 270
57 240
57 305
57 369
57 153
57 122
57 188
57 255
58 129
58 258
58 260
58 387
58 275
58 277
58 280
58 282
58 299
58 172
58 176
58 315
58 321
58 202
58 333
58 82
58 343
58 368
58 119
58 121
58 252
59 385
59 131
59 260
59 387
59 148
59 277
59 288
59 174
59 176
59 310
59 317
59 320
59 194
59 326
59 84
59 216
59 218
59 347
59 354
59 227
59 103
59 109
59 114
59 126
60 130
60 260
60 266
60 270
60 152
60 154
60 285
60 162
60 290
60 295
60 173
60 186
60 319
60 64
60 63
60 334
60 338
60 88
60 246
61 267
61 299
61 396
61 156
61 243
61 244
61 85
61 252
61 308
61 122
61 311
61 286
62 289
62 215
62 331
62 108
62 109
62 110
62 140
62 80
62 84
62 246
62 189
62 153
62 90
62 157
62 159
63 96
63 256
63 164
63 389
63 294
63 296
63 235
63 240
63 272
63 220
63 185
63 154
63 382
63 351
64 160
64 121
64 131
64 199
64 377
64 74
64 397
64 366
64 240
64 188
64 274
64 370
64 150
64 151
64 316
64 89
64 191
65 130
65 398
65 282
65 157
65 165
65 293
65 299
65 322
65 199
65 76
65 334
65 338
65 350
65 236
65 364
65 111
65 112
65 114
65 118
65 377
65 252
66 385
66 270
66 273
66 153
66 284
66 285
66 164
66 301
66 190
66 321
66 201
66 213
66 342
66 350
66 240
66 370
66 118
66 246
66 122
67 285
67 197
67 72
67 200
67 201
67 297
67 331
67 269
67 364
67 83
67 276
67 277
67 280
67 121
67 282
67 283
67 380
67 221
68 96
68 128
68 98
68 259
68 290
68 135
68 168
68 326
68 329
68 270
68 207
68 272
68 273
68 115
68 340
68 117
68 157
68 254
69 230
69 104
69 135
69 392
69 235
69 173
69 334
69 374
69 87
69 187
69 381
69 319
70 386
70 227
70 134
70 345
70 169
70 74
70 335
70 397
70 115
70 307
70 348
70 249
70 378
70 124
70 157
70 375
71 96
71 163
71 291
71 295
71 73
71 327
71 269
71 79
71 301
71 82
71 147
71 149
71 242
71 92
72 192
72 226
72 163
72 164
72 229
72 358
72 104
72 75
72 108
72 346
72 364
72 178
72 89
72 158
72 349
72 157
72 287
73 225
73 322
73 360
73 140
73 301
73 207
73 240
73 150
73 87
73 374
73 250
73 317
73 350
74 129
74 130
74 356
74 197
74 325
74 345
74 351
74 336
74 149
74 245
74 217
74 187
74 159
75 128
75 398
75 272
75 277
75 155
75 284
75 293
75 306
75 308
75 180
75 189
75 320
75 217
75 347
75 375
75 101
75 359
75 367
75 368
75 369
75 114
75 117
75 119
75 378
76 387
76 146
76 148
76 281
76 157
76 163
76 294
76 173
76 175
76 306
76 190
76 195
76 218
76 107
76 109
76 382
77 98
77 100
77 234
77 362
77 269
77 394
77 207
77 303
77 304
77 347
77 284
77 183
77 184
77 283
77 220
77 253
78 258
78 263
78 142
78 279
78 152
78 294
78 175
78 303
78 318
78 194
78 324
78 327
78 81
78 213
78 90
78 351
78 243
78 379
78 380
78 127
79 387
79 146
79 149
79 287
79 294
79 295
79 169
79 299
79 179
79 183
79 312
79 319
79 325
79 330
79 218
79 126
79 255
80 96
80 258
80 227
80 167
80 359
80 267
80 333
80 368
80 278
80 343
80 313
80 221
81 352
81 259
81 387
81 294
81 359
81 331
81 110
81 142
81 177
81 399
81 179
81 153
81 381
81 222
81 191
82 272
82 289
82 294
82 174
82 177
82 178
82 180
82 186
82 324
82 88
82 217
82 96
82 352
82 105
82 361
82 373
82 119
82 377
82 122
83 288
83 354
83 200
83 266
83 175
83 303
83 306
83 88
83 314
83 315
83 120
83 349
83 126
83 286
84 129
84 130
84 265
84 270
84 280
84 161
84 168
84 302
84 303
84 182
84 187
84 316
84 190
84 332
84 213
84 217
84 218
84 349
84 222
84 228
84 110
84 243
84 248
84 250
84 382
85 224
85 130
85 99
85 202
85 330
85 109
85 206
85 333
85 157
85 121
85 154
85 155
86 200
86 137
86 138
86 331
86 187
86 143
86 144
86 272
86 337
86 148
86 245
86 373
86 215
86 346
86 343
87 257
87 226
87 199
87 296
87 137
87 202
87 109
87 236
87 298
87 112
87 242
87 307
87 181
88 160
88 352
88 228
88 388
88 361
88 393
88 175
88 348
88 245
88 310
88 183
88 90
89 224
89 194
89 101
89 327
89 104
89 205
89 110
89 369
89 118
89 375
89 156
90 146
90 276
90 284
90 160
90 289
90 293
90 305
90 192
90 201
90 331
90 205
90 217
90 110
90 238
90 239
90 124
90 127
91 224
91 258
91 386
91 392
91 107
91 362
91 205
91 396
91 283
91 335
91 150
91 374
91 281
91 314
91 219
91 156
91 382
92 96
92 388
92 351
92 168
92 296
92 383
92 117
92 149
92 279
92 95
93 289
93 226
93 353
93 196
93 133
93 231
93 292
93 386
93 391
93 274
93 212
93 373
93 378
93 253
93 158
94 320
94 161
94 191
94 226
94 376
94 198
94 109
94 141
94 399
94 242
94 180
94 309
94 278
94 248
94 122
94 285
95 321
95 194
95 230
95 351
95 106
95 362
95 241
95 339
95 371
95 181
95 246
95 379
95 344
95 185
95 122
95 251
95 350
95 223
96 384
96 395
96 283
96 158
96 163
96 181
96 315
96 196
96 338
96 348
96 102
96 234
96 109
96 110
96 115
96 377
96 127
97 257
97 133
97 261
97 262
97 390
97 266
97 141
97 205
97 301
97 340
97 342
97 249
97 252
98 166
98 199
98 230
98 138
98 268
98 269
98 334
98 399
98 339
98 309
98 214
98 215
98 250
98 223
99 388
99 262
99 264
99 392
99 145
99 159
99 291
99 166
99 190
99 325
99 327
99 215
99 101
99 107
99 236
99 365
99 123
99 367
99 251
100 237
100 304
100 149
100 213
100 221
100 154
100 284
101 128
101 257
101 130
101 134
101 264
101 138
101 278
101 282
101 163
101 300
101 318
101 206
101 340
101 342
101 347
101 221
101 352
101 357
101 103
101 359
102 269
102 272
102 145
102 284
102 165
102 176
102 190
102 199
102 217
102 226
102 227
102 357
102 242
102 121
102 124
103 289
103 226
103 165
103 264
103 392
103 111
103 251
103 146
103 367
103 212
103 149
103 399
103 216
104 128
104 130
104 260
104 267
104 173
104 175
104 308
104 182
104 189
104 328
104 336
104 342
104 216
104 354
104 357
104 234
104 245
104 252
104 126
105 129
105 260
105 135
105 264
105 272
105 146
105 276
105 281
105 164
105 169
105 315
105 210
105 348
105 361
105 107
105 239
105 372
105 249
105 378
105 379
106 130
106 386
106 390
106 138
106 157
106 163
106 303
106 199
106 203
106 336
106 212
106 351
106 226
106 235
106 363
106 241
106 370
106 119
107 320
107 227
107 135
107 238
107 312
107 279
107 318
108 288
108 130
108 131
108 132
108 293
108 320
108 328
108 351
108 140
108 142
108 380
108 286
109 260
109 138
109 162
109 180
109 185
109 320
109 337
109 223
109 224
109 228
109 363
109 367
109 113
109 118
109 119
110 320
110 386
110 126
110 355
110 261
110 199
110 173
110 113
110 213
110 306
110 251
110 188
110 381
111 194
111 195
111 227
111 323
111 355
111 393
111 363
111 396
111 205
111 112
111 209
111 178
111 343
111 124
112 361
112 270
112 176
112 272
112 252
112 213
112 348
112 188
112 152
112 254
112 286
113 320
113 352
113 235
113 343
113 219
113 157
113 159
114 264
114 266
114 139
114 396
114 141
114 397
114 273
114 175
114 315
114 209
114 348
114 349
114 115
114 246
114 122
114 380
114 254
115 133
115 261
115 135
115 151
115 290
115 293
115 299
115 176
115 189
115 320
115 321
115 202
115 207
115 214
115 229
115 359
115 377
115 253
116 392
116 143
116 153
116 156
116 161
116 166
116 168
116 178
116 310
116 318
116 191
116 196
116 324
116 327
116 201
116 210
116 358
116 361
116 250
117 295
117 395
117 143
117 211
117 310
117 280
117 314
117 222
117 287
118 130
118 266
118 279
118 293
118 171
118 173
118 197
118 332
118 337
118 339
118 354
118 363
118 370
118 119
118 122
119 194
119 391
119 200
119 232
119 367
119 145
119 213
119 286
119 287
120 249
120 166
120 294
120 393
120 170
120 300
120 394
120 397
120 398
120 337
120 274
120 338
120 348
120 156
120 383
121 385
121 262
121 264
121 265
121 279
121 177
121 189
121 197
121 202
121 333
121 334
121 211
121 340
121 364
121 248
121 379
121 382
122 264
122 141
122 165
122 166
122 169
122 304
122 183
122 322
122 222
122 356
122 229
122 253
123 162
123 322
123 293
123 354
123 329
123 250
123 203
123 300
123 205
123 211
123 276
123 215
123 154
123 159
124 258
124 290
124 132
124 323
124 168
124 355
124 362
124 238
124 241
124 242
124 309
124 216
124 219
124 317
125 320
125 280
125 164
125 324
125 357
125 200
125 266
125 332
125 205
125 207
125 303
125 306
125 179
125 152
125 253
126 256
126 132
126 148
126 278
126 164
126 314
126 315
126 192
126 208
126 211
126 346
126 224
126 352
126 235
126 364
126 373
127 291
127 323
127 332
127 175
127 239
127 145
127 211
127 181
127 276
128 291
128 390
128 263
128 328
128 171
128 172
128 300
128 359
128 305
128 179
128 150
128 310
128 350
129 225
129 280
129 289
129 292
129 264
129 233
129 142
129 297
129 272
129 333
129 146
129 308
129 374
129 184
129 255
130 384
130 280
130 153
130 287
130 161
130 301
130 302
130 309
130 318
130 324
130 211
130 215
130 229
131 197
131 137
131 393
131 331
131 237
131 378
131 143
131 335
131 346
131 189
132 384
132 264
132 140
132 396
132 157
132 161
132 162
132 187
132 326
132 204
132 332
132 213
132 223
132 225
132 228
133 196
133 167
133 231
133 170
133 369
133 147
133 339
133 342
133 249
133 378
134 256
134 353
134 386
134 326
134 391
134 233
134 236
134 240
134 371
134 182
134 219
134 318
135 322
135 229
135 360
135 265
135 142
135 237
135 241
135 374
135 375
135 249
135 285
135 222
135 191
136 162
136 387
136 197
136 360
136 142
136 272
136 146
136 210
136 244
136 213
136 338
136 342
136 369
136 374
136 318
137 257
137 194
137 385
137 230
137 138
137 170
137 267
137 148
137 277
137 345
137 187
137 375
138 321
138 359
138 383
138 299
138 175
138 346
138 337
138 398
138 308
138 312
138 186
138 156
138 286
139 385
139 162
139 290
139 249
139 292
139 325
139 387
139 299
139 397
139 271
139 180
139 245
139 280
139 153
140 397
140 271
140 150
140 152
140 285
140 296
140 170
140 312
140 318
140 193
140 328
140 208
140 229
140 245
140 253
141 384
141 350
141 195
141 232
141 169
141 360
141 364
141 245
141 341
142 386
142 268
142 145
142 276
142 165
142 166
142 300
142 172
142 320
142 208
142 354
142 242
142 377
142 250
143 288
143 162
143 294
143 326
143 264
143 394
143 303
143 309
143 380
143 343
144 382
144 228
144 389
144 169
144 272
144 181
144 277
144 216
144 345
144 315
144 318
145 161
145 255
145 167
145 231
145 169
145 297
145 205
145 175
145 208
145 178
145 341
146 193
146 291
146 387
146 167
146 303
146 305
146 371
146 148
146 372
146 379
146 351
147 322
147 326
147 203
147 397
147 302
147 241
147 211
147 151
147 216
147 380
147 250
147 220
147 189
148 225
148 350
148 382
148 167
148 234
148 206
148 207
148 244
148 250
148 223
149 394
149 275
149 152
149 160
149 171
149 305
149 180
149 319
149 195
149 200
149 208
149 341
149 214
149 215
149 225
149 226
149 228
149 359
149 242
149 372
149 381
150 257
150 355
150 197
150 230
150 283
150 306
150 339
150 340
150 213
150 372
150 279
150 318
151 225
151 226
151 256
151 260
151 319
151 298
151 395
151 209
151 371
151 185
151 285
151 221
151 158
151 191
152 354
152 387
152 287
152 391
152 346
152 175
152 242
152 243
152 304
152 337
152 282
153 281
153 154
153 232
153 327
153 266
153 390
153 391
153 210
153 251
154 384
154 277
154 159
154 160
154 165
154 168
154 179
154 307
154 308
154 188
154 207
154 221
154 352
154 225
154 363
154 365
154 242
155 259
155 387
155 397
155 171
155 308
155 188
155 205
155 340
155 344
155 217
155 355
155 357
155 360
155 237
155 242
155 248
155 253
155 254
155 255
156 386
156 390
156 264
156 268
156 203
156 219
156 351
156 243
156 254
156 251
156 382
157 223
157 169
157 267
157 209
157 180
157 275
157 250
157 253
157 191
158 226
158 163
158 259
158 312
158 353
158 357
158 396
158 241
158 370
158 181
158 341
158 280
159 256
159 352
159 358
159 167
159 360
159 393
159 363
159 315
159 338
159 184
159 287
160 197
160 389
160 346
160 397
160 276
160 315
160 188
160 350
161 392
161 201
161 269
161 334
161 182
161 246
161 282
161 247
161 375
162 267
162 292
162 301
162 311
162 316
162 317
162 206
162 214
162 345
162 354
162 237
162 238
162 239
163 296
163 171
163 174
163 303
163 306
163 182
163 326
163 206
163 207
163 215
163 225
163 240
164 319
164 295
164 169
164 200
164 233
164 303
164 338
164 250
165 384
165 356
165 299
165 395
165 272
165 273
165 210
165 274
165 304
165 245
165 336
165 279
165 341
165 374
165 255
166 261
166 293
166 329
166 330
166 171
166 358
166 173
166 313
167 224
167 353
167 197
167 393
167 269
167 301
167 208
167 243
167 276
167 308
167 380
167 254
168 285
168 390
168 391
168 218
168 268
168 365
168 240
168 336
168 373
168 216
168 221
169 392
169 271
169 399
169 276
169 170
169 298
169 313
169 319
169 337
169 357
169 237
169 378
169 377
170 320
170 354
170 344
170 197
170 383
170 236
170 368
170 178
170 319
171 288
171 226
171 230
171 328
171 332
171 337
171 181
171 373
171 311
172 192
172 314
172 238
172 335
172 366
172 371
172 244
172 213
172 374
172 185
172 380
172 254
173 267
173 175
173 176
173 252
173 375
173 319
174 289
174 197
174 329
174 360
174 395
174 211
174 182
174 376
175 260
175 261
175 271
175 306
175 182
175 185
175 316
175 324
175 197
175 198
175 219
176 385
176 181
176 189
176 197
176 333
176 347
176 348
176 350
176 224
176 352
176 357
176 372
176 379
176 252
176 254
177 384
177 386
177 229
177 266
177 396
177 378
177 399
177 368
177 213
177 309
177 344
177 369
177 347
178 257
178 391
178 267
178 180
178 311
178 315
178 317
178 220
178 225
178 359
178 232
178 369
178 245
178 375
178 255
179 257
179 320
179 293
179 262
179 263
179 186
179 218
179 396
179 243
179 369
179 381
179 223
180 384
180 262
180 329
180 306
180 310
180 372
180 285
180 319
181 197
181 327
181 269
181 240
181 250
181 279
182 387
182 389
182 277
182 303
182 307
182 312
182 321
182 337
182 210
182 349
182 359
182 240
182 243
182 371
182 372
182 251
183 294
183 298
183 267
183 305
183 242
183 244
183 251
183 221
183 286
184 385
184 262
184 302
184 304
184 307
184 317
184 190
184 207
184 217
184 224
184 354
184 357
184 360
184 235
184 365
184 244
184 247
185 280
185 296
185 234
185 209
185 309
185 216
186 350
186 344
186 233
186 234
186 298
186 334
186 363
186 393
186 211
186 252
186 277
186 248
186 283
186 221
186 190
187 224
187 248
187 354
187 259
187 298
187 299
187 209
187 278
187 340
187 188
187 189
187 318
188 193
188 224
188 296
188 202
188 298
188 236
188 378
188 306
188 243
188 310
188 316
188 255
189 257
189 273
189 284
189 290
189 291
189 308
189 316
189 220
189 223
189 224
189 351
189 231
189 368
189 371
189 247
190 262
190 271
190 305
190 307
190 314
190 209
190 342
190 227
190 238
190 247
190 252
190 253
191 272
191 276
191 286
191 293
191 295
191 300
191 195
191 204
191 341
191 219
191 226
191 360
191 365
191 255
192 194
192 261
192 294
192 351
192 234
192 299
192 302
192 239
192 271
192 283
192 378
192 219
193 358
193 363
193 283
193 209
193 220
193 306
193 337
193 342
193 346
193 251
194 385
194 197
194 326
194 238
194 308
194 245
194 343
194 221
195 292
195 362
195 301
195 209
195 370
195 342
196 386
196 269
196 275
196 305
196 211
196 226
196 356
196 229
196 358
196 361
196 364
196 366
196 368
196 369
196 242
196 371
196 246
196 375
196 378
196 251
197 293
197 307
197 199
197 337
197 355
197 360
197 233
197 363
197 364
197 369
197 242
197 373
197 253
198 318
198 325
198 357
198 389
198 377
198 267
198 336
198 338
198 368
198 244
198 249
198 379
199 257
199 262
199 399
199 273
199 274
199 279
199 305
199 211
199 217
199 228
199 242
199 383
200 384
200 273
200 281
200 284
200 219
200 348
200 221
200 355
200 357
200 235
200 367
200 240
200 369
200 372
200 248
200 249
200 251
201 321
201 325
201 294
201 358
201 360
201 377
201 389
201 278
201 313
202 256
202 386
202 387
202 296
202 378
202 212
202 277
202 311
202 382
203 225
203 291
203 329
203 361
203 251
203 242
203 272
203 277
203 284
203 376
204 292
204 294
204 357
204 376
204 398
204 274
204 276
204 341
204 246
204 311
204 374
204 219
204 316
205 384
205 225
205 293
205 391
205 275
206 384
206 322
206 295
206 300
206 245
206 276
206 310
206 313
206 283
207 224
207 324
207 358
207 264
207 362
207 271
207 340
207 247
207 217
207 286
208 389
208 391
208 264
208 279
208 299
208 313
208 318
208 331
208 247
208 347
208 359
208 364
208 241
208 375
208 379
209 217
209 259
209 353
209 360
209 267
209 242
209 276
209 372
209 255
210 260
210 264
210 271
210 307
210 340
210 344
210 218
210 380
211 388
211 267
211 289
211 320
211 219
211 351
211 352
211 227
211 232
211 239
211 367
211 246
212 354
212 227
212 392
212 330
212 240
212 309
212 311
212 285
212 220
212 351
213 226
213 393
213 250
213 350
214 225
214 291
214 292
214 264
214 268
214 366
214 305
214 347
214 379
214 373
215 248
215 225
215 382
215 398
215 272
215 243
215 279
215 310
215 316
215 285
216 226
216 355
216 231
216 272
216 305
216 220
216 373
216 248
216 317
217 353
217 330
217 304
217 273
217 337
217 379
218 350
218 230
218 262
218 263
218 303
218 304
218 245
218 347
218 318
219 352
219 333
219 270
219 339
219 277
219 365
219 373
219 381
220 262
220 288
220 296
220 297
220 300
220 304
220 335
220 336
220 337
220 222
220 240
220 370
220 373
220 251
220 382
221 386
221 264
221 396
221 301
221 318
221 329
221 222
221 243
221 377
222 262
222 286
222 287
222 312
222 340
222 348
222 350
222 228
222 235
222 364
222 382
223 390
223 360
223 235
223 332
223 308
223 379
223 248
223 251
224 262
224 394
224 273
224 275
224 297
224 300
224 304
224 314
224 316
224 331
224 341
224 227
224 375
225 388
225 274
225 290
225 324
225 328
225 329
225 248
226 317
226 326
226 243
226 379
227 291
227 229
227 325
227 236
227 395
227 283
227 304
227 379
227 284
228 312
228 268
228 366
228 242
228 381
228 311
228 380
228 252
228 253
228 287
229 384
229 260
229 322
229 328
229 329
229 363
229 370
229 371
229 248
230 291
230 272
230 304
230 337
231 393
231 267
231 269
231 302
231 367
231 373
231 310
231 253
231 318
231 319
232 267
232 237
232 336
232 243
232 373
232 380
233 325
233 394
233 237
233 302
233 248
233 319
234 320
234 238
234 367
234 339
234 244
234 310
234 280
234 342
234 317
234 318
235 255
235 261
235 295
235 324
235 345
235 346
235 349
236 257
236 325
236 265
236 305
236 310
236 379
236 349
237 354
237 356
237 267
237 361
237 269
237 270
237 389
237 305
237 337
237 319
238 321
238 292
238 362
238 368
238 371
238 348
239 385
239 296
239 265
239 383
239 251
240 388
240 275
240 296
240 325
240 344
240 347
240 356
240 245
240 373
241 292
241 329
241 394
241 335
241 252
241 283
241 349
242 260
242 389
242 396
242 270
242 310
242 381
243 387
243 263
243 267
243 278
243 287
243 302
243 344
243 345
243 361
243 366
243 245
243 253
244 386
244 259
244 357
244 363
244 394
245 386
245 363
246 353
246 287
246 382
246 390
246 393
246 396
246 285
246 253
247 325
247 358
247 390
247 267
247 364
247 275
247 372
247 351
248 258
248 266
248 396
248 276
248 284
248 300
248 315
248 340
248 351
248 354
248 366
249 354
249 295
249 326
249 328
249 369
249 370
249 399
250 352
250 387
250 251
250 369
250 346
251 274
251 303
251 322
251 339
251 348
252 384
252 271
252 273
252 275
252 291
252 304
252 315
252 316
252 380
253 296
253 303
253 308
253 313
253 321
253 351
253 254
254 352
254 312
254 294
254 359
254 340
254 281
255 257
255 345
255 392
256 258
256 322
256 361
256 362
256 272
256 286
257 384
257 390
257 299
257 304
257 318
257 342
257 367
257 377
258 352
258 323
258 333
258 339
258 340
258 379
258 374
259 261
259 361
259 299
259 306
259 278
259 310
259 340
259 287
260 261
260 269
260 277
260 320
260 324
260 342
260 371
261 296
261 393
261 298
261 332
261 308
262 393
262 397
262 280
262 284
262 287
262 290
262 299
262 302
262 310
262 324
262 335
262 347
262 381
263 387
263 327
263 328
263 391
263 299
263 309
263 340
263 341
263 344
263 350
264 268
264 290
264 294
264 298
264 328
264 337
264 350
265 321
265 387
265 292
265 326
265 362
265 333
265 271
265 273
265 277
265 341
265 280
265 378
265 315
266 361
266 362
266 349
266 339
266 309
266 347
267 269
267 286
267 304
267 315
267 333
267 342
267 344
268 356
268 396
268 336
268 281
268 381
269 296
269 298
269 327
269 310
269 319
270 291
270 363
270 301
270 399
270 350
271 289
271 391
271 335
271 276
271 340
272 277
272 281
272 290
272 294
272 322
272 327
272 330
272 360
272 381
273 321
273 324
273 392
273 336
273 274
273 339
273 310
274 289
274 313
274 330
274 336
274 341
274 342
274 348
274 375
275 386
275 394
275 334
275 378
275 370
275 284
275 373
276 294
276 295
276 298
276 301
276 352
276 373
277 392
277 394
277 292
277 312
277 330
277 331
277 340
277 345
277 383
278 321
278 324
278 389
278 390
278 314
278 370
278 381
278 285
278 286
279 390
279 313
279 396
279 348
279 383
280 373
281 362
281 398
281 340
281 316
282 329
282 331
282 304
282 286
283 386
283 391
283 307
283 372
283 381
284 389
284 393
284 303
284 325
284 352
284 356
284 373
285 394
285 398
285 292
285 319
285 327
285 330
285 341
285 345
285 347
285 367
286 391
286 294
286 342
286 357
286 368
287 296
287 359
287 366
287 369
287 371
287 374
287 377
287 379
288 322
288 293
288 364
288 341
288 343
289 385
289 357
289 362
290 291
290 377
290 330
290 332
290 313
290 319
291 324
291 307
291 342
291 312
291 314
292 389
292 393
292 299
292 308
292 316
292 379
293 383
293 396
293 399
293 381
294 384
294 386
294 393
294 394
294 398
294 315
294 382
295 387
295 377
295 365
295 397
296 395
296 396
296 362
297 360
297 365
297 311
297 312
297 315
298 313
298 366
298 335
298 305
299 384
299 385
299 315
299 316
299 319
299 337
299 340
299 347
299 369
300 364
301 387
301 397
301 398
301 381
301 373
301 345
302 382
302 394
302 341
302 375
302 350
303 346
303 306
303 341
303 344
304 392
304 305
304 322
304 326
304 327
304 344
304 368
305 394
305 330
305 333
305 352
305 354
306 398
306 327
306 340
306 381
306 379
307 371
307 375
308 320
308 357
308 362
308 334
308 399
308 373
309 352
309 322
309 327
309 329
309 332
309 335
309 372
310 318
310 322
310 349
310 361
310 364
310 375
310 382
311 392
311 330
311 334
311 336
311 351
312 360
312 361
312 392
313 354
313 355
313 356
313 366
313 367
313 319
314 356
314 396
315 318
315 322
315 331
315 341
315 350
315 359
315 374
316 385
316 357
316 331
316 398
317 377
317 345
318 389
318 341
319 326
319 343
319 368
319 374
319 376
320 398
320 345
320 355
320 356
320 376
321 384
321 398
321 329
321 334
321 340
321 342
321 359
321 377
322 396
322 399
322 323
322 334
322 345
322 362
322 369
323 353
323 354
323 331
323 365
323 372
324 397
324 348
325 388
325 363
325 347
326 354
326 362
326 387
326 392
326 399
326 339
327 338
327 351
327 358
327 375
327 381
328 354
328 366
329 384
329 330
329 381
329 340
330 372
330 383
331 350
331 382
331 360
331 367
331 348
331 349
332 354
332 387
332 392
332 362
332 336
333 386
333 338
333 380
333 350
334 348
335 339
335 369
335 377
336 395
336 370
336 343
337 370
338 365
338 339
338 371
338 375
338 345
339 395
339 347
339 350
340 368
341 350
341 359
341 393
343 396
343 397
343 366
344 386
344 356
344 396
344 348
344 349
345 355
345 361
345 381
346 380
347 396
347 353
347 359
347 364
347 369
348 373
349 384
349 385
349 355
349 356
349 358
349 365
349 395
350 397
350 398
350 368
352 387
352 391
352 359
352 364
353 396
354 398
355 385
358 383
358 394
358 399
359 397
360 385
361 397
361 383
362 363
362 365
362 377
363 392
365 376
365 391
365 395
365 371
365 374
368 397
368 369
369 385
369 386
369 380
370 387
370 375
372 392
372 399
375 381
376 390
377 387
377 378
378 387
381 396
384 386
385 396
386 392
387 388
389 391
393 399
396 397
