400 4000
0 389
0 262
0 263
0 15
0 144
0 18
0 21
0 149
0 29
0 286
0 39
0 42
0 175
0 49
0 52
0 55
0 184
0 185
0 314
0 195
0 202
0 206
0 81
0 225
0 235
0 369
0 249
0 251
0 125
0 126
1 385
1 387
1 267
1 26
1 286
1 161
1 292
1 294
1 172
1 46
1 175
1 51
1 185
1 315
1 59
1 63
1 323
1 336
1 82
1 86
1 216
1 351
1 354
1 117
1 377
2 96
2 256
2 227
2 355
2 37
2 388
2 389
2 170
2 334
2 399
2 305
2 18
2 338
2 369
2 120
2 185
3 98
3 67
3 228
3 133
3 230
3 258
3 8
3 291
3 294
3 75
3 362
3 237
3 176
3 28
3 350
3 319
4 128
4 6
4 262
4 393
4 142
4 143
4 144
4 281
4 295
4 46
4 51
4 57
4 66
4 79
4 81
4 213
4 86
4 93
4 96
4 355
4 101
4 377
4 122
5 322
5 293
5 325
5 104
5 232
5 74
5 332
5 173
5 283
5 336
5 19
5 212
5 307
5 280
5 91
6 128
6 136
6 140
6 276
6 280
6 175
6 52
6 312
6 184
6 58
6 316
6 318
6 330
6 333
6 211
6 95
6 353
6 99
6 236
6 109
6 239
6 240
6 113
6 382
6 383
7 71
7 72
7 169
7 327
7 299
7 174
7 206
7 334
7 177
7 114
7 369
7 180
7 213
7 245
7 374
7 24
7 158
7 95
8 388
8 263
8 395
8 273
8 21
8 23
8 154
8 163
8 292
8 169
8 308
8 318
8 339
8 219
8 221
8 98
8 227
8 105
8 106
8 365
8 245
8 253
8 383
9 89
9 257
9 194
9 67
9 229
9 297
9 106
9 142
9 334
9 208
9 277
9 185
9 346
9 318
10 225
10 358
10 199
10 140
10 207
10 367
10 177
10 86
10 345
10 29
11 257
11 153
11 227
11 36
11 355
11 357
11 39
11 359
11 123
11 283
11 209
11 306
11 307
11 116
11 214
11 55
11 121
11 27
11 158
11 351
12 161
12 230
12 333
12 366
12 79
12 48
12 209
12 381
12 148
12 340
12 248
12 218
12 29
12 383
13 34
13 388
13 70
13 168
13 328
13 202
13 43
13 392
13 237
13 81
13 26
13 59
13 318
14 274
14 155
14 288
14 290
14 38
14 44
14 306
14 186
14 187
14 190
14 320
14 194
14 340
14 214
14 216
14 218
14 222
14 97
14 102
14 109
14 239
14 241
15 133
15 262
15 139
15 267
15 146
15 173
15 310
15 184
15 322
15 73
15 201
15 202
15 76
15 333
15 83
15 339
15 220
15 97
15 103
15 366
15 375
15 248
15 254
16 96
16 322
16 99
16 39
16 199
16 59
16 44
16 332
16 338
16 119
16 91
16 252
16 285
16 222
17 256
17 33
17 68
17 287
17 70
17 140
17 77
17 204
17 111
17 80
17 366
17 82
17 181
17 278
17 218
17 255
18 96
18 97
18 162
18 224
18 38
18 288
18 382
18 170
18 362
18 141
18 238
18 208
18 371
18 87
18 26
18 221
18 318
19 130
19 101
19 391
19 232
19 345
19 77
19 334
19 335
19 180
19 184
19 54
19 87
19 150
19 121
19 378
19 317
19 183
19 286
20 384
20 257
20 346
20 365
20 335
20 144
20 304
20 210
20 211
20 276
20 181
20 58
20 351
21 137
21 398
21 147
21 24
21 27
21 294
21 42
21 298
21 44
21 306
21 183
21 185
21 66
21 334
21 80
21 209
21 346
21 360
21 365
21 238
21 372
21 123
21 252
22 65
22 289
22 227
22 37
22 73
22 107
22 172
22 268
22 375
22 111
22 175
22 396
22 347
22 149
22 150
22 181
22 182
22 251
22 284
22 223
23 267
23 277
23 155
23 158
23 291
23 304
23 181
23 56
23 64
23 192
23 78
23 80
23 336
23 214
23 342
23 345
23 220
23 93
23 222
23 101
23 124
24 192
24 65
24 259
24 37
24 357
24 295
24 358
24 77
24 273
24 369
24 339
24 54
24 278
24 58
24 94
25 289
25 162
25 131
25 197
25 325
25 74
25 107
25 75
25 139
25 46
25 205
25 240
25 331
25 50
25 368
25 369
25 120
25 250
25 157
25 158
25 216
26 291
26 71
26 72
26 297
26 360
26 78
26 237
26 144
26 81
26 269
26 341
26 311
26 380
26 60
26 93
27 320
27 387
27 356
27 133
27 197
27 198
27 360
27 378
27 145
27 180
27 118
27 151
27 245
27 314
27 350
28 255
28 197
28 324
28 71
28 376
28 234
28 267
28 395
28 284
28 247
28 152
28 92
28 63
29 65
29 194
29 259
29 389
29 134
29 358
29 360
29 170
29 363
29 394
29 48
29 80
29 368
29 151
29 156
29 94
29 223
30 262
30 145
30 275
30 154
30 165
30 295
30 44
30 175
30 306
30 56
30 319
30 193
30 68
30 209
30 339
30 348
30 221
30 223
30 96
30 354
30 105
30 107
30 238
30 246
30 125
31 96
31 161
31 225
31 386
31 164
31 133
31 165
31 229
31 292
31 326
31 383
31 236
31 302
31 369
31 341
31 118
31 280
31 95
32 224
32 226
32 355
32 230
32 199
32 105
32 266
32 110
32 238
32 341
32 250
32 91
32 221
33 262
33 267
33 154
33 160
33 290
33 35
33 169
33 171
33 50
33 314
33 58
33 196
33 199
33 74
33 211
33 94
33 352
33 354
33 239
33 240
33 383
34 322
34 67
34 132
34 37
34 360
34 234
34 268
34 142
34 173
34 208
34 239
34 146
34 147
34 274
34 342
34 56
34 186
34 379
34 156
34 61
35 128
35 259
35 134
35 39
35 135
35 166
35 361
35 236
35 109
35 173
35 399
35 51
35 340
35 53
35 118
35 124
36 64
36 160
36 224
36 225
36 100
36 39
36 199
36 233
36 327
36 267
36 328
36 398
36 335
36 177
36 242
36 370
36 54
36 184
36 317
37 389
37 392
37 139
37 140
37 150
37 293
37 299
37 172
37 47
37 49
37 179
37 180
37 55
37 194
37 332
37 341
37 342
37 92
37 223
37 353
37 113
37 250
37 126
38 256
38 289
38 132
38 324
38 105
38 172
38 333
38 175
38 206
38 114
38 210
38 53
38 339
38 311
38 152
38 122
38 159
39 148
39 279
39 290
39 163
39 164
39 294
39 171
39 46
39 176
39 313
39 318
39 192
39 327
39 73
39 337
39 85
39 216
39 349
39 350
39 354
39 103
39 235
39 239
39 370
39 379
39 375
39 122
39 251
39 125
40 353
40 162
40 376
40 357
40 394
40 44
40 204
40 301
40 207
40 271
40 52
40 84
40 157
40 87
40 120
40 217
40 341
40 125
40 343
41 164
41 389
41 198
41 378
41 42
41 269
41 238
41 270
41 366
41 49
41 50
41 211
41 242
41 245
41 273
41 215
41 312
41 281
41 340
41 60
42 386
42 139
42 267
42 287
42 169
42 302
42 319
42 200
42 211
42 86
42 219
42 221
42 95
42 359
42 234
42 237
42 246
42 122
42 127
42 255
43 384
43 350
43 194
43 101
43 332
43 237
43 271
43 48
43 52
43 180
43 150
43 182
43 277
43 121
43 310
43 93
43 183
44 350
44 354
44 317
44 392
44 109
44 110
44 240
44 272
44 398
44 340
44 342
44 218
44 187
44 157
45 259
45 394
45 158
45 161
45 166
45 179
45 55
45 206
45 336
45 337
45 87
45 347
45 102
45 232
45 233
45 365
45 238
45 114
45 242
45 119
45 120
45 121
46 97
46 130
46 162
46 166
46 354
46 360
46 377
46 393
46 80
46 51
46 248
46 57
46 218
46 349
46 286
47 384
47 140
47 141
47 396
47 148
47 298
47 183
47 65
47 194
47 332
47 333
47 209
47 351
47 355
47 231
47 104
47 123
47 367
47 243
47 375
47 251
47 125
48 384
48 354
48 356
48 358
48 296
48 137
48 266
48 139
48 110
48 78
48 236
48 271
48 299
48 381
48 346
48 252
48 126
49 162
49 354
49 357
49 136
49 169
49 233
49 234
49 298
49 329
49 79
49 330
49 145
49 348
49 118
49 86
49 280
49 345
49 220
50 258
50 386
50 390
50 273
50 291
50 175
50 305
50 178
50 307
50 184
50 314
50 198
50 81
50 342
50 349
50 98
50 100
50 103
50 246
50 122
51 225
51 385
51 263
51 72
51 168
51 143
51 206
51 208
51 366
51 369
51 398
51 342
52 224
52 132
52 236
52 270
52 178
52 370
52 180
52 340
52 278
52 376
52 61
53 132
53 270
53 150
53 293
53 166
53 296
53 298
53 172
53 304
53 181
53 310
53 313
53 316
53 327
53 338
53 339
53 85
53 213
53 344
53 89
53 220
53 225
53 99
53 355
53 233
53 363
53 254
54 68
54 325
54 103
54 396
54 175
54 208
54 241
54 83
54 85
54 184
54 62
54 127
55 257
55 269
55 282
55 159
55 301
55 313
55 73
55 344
55 224
55 121
55 359
55 234
55 237
55 246
55 119
55 377
55 122
55 254
56 264
56 265
56 153
56 164
56 293
56 296
56 185
56 193
56 326
56 330
56 76
56 216
56 91
56 94
56 224
56 240
56 369
56 114
56 373
56 374
56 248
56 379
56 253
56 383
57 129
57 392
57 394
57 399
57 272
57 280
57 281
57 282
57 161
57 167
57 170
57 300
57 179
57 316
57 321
57 76
57 82
57 84
57 342
57 220
57 357
57 360
58 64
58 280
58 355
58 319
58 105
58 269
58 279
58 144
58 309
58 119
58 122
58 120
58 349
58 63
59 135
59 138
59 397
59 168
59 169
59 170
59 297
59 306
59 64
59 196
59 69
59 75
59 79
59 336
59 211
59 348
59 112
59 370
59 127
60 130
60 259
60 133
60 135
60 140
60 269
60 277
60 280
60 155
60 156
60 163
60 293
60 186
60 195
60 198
60 201
60 335
60 213
60 216
60 220
60 350
60 236
60 247
60 248
60 251
61 256
61 98
61 293
61 360
61 362
61 107
61 139
61 335
61 176
61 209
61 114
61 272
61 116
61 212
61 245
61 280
61 155
61 92
61 125
62 224
62 65
62 130
62 257
62 289
62 382
62 102
62 199
62 137
62 274
62 211
62 84
62 149
62 370
62 91
62 190
62 126
63 134
63 136
63 174
63 306
63 309
63 316
63 325
63 72
63 74
63 202
63 80
63 208
63 344
63 91
63 350
63 352
63 225
63 114
63 251
64 260
64 135
64 138
64 395
64 276
64 277
64 281
64 155
64 283
64 168
64 299
64 172
64 176
64 310
64 186
64 67
64 68
64 323
64 71
64 209
64 211
64 350
64 223
64 100
64 103
64 361
64 364
64 375
64 380
64 124
64 127
65 128
65 261
65 138
65 266
65 395
65 271
65 294
65 297
65 312
65 184
65 319
65 73
65 208
65 81
65 98
65 361
65 234
65 245
66 321
66 326
66 103
66 329
66 330
66 367
66 370
66 276
66 149
66 88
66 313
66 314
66 284
66 127
67 274
67 149
67 150
67 288
67 290
67 165
67 296
67 180
67 184
67 333
67 84
67 342
67 120
67 359
67 233
67 364
67 366
67 242
67 248
67 378
68 128
68 268
68 148
68 150
68 152
68 164
68 293
68 297
68 188
68 198
68 328
68 346
68 218
68 227
68 355
68 108
68 366
68 241
68 382
69 257
69 261
69 73
69 112
69 215
69 377
69 222
70 167
70 78
70 143
70 114
70 306
70 148
70 215
70 248
70 188
70 157
70 158
71 137
71 275
71 281
71 306
71 311
71 314
71 319
71 193
71 320
71 208
71 209
71 84
71 342
71 217
71 346
71 109
71 365
71 366
71 112
71 116
71 252
72 224
72 261
72 293
72 136
72 186
72 266
72 203
72 364
72 303
72 372
72 213
72 277
72 341
72 281
72 349
72 157
73 354
73 327
73 75
73 270
73 80
73 220
73 151
73 218
73 92
73 382
73 383
74 131
74 135
74 398
74 171
74 303
74 306
74 320
74 326
74 78
74 335
74 337
74 215
74 218
74 92
74 230
74 104
74 373
74 246
74 376
74 122
75 225
75 228
75 355
75 387
75 201
75 331
75 77
75 219
75 143
75 237
75 181
75 220
76 163
76 101
76 281
76 231
76 265
76 172
76 78
76 175
76 149
76 86
76 375
76 216
77 128
77 385
77 135
77 149
77 163
77 167
77 173
77 303
77 187
77 321
77 208
77 90
77 94
77 99
77 361
77 363
77 366
77 376
78 384
78 394
78 272
78 292
78 313
78 326
78 328
78 208
78 212
78 343
78 91
78 92
78 230
78 360
78 105
78 240
78 376
78 253
79 191
79 322
79 228
79 260
79 324
79 301
79 209
79 147
79 370
79 117
79 310
79 122
79 284
79 221
79 95
80 356
80 390
80 263
80 250
80 235
80 329
80 241
80 117
80 89
80 215
80 187
81 140
81 142
81 143
81 145
81 164
81 177
81 179
81 305
81 184
81 188
81 320
81 326
81 333
81 334
81 85
81 222
81 96
81 355
81 228
81 356
81 359
81 104
81 234
81 363
81 245
81 247
82 389
82 390
82 135
82 263
82 392
82 288
82 170
82 184
82 186
82 192
82 205
82 343
82 348
82 350
82 355
82 356
82 368
82 372
82 251
83 255
83 287
83 359
83 394
83 109
83 302
83 114
83 308
83 344
83 95
83 159
84 160
84 353
84 99
84 101
84 196
84 262
84 265
84 171
84 393
84 113
84 179
84 373
84 278
84 342
84 250
85 293
85 351
85 136
85 199
85 304
85 152
85 185
85 221
85 255
86 226
86 196
86 235
86 110
86 270
86 368
86 210
86 280
86 254
87 385
87 261
87 265
87 393
87 298
87 302
87 315
87 188
87 197
87 337
87 343
87 109
87 368
87 373
87 253
87 379
87 381
87 383
88 384
88 98
88 226
88 259
88 102
88 312
88 354
88 364
88 109
88 173
88 303
88 304
88 369
88 181
88 118
88 221
88 313
88 283
88 125
88 286
89 99
89 166
89 199
89 200
89 359
89 235
89 363
89 302
89 115
89 372
89 347
89 124
89 255
90 227
90 291
90 166
90 263
90 233
90 329
90 109
90 333
90 283
90 113
90 211
90 116
90 148
90 149
90 375
90 280
90 91
90 93
90 222
91 386
91 387
91 392
91 266
91 396
91 276
91 153
91 161
91 172
91 307
91 308
91 317
91 342
91 347
91 351
91 106
91 108
91 123
92 166
92 294
92 264
92 170
92 377
92 144
92 273
92 210
92 179
92 242
92 342
92 374
92 281
92 94
93 192
93 226
93 133
93 167
93 263
93 294
93 329
93 364
93 346
93 378
93 208
93 216
93 279
94 257
94 131
94 283
94 161
94 170
94 182
94 191
94 327
94 200
94 342
94 343
94 344
94 95
94 355
94 101
94 360
94 112
94 246
94 119
95 131
95 260
95 138
95 269
95 146
95 147
95 283
95 291
95 204
95 341
95 343
95 223
95 116
95 253
95 254
96 261
96 142
96 398
96 276
96 154
96 183
96 313
96 320
96 202
96 203
96 209
96 339
96 349
96 102
96 360
96 112
96 240
96 371
96 246
97 257
97 275
97 165
97 297
97 299
97 178
97 186
97 196
97 197
97 325
97 337
97 212
97 353
97 363
97 107
97 235
97 366
97 368
97 242
97 247
97 378
98 266
98 395
98 142
98 272
98 274
98 280
98 288
98 165
98 167
98 306
98 180
98 187
98 193
98 333
98 336
98 343
98 222
98 105
98 250
98 381
98 383
99 384
99 225
99 366
99 271
99 148
99 155
99 252
100 129
100 257
100 165
100 260
100 199
100 168
100 287
100 298
100 314
100 178
100 179
100 184
100 186
100 219
100 349
100 191
101 257
101 271
101 281
101 283
101 158
101 164
101 182
101 191
101 328
101 204
101 212
101 216
101 108
101 239
101 369
102 318
102 131
102 262
102 327
102 104
102 328
102 392
102 107
102 174
102 240
102 367
102 377
102 250
102 120
102 255
103 199
103 361
103 138
103 393
103 205
103 143
103 277
103 118
103 344
103 121
103 375
104 292
104 199
104 263
104 330
104 237
104 176
104 145
104 220
104 308
104 312
104 282
104 379
104 124
105 134
105 394
105 269
105 142
105 167
105 176
105 182
105 215
105 227
105 228
105 356
105 108
105 367
105 374
105 124
106 129
106 285
106 170
106 218
106 265
106 314
106 366
106 239
106 176
106 242
106 116
106 277
106 316
106 344
106 153
106 122
106 220
106 221
107 257
107 217
107 324
107 363
107 204
107 333
107 302
107 116
107 309
107 118
107 184
107 285
107 159
108 261
108 263
108 293
108 201
108 233
108 294
108 361
108 391
108 369
108 149
108 316
108 374
108 184
108 122
108 188
108 191
109 399
109 155
109 284
109 158
109 164
109 175
109 178
109 311
109 329
109 338
109 357
109 117
109 118
109 255
110 356
110 198
110 358
110 239
110 305
110 367
110 307
110 349
111 259
111 326
111 327
111 237
111 176
111 274
111 211
111 275
111 342
111 120
111 313
111 125
111 286
111 287
112 291
112 260
112 325
112 388
112 266
112 369
112 377
113 198
113 263
113 377
113 330
113 236
113 301
113 307
113 246
113 215
113 248
113 310
113 286
113 375
114 287
114 135
114 295
114 268
114 397
114 143
114 239
114 147
114 181
114 244
114 341
114 253
114 317
115 128
115 321
115 194
115 228
115 249
115 262
115 167
115 359
115 266
115 206
115 346
115 124
115 318
115 287
116 135
116 393
116 162
116 163
116 316
116 322
116 340
116 218
116 349
116 353
116 236
116 363
116 366
116 376
116 380
116 254
116 255
117 161
117 170
117 300
117 378
117 145
117 239
117 147
117 217
117 346
117 380
117 317
117 222
117 286
118 131
118 264
118 144
118 155
118 291
118 294
118 298
118 301
118 178
118 179
118 182
118 317
118 322
118 326
118 206
118 209
118 338
118 351
118 235
118 238
118 250
119 320
119 262
119 142
119 346
119 177
119 209
119 339
119 343
119 316
119 217
119 190
119 285
119 223
120 225
120 322
120 133
120 323
120 136
120 266
120 299
120 268
120 325
120 271
120 241
120 179
120 184
121 229
121 293
121 357
121 233
121 358
121 390
121 271
121 275
121 344
121 122
121 285
121 383
122 130
122 396
122 145
122 151
122 155
122 165
122 176
122 326
122 329
122 204
122 332
122 335
122 338
122 216
122 353
122 355
122 239
122 243
122 374
123 129
123 387
123 132
123 197
123 295
123 265
123 377
123 367
123 177
123 311
123 216
123 185
123 317
124 322
124 281
124 200
124 328
124 395
124 205
124 271
124 370
124 284
125 228
125 133
125 197
125 261
125 263
125 236
125 333
125 302
125 303
125 189
125 281
125 346
125 159
126 163
126 195
126 261
126 390
126 168
126 169
126 233
126 265
126 172
126 205
126 330
126 332
126 148
126 244
126 186
127 352
127 292
127 324
127 294
127 139
127 302
127 239
127 399
127 372
127 153
127 189
128 392
128 138
128 267
128 140
128 142
128 297
128 302
128 303
128 309
128 194
128 195
128 197
128 348
128 355
128 241
129 192
129 353
129 131
129 198
129 383
129 139
129 141
129 301
129 371
129 214
129 376
129 250
129 316
129 380
129 351
130 192
130 289
130 291
130 133
130 166
130 294
130 327
130 297
130 139
130 141
130 174
130 308
130 310
130 313
131 258
131 138
131 398
131 153
131 284
131 285
131 157
131 164
131 177
131 332
131 205
131 212
131 215
131 346
131 253
132 227
132 290
132 293
132 359
132 168
132 200
132 171
132 235
132 243
132 249
132 223
133 162
133 295
133 299
133 307
133 186
133 329
133 204
133 206
133 215
133 345
133 347
133 378
133 379
134 249
134 267
134 247
134 312
134 217
135 291
135 295
135 137
135 297
135 205
135 369
135 147
135 150
135 311
135 347
136 387
136 261
136 266
136 139
136 276
136 153
136 286
136 289
136 162
136 168
136 179
136 315
136 319
136 194
136 324
136 211
136 215
136 347
136 220
136 355
136 376
137 320
137 289
137 387
137 357
137 199
137 138
137 174
137 239
137 147
137 371
137 372
137 183
137 376
137 283
137 279
137 311
138 191
138 192
138 263
138 331
138 172
138 271
138 315
138 183
139 395
139 273
139 286
139 290
139 172
139 180
139 316
139 318
139 322
139 209
139 235
139 364
139 245
139 247
139 254
140 264
140 288
140 300
140 303
140 311
140 190
140 199
140 329
140 206
140 346
140 355
140 234
140 362
140 243
140 378
141 195
141 324
141 376
141 266
141 174
141 142
141 206
141 208
141 211
141 305
141 246
141 367
141 373
142 255
142 376
142 313
142 366
142 272
142 274
142 184
142 185
142 247
142 316
142 216
143 256
143 259
143 298
143 332
143 364
143 365
143 208
143 177
143 310
143 254
143 255
144 194
144 226
144 354
144 218
144 314
144 176
144 315
144 306
144 148
144 149
144 251
145 285
145 378
145 339
145 148
145 180
145 347
145 344
145 222
146 288
146 318
146 293
146 377
146 274
146 215
146 249
146 250
146 283
146 375
146 191
147 391
147 288
147 172
147 300
147 305
147 306
147 318
147 323
147 332
147 205
147 347
147 348
147 354
147 382
148 394
148 397
148 287
148 161
148 310
148 184
148 322
148 338
148 228
148 358
148 245
148 381
149 195
149 260
149 323
149 231
149 296
149 206
149 269
149 273
149 182
149 377
149 190
150 292
150 360
150 233
150 267
150 205
150 305
150 212
150 247
150 311
150 254
151 289
151 258
151 229
151 154
151 200
151 295
151 340
151 279
151 152
152 195
152 390
152 330
152 204
152 268
152 244
152 378
152 283
152 159
153 392
153 270
153 282
153 170
153 185
153 188
153 189
153 325
153 328
153 351
153 360
153 238
153 375
153 379
153 381
154 386
154 391
154 396
154 397
154 242
154 274
154 213
154 156
154 157
154 287
155 258
155 388
155 261
155 272
155 289
155 179
155 188
155 190
155 202
155 331
155 209
155 219
155 354
155 357
155 230
155 363
155 366
155 248
155 381
156 258
156 164
156 228
156 285
156 264
156 296
156 173
156 175
156 369
156 338
156 339
156 381
156 181
156 184
156 190
157 229
157 218
157 265
157 346
157 364
157 335
157 272
157 393
157 178
157 397
157 183
158 256
158 259
158 392
158 265
158 237
158 366
158 241
158 315
158 371
158 340
158 250
158 251
158 188
159 224
159 352
159 261
159 264
159 329
159 301
159 270
159 381
159 246
159 313
159 282
159 349
160 195
160 233
160 203
160 267
160 268
160 366
160 180
160 213
160 215
160 245
160 191
161 261
161 265
161 393
161 394
161 302
161 307
161 320
161 196
161 327
161 338
161 211
161 230
161 379
161 251
161 380
162 224
162 231
162 295
162 299
162 377
162 302
162 342
162 383
163 164
163 262
163 295
163 266
163 204
163 236
163 237
163 366
163 396
163 243
163 375
163 313
163 283
164 265
164 276
164 284
164 169
164 302
164 321
164 194
164 330
164 207
164 240
164 371
164 254
165 257
165 385
165 387
165 300
165 237
165 238
165 241
165 210
165 213
165 374
165 281
166 256
166 226
166 227
166 203
166 204
166 206
166 235
166 238
166 267
166 302
166 279
167 195
167 386
167 171
167 176
167 177
167 209
167 338
168 193
168 385
168 227
168 200
168 330
168 203
168 206
168 215
168 380
169 173
169 181
169 309
169 312
169 193
169 332
169 337
169 217
169 350
169 352
169 228
169 365
169 366
169 242
170 185
170 259
170 326
170 199
170 235
170 334
170 367
170 305
170 180
170 276
171 321
171 259
171 196
171 292
171 295
171 354
171 244
171 340
171 312
171 379
171 287
172 285
172 301
172 179
172 310
172 315
172 351
172 224
172 361
172 235
172 367
172 241
172 251
173 387
173 260
173 262
173 394
173 395
173 398
173 295
173 296
173 302
173 312
173 316
173 324
173 207
173 219
173 220
173 350
173 363
174 225
174 258
174 323
174 264
174 330
174 267
174 246
174 311
174 312
174 219
174 380
175 256
175 327
175 329
175 207
175 367
175 209
175 178
175 312
175 380
175 375
176 226
176 387
176 218
176 266
176 269
176 314
176 338
176 179
176 339
176 252
177 267
177 397
177 305
177 309
177 182
177 185
177 187
177 322
177 198
177 335
177 219
177 347
177 227
177 229
177 363
177 237
177 243
177 245
178 352
178 228
178 262
178 232
178 341
178 189
178 285
178 219
178 220
179 384
179 395
179 281
179 294
179 310
179 192
179 328
179 205
179 338
179 228
179 236
179 371
179 254
180 278
180 181
180 182
180 310
180 186
180 325
180 200
180 210
180 362
180 372
180 382
181 337
181 257
181 332
181 395
181 304
181 275
181 276
181 349
181 351
182 382
182 200
182 202
182 204
182 267
182 298
182 393
182 240
182 304
182 368
182 252
183 322
183 387
183 196
183 197
183 388
183 295
183 371
183 279
183 345
183 315
183 190
183 287
184 260
184 294
184 304
184 190
184 326
184 199
184 362
184 247
184 377
184 254
185 386
185 261
185 393
185 281
185 290
185 188
185 322
185 223
185 353
185 363
185 239
185 246
186 262
186 266
186 204
186 218
186 221
186 351
186 223
186 357
186 235
186 364
186 237
186 248
187 320
187 356
187 388
187 332
187 296
187 345
187 268
187 272
187 211
187 244
187 301
187 303
187 307
187 216
187 281
188 384
188 382
188 324
188 313
188 203
188 364
188 238
188 207
188 245
188 348
189 385
189 227
189 229
189 199
189 268
189 399
189 278
189 310
189 248
189 346
190 388
190 295
190 303
190 196
190 197
190 199
190 207
190 221
190 226
190 229
190 238
190 241
190 381
191 322
191 266
191 362
191 307
191 214
191 278
191 342
192 195
192 228
192 355
192 388
192 361
192 331
192 269
192 365
192 336
192 340
192 250
192 284
193 321
193 362
193 392
193 300
193 335
193 241
193 371
193 343
193 254
193 253
193 375
194 264
194 368
194 211
194 213
194 277
194 339
194 371
194 316
195 355
195 297
195 362
195 398
195 275
195 348
195 214
195 284
195 309
196 385
196 294
196 200
196 296
196 399
196 368
196 347
196 211
196 280
197 292
197 198
197 234
197 334
197 399
197 252
197 308
198 353
198 390
198 263
198 301
198 308
198 341
198 373
198 286
199 292
199 335
199 227
199 360
199 372
199 245
199 380
200 355
200 293
200 265
200 267
200 364
200 205
200 312
200 346
200 315
201 323
201 292
201 324
201 231
201 327
201 333
201 206
201 274
201 307
201 213
201 344
201 283
202 356
202 261
202 232
202 361
202 239
202 251
202 340
202 282
202 348
203 353
203 267
203 268
203 371
203 316
203 376
203 313
203 347
203 223
204 388
204 262
204 396
204 274
204 323
204 327
204 334
204 207
204 220
204 356
204 243
205 296
205 267
205 242
205 306
205 340
205 371
206 290
206 259
206 392
206 334
206 396
206 241
207 287
207 358
207 235
207 398
207 304
207 273
207 212
207 377
207 255
208 258
208 395
208 272
208 286
208 288
208 307
208 329
208 210
208 341
208 223
208 230
208 235
208 236
208 239
208 369
208 250
208 379
209 259
209 261
209 394
209 284
209 303
209 314
209 318
209 216
209 359
210 354
210 356
210 293
210 325
210 361
210 274
210 338
210 373
210 216
210 222
210 351
211 258
211 272
211 314
211 325
211 337
211 212
211 220
211 227
211 355
211 237
211 365
211 368
211 248
212 299
212 272
212 368
212 342
212 250
212 348
212 375
213 361
213 331
213 314
213 394
213 399
213 311
213 222
213 351
214 353
214 287
214 323
214 264
214 377
214 266
214 267
214 395
214 306
214 276
214 248
214 313
214 218
214 381
214 286
215 258
215 267
215 290
215 298
215 303
215 312
215 338
215 231
215 245
216 265
216 267
216 283
216 299
216 305
216 309
216 317
216 321
216 365
217 323
217 292
217 232
217 332
217 363
217 364
217 398
217 339
217 341
217 343
217 383
218 384
218 385
218 262
218 296
218 307
218 311
218 314
218 353
218 358
219 355
219 357
219 235
219 236
219 299
219 242
219 274
219 399
219 318
219 394
220 259
220 283
220 306
220 331
220 348
220 349
220 359
220 238
220 240
221 393
221 397
221 293
221 296
221 309
221 315
221 326
221 334
221 340
221 244
221 381
222 257
222 264
222 396
222 366
222 340
222 370
222 398
222 311
223 295
223 265
223 237
223 271
223 369
223 372
223 246
224 320
224 352
224 387
224 332
224 364
224 305
224 274
225 350
225 227
225 387
225 367
225 372
225 375
225 318
226 263
226 234
226 298
226 238
226 398
226 339
226 373
226 254
226 282
226 380
227 391
227 272
227 305
227 330
227 366
227 380
227 253
228 320
228 389
228 364
228 335
228 241
228 284
228 341
229 355
229 249
229 351
229 383
229 267
229 299
229 269
229 334
229 335
229 396
229 342
229 283
229 375
230 289
230 234
230 269
230 306
230 307
230 341
230 247
230 380
231 257
231 293
231 267
231 302
231 277
231 278
231 282
231 283
231 284
232 358
232 313
232 265
232 235
232 268
232 330
232 271
232 347
232 285
233 385
233 281
233 282
233 283
233 297
233 318
233 356
233 234
233 242
233 370
233 255
234 387
234 388
234 391
234 368
234 369
234 249
234 250
235 275
235 279
235 285
235 326
235 328
235 367
235 241
235 242
236 258
236 397
236 290
236 317
236 325
236 371
236 372
236 246
236 378
237 261
237 268
237 397
237 275
237 343
237 362
237 244
237 245
238 395
238 274
238 289
238 323
238 338
238 375
238 248
238 382
239 319
239 303
239 337
239 285
240 389
240 262
240 328
240 392
240 367
240 305
240 244
240 346
241 260
241 393
241 275
241 314
241 332
241 333
241 351
241 254
241 383
242 264
242 395
242 398
242 299
242 308
242 334
242 346
242 368
242 243
242 244
242 376
242 380
242 382
243 265
243 396
243 283
243 284
243 301
243 314
243 316
243 328
243 347
243 370
243 373
243 374
243 378
243 381
243 254
244 280
244 353
244 259
244 300
244 332
244 335
244 304
244 396
244 346
244 349
244 319
245 320
245 331
245 269
245 285
246 265
246 278
246 289
246 300
246 301
246 318
246 341
246 371
246 382
247 385
247 386
247 328
247 299
247 395
247 335
247 252
247 282
247 317
247 253
247 286
248 386
248 261
248 330
248 305
248 367
249 354
249 356
249 269
249 336
249 307
249 309
249 280
249 313
250 391
250 277
250 286
250 328
250 331
250 333
250 365
251 324
251 265
251 373
251 342
252 291
252 261
252 357
252 358
252 365
252 397
252 379
252 308
252 277
252 378
252 347
253 261
253 394
253 365
253 273
253 311
254 276
254 325
254 326
254 330
254 355
254 373
255 257
255 259
255 268
255 270
255 275
255 288
255 300
255 301
255 336
256 321
256 323
256 358
256 271
256 304
256 306
257 385
257 383
257 393
257 267
257 291
257 309
257 323
257 328
257 365
257 367
258 324
258 360
258 330
258 267
258 276
258 278
258 285
258 343
259 386
259 397
259 300
259 311
259 365
259 375
260 301
260 302
260 334
260 335
261 281
261 287
261 348
261 352
262 385
262 390
262 311
262 330
262 335
262 353
262 358
262 379
262 380
263 353
263 356
263 295
263 264
263 374
264 312
264 366
264 336
264 368
264 371
264 278
265 287
265 289
265 293
265 300
265 301
265 303
265 305
265 336
265 340
266 289
266 300
266 316
266 323
266 344
266 354
267 390
267 269
267 285
267 313
267 364
267 366
267 375
268 288
268 376
268 362
268 278
268 343
269 354
269 351
269 306
269 316
269 343
270 356
270 327
270 330
270 332
270 303
271 325
271 275
271 277
272 387
272 359
272 360
273 312
273 291
273 357
273 396
273 397
273 303
273 275
273 278
274 288
274 292
274 326
274 384
274 287
275 376
275 357
275 308
275 280
276 318
276 391
276 395
276 332
276 369
276 371
276 380
277 354
277 349
277 360
277 396
277 278
277 347
277 285
277 318
278 385
278 344
278 383
279 292
279 356
279 326
279 362
279 369
279 374
279 379
280 329
280 362
280 392
280 368
280 379
281 353
281 296
281 327
281 338
282 289
282 325
282 361
282 300
282 335
283 391
283 292
283 299
283 311
283 336
283 346
283 373
283 375
283 376
283 378
284 336
284 338
284 339
284 371
284 376
284 349
284 350
285 309
286 394
286 398
286 307
286 319
286 322
286 357
286 358
287 289
287 300
287 313
287 330
287 355
287 359
287 382
288 355
288 386
288 390
288 298
288 303
288 311
288 375
288 350
289 357
289 305
289 369
289 340
289 343
290 354
290 330
290 398
290 305
290 337
290 351
291 323
291 354
291 391
291 330
291 363
291 340
291 312
291 345
292 326
292 392
292 381
292 311
293 360
293 393
293 371
294 309
294 310
294 356
294 359
294 368
294 370
294 375
294 377
295 333
295 348
296 384
296 387
296 388
296 332
296 301
296 381
297 390
297 395
297 303
297 315
297 370
297 374
297 350
298 384
298 322
298 317
298 362
298 310
298 311
299 309
299 317
300 392
300 364
300 349
301 321
301 353
301 329
301 336
302 320
302 374
303 384
303 396
303 310
303 339
303 357
303 361
303 367
304 353
304 389
304 314
304 396
304 366
304 336
304 399
304 341
304 380
304 383
305 357
305 398
305 311
306 387
306 399
306 308
306 354
306 366
307 333
307 379
307 376
308 327
309 353
309 319
309 359
309 361
309 371
309 316
310 395
310 311
310 368
310 378
310 381
311 387
311 361
312 323
312 328
312 340
312 345
312 350
313 397
313 317
313 319
313 329
313 335
313 338
313 339
313 342
313 348
313 354
313 365
313 369
314 388
314 346
314 377
314 351
315 384
315 321
315 358
315 327
315 332
315 383
315 370
315 381
315 351
316 350
317 344
317 358
317 391
317 393
317 342
318 328
318 330
318 339
318 341
318 343
318 355
318 356
318 365
318 379
319 355
319 360
319 334
319 340
320 358
320 369
320 376
321 322
321 357
321 326
321 388
321 390
321 329
321 378
321 380
322 389
322 393
322 337
322 339
322 363
323 391
323 338
323 373
323 378
323 375
324 357
324 338
324 372
325 384
325 354
325 358
325 383
325 336
326 388
326 328
326 343
326 356
326 364
326 368
326 372
327 352
327 346
328 397
328 398
328 368
328 373
329 384
329 371
329 348
330 336
330 343
330 368
330 369
330 371
331 335
332 382
332 336
332 359
332 364
332 376
332 379
333 393
333 394
333 395
333 354
333 364
333 378
333 371
333 377
334 353
334 347
335 396
335 360
336 338
336 380
337 390
337 393
337 376
338 395
338 396
338 346
338 370
340 346
340 368
341 388
341 392
341 357
341 381
341 383
342 386
342 388
342 348
342 381
345 368
345 347
345 379
346 395
346 397
346 359
346 370
348 350
348 389
348 359
348 390
348 391
349 352
350 356
350 366
350 375
351 352
351 369
351 382
352 389
352 381
352 375
353 361
354 360
354 379
355 385
356 361
356 373
357 364
358 394
359 393
359 397
359 366
359 368
360 391
360 373
360 378
361 377
361 381
363 369
363 381
363 376
364 390
365 370
365 379
366 385
368 371
368 379
369 391
369 393
371 390
372 386
372 377
373 392
375 387
376 388
376 389
376 381
379 395
379 398
380 391
381 390
382 394
383 393
386 396
388 393
388 395
389 393
390 393
390 395
