400 4000
0 33
0 387
0 58
0 101
0 103
0 313
0 392
0 76
0 142
0 378
0 381
0 115
0 148
0 279
0 216
0 57
0 26
0 157
0 127
1 256
1 65
1 66
1 389
1 6
1 296
1 9
1 105
1 398
1 48
1 49
1 208
1 212
1 21
1 182
1 375
1 185
1 378
1 347
1 158
2 131
2 387
2 263
2 10
2 282
2 287
2 288
2 161
2 35
2 293
2 42
2 173
2 51
2 60
2 317
2 321
2 195
2 204
2 82
2 86
2 214
2 90
2 351
2 355
2 380
2 127
3 384
3 263
3 393
3 12
3 268
3 398
3 272
3 280
3 27
3 298
3 52
3 57
3 326
3 329
3 82
3 346
3 92
3 352
3 236
3 371
3 377
3 252
4 225
4 162
4 260
4 102
4 390
4 200
4 75
4 76
4 108
4 346
4 251
4 367
4 315
4 397
4 307
4 116
4 120
4 221
4 26
4 91
4 93
5 96
5 67
5 227
5 197
5 356
5 11
5 75
5 187
5 46
5 365
5 272
5 49
5 82
5 179
5 52
5 280
5 27
5 124
5 190
5 63
6 258
6 322
6 292
6 8
6 137
6 73
6 264
6 207
6 272
6 305
6 337
6 213
6 118
6 247
6 248
6 316
6 282
6 279
6 191
7 131
7 8
7 11
7 144
7 149
7 22
7 23
7 151
7 277
7 41
7 175
7 307
7 310
7 312
7 319
7 323
7 196
7 324
7 71
7 327
7 77
7 85
7 214
7 351
7 225
7 357
7 232
8 128
8 132
8 264
8 138
8 397
8 15
8 399
8 273
8 18
8 23
8 30
8 300
8 49
8 179
8 202
8 336
8 214
8 344
8 351
8 241
8 120
8 380
8 383
9 32
9 131
9 101
9 392
9 369
9 338
9 84
9 148
9 215
9 184
9 57
9 158
9 375
10 352
10 289
10 386
10 71
10 75
10 237
10 112
10 17
10 84
10 148
10 183
10 154
10 188
11 33
11 34
11 195
11 295
11 266
11 108
11 76
11 270
11 336
11 337
11 178
11 116
11 253
11 342
11 119
11 185
11 219
11 221
11 158
12 128
12 129
12 265
12 139
12 285
12 40
12 314
12 190
12 196
12 70
12 198
12 201
12 74
12 333
12 338
12 340
12 348
12 228
12 362
12 235
12 110
12 241
12 125
12 255
13 96
13 322
13 68
13 197
13 358
13 359
13 74
13 234
13 314
13 205
13 301
13 331
13 21
13 22
13 23
13 278
13 185
13 154
13 91
13 221
14 318
14 70
14 71
14 136
14 313
14 317
14 77
14 173
14 111
14 47
14 206
14 146
14 238
14 338
14 215
14 185
14 282
14 158
14 220
14 125
14 126
15 64
15 66
15 35
15 99
15 132
15 229
15 107
15 299
15 331
15 335
15 337
15 117
15 279
15 56
15 316
16 384
16 386
16 387
16 265
16 143
16 271
16 282
16 291
16 36
16 292
16 167
16 310
16 192
16 324
16 337
16 211
16 345
16 223
16 225
16 231
16 237
16 116
16 374
16 382
17 129
17 289
17 291
17 102
17 134
17 166
17 199
17 47
17 48
17 251
17 283
17 116
17 21
17 246
17 248
17 27
17 188
18 131
18 132
18 217
18 198
18 229
18 72
18 105
18 203
18 300
18 173
18 396
18 397
18 178
18 340
18 342
18 153
18 59
19 273
19 147
19 150
19 278
19 279
19 164
19 293
19 45
19 46
19 305
19 185
19 57
19 59
19 316
19 329
19 337
19 338
19 111
19 240
19 373
19 119
19 122
19 383
20 290
20 386
20 260
20 356
20 389
20 264
20 218
20 233
20 203
20 331
20 346
20 78
20 379
20 340
20 215
20 186
20 247
20 220
20 189
20 191
21 153
21 355
21 196
21 356
21 357
21 329
21 43
21 299
21 173
21 50
21 51
21 371
21 117
21 348
21 57
21 28
21 222
22 65
22 37
22 262
22 390
22 74
22 236
22 174
22 270
22 336
22 188
22 220
22 23
22 348
22 55
22 88
22 346
22 59
22 60
22 286
23 128
23 256
23 259
23 152
23 28
23 173
23 305
23 318
23 191
23 74
23 217
23 346
23 89
23 364
23 366
23 367
23 372
23 250
24 224
24 129
24 227
24 324
24 102
24 38
24 326
24 75
24 364
24 141
24 110
24 378
24 85
24 149
24 375
24 248
24 186
24 91
24 221
24 158
24 351
25 159
25 33
25 225
25 99
25 263
25 393
25 394
25 108
25 237
25 335
25 176
25 304
25 336
25 367
25 183
25 56
25 155
25 127
26 387
26 139
26 141
26 283
26 165
26 38
26 166
26 297
26 50
26 185
26 316
26 321
26 204
26 206
26 81
26 224
26 98
26 228
26 243
26 127
27 130
27 267
27 276
27 153
27 287
27 34
27 296
27 302
27 175
27 305
27 308
27 181
27 191
27 75
27 78
27 217
27 347
27 244
27 376
28 128
28 165
28 166
28 201
28 202
28 363
28 47
28 53
28 87
28 216
28 218
28 29
29 257
29 258
29 385
29 399
29 278
29 280
29 286
29 34
29 163
29 290
29 184
29 68
29 324
29 327
29 201
29 202
29 343
29 221
29 102
29 230
29 113
29 118
29 250
29 380
30 129
30 387
30 266
30 139
30 146
30 171
30 300
30 178
30 56
30 61
30 62
30 323
30 196
30 336
30 341
30 214
30 89
30 223
30 104
30 233
30 107
30 242
30 375
30 121
31 129
31 144
31 156
31 49
31 70
31 328
31 73
31 75
31 119
31 215
31 343
31 218
31 348
31 97
31 225
31 355
31 102
31 112
31 371
31 375
31 248
31 379
31 127
32 385
32 215
32 169
32 109
32 206
32 175
32 304
32 334
32 306
32 336
32 337
32 309
32 340
32 87
32 121
32 58
32 283
32 252
32 350
32 287
33 288
33 385
33 67
33 36
33 291
33 103
33 264
33 377
33 75
33 207
33 242
33 55
33 123
33 189
33 63
34 384
34 161
34 291
34 197
34 38
34 358
34 390
34 138
34 331
34 270
34 79
34 80
34 211
34 156
35 353
35 197
35 358
35 390
35 200
35 73
35 394
35 363
35 242
35 373
35 214
36 390
36 395
36 289
36 40
36 45
36 173
36 301
36 178
36 63
36 325
36 326
36 80
36 82
36 349
36 224
36 357
36 107
36 112
36 241
36 117
36 379
36 124
37 225
37 133
37 360
37 399
37 272
37 49
37 179
37 245
37 118
37 86
37 219
37 375
37 190
37 95
38 141
38 148
38 280
38 282
38 157
38 160
38 289
38 295
38 41
38 42
38 307
38 316
38 190
38 320
38 200
38 203
38 208
38 214
38 363
38 382
39 129
39 323
39 292
39 101
39 295
39 391
39 169
39 74
39 363
39 172
39 241
39 312
39 122
39 223
40 261
40 135
40 145
40 285
40 293
40 297
40 310
40 58
40 315
40 67
40 325
40 200
40 328
40 79
40 81
40 83
40 340
40 90
40 101
40 230
40 235
40 366
40 370
40 117
40 127
41 196
41 72
41 104
41 201
41 202
41 203
41 362
41 377
41 177
41 275
41 119
41 87
41 57
41 250
41 255
42 134
42 267
42 277
42 279
42 285
42 158
42 165
42 166
42 170
42 299
42 177
42 55
42 184
42 60
42 195
42 197
42 202
42 76
42 77
42 82
42 231
42 105
42 238
42 111
42 374
42 375
43 192
43 161
43 162
43 288
43 228
43 326
43 204
43 174
43 142
43 80
43 177
43 210
43 347
43 313
43 219
43 317
44 228
44 260
44 292
44 104
44 200
44 395
44 205
44 47
44 51
44 316
44 312
44 57
44 123
44 156
45 396
45 157
45 162
45 168
45 300
45 173
45 305
45 306
45 55
45 185
45 58
45 316
45 61
45 203
45 332
45 214
45 344
45 347
45 222
45 95
45 100
45 239
45 375
45 376
45 123
46 258
46 281
46 157
46 165
46 297
46 301
46 308
46 310
46 58
46 61
46 319
46 208
46 211
46 221
46 224
46 103
46 105
46 116
46 373
46 123
46 127
47 193
47 325
47 262
47 92
47 48
47 304
47 147
47 275
47 372
47 185
48 391
48 141
48 399
48 161
48 295
48 168
48 169
48 297
48 175
48 186
48 59
48 60
48 200
48 203
48 76
48 204
48 80
48 350
48 242
48 115
48 371
48 380
49 130
49 283
49 287
49 301
49 302
49 324
49 75
49 213
49 214
49 380
49 90
49 225
49 228
49 101
49 113
49 118
49 376
49 378
49 124
50 257
50 146
50 148
50 160
50 290
50 302
50 312
50 63
50 70
50 201
50 77
50 205
50 207
50 336
50 340
50 218
50 349
50 225
50 370
50 380
51 64
51 292
51 388
51 134
51 330
51 211
51 52
51 86
51 215
51 216
51 285
51 317
51 61
52 322
52 386
52 103
52 72
52 335
52 208
52 241
52 117
52 310
52 280
52 282
52 316
52 190
52 319
53 129
53 121
53 325
53 377
53 107
53 108
53 270
53 371
53 276
53 344
53 89
53 287
54 322
54 264
54 361
54 331
54 268
54 109
54 206
54 332
54 333
54 368
54 276
54 85
54 62
54 122
54 349
54 254
55 224
55 353
55 131
55 356
55 71
55 200
55 106
55 76
55 269
55 239
55 370
55 211
55 84
55 308
55 218
55 382
56 384
56 262
56 280
56 288
56 163
56 168
56 171
56 178
56 195
56 323
56 200
56 77
56 206
56 339
56 95
56 360
56 238
56 243
56 125
57 388
57 262
57 265
57 278
57 308
57 316
57 318
57 69
57 331
57 333
57 206
57 355
57 229
57 236
57 115
57 249
57 380
58 257
58 322
58 323
58 137
58 297
58 361
58 362
58 397
58 80
58 81
58 246
58 346
58 380
59 163
59 259
59 325
59 134
59 262
59 186
59 201
59 327
59 111
59 304
59 119
59 214
59 310
59 154
59 220
59 255
60 129
60 257
60 135
60 267
60 271
60 162
60 175
60 176
60 303
60 308
60 66
60 77
60 206
60 338
60 352
60 363
60 107
60 379
60 255
61 257
61 386
61 131
61 265
61 161
61 294
61 172
61 186
61 72
61 73
61 201
61 204
61 78
61 92
61 103
61 111
61 243
61 246
62 128
62 390
62 269
62 272
62 282
62 292
62 293
62 297
62 311
62 189
62 67
62 206
62 82
62 93
62 350
62 381
62 119
62 249
62 124
62 253
63 162
63 386
63 69
63 133
63 229
63 169
63 261
63 296
63 357
63 238
63 79
63 398
63 337
63 115
63 399
63 213
64 192
64 133
64 357
64 359
64 72
64 377
64 272
64 146
64 148
64 178
64 243
64 245
64 343
64 370
64 186
64 316
64 221
64 158
65 257
65 259
65 102
65 168
65 106
65 170
65 205
65 237
65 175
65 397
65 243
65 86
65 152
65 345
65 250
65 92
65 127
66 195
66 390
66 168
66 74
66 362
66 205
66 79
66 114
66 178
66 372
66 213
66 86
66 314
66 251
66 95
67 160
67 260
67 197
67 229
67 234
67 395
67 204
67 173
67 237
67 79
67 303
67 337
67 246
67 342
67 281
67 316
68 357
68 186
68 237
68 336
68 82
68 338
68 379
68 184
68 90
68 219
69 128
69 256
69 390
69 135
69 268
69 270
69 143
69 145
69 273
69 277
69 155
69 294
69 169
69 327
69 221
69 232
69 361
69 367
69 369
69 248
70 130
70 258
70 267
70 151
70 288
70 163
70 313
70 332
70 77
70 339
70 213
70 92
70 225
70 229
70 233
70 120
70 378
70 255
71 388
71 136
71 143
71 271
71 276
71 175
71 309
71 184
71 311
71 186
71 187
71 203
71 331
71 209
71 220
71 349
71 350
71 240
71 381
72 270
72 151
72 284
72 156
72 288
72 289
72 292
72 170
72 177
72 310
72 219
72 351
72 354
72 107
72 363
72 117
72 245
72 375
72 121
73 226
73 164
73 131
73 165
73 287
73 328
73 368
73 209
73 183
73 376
73 379
73 252
73 222
74 134
74 266
74 267
74 286
74 159
74 291
74 293
74 295
74 296
74 299
74 175
74 308
74 189
74 324
74 210
74 340
74 97
74 225
74 361
74 117
74 378
74 253
75 130
75 265
75 278
75 289
75 302
75 310
75 190
75 195
75 330
75 207
75 232
75 362
75 111
75 113
75 243
75 245
75 126
75 254
76 258
76 354
76 100
76 294
76 325
76 108
76 202
76 174
76 394
76 144
76 145
76 242
76 148
77 388
77 389
77 395
77 275
77 164
77 166
77 301
77 176
77 336
77 209
77 87
77 347
77 354
77 360
77 362
77 371
77 116
77 375
77 248
77 252
78 162
78 99
78 389
78 230
78 358
78 200
78 169
78 232
78 314
78 173
78 187
78 269
78 336
78 149
78 152
78 122
78 216
79 390
79 137
79 268
79 285
79 161
79 289
79 171
79 175
79 306
79 309
79 186
79 321
79 91
79 93
79 104
79 117
79 246
80 192
80 320
80 194
80 355
80 356
80 154
80 264
80 268
80 173
80 300
80 302
80 272
80 334
80 345
80 125
81 384
81 259
81 228
81 326
81 359
81 362
81 108
81 236
81 333
81 143
81 273
81 84
81 182
82 132
82 149
82 286
82 170
82 305
82 318
82 212
82 216
82 217
82 91
82 93
82 368
82 115
82 371
82 121
82 382
83 321
83 130
83 350
83 356
83 229
83 261
83 326
83 389
83 204
83 364
83 365
83 207
83 86
83 279
83 184
83 345
83 283
83 220
83 126
83 223
84 193
84 194
84 289
84 388
84 101
84 198
84 135
84 231
84 264
84 110
84 369
84 148
84 85
84 276
84 216
84 277
84 283
85 259
85 266
85 149
85 283
85 160
85 290
85 163
85 292
85 295
85 299
85 308
85 314
85 191
85 322
85 352
85 97
85 239
85 243
85 376
85 252
86 163
86 297
86 364
86 141
86 174
86 205
86 237
86 241
86 366
86 148
86 213
86 398
86 90
86 254
86 351
87 267
87 141
87 277
87 304
87 192
87 204
87 333
87 208
87 209
87 340
87 88
87 91
87 222
87 357
87 234
87 235
87 110
87 238
87 369
87 116
87 372
87 374
87 248
87 123
87 124
88 256
88 161
88 131
88 291
88 355
88 167
88 104
88 263
88 106
88 396
88 205
88 241
88 274
88 307
88 344
88 90
88 381
88 126
88 319
89 312
89 229
89 232
89 395
89 334
89 112
89 149
89 152
89 252
90 128
90 257
90 386
90 261
90 271
90 399
90 145
90 276
90 284
90 159
90 179
90 180
90 194
90 204
90 209
90 339
90 343
90 240
90 251
90 380
91 225
91 131
91 264
91 328
91 219
91 124
91 239
91 307
91 369
91 374
91 313
91 215
91 158
91 120
91 94
92 99
92 195
92 229
92 358
92 106
92 139
92 202
92 173
92 267
92 334
92 396
92 210
92 242
92 372
92 319
93 150
93 151
93 292
93 300
93 305
93 189
93 318
93 195
93 334
93 337
93 339
93 212
93 213
93 352
93 353
93 358
93 361
93 111
93 118
93 247
93 127
94 97
94 312
94 259
94 137
94 335
94 374
94 348
94 248
94 121
94 286
94 158
94 191
95 257
95 394
95 142
95 153
95 161
95 315
95 195
95 205
95 335
95 216
95 348
95 353
95 355
95 231
95 117
95 118
95 376
95 121
95 126
96 139
96 140
96 110
96 235
96 299
96 336
96 396
96 340
96 372
96 343
97 388
97 394
97 140
97 152
97 159
97 287
97 295
97 297
97 301
97 174
97 195
97 201
97 208
97 213
97 215
97 356
97 234
97 239
97 368
97 375
98 160
98 291
98 393
98 268
98 368
98 145
98 279
99 259
99 389
99 167
99 317
99 191
99 325
99 336
99 215
99 227
99 355
99 101
99 105
99 363
99 109
99 368
99 369
99 371
99 127
100 193
100 162
100 385
100 165
100 390
100 296
100 314
100 333
100 113
100 114
100 211
100 254
100 282
100 190
101 288
101 321
101 260
101 384
101 102
101 135
101 201
101 173
101 365
101 208
101 177
101 280
101 155
101 220
102 319
102 107
102 237
102 399
102 209
102 117
102 214
102 277
103 280
103 320
103 132
103 329
103 140
103 174
103 303
103 347
103 371
103 117
103 118
103 148
103 213
103 249
103 317
104 382
104 131
104 355
104 282
105 352
105 290
105 163
105 261
105 360
105 141
105 365
105 113
105 369
105 180
105 380
105 218
105 220
105 317
105 190
105 319
106 354
106 319
106 198
106 124
106 305
106 146
106 275
106 276
106 339
106 217
106 381
106 380
106 159
107 382
107 266
107 141
107 146
107 159
107 164
107 175
107 316
107 319
107 331
107 338
107 221
107 223
107 355
107 234
107 364
107 365
107 112
107 245
107 254
108 353
108 290
108 261
108 198
108 358
108 296
108 328
108 298
108 203
108 359
108 143
108 398
108 245
108 218
108 253
109 256
109 134
109 392
109 329
109 142
109 302
109 307
109 343
109 317
109 126
109 286
110 160
110 161
110 133
110 136
110 392
110 139
110 177
110 369
110 245
110 340
110 282
110 123
110 348
111 131
111 269
111 241
111 311
111 151
111 281
111 122
112 321
112 385
112 163
112 204
112 141
112 300
112 302
112 244
112 181
112 151
112 218
112 311
113 248
113 265
113 363
113 349
113 395
113 303
113 272
113 117
113 311
113 152
113 252
113 254
113 191
114 292
114 358
114 388
114 169
114 331
114 268
114 270
114 212
114 149
114 153
114 222
114 191
115 139
115 291
115 166
115 171
115 177
115 178
115 311
115 185
115 319
115 320
115 323
115 324
115 209
115 343
115 225
115 359
115 235
115 368
115 371
115 254
115 255
116 257
116 281
116 153
116 156
116 286
116 302
116 176
116 324
116 208
116 214
116 217
116 345
116 363
116 368
116 243
116 372
116 119
117 266
117 394
117 140
117 156
117 203
117 330
117 229
117 361
117 120
117 379
118 328
118 233
118 172
118 397
118 399
118 150
118 280
118 251
119 388
119 262
119 265
119 298
119 329
119 394
119 211
119 278
119 307
119 216
119 309
119 380
120 280
120 353
120 294
120 361
120 203
120 204
120 141
120 339
120 248
120 314
120 123
120 284
121 382
121 227
121 326
121 329
121 331
121 172
121 339
121 182
121 342
121 380
121 154
121 247
121 375
122 192
122 165
122 390
122 332
122 397
122 370
122 371
122 343
123 192
123 256
123 321
123 260
123 293
123 357
123 295
123 384
123 144
123 204
123 339
123 313
123 314
123 347
124 384
124 390
124 231
124 200
124 264
124 141
124 398
124 208
124 148
124 309
124 374
124 314
124 351
125 248
125 312
125 259
125 165
125 390
125 327
125 169
125 234
125 238
125 178
125 243
125 374
125 185
125 286
126 192
126 387
126 361
126 234
126 363
126 334
126 208
126 393
126 182
126 217
126 284
127 130
127 201
127 360
127 282
127 314
127 346
127 177
127 341
127 342
127 315
128 261
128 391
128 202
128 140
128 205
128 271
128 396
128 338
128 343
128 181
128 374
129 387
129 389
129 262
129 138
129 269
129 147
129 288
129 166
129 167
129 172
129 178
129 185
129 186
129 329
129 203
129 347
129 225
129 229
129 247
129 253
130 256
130 321
130 162
130 290
130 200
130 329
130 330
130 139
130 187
130 238
130 239
130 299
130 334
130 368
131 267
131 147
131 168
131 182
131 184
131 195
131 199
131 327
131 203
131 339
131 220
131 359
131 378
132 387
132 200
132 296
132 331
132 236
132 238
132 382
132 255
133 194
133 355
133 165
133 262
133 137
133 268
133 397
133 144
133 213
133 345
133 381
134 318
134 263
134 204
134 305
134 343
134 311
134 158
135 195
135 164
135 199
135 360
135 388
135 389
135 332
135 304
135 145
135 273
135 340
135 214
135 310
135 372
135 191
136 226
136 386
136 356
136 327
136 233
136 269
136 239
136 365
136 274
136 213
136 247
136 383
137 386
137 394
137 147
137 160
137 288
137 163
137 291
137 299
137 190
137 320
137 223
137 237
137 365
137 368
137 250
137 380
137 381
137 382
138 223
138 394
138 364
138 141
138 365
138 398
138 176
138 208
138 381
138 276
138 157
138 191
139 387
139 390
139 398
139 143
139 281
139 287
139 166
139 302
139 195
139 330
139 346
139 226
139 231
139 237
140 163
140 200
140 201
140 265
140 141
140 205
140 207
140 335
140 373
140 377
140 255
141 264
141 266
141 148
141 150
141 162
141 196
141 205
141 339
141 231
141 232
141 252
142 291
142 171
142 235
142 270
142 180
142 245
142 216
142 281
143 161
143 226
143 345
143 172
143 206
143 239
143 274
143 375
143 313
143 378
143 155
143 349
144 321
144 162
144 326
144 201
144 234
144 369
144 210
144 275
144 308
144 181
144 245
144 381
144 189
145 261
145 396
145 149
145 281
145 155
145 296
145 319
145 322
145 323
145 198
145 207
145 208
145 348
145 357
145 235
145 236
145 372
145 374
145 251
146 193
146 265
146 298
146 300
146 239
146 270
146 277
146 380
146 313
146 285
146 219
146 156
146 222
147 293
147 363
147 270
147 239
147 241
147 302
147 179
147 221
147 345
147 218
147 157
147 286
148 163
148 291
148 169
148 170
148 172
148 309
148 183
148 192
148 195
148 198
148 201
148 329
148 354
148 250
149 323
149 206
149 209
149 284
149 285
150 226
150 262
150 362
150 366
150 367
150 178
150 308
150 374
150 251
150 158
151 225
151 226
151 387
151 199
151 232
151 300
151 238
151 207
151 311
151 179
151 278
151 189
151 374
151 347
152 360
152 363
152 175
152 243
152 379
152 251
153 193
153 388
153 331
153 268
153 399
153 315
153 179
153 181
153 212
153 277
153 382
154 354
154 281
154 390
154 270
154 177
154 273
154 339
154 380
154 159
155 288
155 285
155 344
155 390
155 203
155 176
155 177
155 210
155 211
155 308
155 312
155 250
155 157
156 289
156 255
156 291
156 198
156 235
156 237
156 399
156 210
156 242
156 308
156 374
156 189
156 222
157 258
157 266
157 287
157 296
157 171
157 173
157 301
157 317
157 200
157 203
157 345
157 350
157 224
157 377
157 251
158 162
158 257
158 259
158 376
158 358
158 299
158 361
158 221
159 226
159 259
159 389
159 358
159 266
159 282
159 212
159 182
159 374
159 248
159 255
160 290
160 291
160 389
160 328
160 392
160 395
160 284
160 319
161 385
161 255
161 198
161 358
161 168
161 232
161 394
161 309
161 278
161 342
162 256
162 386
162 267
162 282
162 165
162 304
162 183
162 323
162 197
162 326
162 340
162 381
163 386
163 388
163 392
163 296
163 181
163 309
163 314
163 320
163 345
163 364
163 248
163 377
163 381
164 224
164 289
164 196
164 325
164 166
164 233
164 298
164 270
164 364
164 343
164 251
164 383
165 258
165 268
165 289
165 296
165 185
165 317
165 190
165 322
165 341
165 232
165 361
165 252
165 383
166 202
166 270
166 301
166 182
166 376
166 345
166 285
166 350
166 351
167 352
167 193
167 280
167 261
167 230
167 385
167 240
167 314
167 219
167 184
167 286
168 259
168 260
168 392
168 268
168 271
168 288
168 302
168 322
168 200
168 330
168 205
168 335
168 349
168 357
168 365
169 193
169 294
169 237
169 211
169 274
169 374
169 250
170 256
170 322
170 197
170 235
170 174
170 304
170 177
170 210
170 369
170 247
170 185
170 223
171 256
171 193
171 225
171 387
171 327
171 237
171 272
171 369
171 374
171 351
172 269
172 285
172 302
172 310
172 319
172 320
172 196
172 198
172 216
172 346
172 225
172 361
172 235
172 241
172 251
172 255
173 363
173 205
173 239
173 283
173 213
173 302
173 250
173 251
174 290
174 387
174 293
174 199
174 332
174 395
174 240
174 274
174 211
174 370
174 349
174 351
175 259
175 262
175 272
175 190
175 196
175 201
175 338
175 221
175 225
175 230
175 237
175 239
175 369
175 253
176 267
176 277
176 284
176 295
176 305
176 310
176 316
176 195
176 196
176 210
176 355
176 233
176 235
176 236
176 363
176 373
176 374
177 256
177 228
177 269
177 331
177 378
177 399
177 338
177 310
178 389
178 262
178 263
178 365
178 207
178 240
179 193
179 194
179 230
179 231
179 330
179 332
179 239
179 369
179 380
180 257
180 289
180 323
180 324
180 385
180 218
180 332
180 210
180 214
180 343
180 280
180 380
180 316
181 257
181 200
181 328
181 300
181 367
181 243
181 216
182 256
182 223
182 323
182 393
182 301
182 271
183 259
183 229
183 326
183 357
183 299
183 370
183 309
183 214
183 218
183 187
184 266
184 307
184 339
184 218
184 283
184 286
185 394
185 399
185 289
185 290
185 296
185 312
185 322
185 324
185 326
185 360
186 259
186 262
186 393
186 292
186 329
186 204
186 334
186 207
186 210
186 341
186 226
186 229
186 364
186 377
186 252
187 288
187 195
187 258
187 303
187 366
187 211
187 213
187 218
187 219
187 286
187 255
188 193
188 257
188 386
188 229
188 295
188 327
188 297
188 203
188 369
188 211
188 375
188 281
189 354
189 324
189 261
189 357
189 232
189 233
189 234
189 236
189 394
189 308
189 248
189 315
190 358
190 206
190 393
190 273
190 221
190 191
191 352
191 197
191 229
191 362
191 307
191 213
192 256
192 382
192 283
192 287
192 300
192 216
192 347
192 223
192 354
192 233
192 367
192 368
192 369
192 370
193 288
193 354
193 200
193 313
193 236
193 332
193 238
193 240
193 220
193 245
193 247
194 196
194 330
194 203
194 314
194 301
194 206
194 378
194 306
194 214
194 374
195 258
195 262
195 263
195 398
195 307
195 314
195 320
195 337
195 236
195 381
196 321
196 323
196 294
196 391
196 392
196 299
196 372
196 315
196 286
197 225
197 260
197 355
197 334
197 271
197 399
197 210
197 213
197 216
197 345
197 222
198 224
198 325
198 357
198 204
198 238
198 209
198 240
198 335
198 216
198 283
198 287
199 297
199 210
199 246
199 216
199 252
199 253
199 318
199 255
200 386
200 393
200 396
200 272
200 295
200 312
200 313
200 332
200 206
200 337
200 341
200 224
200 368
201 384
201 262
201 269
201 272
201 282
201 287
201 341
201 224
201 232
201 241
202 389
202 396
202 288
202 295
202 301
202 312
202 209
202 340
202 225
202 232
202 362
202 244
202 374
203 271
203 280
203 310
203 325
203 218
203 373
203 378
203 379
203 255
204 265
204 271
204 399
204 297
204 313
204 323
204 335
204 223
204 364
204 380
205 385
205 386
205 390
205 396
205 399
205 279
205 303
205 337
205 222
205 239
206 262
206 263
206 331
206 363
206 334
206 308
206 317
206 223
207 290
207 386
207 395
207 303
207 278
207 247
207 279
208 395
208 276
208 280
208 287
208 310
208 320
208 326
208 332
208 336
208 344
208 226
208 236
209 258
209 229
209 327
209 332
209 360
209 399
209 273
209 306
209 244
209 311
210 260
210 264
210 270
210 277
210 288
210 292
210 316
210 336
210 338
210 214
210 215
210 221
210 366
210 367
211 263
211 391
211 396
211 294
211 315
211 317
211 213
211 220
211 234
211 245
211 252
212 318
212 260
212 294
212 337
212 243
212 274
212 317
212 254
213 264
213 316
213 322
213 335
213 215
213 226
213 358
213 374
214 395
214 288
214 310
214 332
214 338
214 343
214 224
214 353
214 232
214 366
214 245
215 261
215 277
215 285
215 316
215 317
215 330
215 344
215 346
215 223
215 228
215 356
215 378
216 279
216 284
216 285
216 291
216 296
216 312
216 323
216 342
216 344
216 345
216 355
216 358
216 377
216 246
216 249
217 384
217 227
217 297
217 267
217 236
217 298
217 308
217 316
218 320
218 387
218 361
218 240
218 246
218 348
219 261
219 265
219 393
219 289
219 317
219 319
219 323
219 334
219 348
219 371
219 245
219 252
219 254
220 257
220 227
220 292
220 231
220 294
220 236
220 339
220 284
220 253
221 279
221 304
221 311
221 331
221 338
221 354
221 358
221 231
221 242
221 251
222 261
222 391
222 296
222 345
222 252
222 249
222 346
222 349
223 385
223 295
223 235
223 273
223 370
223 275
223 360
224 261
224 319
224 282
224 376
224 333
224 391
224 394
224 305
224 306
224 255
225 259
225 261
225 395
225 269
225 278
225 306
225 314
225 316
225 358
225 231
225 245
225 380
226 261
226 390
226 389
226 396
226 269
226 287
226 293
226 297
226 321
226 324
226 361
226 237
226 255
227 256
227 249
227 232
227 392
227 266
227 298
227 299
227 252
227 350
228 376
228 238
228 276
228 344
228 375
229 261
229 283
229 302
229 324
229 331
229 381
230 261
230 399
230 309
230 317
231 277
231 280
231 299
231 301
231 332
231 334
231 357
231 238
231 375
231 248
231 251
231 254
232 322
232 281
232 300
232 378
233 262
233 238
233 369
233 306
233 243
233 372
233 279
233 312
233 281
233 314
233 287
234 326
234 327
234 298
234 395
234 239
234 303
234 242
234 309
234 278
235 264
235 266
235 299
235 308
235 322
235 356
235 369
235 242
235 377
235 254
236 391
236 392
236 268
236 304
236 318
236 328
236 329
236 340
236 358
236 239
236 240
236 244
236 249
236 380
237 392
237 362
237 305
237 245
237 278
237 349
238 261
238 388
238 375
238 318
239 387
239 263
239 291
239 307
239 316
239 324
239 363
239 376
239 251
239 381
240 250
240 264
240 266
240 267
240 303
240 334
240 360
240 343
240 390
240 281
241 385
241 295
241 365
241 273
241 306
242 260
242 263
242 359
242 298
242 302
242 334
242 335
242 370
242 316
242 344
242 250
243 354
243 281
243 346
243 311
243 338
244 389
244 360
244 297
244 299
244 361
244 397
244 368
244 248
244 378
244 319
245 392
245 266
245 321
245 322
245 337
245 351
245 360
245 362
245 366
245 367
245 378
245 250
246 248
246 361
246 302
246 366
246 276
246 348
246 284
246 351
247 390
247 296
247 299
247 300
247 345
247 307
247 374
247 251
247 284
248 258
248 388
248 391
248 267
248 271
248 272
248 275
248 277
248 279
248 292
248 331
248 353
249 288
249 280
249 312
249 318
249 358
249 370
249 283
249 381
250 320
250 293
250 396
250 270
250 301
250 338
250 373
251 384
251 261
251 275
251 284
251 286
251 325
251 351
251 355
251 376
251 382
252 385
252 388
252 279
252 324
252 328
252 357
252 369
252 377
253 386
253 388
253 360
253 364
253 395
253 367
253 305
253 284
253 317
254 321
254 387
254 294
254 300
254 283
254 370
254 341
254 373
255 392
255 379
256 391
256 265
256 282
256 291
256 303
256 325
256 354
256 358
256 362
256 376
257 259
257 328
257 299
257 396
257 286
257 399
257 315
258 356
258 265
258 267
258 273
258 308
258 316
258 319
259 281
259 287
259 319
259 322
259 330
259 340
259 344
259 346
259 355
260 263
260 361
260 337
260 342
260 379
260 383
261 385
261 336
261 347
262 390
262 265
262 285
262 288
262 304
262 312
262 320
262 341
262 348
262 352
263 295
263 296
263 395
263 273
263 284
264 332
264 370
264 372
264 281
264 318
265 384
265 356
265 328
265 270
265 299
265 366
265 398
266 294
266 267
266 305
266 366
267 398
267 282
267 294
267 301
267 302
267 306
267 313
267 327
268 356
268 295
268 313
268 391
268 303
268 306
268 370
268 343
269 387
269 363
269 365
269 335
269 369
269 395
269 282
269 347
270 384
270 282
270 361
270 368
270 375
270 376
271 325
271 282
271 378
272 397
272 301
272 313
272 315
272 319
272 331
272 343
272 380
272 383
273 354
273 324
273 380
274 389
274 298
274 397
274 334
274 368
274 314
274 286
274 351
275 280
275 335
275 309
276 344
276 355
276 390
276 295
276 298
276 367
276 280
276 309
276 342
276 318
277 320
277 362
277 365
278 385
278 303
278 335
279 353
279 297
279 361
279 395
279 374
280 297
280 321
280 322
280 336
280 341
280 342
281 352
281 327
281 282
281 298
281 347
282 391
282 325
282 328
282 346
282 347
282 354
282 355
282 375
283 292
283 325
283 326
283 392
283 375
285 353
285 359
285 365
285 336
285 379
285 351
286 344
286 300
286 368
286 370
286 316
287 305
287 339
287 341
287 346
287 358
287 363
287 379
288 391
288 290
288 325
288 335
288 344
288 352
288 353
288 367
288 368
288 379
289 396
289 335
289 305
289 375
290 322
290 293
290 391
290 309
290 340
290 347
291 376
291 295
291 375
291 314
292 388
292 396
292 327
292 334
292 349
292 358
292 367
292 368
292 369
292 372
293 359
293 331
293 347
293 310
293 380
294 323
294 363
294 368
294 337
294 369
294 340
294 374
294 377
295 385
295 337
295 352
295 374
296 333
297 384
297 391
297 330
297 399
297 380
298 352
298 387
298 331
298 303
298 315
298 383
299 352
299 370
299 344
300 391
300 324
300 342
300 350
300 351
300 363
300 382
301 307
301 311
301 321
301 335
301 343
301 346
301 375
301 376
302 386
302 313
302 314
302 369
302 375
303 320
303 388
303 334
303 371
303 372
303 316
303 378
304 320
304 386
304 326
304 358
304 360
304 394
304 396
304 336
304 399
305 391
305 307
305 310
305 329
305 363
305 379
306 324
306 363
306 399
306 349
307 322
307 376
307 390
307 366
307 399
307 349
307 317
308 332
308 398
309 322
309 387
310 391
310 398
310 358
310 362
310 371
310 376
311 318
311 323
311 328
311 396
311 339
311 399
312 354
312 387
312 329
312 366
312 377
312 397
313 320
313 321
313 387
313 395
313 315
314 397
314 319
314 358
314 362
314 363
315 382
315 387
315 370
315 343
315 375
316 388
316 320
316 328
316 373
316 375
317 318
317 323
317 324
317 329
317 348
317 358
317 382
318 360
318 331
318 335
318 366
319 385
319 324
319 352
320 385
320 354
320 336
320 372
321 350
321 322
321 391
321 398
322 385
322 392
322 394
322 328
322 335
322 378
322 383
323 391
323 354
323 359
323 364
324 399
324 332
324 349
325 392
325 394
325 346
325 356
325 371
325 381
326 392
326 380
327 375
328 388
328 374
329 352
329 356
329 387
329 362
329 396
330 358
331 334
331 365
331 373
331 378
332 392
333 352
333 387
333 377
333 365
333 342
333 375
334 336
334 347
334 383
335 352
335 357
335 363
335 369
335 379
336 392
336 397
336 339
336 353
336 355
336 356
337 391
337 392
337 344
338 388
338 391
338 392
338 346
338 364
338 375
338 379
339 356
339 383
339 363
339 397
339 399
340 352
340 363
340 342
341 355
341 351
341 361
341 362
341 391
341 392
342 354
342 345
343 392
344 354
344 360
344 362
344 379
344 380
345 382
345 374
346 396
346 364
346 382
346 383
347 362
347 349
348 387
348 358
348 380
349 386
349 356
350 364
350 396
351 385
351 390
352 386
352 375
352 381
353 356
353 376
353 363
354 391
354 363
355 394
355 371
356 391
356 361
356 375
357 384
357 374
358 366
358 368
359 399
359 374
360 376
360 390
360 381
361 398
361 369
362 379
363 389
363 371
364 384
364 396
364 380
365 384
365 382
365 383
366 398
366 372
366 383
367 377
367 378
367 368
367 372
368 378
369 388
369 394
369 398
370 382
371 393
371 375
372 389
372 398
372 373
373 385
373 396
374 387
374 380
374 379
376 392
378 394
378 397
380 398
380 399
381 393
382 390
385 388
390 399
