400 1200
0 354
0 231
0 360
0 105
0 80
0 51
0 371
1 163
1 327
1 74
1 394
1 366
1 150
1 191
2 32
2 98
2 37
2 363
2 204
2 79
2 150
2 282
2 63
3 256
3 160
3 312
3 71
3 266
3 56
4 348
4 279
5 357
5 266
5 210
5 180
5 213
5 56
6 291
6 99
6 229
6 294
6 168
6 394
7 176
7 336
7 60
7 366
7 348
8 184
8 345
8 194
8 223
9 312
9 324
9 362
9 174
9 78
9 24
9 383
10 120
10 73
10 333
10 117
10 191
11 349
11 398
11 359
12 230
12 77
12 78
12 240
12 84
12 213
12 184
12 91
13 193
13 101
13 74
13 89
13 218
13 159
14 68
14 69
14 133
14 39
14 313
14 170
14 82
14 151
14 184
14 153
15 39
16 353
16 301
16 20
16 133
16 191
17 230
17 199
17 136
17 359
17 377
17 173
17 142
17 180
17 249
17 219
18 226
18 149
18 230
18 71
19 323
19 217
19 298
19 337
19 153
19 349
20 131
20 100
20 383
20 363
20 209
20 368
20 343
20 191
21 101
21 325
21 359
21 106
21 80
21 375
21 217
21 90
21 255
22 100
22 231
22 169
22 244
22 152
22 59
23 384
23 353
23 162
23 130
23 388
23 215
23 218
24 348
24 278
25 266
25 133
25 326
25 103
26 193
26 228
26 36
26 198
26 331
26 398
26 304
26 62
27 163
27 292
27 43
27 364
27 332
27 180
27 372
28 162
28 325
28 263
28 39
28 394
28 398
28 218
28 317
28 286
29 128
29 372
29 101
29 133
29 95
30 288
30 229
30 200
30 297
30 77
30 210
30 373
30 278
31 33
31 170
31 234
31 270
31 87
31 281
32 163
32 39
32 110
32 79
32 243
33 385
33 147
33 373
33 277
33 217
33 154
34 266
34 373
34 293
34 190
35 64
35 137
35 151
36 91
36 101
37 224
37 228
37 398
37 115
37 58
38 130
38 195
38 259
38 329
38 138
38 107
38 236
38 208
38 185
38 286
39 233
39 297
39 214
40 70
40 238
41 326
41 107
41 397
41 148
41 215
41 248
41 249
41 123
42 391
42 241
42 374
42 294
42 71
43 59
43 262
43 319
44 288
44 388
44 328
44 332
44 367
45 131
45 213
46 356
46 195
46 292
46 279
47 89
47 225
48 257
48 135
48 105
48 299
48 172
48 363
48 270
48 303
48 364
48 88
48 186
49 307
49 382
49 235
49 246
50 102
50 392
50 395
50 278
50 280
50 159
51 154
51 271
51 335
51 255
52 257
52 132
52 198
52 135
52 200
52 363
52 240
52 343
52 124
53 98
53 292
53 197
53 71
53 359
53 234
53 107
53 56
53 89
53 63
54 258
54 394
54 173
54 240
54 373
54 219
54 383
55 128
55 358
55 71
55 341
55 373
55 58
55 94
56 65
56 294
56 317
57 144
57 322
58 371
58 339
58 268
59 129
59 135
59 108
59 181
60 269
60 80
60 370
60 147
60 179
61 332
61 110
61 367
61 213
61 149
61 216
62 67
62 197
62 389
62 346
62 305
62 277
62 87
62 281
63 221
63 334
64 192
64 65
64 103
64 346
64 208
64 178
64 153
64 122
64 157
64 383
65 212
66 360
66 218
66 346
66 101
67 322
67 260
67 167
67 203
67 142
67 275
67 181
67 374
68 257
68 83
68 213
68 282
68 123
69 98
69 204
69 148
69 243
70 132
70 236
70 336
70 81
70 116
70 190
71 288
71 320
71 237
71 366
71 345
71 348
72 294
72 226
72 131
72 158
73 192
73 197
73 394
73 144
73 84
74 266
74 396
74 182
74 283
74 157
75 263
75 329
75 139
75 77
75 215
75 344
76 264
76 345
77 386
77 100
77 167
77 328
77 105
77 363
77 338
77 83
77 347
78 248
78 236
78 305
79 352
79 194
79 134
79 137
79 203
79 207
79 277
79 280
80 324
80 306
80 85
80 94
80 158
81 324
81 361
81 331
81 123
81 255
82 384
82 98
82 340
82 198
83 273
83 371
84 226
84 238
85 353
85 100
85 296
85 273
85 146
86 90
86 199
86 314
86 349
86 183
87 368
87 343
87 375
88 354
88 308
88 134
89 198
89 172
89 270
89 91
89 252
89 93
90 96
90 139
90 383
91 185
91 136
91 110
91 307
91 381
92 305
92 131
92 285
93 300
93 308
93 183
94 356
94 274
94 314
95 96
95 288
95 230
95 121
95 349
96 256
96 360
96 105
96 297
96 335
96 338
97 371
97 147
97 237
98 296
98 140
98 313
98 156
99 128
99 195
99 359
99 170
99 363
99 237
99 367
99 339
99 118
99 191
100 224
100 103
100 264
100 111
100 114
101 397
101 184
101 282
102 297
102 204
102 173
102 310
103 275
103 395
104 224
104 329
104 274
104 259
105 204
105 371
105 116
105 278
105 215
106 381
106 307
107 165
107 297
107 111
107 308
107 310
107 344
107 318
107 223
108 197
108 199
108 140
108 240
108 114
108 243
108 152
108 351
109 288
109 392
109 373
109 366
109 263
110 168
110 189
111 399
112 312
112 139
112 175
113 279
113 206
113 183
114 353
114 233
114 343
114 319
115 320
115 169
115 236
115 207
115 272
115 338
115 309
116 321
116 388
116 262
116 199
116 135
116 150
116 347
117 184
117 318
117 180
117 230
118 306
118 338
119 136
119 145
119 385
119 209
119 208
120 200
120 249
121 196
121 137
121 267
121 143
121 273
121 376
121 125
122 256
122 321
122 384
122 238
122 214
122 343
123 326
124 158
125 393
125 202
125 204
125 334
125 368
126 332
126 220
126 229
126 158
126 143
127 145
127 188
127 205
127 297
128 359
128 174
129 178
129 348
129 135
130 192
130 344
130 169
130 297
130 271
130 184
131 299
131 237
131 241
131 149
131 184
132 379
132 193
132 171
133 323
133 201
134 353
134 290
134 167
134 264
134 202
134 268
134 173
134 337
134 378
135 164
135 326
135 268
135 238
135 245
135 342
136 352
136 169
136 244
136 373
136 383
137 138
137 173
137 210
137 216
138 357
138 335
138 276
138 383
139 385
139 166
139 144
140 164
140 285
141 361
142 163
142 268
142 334
142 152
142 378
142 188
143 163
143 387
143 207
143 338
143 222
143 254
144 192
144 320
144 298
144 270
144 180
145 165
145 202
145 347
145 188
146 178
146 301
146 342
147 192
147 159
147 331
147 381
147 287
148 215
149 233
149 207
149 282
149 159
150 184
150 218
151 291
151 234
151 315
152 169
152 326
153 218
153 254
154 224
154 290
154 353
154 202
154 270
155 352
155 353
155 178
155 335
155 263
156 349
156 378
157 163
157 375
158 327
158 275
159 266
159 399
159 306
159 283
160 191
161 266
161 228
161 230
162 226
162 324
162 301
162 284
163 294
163 398
163 244
164 170
164 349
164 338
165 170
165 332
165 307
165 214
165 278
165 345
166 385
166 317
166 350
167 291
167 267
167 252
168 377
168 220
168 349
169 193
170 353
170 356
170 359
170 328
171 260
171 253
171 198
172 291
172 174
172 270
173 261
173 365
173 213
174 336
174 302
175 265
176 324
176 231
176 276
176 293
177 357
177 325
177 253
178 228
178 263
179 264
179 237
179 302
180 323
180 260
180 374
181 321
181 322
181 263
181 329
181 362
181 267
181 206
181 303
181 306
181 276
182 314
182 284
182 277
182 354
183 336
183 250
183 348
184 257
184 229
184 262
184 343
185 194
185 394
185 204
185 305
186 196
186 334
186 351
187 216
187 321
188 354
188 298
188 238
188 271
188 306
188 243
189 314
189 295
190 386
190 393
190 394
190 399
190 312
191 303
191 349
192 321
192 326
192 218
192 220
193 226
193 194
193 339
193 253
194 394
194 305
194 251
195 352
195 338
195 277
195 373
196 292
196 313
197 359
197 269
197 311
197 218
198 263
198 373
199 390
199 342
201 242
201 259
202 299
202 377
203 293
203 230
203 233
203 234
204 352
204 323
204 297
204 337
204 341
204 214
205 291
206 257
206 228
206 231
206 236
206 342
207 289
207 338
207 379
208 227
209 362
209 363
209 274
209 211
209 380
209 222
210 330
210 393
210 369
210 283
210 285
211 386
211 213
211 262
212 215
213 366
213 396
214 290
214 364
214 369
215 224
215 256
215 302
215 398
215 344
215 346
216 386
216 363
216 221
217 277
217 279
218 353
218 312
218 374
219 256
219 308
219 327
220 312
220 237
220 337
220 280
220 250
220 348
221 274
221 396
222 300
222 368
222 280
222 282
222 284
223 328
223 396
223 308
223 340
223 251
224 299
224 237
225 345
225 339
225 286
226 229
226 360
226 268
227 392
227 342
228 334
228 342
228 284
228 287
229 254
229 347
229 349
230 235
230 276
231 237
232 352
232 289
233 300
233 336
233 315
234 356
234 398
234 272
234 305
234 378
235 302
236 288
236 316
237 391
237 337
237 316
238 260
238 262
238 394
238 268
238 372
238 312
238 380
239 385
239 339
239 326
239 367
240 260
241 393
241 387
242 353
242 289
244 377
244 245
245 385
245 267
245 398
245 372
245 311
245 251
245 348
245 383
246 330
246 301
247 303
248 360
248 277
248 305
249 394
249 299
249 272
249 350
250 280
250 372
251 300
252 352
252 268
252 286
254 329
255 385
255 356
256 365
257 288
258 296
258 360
258 351
259 281
262 351
263 330
263 369
264 384
264 292
265 326
266 311
267 387
268 282
268 396
269 397
270 336
271 326
271 335
274 372
274 283
275 332
275 307
275 312
276 294
277 309
278 290
278 341
278 285
279 281
280 284
281 322
281 304
282 311
282 319
284 376
284 396
285 326
285 346
286 389
286 296
286 298
287 354
288 336
289 376
289 381
290 325
291 297
291 314
292 337
292 375
293 299
293 364
294 386
294 394
294 396
294 334
294 311
294 348
295 309
295 386
295 307
298 385
298 390
298 383
298 318
299 364
299 371
300 338
300 373
301 344
302 396
302 369
302 371
303 393
303 378
304 310
305 387
305 370
306 390
306 334
307 359
307 360
307 394
308 338
309 370
312 391
312 393
313 381
314 322
314 360
314 370
314 378
314 383
315 337
315 316
315 391
316 367
317 376
318 387
318 360
318 374
318 342
319 330
320 377
320 373
321 355
321 359
321 395
322 350
324 356
324 365
325 337
325 345
326 394
326 368
327 376
328 377
331 393
331 398
331 345
332 398
333 355
333 369
333 374
333 382
333 383
336 356
336 347
338 341
338 375
340 391
342 382
345 363
347 390
348 389
350 352
350 389
352 372
355 364
359 390
361 392
361 383
364 382
368 373
370 391
381 396
382 384
