400 1200
0 352
0 377
0 394
0 19
1 200
1 298
1 92
1 325
1 332
2 376
2 5
2 360
2 392
2 147
2 116
2 343
2 56
3 224
3 248
3 4
4 338
4 243
4 22
4 184
4 185
5 269
5 336
5 370
5 85
5 343
5 248
5 382
6 328
6 121
7 306
7 163
7 118
8 66
8 12
8 269
8 22
8 342
8 248
8 283
8 188
8 223
9 356
9 264
9 365
9 344
9 185
9 156
9 158
9 31
10 216
10 331
10 212
11 273
11 333
11 167
12 135
12 172
12 270
12 19
12 373
12 280
12 25
12 284
13 353
13 233
13 151
13 24
13 88
13 30
14 128
14 225
14 263
14 40
14 148
14 372
14 342
14 311
14 281
14 375
15 227
15 164
15 391
16 129
16 33
16 99
16 194
16 249
16 70
16 199
16 368
16 370
16 309
16 25
16 27
17 192
17 75
17 380
17 317
17 243
18 146
18 373
18 205
18 71
19 364
19 396
19 80
19 84
19 94
20 257
20 226
20 67
20 353
20 102
20 273
20 115
21 221
21 280
21 243
21 300
21 45
22 140
22 226
22 255
23 192
23 387
23 262
23 38
23 109
23 45
23 79
23 372
23 342
24 98
24 135
24 360
24 203
24 175
24 345
24 188
24 157
25 341
25 43
25 268
26 56
26 305
26 367
27 132
27 135
27 265
27 267
27 379
27 59
29 100
29 292
29 295
29 176
29 113
29 377
30 32
30 33
30 229
30 172
30 340
30 216
30 62
30 351
31 128
31 111
31 51
31 91
31 284
31 189
31 318
32 72
32 350
32 242
32 251
33 294
33 336
33 85
33 255
34 40
34 196
34 254
34 208
35 153
35 307
35 204
35 270
36 272
36 217
36 138
36 390
36 321
37 226
37 386
37 232
37 233
37 297
37 214
37 215
37 223
38 184
38 360
38 277
38 78
39 224
39 203
39 44
39 197
39 350
40 323
40 105
40 144
40 181
41 257
41 361
41 377
41 203
41 204
41 147
41 185
42 59
42 139
42 134
43 124
43 348
43 308
43 215
44 73
44 386
44 76
44 318
45 291
45 261
45 268
45 312
46 177
46 299
46 279
46 54
46 223
47 332
47 197
48 388
48 108
48 173
48 109
48 340
48 95
49 307
49 94
49 279
50 97
50 191
50 321
50 294
50 298
50 175
50 83
50 120
50 223
51 264
51 386
51 278
51 71
52 396
52 122
52 300
52 173
52 126
53 145
53 283
53 134
54 128
54 305
54 117
54 183
54 349
55 88
55 105
56 355
56 73
57 72
57 387
57 174
57 168
58 368
58 338
58 386
59 88
59 184
60 353
60 322
60 391
60 394
60 180
60 90
61 309
61 324
61 173
61 375
62 163
62 388
62 136
62 106
62 80
62 276
62 86
63 104
63 340
63 389
64 195
64 365
64 270
64 373
64 377
64 254
65 259
65 363
65 175
65 216
65 380
65 159
66 105
66 179
66 292
67 259
67 109
67 307
67 344
67 220
67 125
67 382
68 288
68 355
68 109
68 277
68 280
68 251
69 324
69 389
69 326
69 391
69 393
69 95
70 256
70 376
70 309
70 279
71 226
71 146
71 213
71 156
72 355
72 376
72 200
73 389
73 362
73 282
73 220
73 253
74 112
74 122
74 355
75 276
75 265
76 136
76 84
76 88
76 380
76 126
76 159
77 116
77 382
77 100
77 254
78 132
78 202
78 270
78 208
78 274
79 255
79 346
79 147
79 94
80 97
80 99
80 355
80 179
80 149
80 310
81 89
81 154
81 123
81 110
81 273
82 163
82 323
82 263
82 105
82 108
82 213
82 279
82 154
83 356
83 364
83 365
83 209
83 241
83 276
83 87
83 248
84 257
84 260
84 212
84 148
84 211
85 353
85 169
85 173
85 336
85 214
85 156
86 167
86 201
86 266
86 365
86 399
86 116
87 257
87 393
87 280
87 281
87 253
87 350
88 104
88 151
88 316
89 290
89 213
89 214
89 184
89 346
89 92
89 285
90 325
91 106
91 284
92 249
92 229
92 315
92 189
93 164
93 297
93 396
93 184
93 381
93 350
94 262
95 117
95 149
96 152
96 385
96 355
96 102
97 385
97 296
97 206
98 272
98 390
98 134
98 303
99 288
99 129
99 383
99 236
99 302
99 251
99 349
99 255
100 289
100 291
100 228
100 391
100 268
101 358
101 199
101 240
101 245
101 215
101 152
101 184
102 389
103 321
103 257
103 125
104 355
104 366
104 178
104 253
105 294
105 268
105 369
105 276
105 285
106 160
106 362
106 278
107 358
107 394
107 395
107 111
107 149
107 313
107 255
108 218
108 273
108 286
109 355
109 231
109 394
109 396
110 388
110 358
110 152
110 345
110 156
111 379
112 291
112 171
113 200
113 137
113 396
113 271
114 259
114 369
114 195
114 342
115 192
115 196
115 165
115 358
115 232
115 173
115 305
115 147
115 211
115 216
115 125
116 384
116 321
116 356
116 316
117 196
117 325
117 230
117 364
117 279
117 143
117 340
117 150
117 188
118 305
118 258
118 196
118 351
119 337
119 341
119 231
120 202
121 240
121 270
122 322
122 230
122 298
122 396
122 376
122 153
122 191
123 319
123 249
123 167
124 321
124 180
124 277
124 375
124 377
124 156
125 265
125 197
126 366
127 195
127 333
127 213
128 385
128 230
128 301
128 303
128 305
128 369
128 189
129 193
129 139
129 177
129 183
130 352
130 328
130 271
130 303
130 307
130 339
130 316
130 318
130 191
131 285
131 327
131 263
132 272
132 328
133 224
133 266
133 330
133 149
133 326
134 206
134 151
135 389
135 358
135 167
135 364
135 143
135 241
136 163
136 299
136 178
136 217
137 273
137 341
137 222
137 207
138 163
138 265
138 234
138 208
138 371
138 282
138 285
138 286
139 308
139 194
140 160
140 231
140 368
140 209
140 274
140 313
140 254
141 144
141 185
141 171
141 356
141 247
142 364
142 282
142 371
142 332
143 261
143 168
143 394
143 364
143 144
143 214
143 150
143 317
144 354
144 389
144 295
144 282
145 320
145 392
145 399
145 338
145 252
146 256
146 223
146 358
147 205
147 221
148 168
148 275
148 311
148 378
148 251
149 166
149 200
149 268
149 175
150 268
150 316
151 293
151 342
151 158
152 256
152 360
152 237
152 179
152 340
152 341
152 311
153 232
153 217
153 221
154 354
156 160
156 388
156 392
156 303
156 246
156 255
157 376
157 166
158 323
158 390
158 329
158 298
158 365
158 341
158 351
159 196
159 309
160 216
160 285
161 272
161 229
161 174
162 337
162 249
162 373
162 302
162 343
163 399
163 315
163 316
165 320
165 257
165 169
165 367
165 216
166 322
166 354
166 360
166 392
166 399
166 215
166 217
167 173
168 299
168 214
169 258
169 299
169 269
169 302
169 311
169 318
170 389
170 396
170 344
170 345
170 254
170 287
171 351
172 225
172 323
172 196
172 356
172 300
172 316
173 261
173 188
174 224
174 263
174 369
174 250
175 354
175 334
175 398
175 187
175 318
176 289
176 247
177 230
177 240
177 245
177 281
177 219
177 285
178 357
178 243
178 244
178 346
178 350
179 352
179 387
179 244
179 342
179 249
180 261
180 358
180 334
180 217
181 334
181 226
181 307
181 182
182 216
182 306
182 357
182 223
183 288
183 290
183 320
183 329
183 266
183 365
183 335
183 272
184 258
184 281
184 317
184 265
184 236
184 271
184 272
184 339
185 289
185 358
185 363
185 394
185 339
186 200
186 220
186 286
186 343
187 382
187 227
187 293
187 343
188 256
188 395
188 334
188 340
188 247
189 386
189 307
189 220
190 320
190 289
190 328
190 305
190 242
190 308
191 352
191 291
191 272
191 278
191 344
192 330
192 364
192 373
193 256
194 232
194 327
195 208
195 383
196 322
196 298
196 373
197 385
197 234
197 243
198 352
198 369
198 301
199 353
199 271
199 337
199 247
199 378
200 226
200 263
200 203
201 345
201 305
201 323
201 205
202 289
202 385
202 266
202 279
203 354
203 264
203 367
203 281
203 285
204 385
204 324
204 295
204 263
204 362
204 341
204 284
205 241
205 277
205 345
206 368
206 369
206 254
206 315
206 350
207 360
207 387
207 358
208 288
208 365
209 343
209 219
209 279
210 257
210 277
211 213
212 288
212 368
212 268
213 386
213 301
213 340
214 237
214 379
215 217
216 294
216 271
216 369
216 277
216 375
217 256
217 294
217 233
217 392
217 333
217 282
218 298
218 219
218 382
219 381
219 390
220 383
221 226
221 259
221 398
221 311
223 323
223 397
223 366
225 248
225 320
226 339
226 372
226 318
227 371
227 353
228 360
228 305
228 274
228 340
229 368
229 344
229 251
230 376
230 245
230 311
230 312
231 399
231 294
232 243
233 399
234 310
235 319
236 284
236 311
237 326
237 350
238 371
238 249
238 275
238 335
239 261
239 327
239 330
239 336
239 339
239 313
239 252
240 262
240 289
242 374
242 255
244 360
244 351
245 358
245 348
245 318
246 381
247 360
247 308
247 281
247 315
248 363
248 343
248 314
249 283
250 360
250 295
250 262
251 383
252 288
252 289
252 281
252 379
252 316
253 359
254 355
254 371
254 343
254 349
255 256
255 353
255 331
255 370
255 282
256 296
257 364
259 316
260 326
260 397
260 302
261 291
261 374
261 343
261 380
262 327
262 363
262 399
263 321
264 300
264 357
265 354
265 328
265 381
265 374
266 309
266 281
266 317
267 356
267 399
267 369
267 274
267 317
268 392
268 383
269 273
269 280
270 378
270 349
271 382
272 287
272 334
273 297
273 336
273 351
275 282
275 338
275 278
276 388
276 347
277 387
278 392
278 308
278 310
279 322
279 298
279 379
280 386
280 296
281 330
281 368
282 386
282 303
283 318
286 345
286 291
287 329
288 294
288 338
289 349
290 358
292 376
292 299
292 344
292 349
293 347
293 310
294 307
295 333
295 343
295 350
296 365
296 353
297 393
297 302
297 336
297 350
298 371
299 332
300 322
300 373
303 355
303 318
304 307
305 361
305 378
306 373
307 331
307 373
308 359
308 378
313 352
315 323
315 316
317 335
318 388
318 334
318 345
319 364
319 366
320 390
320 335
321 386
321 367
321 347
322 327
323 365
326 364
328 378
328 348
328 383
329 341
329 335
330 370
330 379
332 399
332 378
333 395
334 345
336 369
337 347
337 346
341 352
341 361
342 353
344 357
345 365
345 380
346 352
347 366
348 394
351 357
353 356
355 356
355 399
360 376
360 369
361 391
362 367
363 377
364 395
368 392
369 392
373 383
375 390
377 394
377 395
380 395
387 393
392 398
