400 1200
0 98
0 312
0 322
0 354
0 45
0 177
0 216
0 185
0 223
1 292
1 262
1 134
1 208
1 49
1 278
1 246
1 379
2 5
2 389
2 167
2 9
2 394
2 398
2 308
3 164
3 69
3 356
3 39
3 242
3 243
3 183
3 57
4 104
4 90
4 320
4 160
5 339
5 251
5 212
6 194
6 132
6 100
6 231
6 40
6 123
7 192
7 290
7 166
7 330
7 46
7 272
7 307
8 64
8 129
8 258
8 384
8 293
8 39
8 141
8 18
8 114
8 286
9 41
9 75
9 242
9 344
9 348
9 31
10 265
10 388
11 160
11 227
11 391
11 106
11 206
11 221
11 254
12 354
12 35
12 100
12 323
12 46
12 53
12 312
12 318
13 263
13 250
13 108
13 90
13 316
13 287
14 153
14 203
14 301
14 142
15 56
15 137
15 394
15 140
16 192
16 180
16 203
16 172
17 37
17 360
17 82
17 180
17 127
17 63
17 159
18 106
18 283
18 103
19 196
19 231
19 105
19 265
19 393
19 78
19 185
20 185
20 84
20 241
20 38
21 261
21 27
21 252
21 179
21 143
22 224
22 389
22 268
22 205
22 113
22 152
22 121
23 112
23 376
23 182
24 56
24 193
25 46
25 175
25 181
25 311
25 345
25 314
26 66
26 259
26 164
26 232
26 201
26 47
26 272
26 275
26 182
26 316
27 275
27 211
27 149
27 185
27 157
28 266
28 43
28 177
28 274
28 245
28 248
29 216
29 256
29 123
30 122
30 243
30 135
31 100
31 69
31 142
31 210
31 243
31 214
31 87
32 40
32 115
32 181
33 40
33 65
33 258
33 52
34 347
34 83
34 132
34 243
34 79
35 355
35 142
35 146
35 84
35 91
35 92
36 320
36 340
36 271
37 74
37 385
37 305
37 95
38 259
38 324
38 135
38 271
38 372
38 92
38 221
38 286
39 288
39 167
39 360
39 43
39 244
39 254
39 190
40 353
40 163
40 212
40 373
40 156
41 244
41 365
42 338
42 123
42 252
42 134
43 264
43 367
43 340
43 308
43 318
44 115
44 349
45 225
45 384
46 192
46 327
46 233
46 206
46 47
46 318
46 255
47 96
47 162
47 226
47 53
48 288
48 169
48 266
48 123
48 109
49 234
49 379
49 150
49 216
49 251
49 189
49 319
50 267
50 209
50 53
50 348
50 220
50 349
51 191
51 307
51 345
51 58
51 284
51 287
52 128
52 101
52 73
52 368
52 245
52 87
52 95
53 137
53 75
53 334
53 272
53 62
54 112
54 73
54 125
54 117
55 146
55 333
55 295
56 360
56 139
56 337
56 85
56 252
56 61
57 132
57 228
57 327
57 303
57 370
57 215
58 196
58 166
58 231
58 78
58 153
58 252
59 128
59 81
60 384
60 357
60 136
60 139
60 174
60 122
61 352
61 122
61 104
61 360
61 330
61 79
61 176
61 336
61 90
61 95
62 66
63 200
63 137
63 268
63 398
63 155
63 95
64 385
64 298
64 271
65 373
65 248
65 377
65 380
65 285
65 350
65 351
66 226
66 132
66 358
66 152
67 325
67 77
67 141
68 164
68 264
68 333
68 334
68 337
68 219
68 189
69 162
69 351
69 237
69 281
69 93
70 96
70 321
70 382
70 355
70 261
70 314
70 275
70 278
70 345
70 218
70 190
70 287
71 128
71 352
71 99
71 73
71 173
71 304
71 114
71 184
71 317
72 104
72 225
72 251
72 241
72 222
73 98
73 242
74 258
74 204
74 187
74 303
74 283
75 321
75 131
75 387
75 268
75 178
76 312
76 393
76 269
76 110
76 336
76 308
76 120
76 219
77 240
77 327
77 183
78 160
78 389
78 367
78 145
78 113
78 244
79 103
79 169
79 298
79 87
80 134
80 230
80 104
80 264
80 396
80 346
80 154
80 94
81 239
82 368
82 283
83 227
83 169
83 234
83 306
83 151
83 155
83 190
84 257
84 228
84 101
84 116
85 133
85 230
85 266
85 204
85 237
85 212
85 150
85 95
86 291
86 209
86 338
86 275
86 250
86 381
87 230
87 315
87 251
87 158
88 128
88 321
88 130
88 110
88 182
88 220
89 321
89 389
89 135
89 333
89 112
89 242
89 211
89 91
89 381
90 121
90 265
90 373
90 185
91 128
91 388
91 214
91 375
92 334
92 244
92 203
93 184
93 194
93 365
93 175
94 345
94 218
94 204
94 376
95 168
95 394
95 142
95 342
95 317
96 97
96 261
96 295
96 399
97 181
97 334
97 389
98 102
98 202
98 364
98 335
99 322
99 291
100 210
100 178
101 290
101 358
101 182
101 312
101 313
101 252
102 201
102 354
102 138
103 328
103 266
103 139
103 365
103 114
103 341
103 215
103 185
103 287
104 227
104 359
104 140
104 208
104 371
104 376
105 160
105 225
105 202
105 140
105 240
105 343
106 364
106 334
106 313
106 380
107 166
107 270
107 239
107 378
107 348
107 255
108 352
108 253
109 128
109 170
109 207
109 369
109 210
109 370
109 214
110 124
110 376
110 193
111 265
111 140
111 398
111 307
111 309
111 149
111 284
112 248
112 334
112 213
112 120
112 374
113 193
113 194
113 201
113 276
113 375
113 345
114 389
114 136
114 184
114 316
114 191
115 388
115 360
115 275
115 185
115 254
116 260
116 182
116 348
117 364
117 118
117 140
117 182
118 134
118 168
118 265
118 363
118 280
118 284
118 216
119 272
119 302
119 368
119 182
120 253
121 272
121 311
121 143
122 324
122 267
122 218
123 133
123 189
123 191
124 369
125 358
125 223
126 370
126 285
127 197
127 167
127 298
127 271
127 399
127 281
128 226
128 167
128 180
129 169
129 361
129 263
130 288
130 197
130 199
130 369
130 277
131 371
131 137
131 174
132 195
132 229
132 388
132 138
132 300
133 289
133 323
133 293
133 206
134 137
134 299
134 361
134 316
134 220
135 324
135 331
135 340
135 319
136 213
136 362
137 234
137 175
137 214
138 218
138 142
139 164
139 390
139 234
139 181
139 309
139 216
140 353
140 300
141 189
141 230
141 183
142 166
142 282
142 173
142 212
142 310
142 218
142 253
143 323
143 197
143 364
143 335
144 323
144 186
144 243
144 172
144 326
145 158
146 254
147 336
147 241
147 250
147 352
148 225
148 173
148 239
149 225
149 219
149 273
149 246
149 318
149 383
150 320
150 328
150 235
150 363
150 307
150 374
150 283
151 170
151 394
151 272
151 304
151 182
151 316
152 344
152 359
152 331
152 342
152 312
153 296
153 251
153 387
154 193
154 239
154 191
155 256
155 227
155 208
155 209
155 188
156 201
156 293
157 160
157 263
157 276
157 281
157 378
158 160
158 391
158 235
158 301
159 318
160 193
160 357
160 328
160 337
160 242
160 244
160 311
160 377
161 321
162 392
162 257
163 193
163 389
163 257
163 215
164 395
164 243
164 215
164 284
165 224
165 391
165 347
165 277
165 263
166 297
167 288
167 354
167 173
167 207
167 279
167 315
168 268
168 176
168 178
168 319
169 306
169 220
170 229
170 264
170 366
170 337
170 215
171 324
171 278
171 279
172 395
172 366
173 256
173 356
173 359
174 356
174 334
174 375
174 248
175 342
175 359
176 301
176 179
177 209
177 180
177 283
177 190
177 351
178 238
178 359
179 257
179 259
179 198
179 359
179 299
179 374
180 318
181 324
181 238
181 216
182 311
182 350
184 354
184 293
184 326
184 298
184 308
184 314
185 356
185 203
185 398
185 308
186 300
186 262
186 255
187 211
187 292
187 262
188 315
188 276
188 230
189 357
189 285
189 255
190 292
191 229
191 332
191 243
191 275
191 286
191 351
192 264
192 328
192 244
193 291
193 355
194 395
194 332
194 279
195 360
195 266
196 324
196 358
196 245
196 346
196 318
197 263
197 295
197 201
197 297
197 304
197 380
198 200
199 392
199 234
200 323
200 292
200 268
200 269
200 342
200 280
200 317
202 258
202 398
202 399
202 336
202 381
203 306
204 256
204 232
204 234
204 235
205 301
206 245
206 257
207 315
207 247
208 258
209 386
209 307
210 291
210 293
210 335
211 232
211 374
212 328
212 361
212 338
212 313
213 372
213 311
213 248
213 281
213 221
214 360
214 337
214 275
215 225
215 283
216 290
216 306
217 393
217 290
217 322
217 228
217 314
218 296
218 266
218 252
219 237
221 342
221 276
222 289
222 380
222 343
223 233
223 296
224 249
224 379
225 384
225 289
225 267
225 363
225 250
226 356
226 376
227 256
227 289
228 357
228 330
228 332
229 232
229 342
229 349
230 301
231 234
232 341
232 344
233 354
233 332
233 341
233 379
234 331
235 297
235 335
236 259
236 244
236 301
236 398
237 352
237 369
237 339
237 243
237 319
238 281
238 277
238 249
238 254
239 260
239 328
240 282
240 346
240 257
241 391
242 261
242 304
243 255
243 338
244 353
244 351
245 367
245 369
245 250
246 347
246 343
246 271
248 398
248 275
248 378
248 286
249 322
249 361
249 347
249 380
251 361
251 314
251 317
252 328
252 374
253 357
254 322
254 278
254 349
255 338
255 312
256 316
258 364
258 277
258 319
259 389
260 336
260 390
261 390
261 266
261 306
263 323
263 310
263 379
263 284
264 299
264 374
264 343
264 287
265 288
265 323
265 389
265 297
265 333
265 397
265 311
266 341
266 377
266 317
267 288
268 314
268 282
269 385
269 292
269 388
269 396
269 317
269 383
270 280
270 346
270 374
271 371
271 308
271 309
271 311
273 373
273 310
274 307
274 311
275 355
275 327
276 392
276 396
276 399
277 307
277 348
278 323
279 379
279 306
280 387
280 303
281 301
282 351
283 297
283 377
283 343
284 310
284 347
285 323
285 391
286 367
286 371
287 354
287 355
287 307
287 348
287 350
288 298
289 395
289 333
289 342
290 375
291 384
291 338
292 373
292 377
293 353
293 394
294 308
294 382
295 325
295 395
295 301
296 357
296 362
296 333
297 370
297 376
298 368
298 381
298 349
299 368
300 346
300 306
301 359
301 391
301 339
301 383
302 368
304 309
305 312
306 385
306 307
306 383
308 365
308 373
309 356
310 360
310 365
310 348
310 311
310 317
311 394
313 347
313 367
314 394
318 392
319 352
319 378
320 366
320 331
321 391
324 335
326 389
329 347
329 331
330 339
330 350
334 380
335 336
336 366
336 379
343 357
343 398
345 397
346 355
346 368
347 374
348 361
348 376
349 386
349 361
349 365
353 376
355 369
355 377
355 380
356 364
357 378
358 364
360 399
361 362
361 396
361 367
362 366
363 397
365 377
371 391
371 396
386 391
