400 1200
0 66
0 195
0 78
0 80
0 209
0 20
0 285
0 125
1 197
1 298
1 362
1 334
1 399
1 176
1 152
2 274
2 323
2 349
2 374
2 7
3 355
3 40
3 237
3 397
3 209
3 307
4 168
4 331
4 53
4 118
5 385
5 138
5 81
5 182
5 380
5 31
6 224
6 161
6 334
6 311
6 183
6 319
7 10
7 77
7 383
8 369
8 239
8 286
8 79
9 260
9 53
9 252
9 13
9 174
10 352
10 130
10 99
10 388
10 49
10 147
10 211
11 122
11 52
11 389
11 398
12 299
12 111
13 75
13 116
13 366
14 193
14 387
14 39
14 333
14 334
14 241
14 275
14 182
14 123
14 92
15 352
15 172
15 270
15 179
15 181
15 26
16 96
16 131
16 292
16 201
16 393
16 368
16 342
17 196
17 325
17 39
17 232
17 138
17 151
17 124
18 369
18 59
18 171
18 127
19 152
19 185
19 349
19 173
19 286
20 185
20 223
20 376
20 192
21 155
22 45
22 173
23 257
23 324
23 103
23 282
23 378
23 143
23 310
23 248
23 58
24 104
24 171
24 236
24 371
24 51
24 151
25 240
25 181
25 302
26 352
26 292
26 364
26 273
26 87
26 348
27 99
27 171
27 219
28 37
28 296
28 111
28 367
28 279
28 344
28 220
29 80
29 98
29 363
30 65
30 206
30 95
30 39
31 160
31 140
31 77
31 271
31 367
31 241
31 121
31 221
32 178
32 170
32 253
32 247
33 96
33 224
33 394
33 48
33 50
33 146
33 370
33 185
33 156
33 127
34 104
34 203
34 302
34 46
34 276
34 154
35 130
35 228
35 294
35 168
35 297
35 335
36 289
36 299
36 158
37 161
37 66
37 197
37 335
37 346
37 350
37 191
38 194
38 325
38 399
38 144
38 51
38 156
38 286
39 318
39 261
39 368
39 305
39 277
40 96
40 387
40 69
40 205
40 269
40 335
40 211
40 116
40 117
40 339
40 374
41 208
41 116
41 383
42 266
42 357
42 330
42 351
42 279
43 290
43 132
43 370
43 63
44 397
44 375
45 193
45 211
45 93
45 217
45 349
46 352
46 324
46 81
46 117
46 217
47 320
47 225
47 229
47 74
47 364
47 173
47 179
47 84
47 311
47 216
47 252
48 287
48 197
48 103
48 269
48 110
48 370
48 151
48 155
48 318
48 223
49 289
50 324
50 261
50 357
50 359
50 139
50 207
50 92
50 344
50 220
50 95
51 288
51 167
51 329
51 108
51 398
51 127
52 386
52 73
52 268
52 365
52 79
52 184
52 346
53 96
53 70
53 267
53 268
53 366
53 81
53 91
53 126
54 314
54 167
55 160
55 161
55 258
55 332
55 335
55 112
55 373
55 152
55 95
56 250
56 396
56 278
57 210
57 98
57 364
57 249
57 166
58 291
58 239
58 273
58 114
58 309
58 317
59 328
59 255
59 146
60 257
60 302
61 377
61 388
61 310
62 99
62 360
62 145
62 371
62 308
62 279
63 339
63 251
63 243
64 160
64 136
64 375
64 153
64 317
64 343
65 110
66 354
66 327
66 392
66 265
66 108
66 399
66 276
67 258
67 260
67 172
67 269
67 399
67 149
67 89
68 215
68 103
69 191
69 168
69 360
69 340
69 85
69 152
69 216
70 230
70 295
70 72
70 140
70 142
70 175
70 113
70 339
70 382
71 161
71 164
71 356
71 102
71 269
71 148
71 282
72 103
73 307
73 206
73 92
74 135
74 240
74 320
75 177
75 274
75 325
75 85
76 296
76 89
76 137
76 171
76 263
77 259
77 135
77 202
77 175
78 321
78 356
78 296
78 233
78 345
78 206
78 310
78 374
78 217
78 286
78 127
79 321
79 229
79 148
79 347
79 156
80 113
80 374
80 281
80 127
81 353
81 259
81 133
81 231
81 326
81 177
81 277
81 313
81 219
82 339
82 252
82 382
82 383
83 170
83 260
83 237
83 399
84 260
84 397
85 317
85 348
85 207
86 240
86 305
86 179
86 235
87 329
87 211
87 188
88 281
88 292
88 101
88 383
89 320
89 355
89 331
89 92
90 344
90 391
90 204
90 396
90 337
90 310
90 312
90 315
90 382
91 97
91 138
91 331
91 214
92 360
92 111
92 144
92 184
92 157
93 197
93 194
93 275
94 294
94 266
94 237
94 207
94 278
94 247
94 217
94 251
94 95
95 373
96 133
96 187
97 360
97 293
98 185
98 393
98 243
98 308
98 255
99 129
99 338
100 338
100 166
100 151
101 134
101 295
101 230
101 299
101 334
101 244
102 320
102 225
102 197
102 165
102 205
102 337
102 349
102 317
103 204
103 307
103 376
103 218
103 125
104 262
104 330
104 124
104 184
105 194
105 195
105 265
105 330
105 268
105 143
105 176
106 196
106 132
106 269
106 150
107 289
107 386
107 195
107 389
107 263
107 242
107 250
108 301
108 182
108 271
109 310
109 138
109 360
109 126
110 136
110 168
110 138
110 328
110 376
110 253
111 291
111 388
111 329
111 361
111 203
112 257
112 150
113 294
113 235
113 332
113 270
113 242
113 278
113 215
114 369
114 387
114 394
115 394
116 354
116 141
117 267
118 231
118 136
118 363
118 306
118 341
118 286
119 267
119 251
119 220
120 259
120 363
120 211
120 326
121 363
121 156
122 154
122 305
122 308
122 340
122 311
122 250
122 316
123 163
123 213
124 289
124 260
124 132
124 304
124 336
124 189
124 125
125 139
125 176
126 331
126 233
126 285
127 231
127 393
127 301
128 176
128 381
128 333
129 363
129 254
130 304
130 175
131 323
131 228
131 197
131 201
131 364
131 156
132 334
132 336
132 148
132 245
132 182
133 275
133 245
133 247
133 248
133 283
134 171
134 268
134 304
134 177
134 338
134 278
134 285
135 307
135 387
136 229
136 301
136 315
136 221
137 170
137 374
137 255
138 167
139 194
139 260
139 294
140 180
140 150
140 380
140 189
141 320
141 362
141 275
141 255
142 209
142 167
143 165
143 177
143 218
143 223
144 171
144 189
145 244
145 181
146 340
146 181
146 398
147 360
147 331
147 332
147 270
147 380
148 162
148 166
148 152
149 354
149 169
149 177
149 241
149 249
149 284
149 157
150 192
150 194
150 387
150 298
150 242
150 215
150 377
151 359
151 299
152 285
153 320
153 164
153 168
153 173
153 239
153 273
153 339
154 212
155 163
155 294
155 171
155 331
155 363
155 239
155 272
155 342
155 188
156 237
156 301
156 179
157 321
157 264
157 398
157 251
158 354
158 374
158 308
159 220
159 189
159 334
159 223
160 292
160 359
160 265
160 215
160 251
161 332
161 399
161 336
161 185
162 291
162 389
162 247
162 184
162 249
162 189
163 176
163 209
163 371
163 374
163 190
164 176
164 274
164 348
164 252
164 221
165 311
166 293
166 262
167 258
167 393
167 376
167 345
168 352
168 235
168 306
168 375
169 256
169 398
169 303
170 225
170 227
170 398
170 349
171 270
171 276
171 246
171 314
171 287
172 388
172 174
172 279
172 287
173 372
173 283
174 325
174 200
174 338
174 212
174 244
174 381
175 332
175 379
175 189
176 260
176 267
176 178
177 214
178 384
178 230
178 390
178 238
178 213
178 219
179 231
179 367
180 232
180 211
180 332
181 388
181 297
181 310
182 293
182 391
182 183
182 349
183 289
183 229
183 246
183 187
184 192
184 357
184 267
184 331
184 239
184 220
184 212
184 246
184 378
185 233
185 395
185 369
186 198
186 301
186 304
186 219
186 350
186 191
187 271
188 322
188 340
188 387
189 196
190 302
191 205
191 270
192 352
192 237
192 238
192 279
193 392
193 394
193 364
193 274
193 374
194 384
194 273
194 349
195 196
195 380
195 219
195 284
196 314
197 256
197 392
197 266
197 363
197 241
198 297
199 273
199 276
199 300
199 369
200 216
200 304
200 359
200 278
201 385
201 296
201 373
202 337
202 233
202 325
203 252
203 205
204 321
204 367
204 368
204 244
205 327
205 265
205 298
205 211
205 275
205 341
205 379
206 321
206 278
207 330
207 341
207 312
207 348
208 226
208 366
208 212
208 250
208 285
209 237
209 243
210 331
210 250
210 323
210 341
211 291
212 263
212 359
212 273
212 278
212 253
213 359
213 277
213 239
215 355
215 275
215 374
215 284
216 385
216 272
216 219
216 253
217 326
217 301
217 275
217 373
218 302
218 273
218 308
218 319
219 274
219 254
219 351
220 300
220 346
221 319
221 327
222 324
222 239
223 271
224 324
224 388
225 241
225 228
226 232
226 320
226 352
226 389
227 355
227 260
228 231
228 375
228 314
229 361
229 364
230 372
231 290
231 308
231 284
232 388
232 338
232 280
233 329
234 354
235 348
236 257
236 269
236 337
237 320
237 353
237 356
237 362
237 242
238 281
239 280
240 269
241 260
241 277
241 374
242 379
242 347
242 317
243 276
243 248
243 379
244 324
244 357
245 361
245 347
246 289
246 298
246 335
246 336
247 343
247 347
248 320
248 353
248 297
248 249
249 384
249 368
250 273
251 326
251 335
252 305
252 378
253 256
253 302
253 379
253 319
254 302
254 366
254 291
255 347
255 380
256 310
256 341
257 289
257 268
258 355
258 368
259 356
260 386
260 298
260 307
261 329
261 287
262 357
263 300
263 373
263 319
264 272
264 357
264 372
264 318
265 354
265 292
265 349
266 360
266 277
266 280
267 276
267 313
267 316
268 324
268 383
268 304
268 287
269 368
270 354
270 293
271 385
271 354
271 368
272 384
272 355
273 308
273 278
274 306
274 380
275 357
276 376
277 356
277 300
277 313
278 322
278 307
279 392
279 399
281 391
282 334
283 347
283 315
284 386
285 357
285 308
285 373
285 317
287 292
287 334
287 314
288 389
289 393
289 298
289 363
291 293
292 319
292 337
293 370
294 397
294 339
295 312
297 398
298 386
298 381
299 352
299 356
299 372
299 347
300 322
301 352
302 337
303 322
304 332
305 357
305 314
306 309
306 379
306 349
307 325
308 320
308 351
309 347
309 348
310 373
311 354
311 325
311 367
311 349
313 382
315 331
315 345
316 378
318 368
319 333
319 379
320 345
321 322
321 328
321 375
323 338
323 361
327 389
328 370
329 360
330 379
330 383
331 399
333 359
336 369
336 383
337 396
337 374
337 383
338 364
338 371
340 369
341 373
343 393
343 348
344 358
345 389
345 393
348 361
348 370
352 397
353 364
355 376
356 399
357 368
357 371
359 391
359 378
360 399
362 370
362 374
365 378
365 381
366 399
366 371
369 379
374 395
374 383
379 389
381 390
386 393
387 389
396 397
