400 1000
0 352
0 163
0 389
0 398
0 373
0 181
0 154
1 290
1 228
1 71
1 202
1 78
1 146
1 180
1 116
2 90
2 61
2 199
3 258
3 37
3 10
3 365
3 207
3 113
3 58
4 64
4 359
4 169
4 265
4 172
4 205
5 265
5 182
6 234
6 267
6 204
6 147
6 374
6 25
7 312
7 145
7 235
7 205
8 248
8 34
8 66
8 290
8 133
8 322
8 72
8 41
8 329
8 364
8 22
8 24
8 316
9 224
9 328
9 110
10 263
10 41
10 138
10 73
10 270
10 19
10 212
10 94
11 149
11 181
12 388
12 53
12 166
13 398
13 55
15 160
15 131
15 227
15 281
15 232
15 249
15 378
15 283
16 81
16 25
16 112
16 368
17 291
17 314
17 67
17 77
17 31
18 320
18 321
18 356
18 215
19 162
19 167
19 339
19 84
19 248
20 249
20 58
20 276
20 397
21 184
21 33
21 393
21 260
21 101
22 289
22 352
22 53
22 334
23 217
23 26
23 229
24 221
24 77
25 294
25 300
25 314
25 351
26 224
26 260
26 103
26 276
26 122
26 251
26 95
26 223
27 221
27 228
27 69
28 296
28 271
29 131
29 166
29 296
29 333
29 175
29 221
29 186
29 219
29 157
29 255
30 129
30 163
30 304
30 372
30 150
30 86
30 345
30 255
31 161
31 293
31 107
31 240
31 343
32 360
32 276
32 277
32 342
33 96
33 298
33 76
33 386
34 98
34 194
34 195
34 113
34 178
34 212
34 314
34 190
35 352
35 73
35 129
35 274
35 39
36 91
36 325
37 329
37 266
37 238
37 336
37 114
37 244
37 216
38 292
38 398
38 115
38 118
38 122
38 255
39 166
40 240
40 137
40 42
40 368
40 87
41 198
41 168
41 138
41 266
41 296
41 332
41 338
41 149
41 182
41 158
42 224
42 347
42 61
42 377
43 183
43 250
43 140
43 354
43 175
44 288
44 218
44 195
44 298
44 55
45 161
45 338
45 211
45 297
46 248
46 97
46 98
46 51
46 183
46 88
46 348
47 357
47 261
48 78
48 305
48 279
48 314
48 187
48 220
48 190
49 235
49 140
49 238
49 345
49 90
49 380
50 178
50 98
50 372
50 157
50 254
51 258
51 171
51 363
51 182
51 343
51 63
52 194
52 299
52 140
52 273
52 370
52 371
52 285
52 127
53 394
54 258
54 358
54 169
54 214
54 89
54 218
55 101
55 107
55 114
56 123
56 174
56 118
56 227
57 99
57 358
57 166
57 238
57 218
57 379
58 225
58 396
58 216
58 313
59 259
59 146
59 171
59 358
60 185
60 194
60 261
60 127
61 290
61 230
61 332
62 101
62 165
63 182
64 163
64 206
65 292
65 214
66 170
66 171
67 123
68 294
68 108
68 173
68 366
68 306
68 285
68 254
69 395
70 105
70 356
71 253
71 95
72 258
72 104
72 261
73 256
73 350
73 191
74 258
74 252
74 143
75 392
75 107
75 274
75 82
75 211
75 87
75 187
76 320
76 284
77 194
77 189
77 159
78 320
78 258
78 344
78 183
78 312
78 316
79 357
79 295
79 111
79 215
79 344
79 282
80 226
80 155
80 391
81 104
82 361
82 349
82 254
82 391
83 162
83 115
83 211
83 335
84 166
84 327
84 169
84 372
84 277
84 152
85 152
85 186
86 131
86 292
86 301
86 174
86 274
86 275
86 152
86 218
87 224
87 256
87 104
87 200
87 203
87 299
87 243
87 253
88 234
88 309
89 192
89 291
89 292
89 365
89 148
89 317
89 94
90 265
90 108
90 307
90 251
91 291
91 374
92 178
92 155
93 396
93 138
93 147
93 332
93 251
94 344
94 303
94 199
95 232
95 140
95 102
96 136
96 340
96 225
96 372
97 176
97 294
97 333
98 164
98 356
98 339
98 370
98 278
98 252
99 195
99 302
100 362
100 117
100 255
101 280
101 197
101 173
101 254
102 290
102 298
102 244
102 341
102 379
103 245
103 396
103 117
104 363
104 333
104 341
105 162
105 130
105 136
105 232
105 394
105 395
105 140
106 381
107 358
107 359
107 334
107 310
108 324
108 142
108 240
108 220
109 304
110 356
110 217
110 117
111 384
112 249
112 388
112 237
113 282
113 369
114 226
114 354
114 231
114 296
114 115
114 379
115 353
116 137
116 324
116 265
116 281
117 224
117 171
118 167
118 135
118 175
118 176
118 370
118 125
119 191
119 215
119 344
119 252
119 382
119 351
120 129
120 230
120 200
120 364
120 368
120 282
120 347
120 284
120 382
121 226
121 251
121 395
122 129
122 130
122 176
122 304
122 219
123 237
123 336
123 217
123 314
124 328
124 393
124 294
124 327
125 152
125 273
125 313
125 278
126 266
126 239
126 333
126 191
127 178
127 349
127 335
128 228
128 341
128 270
128 199
129 229
129 240
129 307
129 156
129 255
130 230
131 193
131 303
132 177
133 322
133 144
133 390
134 244
135 210
135 244
135 268
135 238
136 347
137 328
137 324
138 355
138 395
138 146
138 245
138 278
139 264
139 247
140 382
140 327
140 303
140 318
141 284
141 287
141 351
141 191
142 283
143 320
143 290
144 328
144 267
144 212
144 342
144 185
145 176
145 328
145 334
146 331
146 218
147 289
147 227
147 202
147 236
147 209
147 214
148 260
148 197
148 362
148 242
148 183
149 225
150 293
150 212
150 221
151 166
151 296
151 330
151 268
151 304
151 244
152 162
153 328
153 362
153 285
153 294
154 201
154 155
154 389
154 159
155 195
155 360
155 307
156 226
156 179
156 157
157 379
157 308
158 161
158 290
158 274
158 214
158 280
159 229
160 260
160 303
160 214
161 355
162 344
162 196
162 220
163 169
163 272
163 373
164 274
164 195
164 330
164 397
165 371
165 321
165 291
166 198
166 272
166 179
166 287
167 312
167 305
167 229
168 276
169 380
169 255
170 328
170 337
170 306
170 206
171 315
172 326
172 232
172 330
172 269
172 375
173 393
173 275
174 281
174 343
175 241
175 292
176 394
176 235
176 335
176 191
177 359
177 267
177 235
177 341
177 315
179 335
180 379
180 220
180 287
181 256
181 309
182 396
182 334
182 376
182 190
184 360
185 358
185 190
187 195
187 233
187 311
187 253
188 265
189 225
189 226
189 371
189 335
190 198
190 203
191 385
191 371
191 343
192 319
193 312
193 274
195 293
195 238
195 333
195 377
196 372
196 282
196 252
196 381
197 332
197 310
197 246
197 215
198 274
198 350
199 382
199 378
200 356
200 264
200 218
200 255
201 256
201 394
201 383
202 306
202 273
202 289
203 233
203 361
205 390
206 270
206 335
206 208
206 348
207 220
208 264
209 214
210 369
210 277
210 375
210 376
210 218
211 256
211 301
211 317
212 259
212 394
212 273
212 213
212 317
214 385
214 276
214 279
215 385
215 219
216 378
216 362
216 319
217 353
217 339
217 373
218 321
218 386
218 308
219 364
219 336
219 370
219 374
220 320
220 276
221 313
222 289
222 286
223 333
224 228
224 273
225 336
225 255
226 270
227 339
228 333
229 257
229 264
229 276
232 395
232 372
232 313
233 248
233 343
234 244
235 337
235 313
236 257
236 386
236 390
236 392
236 337
237 266
237 308
237 247
237 282
237 285
238 345
238 317
240 270
240 275
240 254
241 385
241 270
242 350
243 342
243 255
243 286
244 354
244 360
244 342
245 369
246 337
246 277
249 388
249 291
250 288
250 314
250 338
251 354
251 274
251 318
252 386
252 398
253 324
253 396
253 340
253 345
254 393
255 390
255 349
256 292
258 289
258 317
259 297
259 298
259 394
259 282
260 327
261 296
263 328
264 367
264 319
265 325
265 368
265 310
266 394
266 302
268 396
268 338
268 344
268 343
269 281
269 285
270 365
270 271
270 338
272 352
272 291
272 391
272 298
272 302
273 323
273 396
273 378
273 285
274 366
274 344
275 354
275 389
275 363
275 299
276 325
278 309
278 354
279 340
279 381
280 317
281 387
281 395
281 309
282 385
282 364
282 309
283 333
284 302
285 293
285 297
286 368
286 342
286 377
286 379
288 331
289 352
289 362
289 301
290 337
292 388
292 297
292 330
292 347
293 361
293 363
293 315
294 387
294 309
294 315
296 325
298 353
299 396
299 368
299 378
300 394
300 348
300 390
301 353
302 367
302 336
303 392
303 366
303 345
305 357
309 315
312 370
313 364
313 379
314 376
316 358
317 381
318 348
318 324
320 361
320 396
321 332
322 334
323 371
325 396
326 348
329 366
330 356
331 388
331 359
332 394
332 340
333 384
334 393
335 345
336 362
336 346
337 394
338 362
340 365
341 367
342 391
344 396
345 389
345 347
347 387
349 367
350 360
350 364
351 364
351 369
351 370
352 355
357 393
359 379
360 361
360 374
367 395
370 384
371 388
376 394
377 379
382 399
