400 1000
0 336
0 331
0 78
1 24
1 88
2 48
2 122
2 197
2 318
3 345
3 255
4 160
4 227
4 70
4 42
4 16
4 276
4 214
4 22
5 40
5 361
5 323
5 77
5 215
6 41
6 214
6 159
7 168
7 201
7 235
7 295
8 100
8 375
9 171
9 12
9 311
10 179
10 108
11 196
11 263
11 40
11 359
11 108
11 152
11 62
12 259
12 102
12 269
12 112
12 251
12 28
13 317
13 222
14 335
14 339
14 276
14 148
14 181
14 185
15 41
15 201
15 357
16 386
16 38
16 329
16 18
16 279
17 207
17 54
17 47
18 224
19 261
19 198
19 166
19 233
19 174
19 184
19 345
20 347
20 324
20 262
21 188
21 93
21 254
22 331
22 243
23 289
23 204
24 394
24 205
24 358
24 199
25 224
25 292
26 166
27 305
27 68
27 182
27 134
28 389
28 170
28 113
28 274
28 127
30 128
30 131
30 229
30 365
30 206
30 335
30 304
30 181
31 32
31 356
31 101
31 139
31 282
31 111
31 52
31 154
32 352
32 351
32 39
32 328
32 271
32 150
32 220
32 287
33 357
33 43
33 301
33 142
33 118
33 94
34 136
34 76
34 80
34 275
34 150
34 61
35 325
35 171
35 111
35 122
35 125
35 350
36 193
36 386
36 168
36 181
36 88
36 61
37 129
37 258
37 68
37 101
37 165
37 298
37 304
37 152
38 81
38 346
38 45
38 239
39 96
39 393
39 266
39 332
39 269
39 78
39 87
39 93
40 216
41 146
41 181
42 375
42 300
42 340
43 374
43 254
43 343
44 57
44 226
44 140
44 270
45 48
45 378
45 398
45 60
46 160
46 65
46 150
46 368
46 86
47 56
47 67
47 85
48 321
48 98
48 163
48 265
48 275
48 86
48 186
48 123
48 127
49 233
49 266
49 219
49 133
50 240
50 342
51 186
51 66
51 331
51 138
52 342
52 269
52 134
53 132
53 252
53 54
54 137
54 396
54 273
54 373
54 312
54 351
55 73
55 357
55 188
55 287
55 127
56 135
56 275
56 149
58 216
58 318
58 238
58 327
59 73
59 67
59 212
59 348
59 119
60 130
60 155
60 164
60 367
61 202
62 234
62 299
62 275
62 184
62 153
62 379
63 250
63 106
63 171
63 348
64 229
64 197
64 329
64 106
64 110
64 146
64 281
64 252
65 80
65 124
65 216
66 390
66 284
66 286
67 195
67 262
67 236
67 217
67 125
68 355
68 279
69 358
69 339
69 283
69 236
69 342
70 328
70 132
70 297
71 137
71 75
71 284
72 354
72 73
72 105
72 300
72 314
72 255
73 142
73 274
73 245
73 215
73 277
73 124
74 210
74 266
74 326
75 356
75 101
75 295
75 266
75 381
76 176
76 266
76 293
76 119
77 321
77 226
77 133
77 325
77 210
77 284
78 372
78 102
79 243
79 316
79 213
79 374
80 354
80 238
80 207
80 399
80 115
80 148
81 129
81 225
81 361
81 298
81 204
81 312
81 351
82 113
82 178
82 217
83 355
83 298
83 330
83 111
83 85
83 182
84 224
84 279
84 143
85 326
85 303
85 86
85 218
86 386
86 108
86 190
87 352
87 101
87 198
87 298
87 115
87 185
88 137
88 258
89 314
89 174
90 172
90 141
90 102
91 327
91 139
91 203
91 399
91 181
91 188
92 216
92 301
92 334
93 160
93 140
93 262
94 201
94 268
94 399
95 227
95 324
95 296
95 139
95 178
95 147
95 377
96 257
96 134
96 327
96 141
96 366
96 336
96 372
96 312
96 249
96 379
96 222
97 104
97 258
97 98
97 219
98 309
98 160
98 240
99 296
99 298
99 331
99 236
100 145
100 290
100 104
101 224
101 175
101 244
101 341
102 161
102 331
103 372
103 300
104 130
104 163
104 134
106 225
106 227
106 138
106 240
107 291
107 164
107 236
107 270
107 150
107 125
108 240
108 188
108 190
108 319
109 293
109 242
109 227
109 149
109 263
110 225
110 266
110 140
110 270
110 377
111 112
111 184
112 312
113 134
113 396
113 399
113 370
113 372
113 376
114 161
114 321
114 169
114 310
114 151
114 248
114 287
115 231
115 272
115 116
115 376
116 351
116 334
116 375
116 311
116 383
117 203
118 370
119 195
119 227
119 272
119 242
120 300
120 398
120 327
121 326
121 135
121 305
121 306
121 152
121 253
122 304
122 368
123 256
123 338
123 320
123 394
124 257
124 297
124 399
124 210
124 340
125 264
125 173
125 335
126 172
127 293
127 166
127 368
128 398
128 179
128 252
129 356
129 392
129 397
129 247
130 321
130 342
130 231
131 234
131 356
132 146
133 252
134 256
134 366
134 175
134 315
134 340
135 164
135 398
135 382
135 216
136 289
136 228
136 390
137 139
137 272
137 273
137 347
137 286
138 204
138 373
138 318
138 351
139 384
139 386
139 168
139 306
139 149
139 151
139 282
140 194
140 387
140 379
141 353
141 164
141 200
141 330
141 191
142 269
142 375
142 347
142 254
143 257
143 230
143 391
144 160
144 201
144 312
145 192
145 382
145 356
145 201
145 329
145 303
145 370
145 374
145 318
146 167
146 269
146 334
146 241
148 358
148 337
148 208
148 150
148 377
149 284
149 351
150 256
150 208
150 244
151 384
151 199
151 368
151 308
151 310
152 365
152 295
153 194
153 211
153 276
153 182
153 254
154 322
154 325
154 391
154 278
154 216
154 287
155 337
156 274
156 388
156 174
157 320
157 281
157 301
158 290
159 294
159 225
160 194
160 336
160 212
161 334
161 197
161 351
162 381
163 199
163 207
163 272
163 183
164 393
164 183
165 344
165 330
165 179
165 387
166 260
166 199
166 231
166 251
167 314
167 397
167 222
167 271
168 192
168 226
168 387
168 211
168 283
169 384
169 219
169 260
169 378
170 237
170 387
170 243
170 181
171 292
171 266
171 311
172 193
172 235
173 293
173 391
173 211
173 251
174 197
174 178
174 376
175 363
175 203
175 282
175 252
176 186
176 339
176 271
178 303
179 283
179 274
180 314
180 330
180 397
180 271
181 231
181 338
181 377
182 233
182 303
183 217
183 286
183 239
184 392
184 299
184 382
185 224
185 239
185 383
186 240
186 254
187 328
187 267
188 241
189 195
189 230
189 270
190 313
190 330
190 325
191 353
191 388
191 198
191 241
191 214
191 344
191 349
192 288
192 386
192 305
192 252
193 313
193 269
194 198
195 224
195 267
195 314
195 318
196 265
196 369
197 290
197 289
197 367
198 288
198 269
198 247
199 391
199 395
199 396
199 345
200 240
200 378
200 303
201 297
201 277
202 381
202 246
203 375
203 220
204 264
204 246
205 263
208 227
208 340
208 279
209 363
209 382
210 354
212 387
212 295
212 264
212 340
212 280
212 345
212 221
213 217
213 260
215 239
215 339
215 310
215 314
215 251
215 316
216 288
216 316
216 382
217 252
218 273
218 348
218 302
219 357
219 277
219 378
219 284
220 326
220 304
220 242
220 372
220 344
221 331
222 263
222 327
222 317
223 304
223 337
223 283
224 324
224 377
225 351
226 252
227 256
227 384
227 229
227 338
228 329
228 314
228 383
228 335
229 326
229 235
229 369
229 247
230 378
231 309
231 378
232 261
233 283
233 366
234 381
234 247
235 387
235 389
235 327
236 357
236 378
236 347
237 369
239 267
240 321
240 292
240 286
242 299
242 327
243 297
243 249
243 287
244 259
244 312
244 314
244 251
244 349
246 295
247 388
247 397
247 284
248 299
248 258
248 268
249 266
251 362
251 277
251 278
252 294
252 336
254 353
254 359
254 350
255 318
256 352
256 260
256 307
256 342
256 375
257 281
257 305
258 265
258 271
259 360
259 363
259 315
261 351
262 275
262 336
263 269
263 383
264 374
265 320
265 358
267 364
268 354
268 362
268 332
268 338
268 284
268 317
269 395
271 322
272 299
272 278
272 286
273 321
273 325
274 293
274 358
274 395
274 364
275 320
275 352
275 323
275 344
275 357
276 295
276 392
276 298
276 332
276 366
278 393
281 393
281 365
281 309
281 342
282 384
282 341
284 352
285 312
285 290
285 286
286 389
286 337
287 383
288 293
289 315
290 392
290 307
290 346
291 336
292 387
292 360
292 332
293 368
293 375
294 392
294 306
296 345
296 322
297 353
297 338
298 360
299 358
299 390
300 357
300 380
301 382
302 377
302 354
303 361
307 319
308 334
310 324
310 383
311 357
311 389
311 391
313 382
313 393
314 369
314 380
315 325
316 358
317 385
318 390
318 330
318 379
320 353
321 360
321 397
321 339
322 377
323 364
326 340
327 329
328 380
329 390
332 387
333 366
334 348
335 371
335 347
336 350
337 371
338 363
341 365
341 351
343 357
350 382
354 389
355 399
356 358
361 389
364 382
366 375
367 399
369 375
372 396
376 393
386 393
389 399
