400 1200
0 97
0 68
0 37
0 332
0 273
0 213
0 90
1 337
1 206
2 320
2 98
2 130
2 226
2 165
2 135
2 200
2 237
2 270
2 371
2 24
2 217
2 284
2 152
3 325
3 134
3 330
3 140
3 175
3 246
3 247
3 283
3 380
4 391
4 306
4 243
4 247
4 25
4 91
4 92
4 381
5 135
5 147
5 340
5 153
5 282
5 95
6 160
6 382
6 301
6 77
6 208
6 55
6 318
6 127
7 112
7 266
7 18
7 163
8 112
8 297
8 170
8 390
9 263
9 329
9 106
9 212
9 154
9 220
9 127
10 384
10 129
10 40
10 137
10 47
10 55
10 312
10 25
10 220
11 248
11 90
11 284
12 130
12 37
12 393
12 301
12 209
12 280
13 389
13 295
13 170
13 75
13 237
13 143
13 177
13 178
13 24
13 156
13 191
14 283
14 81
14 276
14 53
14 216
14 154
14 251
15 275
15 76
15 262
15 319
16 391
16 234
16 290
16 326
16 223
17 320
17 289
17 180
17 149
17 22
17 348
18 256
18 299
18 75
18 367
18 181
18 223
19 191
19 70
19 201
19 367
19 336
19 287
20 36
20 228
20 170
20 268
20 332
20 142
20 399
20 275
20 89
20 27
21 51
21 383
21 381
21 199
22 160
22 194
22 35
22 295
22 242
22 148
22 189
23 24
23 345
23 120
23 101
23 348
24 75
24 367
24 371
24 58
25 352
25 169
25 361
25 78
25 88
25 89
26 192
26 72
26 269
26 149
26 184
26 92
26 190
27 67
27 131
27 271
28 337
28 243
28 228
28 157
28 255
29 373
29 390
30 66
30 133
30 394
30 172
30 278
30 279
31 130
31 362
31 245
31 142
31 175
32 113
32 218
32 107
32 54
32 119
33 167
33 363
33 365
33 334
33 242
33 312
33 381
33 319
34 355
34 133
34 103
34 394
34 334
34 89
35 386
35 326
35 264
35 78
35 120
35 284
35 285
36 312
36 101
36 47
37 353
37 386
37 237
37 112
37 210
37 311
37 219
37 284
38 49
38 130
38 263
38 281
38 247
39 69
39 42
39 378
39 83
39 277
39 121
39 250
40 142
40 110
40 271
40 218
40 91
40 286
41 196
41 229
41 133
41 262
41 199
41 278
42 177
42 259
42 357
42 214
43 321
43 354
43 385
43 166
43 246
43 156
44 92
44 134
45 208
45 258
45 206
45 167
46 133
46 166
46 361
46 47
46 304
46 244
46 119
46 185
47 390
47 327
47 180
47 344
47 186
47 287
48 260
48 275
48 55
48 214
48 215
48 150
48 341
49 57
49 193
49 207
50 194
50 170
50 322
50 241
51 292
51 232
51 332
51 77
51 82
51 218
52 314
52 324
52 85
52 343
53 130
53 99
53 359
53 392
53 171
53 142
54 65
54 195
54 393
54 267
54 205
54 377
55 255
55 71
55 199
55 231
55 296
55 326
55 146
55 211
55 252
55 377
55 156
55 285
55 127
56 353
56 114
56 258
56 284
57 75
57 240
57 147
57 314
57 317
58 107
58 334
58 369
58 215
58 89
59 169
59 146
59 228
59 284
59 332
60 163
60 325
60 267
60 216
60 218
60 191
61 376
61 209
61 226
61 278
62 293
62 263
62 378
62 398
62 213
62 314
62 220
63 132
63 234
63 267
63 274
63 84
63 376
64 75
64 356
64 395
64 211
64 295
65 288
65 365
65 397
65 175
65 208
65 217
66 110
66 398
66 324
66 239
67 143
67 80
67 149
67 379
67 350
68 194
68 108
68 332
68 287
69 151
70 225
70 355
70 294
70 365
70 179
71 209
71 355
71 333
72 97
72 167
72 333
72 118
72 220
72 221
73 197
73 225
73 381
73 125
73 286
74 166
74 303
74 112
74 240
74 339
74 212
74 244
74 215
74 286
75 344
75 134
75 362
75 109
76 264
76 217
76 303
77 225
77 194
77 169
77 143
77 308
77 280
77 126
78 228
78 168
78 108
78 306
79 82
79 117
80 386
80 259
80 260
80 198
80 361
80 365
80 81
80 241
80 118
81 257
81 398
81 179
81 312
82 293
82 360
82 394
82 171
82 176
82 367
82 246
82 87
83 381
83 186
83 274
83 189
84 295
84 233
84 370
84 215
84 216
84 251
84 189
84 191
85 339
85 173
86 315
86 180
86 309
87 176
87 293
87 221
88 282
88 297
88 373
88 279
89 292
89 261
89 103
89 272
89 241
89 307
89 245
89 119
90 257
90 229
90 360
90 395
90 207
90 348
90 189
91 275
91 391
92 128
92 135
92 137
92 204
93 162
93 167
94 100
94 202
94 170
94 116
94 341
94 342
94 219
94 318
95 399
96 229
96 166
97 391
97 204
97 300
97 371
97 118
97 215
98 346
98 173
99 228
99 324
99 393
99 106
99 362
99 369
100 302
100 203
100 333
100 255
101 104
101 269
101 260
102 259
102 103
102 173
102 270
102 365
102 245
102 183
103 289
103 226
103 107
103 331
103 273
103 250
104 353
104 346
104 246
104 361
105 107
105 172
105 207
105 175
105 120
105 383
106 145
106 254
107 250
107 142
107 110
107 350
108 171
108 332
108 246
109 161
109 324
110 304
110 315
110 157
110 287
111 329
111 349
111 389
111 127
112 136
112 298
112 269
112 368
112 241
112 188
113 162
113 336
113 370
113 343
113 185
114 321
114 301
114 334
114 309
114 124
114 191
115 200
116 207
116 243
116 325
116 191
117 337
117 385
118 259
118 260
118 204
118 275
118 126
119 352
119 396
120 385
120 354
120 163
120 314
120 316
121 305
121 171
121 164
121 203
122 329
122 131
122 227
123 289
123 167
123 235
123 172
123 370
123 154
123 319
124 134
124 135
124 364
124 236
124 142
124 372
125 331
125 245
126 393
126 301
126 367
127 133
127 233
127 141
127 246
127 220
127 343
128 289
128 366
128 335
128 336
128 253
129 379
130 166
130 170
130 336
130 275
130 373
130 343
130 153
131 387
131 302
131 277
131 182
131 152
132 262
133 267
133 206
133 270
133 218
134 294
134 359
134 210
134 307
134 373
134 283
134 191
135 168
135 297
135 178
135 312
136 313
136 154
136 334
136 399
138 290
138 260
138 232
138 339
138 277
138 217
138 156
139 250
139 283
140 229
140 326
140 169
140 234
140 399
140 381
141 327
141 209
141 373
141 343
141 154
141 190
142 234
142 302
142 304
143 290
143 367
143 277
144 208
144 395
144 302
144 151
145 323
145 397
145 241
145 243
145 248
146 202
146 335
147 260
147 171
147 214
147 158
148 313
148 393
148 332
148 270
149 285
149 397
150 169
150 364
150 152
150 183
151 315
151 244
151 185
151 283
152 356
152 337
152 179
152 281
153 210
153 295
155 208
155 225
155 240
156 359
156 236
156 270
156 368
156 273
156 178
156 179
156 215
156 283
157 282
157 183
158 320
158 265
158 301
158 304
158 212
159 378
159 219
159 317
159 214
160 163
160 262
160 169
160 239
160 250
160 221
160 190
161 264
161 280
161 338
161 375
162 385
162 166
162 233
162 171
162 210
163 389
163 390
163 263
163 173
164 258
164 264
164 302
164 271
164 378
165 216
165 347
165 179
166 291
166 199
166 392
166 340
166 373
167 227
167 211
167 377
167 252
167 318
168 320
168 384
168 385
168 208
168 372
169 250
170 357
170 391
170 375
170 252
171 354
171 395
171 244
171 218
172 225
172 393
172 211
172 314
172 254
173 310
173 279
173 379
173 222
174 219
174 364
174 269
175 268
175 272
175 213
176 179
176 251
176 301
177 369
177 306
178 268
178 365
178 207
178 336
178 210
178 306
179 288
179 198
179 333
179 279
179 253
180 323
180 298
180 302
180 370
181 352
181 242
181 277
181 347
181 254
182 283
182 375
183 385
183 265
183 367
183 304
183 347
184 320
184 334
184 206
185 385
185 366
185 273
185 241
185 374
185 280
185 317
186 247
186 267
187 369
187 306
187 259
187 343
187 335
188 385
189 363
190 325
190 297
190 397
190 348
191 226
191 367
192 338
192 397
192 199
193 394
194 372
194 245
195 249
196 289
196 200
196 234
196 341
196 218
197 304
197 323
197 336
198 392
198 301
198 215
199 394
200 304
200 241
201 225
201 284
201 389
202 289
202 244
202 375
202 351
203 326
203 271
204 394
204 271
204 307
204 345
205 329
205 308
205 351
206 227
206 346
206 380
207 352
207 232
207 297
208 331
208 212
208 377
209 227
209 328
209 360
209 270
209 366
209 218
210 266
210 303
211 226
211 325
211 232
211 243
211 252
212 335
212 307
212 308
213 321
213 328
214 256
214 294
214 233
214 367
215 235
215 397
215 253
216 346
217 257
217 255
218 357
218 395
218 371
219 339
220 361
220 274
220 372
220 347
222 358
223 329
223 260
223 286
226 354
226 239
226 276
226 279
226 312
227 232
227 303
227 368
227 348
228 344
229 354
229 364
231 280
231 344
231 392
232 271
233 333
234 274
235 370
235 373
236 260
236 286
237 332
238 249
238 385
238 366
239 386
239 319
240 358
240 395
240 374
241 290
242 385
242 277
242 309
244 326
244 303
244 346
244 381
246 295
246 278
246 286
247 320
247 332
247 273
248 397
249 315
249 374
249 292
250 354
250 292
250 261
250 295
251 311
252 305
252 306
253 388
253 325
253 328
253 360
254 391
254 340
255 353
256 264
256 303
256 345
256 378
257 391
257 335
258 290
258 262
258 305
258 339
258 286
259 311
260 353
260 287
260 286
262 359
262 395
262 307
263 382
263 369
263 371
263 311
265 377
266 284
267 319
268 348
268 293
269 320
269 391
270 293
270 369
270 372
270 380
271 356
271 333
273 278
273 282
274 292
274 363
274 310
274 380
275 322
275 341
275 319
276 374
276 306
276 351
277 356
277 293
278 388
278 328
279 386
279 347
280 399
280 341
282 300
282 339
282 284
284 388
284 368
285 355
285 296
285 302
286 295
286 299
287 292
288 298
288 366
290 387
290 340
291 321
291 363
293 386
293 358
294 372
294 311
295 300
295 378
297 387
299 335
300 311
301 338
301 315
303 383
304 393
304 308
306 357
306 366
306 316
307 318
308 351
309 318
309 335
310 322
310 378
310 315
310 316
312 350
314 362
318 385
318 351
318 364
318 319
319 381
320 385
320 397
321 338
322 385
322 387
322 365
322 337
322 346
325 356
327 340
327 382
329 368
329 375
332 380
332 351
333 366
335 368
339 388
339 389
342 361
343 362
344 359
344 399
348 361
348 383
352 391
354 366
355 359
356 368
362 386
366 384
366 391
369 391
370 378
371 399
372 382
375 378
380 387
381 382
384 385
