400 1200
0 350
0 265
0 75
0 332
0 53
0 24
0 125
0 184
1 224
1 197
1 7
1 8
1 9
1 10
1 336
1 115
1 376
1 283
1 93
1 95
2 25
2 186
2 287
2 311
2 63
3 228
3 199
3 201
3 122
3 27
3 93
4 80
4 269
4 37
4 62
5 354
5 163
5 389
5 330
5 14
5 151
6 67
6 11
6 237
6 143
6 19
6 54
6 90
6 319
7 72
7 137
7 264
7 19
7 84
8 256
8 38
8 170
8 145
8 220
8 62
9 385
9 70
9 78
10 224
10 99
10 169
10 307
10 276
10 28
10 317
10 254
11 90
11 267
11 373
11 386
12 42
12 236
12 48
12 145
12 243
12 373
12 151
12 220
13 131
13 103
13 73
13 206
13 22
13 28
13 93
14 331
14 239
14 207
14 24
14 185
15 242
15 396
16 289
16 292
16 103
16 49
16 147
16 182
16 154
16 222
17 323
17 135
17 42
17 266
17 45
17 241
17 339
17 371
17 248
18 376
18 328
18 203
18 204
18 267
18 248
18 188
18 253
18 254
18 95
19 96
19 44
19 110
19 272
19 278
19 119
20 66
20 68
20 267
20 78
20 143
20 304
20 278
21 387
21 326
21 39
21 201
21 395
21 307
21 59
22 40
22 177
22 93
22 30
23 333
23 181
23 54
24 256
24 200
24 331
24 282
25 257
25 130
25 327
25 272
25 145
25 338
25 58
26 241
26 394
27 352
27 385
27 174
27 335
27 30
28 99
28 71
28 231
28 329
28 237
28 207
28 367
28 273
28 185
29 96
29 288
29 355
29 159
30 298
30 109
31 194
31 332
31 45
31 311
31 314
31 253
32 395
32 271
32 339
32 312
32 217
32 186
33 313
33 345
33 173
33 206
33 184
33 281
33 93
33 319
34 322
35 224
35 171
35 116
36 388
36 47
37 284
37 135
38 259
38 202
38 85
38 55
38 119
38 221
39 296
39 142
39 53
39 311
39 63
39 255
40 384
40 133
40 329
40 330
40 267
40 204
40 374
40 185
40 282
40 349
41 161
41 279
41 284
41 174
41 215
42 227
42 291
42 111
42 84
42 122
42 126
43 186
43 382
43 290
43 310
43 303
44 169
44 284
44 316
44 251
45 166
45 138
45 332
45 374
46 256
46 98
46 332
46 110
46 50
46 275
46 86
46 93
46 222
47 138
47 145
47 214
47 152
47 282
48 386
48 70
48 337
48 150
48 125
49 167
49 302
49 398
49 276
49 309
49 279
50 333
50 344
50 59
50 286
50 255
51 280
51 257
51 344
51 87
52 177
52 309
52 141
52 294
52 173
53 202
53 79
53 283
53 114
53 309
53 86
53 87
53 185
53 219
54 208
54 304
54 368
55 390
55 74
55 179
55 278
56 194
56 276
56 255
57 193
57 282
57 324
57 285
57 394
58 66
58 299
58 204
58 395
58 342
59 97
59 226
59 175
59 211
59 343
60 265
60 372
60 317
60 310
61 138
61 268
61 333
61 310
61 378
62 389
62 175
62 273
62 370
62 343
62 188
62 317
62 319
63 355
63 259
63 229
63 270
63 375
64 360
64 267
64 396
65 320
65 130
65 314
65 118
66 295
67 257
67 68
67 169
67 139
67 148
67 184
68 92
69 160
69 132
69 267
69 83
69 179
69 152
69 285
70 393
70 141
70 334
70 239
70 250
70 157
71 96
71 325
71 268
71 78
71 95
72 297
72 389
72 350
73 131
73 230
73 104
73 364
73 301
73 146
73 210
73 153
73 221
74 161
74 194
74 302
75 345
75 141
75 361
76 260
76 231
76 263
76 124
76 315
76 123
76 188
76 221
76 254
76 287
77 129
77 250
77 297
77 189
77 175
78 257
78 233
78 241
78 157
79 321
79 178
79 311
79 191
80 256
80 89
80 202
80 239
81 336
81 285
82 289
82 186
82 134
83 225
83 399
83 241
83 311
83 183
83 379
83 221
84 256
84 398
84 279
84 315
84 348
85 336
85 345
85 323
85 365
86 370
87 385
87 294
87 138
87 120
87 255
88 316
88 301
88 158
88 343
89 193
89 321
89 293
89 102
89 172
89 140
89 365
89 277
89 342
90 225
90 132
90 202
90 141
90 334
91 302
91 95
92 131
92 294
92 275
92 147
92 150
93 395
93 272
93 246
94 185
94 330
94 340
95 131
95 145
95 371
95 216
95 350
96 301
96 106
97 349
98 248
98 155
98 247
99 128
99 360
99 201
99 363
99 209
99 114
99 337
99 276
99 149
99 152
99 158
100 292
100 326
100 367
100 313
100 284
100 383
101 161
101 386
101 356
101 362
101 115
101 253
102 153
102 262
102 232
102 237
102 208
102 347
103 229
103 304
104 177
104 215
105 291
105 139
106 384
106 197
106 202
106 252
106 284
107 204
108 222
108 239
109 386
109 383
109 361
109 179
109 308
109 281
109 346
109 253
109 255
110 296
110 121
110 220
111 353
111 261
111 361
111 139
111 397
111 348
111 217
111 124
111 350
112 324
112 167
112 136
112 299
112 396
112 141
112 220
112 285
113 224
113 153
113 130
113 165
114 393
114 147
114 212
114 373
115 257
115 385
115 393
115 141
115 215
115 158
116 161
116 226
116 261
116 393
116 208
116 245
116 285
117 399
117 235
117 197
117 135
118 136
118 302
118 398
118 336
118 317
118 382
118 223
119 389
119 236
119 279
119 187
120 130
120 197
120 331
120 188
120 127
121 257
121 194
121 337
121 242
121 342
121 249
121 250
122 357
122 207
123 139
123 190
123 247
124 321
124 125
125 352
125 267
125 336
125 339
127 192
127 265
127 395
127 249
127 316
128 385
128 162
128 325
128 173
128 270
128 367
128 278
128 383
129 132
129 329
129 363
129 242
129 307
129 312
130 167
130 391
130 204
130 277
130 253
130 287
131 290
131 261
131 169
131 242
131 375
131 249
131 186
132 241
133 393
133 258
134 197
134 199
134 235
134 399
134 183
135 225
135 257
135 322
135 230
136 232
136 396
137 260
138 170
139 167
139 393
139 305
139 223
140 320
140 359
140 173
140 271
140 212
140 316
141 300
141 244
142 226
142 196
142 292
142 294
142 295
142 191
143 291
143 175
143 209
143 346
144 379
145 198
145 262
145 361
145 300
145 308
146 346
146 221
146 262
147 224
147 180
147 319
148 368
148 209
148 212
148 214
149 256
149 394
149 360
150 384
150 369
150 214
150 343
151 320
151 323
151 203
151 276
151 186
152 228
152 198
152 355
152 390
152 306
152 344
152 379
153 272
153 309
153 343
153 156
154 232
154 242
154 229
154 359
155 300
155 190
155 343
156 204
156 253
156 278
157 225
157 162
157 329
157 364
157 205
157 239
157 303
157 334
157 316
157 158
158 217
158 381
159 312
159 336
159 309
161 273
161 344
161 380
162 168
163 194
163 366
163 367
163 339
163 179
163 350
163 191
164 258
164 332
164 167
165 304
165 322
165 275
165 334
166 387
166 360
166 178
166 377
166 190
167 363
167 175
167 303
167 244
167 184
168 354
168 232
168 171
168 276
168 245
168 311
169 255
169 230
169 233
169 265
169 174
169 191
170 233
170 362
170 268
170 337
171 238
171 235
172 192
172 298
172 203
172 175
172 248
174 235
174 297
174 175
174 208
174 305
175 363
175 181
176 256
176 289
176 258
176 235
176 179
176 246
176 313
177 181
178 379
178 205
179 327
179 333
179 370
179 345
180 361
180 378
180 252
181 372
181 213
182 215
182 388
182 311
182 200
183 208
183 227
183 223
184 364
184 279
184 343
185 326
185 263
185 300
186 255
187 249
187 211
187 358
188 231
188 351
189 268
189 367
189 374
189 281
189 284
190 399
190 370
190 244
190 315
191 303
192 226
192 338
193 299
193 307
193 223
194 197
194 207
194 342
194 279
195 203
195 387
195 301
196 312
196 209
196 379
196 305
197 291
197 260
197 204
198 396
199 356
199 337
199 324
200 287
200 230
201 288
201 353
201 363
201 279
201 286
202 258
202 259
202 297
202 334
202 315
203 357
203 332
203 366
204 354
204 393
204 239
204 305
204 246
204 343
204 223
205 326
205 319
206 369
206 212
206 279
206 280
206 379
206 254
207 297
207 301
207 247
208 363
208 273
208 215
209 332
209 310
209 315
210 218
210 355
210 365
210 279
211 388
211 357
211 389
211 341
211 381
212 290
212 398
212 315
212 254
213 304
213 268
213 214
214 321
214 396
214 274
214 275
214 215
215 320
215 290
215 373
216 327
216 222
217 355
218 261
218 270
218 372
218 244
218 348
219 232
219 248
219 374
219 377
220 269
220 274
220 372
222 228
222 298
222 267
222 301
222 378
223 261
223 341
223 281
223 255
224 306
224 370
225 356
225 237
225 286
226 391
226 365
226 369
227 305
228 339
228 255
229 328
229 301
229 302
229 397
229 253
230 300
230 333
230 398
230 283
230 382
231 327
231 297
231 379
231 251
231 381
232 323
232 294
232 265
232 391
232 270
232 302
233 342
233 262
234 288
236 290
236 266
236 269
236 369
236 253
236 383
238 248
238 342
238 367
239 358
239 363
239 349
240 368
240 339
241 267
241 383
242 353
242 361
242 299
242 380
242 383
243 266
243 276
243 382
244 356
244 245
245 307
245 302
247 323
247 332
247 306
247 280
248 370
248 373
248 345
248 254
249 344
250 354
250 327
250 270
250 306
251 292
252 303
253 321
253 334
254 288
254 399
254 380
255 322
255 266
256 288
256 259
256 343
257 263
257 274
257 282
257 285
259 308
259 340
260 283
260 389
262 263
262 377
263 347
265 334
265 339
265 316
265 342
266 297
266 347
267 375
268 294
269 357
269 329
269 338
269 383
270 393
271 326
271 297
271 396
271 366
271 367
271 312
272 350
273 375
273 346
274 303
275 322
276 354
276 388
277 347
277 316
278 337
278 318
279 288
279 384
279 397
280 324
280 362
280 301
280 317
281 323
281 394
281 335
282 391
283 355
283 297
284 286
286 292
286 367
286 378
287 328
288 359
289 364
289 306
290 390
290 391
290 362
290 301
290 383
291 322
291 325
294 323
294 392
296 342
297 396
297 350
298 336
298 321
299 336
301 366
301 343
302 336
303 395
303 310
303 375
304 359
304 313
305 376
309 391
309 334
310 344
311 332
311 381
312 368
314 327
317 388
318 384
320 355
320 329
320 361
323 371
324 354
325 368
326 356
326 338
327 366
329 342
330 371
333 364
334 374
335 344
335 384
335 343
336 395
336 338
337 378
340 342
342 346
343 390
343 374
344 359
345 384
345 364
349 378
351 399
353 398
358 370
359 374
361 374
361 380
374 381
381 385
388 393
