400 4000
0 384
0 322
0 259
0 326
0 263
0 328
0 73
0 201
0 234
0 297
0 365
0 302
0 178
0 114
0 276
0 248
0 347
0 61
0 126
1 4
1 133
1 390
1 135
1 9
1 10
1 12
1 399
1 147
1 277
1 288
1 35
1 36
1 172
1 305
1 53
1 315
1 188
1 192
1 199
1 73
1 330
1 81
1 380
1 346
1 349
1 353
1 359
1 240
1 248
1 252
2 320
2 321
2 259
2 136
2 282
2 398
2 178
2 371
2 244
2 345
2 218
2 123
2 189
3 384
3 9
3 265
3 267
3 395
3 270
3 145
3 281
3 282
3 26
3 283
3 286
3 293
3 298
3 300
3 175
3 189
3 190
3 62
3 64
3 86
3 90
3 94
3 359
3 233
3 362
3 237
3 238
3 242
3 121
4 161
4 132
4 358
4 72
4 169
4 297
4 14
4 399
4 17
4 51
4 147
4 89
4 90
4 158
4 159
5 65
5 290
5 163
5 69
5 231
5 360
5 74
5 234
5 267
5 205
5 366
5 113
5 115
5 307
5 23
5 221
5 284
5 125
6 288
6 161
6 376
6 102
6 103
6 326
6 169
6 360
6 236
6 45
6 152
6 58
6 283
6 60
6 317
6 184
6 31
7 259
7 261
7 12
7 399
7 156
7 157
7 44
7 48
7 305
7 55
7 56
7 60
7 319
7 323
7 69
7 200
7 204
7 335
7 95
7 96
7 356
7 230
7 360
7 371
7 120
8 353
8 98
8 153
8 322
8 204
8 269
8 78
8 271
8 48
8 147
8 243
8 149
8 245
8 252
8 152
8 121
8 28
8 125
9 32
9 161
9 354
9 230
9 105
9 170
9 139
9 171
9 282
9 331
9 92
9 337
9 276
9 183
9 218
9 91
9 28
10 384
10 67
10 133
10 73
10 74
10 41
10 206
10 334
10 366
10 378
10 243
10 93
10 316
10 343
10 89
10 250
10 92
10 61
11 256
11 387
11 389
11 396
11 141
11 21
11 288
11 39
11 168
11 41
11 190
11 192
11 325
11 334
11 81
11 337
11 92
11 222
11 356
11 104
11 232
11 362
11 111
11 114
11 242
11 248
11 377
11 379
11 381
12 98
12 257
12 100
12 322
12 325
12 351
12 266
12 107
12 315
12 306
12 19
12 115
12 56
12 158
12 252
12 94
12 286
13 163
13 164
13 167
13 199
13 233
13 295
13 75
13 14
13 82
13 338
13 373
13 86
13 279
13 125
14 248
14 352
14 195
14 281
14 231
14 72
14 358
14 336
14 275
14 116
14 21
14 53
14 22
14 118
14 276
14 122
14 247
14 30
15 130
15 258
15 259
15 135
15 140
15 398
15 399
15 22
15 23
15 282
15 30
15 160
15 171
15 172
15 304
15 308
15 198
15 71
15 212
15 216
15 347
15 367
15 241
15 246
15 248
15 126
16 65
16 296
16 44
16 45
16 172
16 204
16 144
16 302
16 178
16 276
16 22
16 86
16 187
16 189
17 256
17 141
17 399
17 280
17 155
17 33
17 34
17 170
17 301
17 47
17 176
17 186
17 188
17 67
17 329
17 340
17 88
17 344
17 223
17 227
17 233
17 362
17 239
17 247
17 121
17 383
18 192
18 259
18 68
18 38
18 169
18 42
18 300
18 206
18 175
18 113
18 145
18 241
18 212
18 242
18 306
18 308
18 344
18 347
18 349
18 157
18 159
19 134
19 138
19 289
19 163
19 40
19 314
19 187
19 60
19 327
19 200
19 201
19 212
19 85
19 214
19 90
19 91
19 96
19 99
19 235
19 237
19 373
19 247
20 355
20 261
20 106
20 302
20 111
20 80
20 367
20 210
20 275
20 308
20 310
20 311
20 25
20 94
21 384
21 260
21 391
21 270
21 144
21 152
21 168
21 172
21 183
21 313
21 185
21 70
21 215
21 99
21 100
21 228
21 105
21 120
21 379
21 125
21 383
22 160
22 36
22 101
22 262
22 104
22 360
22 144
22 145
22 334
22 248
22 378
22 219
22 157
22 318
22 351
23 32
23 159
23 312
23 291
23 390
23 200
23 265
23 298
23 142
23 178
23 179
23 211
23 24
23 313
23 59
23 95
24 64
24 128
24 34
24 292
24 356
24 359
24 45
24 143
24 117
24 284
24 56
24 123
24 220
25 257
25 354
25 134
25 326
25 200
25 358
25 331
25 332
25 304
25 51
25 125
25 246
25 309
25 120
25 281
25 154
25 339
25 349
25 152
26 352
26 321
26 138
26 331
26 44
26 269
26 364
26 271
26 175
26 275
26 339
26 310
26 346
26 286
27 257
27 391
27 394
27 143
27 275
27 280
27 29
27 162
27 290
27 300
27 176
27 58
27 59
27 61
27 319
27 71
27 74
27 336
27 340
27 95
27 224
27 241
27 374
27 377
27 122
27 252
28 258
28 395
28 146
28 274
28 276
28 153
28 287
28 159
28 36
28 303
28 304
28 178
28 311
28 313
28 61
28 68
28 76
28 204
28 212
28 341
28 345
28 346
28 364
28 124
28 244
28 374
28 252
29 324
29 231
29 297
29 75
29 140
29 141
29 207
29 242
29 370
29 212
29 278
29 313
29 380
29 255
30 387
30 396
30 143
30 277
30 151
30 281
30 160
30 289
30 175
30 180
30 310
30 55
30 56
30 65
30 67
30 325
30 82
30 342
30 234
30 364
30 114
30 371
30 252
31 224
31 255
31 102
31 198
31 295
31 298
31 241
31 84
31 87
31 56
31 217
31 316
31 381
31 216
32 230
32 167
32 392
32 137
32 75
32 139
32 237
32 297
32 145
32 273
32 185
32 311
32 223
33 130
33 162
33 165
33 41
33 44
33 172
33 271
33 303
33 335
33 54
33 281
33 187
33 127
34 259
34 392
34 266
34 143
34 152
34 43
34 45
34 184
34 187
34 63
34 321
34 71
34 78
34 210
34 95
34 118
34 119
34 249
34 251
34 381
35 385
35 134
35 262
35 390
35 267
35 273
35 146
35 147
35 276
35 278
35 280
35 163
35 36
35 54
35 189
35 63
35 208
35 343
35 221
35 357
35 112
35 369
35 373
35 118
35 126
36 68
36 99
36 392
36 395
36 301
36 79
36 213
36 56
36 253
36 61
36 223
37 132
37 266
37 272
37 275
37 148
37 151
37 159
37 298
37 44
37 50
37 306
37 53
37 317
37 67
37 196
37 75
37 82
37 357
37 108
37 236
37 117
37 255
38 384
38 134
38 264
38 137
38 139
38 269
38 398
38 151
38 280
38 289
38 290
38 299
38 52
38 54
38 61
38 196
38 325
38 329
38 332
38 226
38 107
38 108
38 235
38 244
38 375
38 379
39 257
39 290
39 67
39 131
39 259
39 260
39 136
39 140
39 204
39 397
39 79
39 49
39 145
39 275
39 52
39 310
39 344
39 186
39 156
39 190
40 196
40 165
40 229
40 324
40 200
40 234
40 362
40 332
40 46
40 112
40 283
40 147
40 212
40 310
40 119
40 379
40 187
40 92
41 386
41 259
41 134
41 268
41 145
41 276
41 282
41 167
41 175
41 177
41 308
41 316
41 325
41 213
41 98
41 355
41 245
41 250
41 251
42 160
42 384
42 322
42 356
42 264
42 360
42 173
42 334
42 147
42 372
42 85
42 214
42 311
42 341
42 250
42 60
42 94
42 383
43 96
43 160
43 130
43 382
43 261
43 387
43 109
43 238
43 270
43 145
43 369
43 93
43 181
43 118
43 341
43 312
43 125
43 254
44 386
44 376
44 229
44 199
44 295
44 391
44 109
44 270
44 84
44 55
44 184
44 379
44 220
45 128
45 258
45 132
45 392
45 265
45 268
45 275
45 148
45 153
45 280
45 157
45 49
45 179
45 188
45 62
45 320
45 325
45 206
45 82
45 211
45 215
45 344
45 120
45 354
45 246
45 248
45 250
45 126
46 353
46 386
46 195
46 227
46 261
46 250
46 237
46 399
46 304
46 242
46 83
46 147
46 53
46 157
46 152
46 281
46 186
46 91
46 125
47 193
47 153
47 164
47 299
47 140
47 399
47 147
47 284
47 62
47 57
47 378
47 188
47 126
47 287
48 352
48 199
48 233
48 383
48 108
48 268
48 272
48 113
48 304
48 54
48 348
48 380
48 188
48 317
48 127
49 382
49 202
49 394
49 364
49 116
49 153
49 221
49 286
49 159
50 224
50 352
50 70
50 391
50 72
50 264
50 106
50 142
50 175
50 145
50 273
50 212
51 133
51 388
51 137
51 270
51 274
51 155
51 160
51 163
51 169
51 298
51 302
51 306
51 191
51 322
51 69
51 336
51 81
51 82
51 220
51 352
51 230
51 104
51 106
51 369
51 114
51 378
51 125
51 126
51 383
52 160
52 344
52 387
52 103
52 199
52 106
52 123
52 327
52 366
52 176
52 113
52 272
52 370
52 54
52 118
52 184
52 59
53 99
53 70
53 262
53 325
53 391
53 106
53 235
53 142
53 368
53 213
53 119
53 249
53 90
53 95
54 256
54 129
54 390
54 278
54 152
54 158
54 293
54 179
54 180
54 311
54 64
54 326
54 71
54 200
54 204
54 335
54 208
54 209
54 336
54 211
54 340
54 220
54 95
54 233
54 117
54 121
54 253
55 260
55 266
55 152
55 158
55 174
55 177
55 190
55 320
55 322
55 68
55 201
55 74
55 331
55 334
55 79
55 341
55 217
55 350
55 223
55 354
55 360
56 320
56 226
56 198
56 104
56 232
56 138
56 263
56 173
56 331
56 304
56 274
56 279
56 317
57 128
57 134
57 396
57 398
57 275
57 278
57 287
57 164
57 176
57 183
57 189
57 319
57 64
57 201
57 202
57 346
57 351
57 99
57 357
57 106
57 241
57 246
57 251
58 194
58 327
58 232
58 106
58 138
58 155
58 204
58 298
58 395
58 307
58 343
58 182
58 151
58 342
58 62
58 95
59 128
59 390
59 135
59 328
59 393
59 208
59 115
59 308
59 379
59 314
59 221
60 353
60 291
60 68
60 132
60 295
60 356
60 74
60 383
60 109
60 205
60 272
60 145
60 84
60 275
60 86
60 222
60 319
61 161
61 259
61 261
61 266
61 301
61 144
61 211
61 245
61 310
61 152
61 89
62 326
62 199
62 391
62 265
62 139
62 368
62 183
62 185
62 125
62 287
63 288
63 226
63 354
63 230
63 294
63 205
63 365
63 239
63 303
63 399
63 306
63 275
63 313
63 155
63 252
63 285
64 129
64 153
64 324
64 344
64 166
64 263
64 313
64 108
64 269
64 364
64 303
64 272
64 399
64 306
64 83
64 309
64 157
65 130
65 290
65 134
65 199
65 294
65 233
65 139
65 205
65 174
65 79
65 213
65 374
65 344
65 316
65 189
65 126
66 344
66 326
66 167
66 199
66 298
66 109
66 78
66 302
66 176
66 366
66 369
66 179
66 339
66 399
66 87
66 151
66 312
66 249
66 157
66 343
66 319
67 136
67 392
67 138
67 394
67 271
67 175
67 310
67 311
67 184
67 313
67 186
67 192
67 323
67 201
67 79
67 208
67 335
67 82
67 337
67 90
67 98
67 107
67 112
67 243
67 373
67 374
67 378
67 123
67 127
68 296
68 362
68 108
68 279
68 209
68 146
68 348
68 373
68 280
68 285
68 251
68 93
68 158
68 255
69 98
69 322
69 326
69 71
69 135
69 106
69 264
69 76
69 80
69 177
69 307
69 315
69 124
69 222
70 257
70 289
70 75
70 314
70 335
70 81
70 274
70 306
70 183
70 214
70 186
70 283
70 159
71 161
71 223
71 261
71 201
71 187
71 112
71 177
71 214
71 314
71 95
72 385
72 136
72 141
72 278
72 296
72 183
72 186
72 317
72 202
72 330
72 76
72 338
72 217
72 227
72 230
72 233
72 237
72 367
72 373
73 194
73 258
73 103
73 295
73 360
73 330
73 393
73 141
73 173
73 205
73 271
73 305
73 82
73 179
73 84
73 276
73 182
73 126
74 99
74 131
74 104
74 105
74 137
74 298
74 109
74 219
74 377
74 397
74 81
74 274
74 220
74 185
74 381
74 222
75 257
75 260
75 139
75 153
75 157
75 159
75 172
75 303
75 305
75 179
75 180
75 205
75 217
75 231
75 104
75 111
75 113
75 118
75 119
75 376
76 134
76 265
76 153
76 169
76 172
76 300
76 312
76 324
76 329
76 336
76 87
76 90
76 346
76 97
76 354
76 228
76 102
76 364
76 113
76 241
76 243
76 117
76 118
76 252
77 194
77 291
77 105
77 266
77 364
77 365
77 112
77 304
77 275
77 215
77 248
77 89
77 91
77 375
78 131
78 90
78 226
78 238
78 303
78 368
78 305
78 399
78 211
78 310
78 375
78 186
78 285
79 386
79 138
79 144
79 165
79 294
79 175
79 315
79 320
79 194
79 82
79 91
79 96
79 99
79 106
79 367
79 113
79 115
79 119
79 379
80 248
80 280
80 386
80 227
80 298
80 107
80 394
80 251
80 372
80 246
80 152
80 91
80 157
80 350
80 223
81 134
81 281
81 307
81 183
81 314
81 187
81 318
81 329
81 203
81 204
81 333
81 350
81 353
81 230
81 373
81 246
81 380
81 253
82 136
82 269
82 283
82 296
82 297
82 177
82 311
82 184
82 325
82 207
82 340
82 349
82 230
82 237
82 375
83 97
83 130
83 193
83 257
83 292
83 322
83 327
83 106
83 171
83 332
83 333
83 239
83 240
83 276
83 86
83 250
84 325
84 103
84 109
84 366
84 145
84 148
84 310
84 215
84 152
84 345
85 128
85 131
85 227
85 136
85 233
85 331
85 111
85 150
85 311
85 282
85 349
86 320
86 295
86 169
86 361
86 395
86 268
86 174
86 175
86 335
86 370
86 116
86 316
86 184
86 313
86 251
87 96
87 97
87 153
87 164
87 224
87 134
87 382
87 365
87 143
87 335
87 278
87 380
87 89
87 378
87 347
87 284
87 253
87 126
88 161
88 100
88 166
88 135
88 295
88 137
88 233
88 107
88 204
88 307
88 277
88 311
88 280
88 345
88 186
88 315
88 157
89 256
89 129
89 130
89 387
89 388
89 138
89 266
89 144
89 146
89 301
89 174
89 187
89 344
89 349
89 115
89 117
89 118
89 121
89 126
90 385
90 143
90 273
90 151
90 282
90 168
90 170
90 305
90 207
90 212
90 350
90 227
90 231
90 372
90 249
90 253
91 387
91 143
91 145
91 152
91 287
91 160
91 159
91 168
91 170
91 300
91 178
91 312
91 202
91 332
91 206
91 217
91 347
91 229
91 237
91 117
91 381
92 128
92 197
92 361
92 205
92 334
92 392
92 393
92 182
92 379
92 382
92 159
93 225
93 291
93 135
93 170
93 211
93 278
93 282
93 187
93 124
94 256
94 132
94 267
94 142
94 275
94 286
94 293
94 174
94 200
94 328
94 337
94 338
94 219
94 226
94 106
94 373
94 118
94 374
94 378
94 123
95 163
95 200
95 295
95 107
95 361
95 364
95 251
95 370
95 339
95 149
95 373
95 189
96 129
96 149
96 287
96 159
96 176
96 177
96 304
96 306
96 319
96 326
96 200
96 202
96 213
96 344
96 349
96 357
96 234
96 237
96 238
96 247
96 126
97 129
97 99
97 356
97 261
97 103
97 168
97 199
97 377
97 393
97 109
97 148
97 307
97 339
97 341
97 371
97 316
97 190
97 351
98 353
98 385
98 260
98 360
98 393
98 334
98 335
98 240
98 275
98 149
98 247
98 345
98 187
98 286
98 319
99 192
99 193
99 195
99 328
99 266
99 111
99 368
99 243
99 151
99 308
99 220
99 383
100 353
100 324
100 133
100 230
100 325
100 202
100 367
100 399
100 210
100 339
100 119
100 183
100 377
100 188
100 351
101 160
101 162
101 323
101 354
101 165
101 325
101 327
101 358
101 108
101 236
101 268
101 207
101 269
101 348
101 151
101 377
101 379
101 252
102 129
102 385
102 394
102 107
102 109
102 238
102 278
102 253
102 189
103 385
103 259
103 136
103 264
103 269
103 146
103 161
103 179
103 310
103 185
103 192
103 324
103 345
103 229
103 108
103 118
103 120
104 289
104 294
104 297
104 138
104 266
104 362
104 307
104 341
104 372
104 378
104 381
105 385
105 258
105 322
105 292
105 355
105 199
105 267
105 172
105 398
105 209
105 116
105 343
105 254
105 122
105 158
106 387
106 394
106 399
106 152
106 156
106 285
106 296
106 189
106 201
106 346
106 360
106 251
106 252
106 127
107 128
107 193
107 198
107 295
107 139
107 172
107 110
107 302
107 273
107 309
107 311
107 250
107 284
108 137
108 142
108 283
108 287
108 305
108 313
108 193
108 330
108 362
108 235
108 367
108 241
108 370
108 378
108 123
108 380
108 383
109 162
109 258
109 167
109 200
109 317
109 266
109 326
109 178
109 252
109 155
109 285
109 254
109 159
110 195
110 358
110 201
110 330
110 235
110 378
110 240
110 370
110 149
110 248
110 314
111 354
111 197
111 234
111 300
111 336
111 182
111 214
111 245
111 249
111 155
111 255
112 290
112 197
112 166
112 228
112 266
112 267
112 293
112 175
112 336
112 116
112 148
112 118
112 374
112 124
112 286
112 127
113 134
113 262
113 144
113 146
113 275
113 157
113 162
113 163
113 297
113 184
113 321
113 195
113 327
113 220
113 115
113 247
113 126
114 352
114 344
114 387
114 261
114 136
114 137
114 204
114 364
114 175
114 181
114 342
114 151
114 184
114 190
114 349
115 268
115 151
115 282
115 156
115 159
115 164
115 175
115 307
115 317
115 226
115 227
115 376
115 366
115 240
115 374
115 248
115 378
115 252
116 129
116 353
116 259
116 324
116 394
116 336
116 211
116 310
116 377
116 187
116 319
117 128
117 322
117 227
117 287
117 382
117 167
117 173
117 212
117 183
117 286
117 190
117 216
118 386
118 132
118 389
118 399
118 149
118 166
118 294
118 171
118 300
118 175
118 334
118 212
118 222
118 371
118 378
119 322
119 261
119 351
119 154
119 328
119 267
119 274
119 213
119 342
119 344
119 122
119 220
119 287
120 229
120 390
120 394
120 399
120 338
120 276
120 343
120 248
120 250
120 379
120 349
121 257
121 291
121 390
121 313
121 393
121 266
121 396
121 174
121 175
121 311
121 213
121 182
121 277
121 285
121 286
121 351
122 162
122 226
122 387
122 359
122 138
122 298
122 269
122 336
122 177
122 310
122 313
122 318
123 395
123 276
123 301
123 303
123 308
123 183
123 323
123 324
123 203
123 205
123 223
123 228
123 236
123 365
123 373
123 252
123 254
124 387
124 392
124 142
124 277
124 153
124 175
124 304
124 179
124 185
124 318
124 325
124 331
124 211
124 370
124 243
124 372
124 378
124 125
125 260
125 396
125 269
125 143
125 274
125 169
125 171
125 305
125 310
125 186
125 192
125 325
125 198
125 330
125 336
125 340
125 343
125 216
125 246
125 250
126 259
126 387
126 398
126 289
126 317
126 327
126 346
126 224
126 367
126 369
126 251
127 385
127 135
127 136
127 168
127 296
127 362
127 392
127 274
127 211
127 340
127 246
127 279
127 187
127 188
128 137
128 394
128 399
128 145
128 280
128 299
128 300
128 303
128 310
128 312
128 202
128 206
128 210
128 344
128 346
128 221
128 238
128 243
128 245
129 134
129 266
129 267
129 397
129 274
129 147
129 161
129 166
129 181
129 312
129 194
129 326
129 199
129 206
129 347
129 351
129 252
130 167
130 199
130 267
130 396
130 207
130 367
130 340
130 245
130 182
130 255
131 256
131 169
131 173
131 206
131 304
131 182
131 151
131 377
131 317
131 223
132 391
132 265
132 138
132 329
132 317
132 253
133 160
133 357
133 389
133 363
133 394
133 274
133 215
133 251
134 137
134 161
134 174
134 177
134 309
134 197
134 327
134 202
134 357
134 232
134 371
135 191
135 225
135 227
135 326
135 300
135 269
135 378
135 207
135 145
135 178
135 148
135 276
135 253
135 314
136 161
136 322
136 325
136 137
136 235
136 300
136 360
136 241
136 178
136 179
136 220
136 254
137 390
137 264
137 266
137 151
137 161
137 187
137 190
137 192
137 328
137 329
137 203
137 335
137 208
137 211
137 214
137 354
137 360
138 248
138 382
138 265
138 296
138 298
138 377
138 346
138 302
138 375
138 222
138 223
139 257
139 384
139 229
139 358
139 234
139 332
139 367
139 305
139 309
139 246
139 184
139 346
139 349
140 391
140 280
140 154
140 293
140 294
140 324
140 336
140 346
140 224
140 352
140 227
140 356
140 231
140 232
140 362
140 245
140 376
140 377
140 380
141 321
141 328
141 243
141 372
141 183
141 216
141 153
141 155
141 252
142 259
142 143
142 273
142 149
142 152
142 281
142 164
142 167
142 314
142 186
142 188
142 322
142 201
142 332
142 212
142 242
142 253
143 274
143 152
143 289
143 294
143 173
143 307
143 183
143 312
143 339
143 344
143 348
143 349
143 372
144 260
144 268
144 151
144 289
144 163
144 165
144 294
144 299
144 172
144 302
144 307
144 308
144 186
144 324
144 325
144 345
144 239
144 240
144 367
144 374
145 388
145 147
145 148
145 281
145 282
145 286
145 185
145 329
145 213
145 219
145 220
145 372
145 374
146 288
146 385
146 260
146 201
146 265
146 364
146 205
146 301
146 156
146 381
146 255
147 353
147 263
147 393
147 268
147 206
147 336
147 368
147 152
147 187
147 349
147 159
148 354
148 163
148 165
148 358
148 285
148 283
148 157
149 258
149 387
149 359
149 391
149 333
149 368
149 177
149 308
149 279
149 281
149 378
149 380
149 221
149 350
150 385
150 264
150 296
150 298
150 203
150 363
150 269
150 366
150 180
150 248
150 185
150 282
150 283
150 189
150 254
150 286
151 153
151 159
151 291
151 168
151 307
151 312
151 187
151 206
151 214
151 219
151 225
151 228
151 236
151 372
152 271
152 281
152 159
152 192
152 193
152 199
152 329
152 347
152 353
152 356
152 230
152 231
152 381
152 382
152 255
153 165
153 230
153 261
153 369
153 220
153 284
153 278
153 382
154 355
154 198
154 234
154 394
154 240
154 212
154 308
154 341
154 219
154 318
155 321
155 295
155 327
155 282
155 300
155 363
155 211
155 244
155 277
155 183
155 312
155 380
155 375
156 292
156 388
156 389
156 201
156 170
156 219
157 264
157 391
157 285
157 164
157 168
157 296
157 170
157 297
157 300
157 304
157 305
157 181
157 192
157 195
157 196
157 204
157 336
157 217
157 220
157 353
157 229
157 371
157 249
158 256
158 385
158 386
158 230
158 328
158 395
158 205
158 335
158 242
158 211
158 277
158 382
158 319
159 258
159 278
159 294
159 299
159 316
159 322
159 341
159 346
159 355
159 242
159 245
159 379
160 198
160 174
160 207
160 177
160 242
160 212
160 182
160 213
160 313
160 398
161 389
161 395
161 299
161 178
161 184
161 189
161 326
161 332
161 335
161 337
161 340
161 213
161 222
161 369
162 193
162 194
162 164
162 290
162 293
162 327
162 272
162 182
162 348
162 220
163 196
163 197
163 263
163 291
163 265
163 358
163 376
163 333
163 216
163 252
163 285
164 197
164 168
164 270
164 215
164 317
165 258
165 321
165 361
165 392
165 397
165 366
165 207
165 273
165 341
165 342
165 381
166 350
166 390
166 169
166 171
166 174
166 270
166 381
166 276
166 309
166 341
166 249
166 317
166 253
166 318
166 223
167 320
167 194
167 291
167 389
167 202
167 299
167 284
167 189
168 285
168 197
168 228
168 262
168 332
168 270
168 334
168 176
168 340
169 387
169 230
169 392
169 268
169 333
169 273
169 305
169 277
169 247
169 307
169 286
170 259
170 325
170 198
170 332
170 398
170 178
170 312
170 380
170 222
170 191
171 260
171 199
171 294
171 361
171 205
171 237
171 207
171 240
171 270
171 273
171 307
171 184
171 255
172 320
172 322
172 356
172 377
172 204
172 272
172 304
172 214
172 376
172 281
173 384
173 194
173 261
173 360
173 267
173 362
173 301
173 207
173 209
173 367
173 243
173 246
173 311
173 378
173 380
174 394
174 270
174 279
174 282
174 292
174 296
174 178
174 311
174 314
174 201
174 336
174 354
174 382
175 273
175 290
175 304
175 307
175 348
175 364
175 365
175 249
176 274
176 288
176 306
176 312
176 185
176 193
176 196
176 331
176 335
176 208
176 213
176 346
176 235
176 367
176 368
176 377
177 357
177 366
177 336
177 241
177 243
177 308
177 284
177 339
177 252
177 349
178 199
178 297
178 204
178 206
178 238
178 304
178 307
178 374
178 253
179 223
179 386
179 388
179 231
179 233
179 333
179 274
179 212
179 182
179 253
179 189
179 191
180 192
180 226
180 386
180 292
180 204
180 332
180 334
180 343
180 252
180 253
181 288
181 289
181 285
181 228
181 290
181 354
181 231
181 202
181 378
181 272
181 241
181 343
181 376
181 186
181 351
182 352
182 185
182 299
182 331
182 333
182 303
182 241
182 399
182 213
182 351
183 288
183 200
183 395
183 206
183 251
183 285
183 351
184 384
184 395
184 239
184 208
184 368
184 375
184 188
184 382
184 191
185 290
185 291
185 327
185 298
185 362
185 397
185 238
185 284
185 313
185 317
186 197
186 294
186 313
186 203
186 281
186 219
187 392
187 338
187 342
187 216
187 349
187 227
187 233
187 374
187 254
188 387
188 228
188 198
188 356
188 360
188 389
188 394
188 267
188 239
188 336
188 283
189 335
189 210
189 242
189 244
189 375
190 256
190 225
190 384
190 383
190 396
190 271
190 209
190 273
190 338
190 314
190 252
190 222
190 286
191 386
191 229
191 325
191 264
191 265
191 305
191 317
191 223
192 312
192 360
192 233
192 269
192 337
192 370
192 217
192 379
193 257
193 259
193 354
193 296
193 204
193 396
193 273
193 335
193 244
193 341
193 382
194 350
194 355
194 376
194 387
194 232
194 332
194 239
194 307
194 244
194 340
194 312
194 316
194 222
195 385
195 322
195 228
195 292
195 355
195 300
195 333
195 302
195 334
195 373
195 219
196 257
196 259
196 263
196 204
196 301
196 239
196 304
196 246
196 376
196 250
196 287
197 268
197 282
197 291
197 295
197 302
197 307
197 326
197 339
197 340
197 225
197 360
197 233
197 365
197 371
197 374
197 383
198 224
198 290
198 312
198 287
198 297
198 202
198 206
198 369
199 258
199 270
199 205
199 335
199 210
199 212
199 340
199 352
199 370
199 248
200 265
200 270
200 398
200 280
200 292
200 317
200 339
200 212
200 224
200 364
200 367
200 376
200 377
201 392
201 271
201 300
201 307
201 321
201 331
201 348
201 362
201 373
201 247
202 225
202 353
202 232
202 263
202 269
202 302
202 367
202 398
202 339
202 381
203 289
203 293
203 218
203 206
203 239
203 342
203 344
203 221
204 276
204 286
204 287
204 296
204 206
204 349
204 363
204 364
204 379
205 229
205 279
205 347
205 254
206 384
206 309
206 311
206 211
206 223
206 231
206 361
206 381
207 268
207 278
207 292
207 294
207 299
207 209
207 219
207 350
207 248
207 231
207 376
207 253
208 280
208 230
208 358
208 234
208 267
208 332
208 368
208 308
208 245
208 346
208 255
209 257
209 295
209 327
209 297
209 270
209 339
209 373
210 388
210 270
210 241
210 370
210 219
210 255
211 223
211 354
211 382
211 298
211 396
211 253
211 249
211 373
212 389
212 264
212 280
212 332
212 218
212 226
212 357
213 249
213 289
213 386
213 235
213 303
213 336
213 310
213 282
214 325
214 230
214 333
214 271
214 255
215 352
215 294
215 296
215 298
215 330
215 368
215 273
215 274
215 338
215 278
215 339
215 286
216 384
216 261
216 314
216 364
216 239
216 396
216 371
216 310
216 279
216 374
216 285
217 359
217 296
217 393
217 270
217 366
217 378
217 343
217 280
217 313
217 218
217 252
217 286
218 257
218 322
218 263
218 296
218 266
218 273
218 370
218 308
218 380
219 248
219 318
219 320
219 344
219 294
219 231
219 296
219 379
219 246
219 247
220 249
220 263
220 232
220 334
220 239
220 307
220 343
220 318
221 288
221 258
221 292
221 294
221 361
221 334
221 303
221 276
221 374
221 248
222 384
222 290
222 358
222 399
222 254
222 308
222 247
222 383
223 390
223 268
223 272
223 305
223 306
223 310
223 331
223 347
223 226
223 234
223 242
223 245
224 318
224 321
224 322
224 384
224 376
224 298
224 237
224 339
224 248
224 314
224 348
224 285
225 292
225 293
225 327
225 339
226 387
226 376
226 231
226 327
226 233
226 359
226 239
226 276
226 343
226 251
227 352
227 386
227 295
227 282
227 300
227 367
227 338
227 343
227 246
227 286
228 257
228 301
228 399
228 310
228 377
228 254
229 323
229 355
229 296
229 266
229 396
229 240
229 336
229 250
229 254
230 319
230 329
230 333
230 342
230 357
230 232
230 368
230 248
230 251
231 289
231 325
231 273
231 336
231 308
231 371
232 385
232 387
232 393
232 267
232 269
232 270
232 272
232 309
232 312
232 354
232 355
232 363
232 379
233 366
233 347
233 377
233 254
234 353
234 299
234 301
234 398
234 372
235 353
235 265
235 240
235 337
235 339
235 344
235 346
235 350
236 326
236 367
236 304
236 368
236 314
237 288
237 277
237 380
237 287
238 386
238 325
238 263
238 362
238 268
238 332
238 396
238 274
238 338
238 309
238 246
238 340
238 316
239 396
239 312
239 324
239 335
239 336
239 341
239 349
239 353
239 357
239 365
239 366
239 380
240 386
240 389
240 263
240 395
240 334
240 335
240 342
240 311
240 376
240 285
241 386
241 267
241 275
241 280
241 304
241 321
241 322
241 347
241 348
241 251
242 327
242 383
242 335
242 305
242 370
243 289
243 358
243 296
243 331
243 302
243 336
243 252
243 247
243 251
243 286
244 264
244 392
244 302
244 283
244 314
244 382
245 385
245 319
245 395
245 246
245 280
245 249
245 285
246 395
246 399
246 274
246 285
246 288
246 314
246 317
246 335
246 368
246 369
246 370
246 381
247 326
247 359
247 360
247 265
247 391
247 333
247 304
247 305
248 262
248 264
248 267
248 276
248 308
248 314
248 318
248 325
248 344
248 346
248 367
249 262
249 265
249 266
249 314
249 346
249 337
249 308
249 372
249 382
250 262
250 334
250 335
250 305
250 373
250 383
251 388
251 271
251 275
251 282
251 294
251 345
251 353
252 394
252 269
252 282
252 311
252 329
252 330
252 331
252 333
252 338
252 362
252 379
253 291
253 361
253 274
253 374
253 319
254 385
254 258
254 389
254 360
254 269
254 392
255 310
255 286
256 318
256 289
256 382
256 384
256 395
256 303
256 311
257 299
257 334
257 279
257 380
257 317
258 394
258 395
258 336
258 280
259 394
259 269
259 270
259 299
259 328
259 333
260 355
260 328
260 266
260 269
260 330
260 395
260 278
260 279
260 286
261 353
261 297
261 274
261 340
262 353
262 344
262 263
262 266
262 362
263 353
263 355
263 391
263 331
263 314
263 362
263 341
264 277
264 292
264 293
264 295
264 299
264 301
264 321
264 333
264 340
264 342
264 363
264 374
264 382
265 288
265 324
265 325
265 389
265 366
265 344
265 314
266 394
266 278
266 283
266 287
266 289
266 293
266 355
266 357
266 380
267 268
267 396
267 270
267 271
267 278
267 288
267 309
267 311
267 312
267 379
267 383
268 288
268 324
268 325
268 301
268 302
268 340
269 276
269 288
269 289
269 290
269 300
269 327
269 376
270 390
270 296
270 346
270 348
271 291
271 376
271 399
271 283
271 368
271 275
271 310
271 313
271 381
272 320
272 390
272 383
272 363
272 396
272 397
272 337
272 306
272 338
272 343
272 318
273 387
273 275
273 320
273 328
273 355
273 372
273 383
274 344
274 349
274 340
275 384
275 282
275 286
275 290
275 309
275 328
275 334
275 351
275 383
276 327
276 391
276 309
277 391
277 393
277 378
277 383
278 385
278 387
278 296
278 322
278 327
278 347
278 354
278 380
279 295
279 331
279 306
279 377
279 379
280 393
280 285
280 286
280 305
280 314
280 316
280 325
280 352
281 361
281 305
281 340
281 372
281 375
282 387
282 395
282 283
282 309
282 327
282 343
282 379
283 389
283 305
283 322
283 336
283 339
283 346
283 354
283 362
283 378
284 390
284 298
284 394
284 309
284 343
285 291
285 307
285 323
285 332
285 333
285 358
286 388
286 297
286 300
286 306
286 362
286 363
286 367
286 369
286 382
287 384
287 297
287 393
287 302
287 310
287 316
288 388
288 293
288 319
288 392
289 322
289 291
289 386
289 374
290 384
290 299
290 396
290 302
290 368
290 370
291 321
291 394
291 304
291 370
291 351
292 387
292 329
292 363
292 397
292 302
292 309
292 380
293 327
293 297
293 329
293 361
293 362
293 363
293 398
293 373
294 317
294 392
294 302
294 372
294 349
295 353
295 364
295 335
295 313
296 315
296 339
296 373
297 358
297 298
297 371
297 316
298 385
298 399
298 336
298 375
298 380
299 326
299 383
299 334
299 303
299 308
299 340
299 313
300 385
300 303
300 338
300 340
300 354
300 367
300 377
301 322
301 386
302 391
302 394
302 308
302 316
302 319
302 381
303 353
303 384
303 304
303 377
304 368
304 369
305 323
305 329
305 348
306 327
306 329
306 366
306 340
306 344
306 313
306 380
307 396
307 399
307 321
307 375
308 344
308 342
309 322
309 366
309 396
309 372
309 312
310 395
310 327
310 336
310 366
310 367
310 373
310 379
311 385
311 318
311 331
311 334
311 343
311 357
311 376
312 397
312 321
312 352
313 386
313 329
313 349
313 351
313 357
314 392
314 394
314 399
314 327
314 348
314 352
314 358
315 385
315 393
315 397
315 382
316 321
316 389
316 363
316 375
317 386
317 387
317 333
317 341
317 352
317 369
318 320
318 323
318 390
318 338
318 348
319 320
319 358
319 332
319 373
320 332
320 336
320 364
320 379
320 341
320 342
321 395
321 378
321 337
321 375
321 350
322 392
322 395
322 343
322 375
322 352
322 358
322 362
323 350
323 358
323 334
323 336
324 387
324 364
324 381
324 373
325 339
325 367
326 360
326 365
326 399
326 378
327 333
327 371
327 376
327 381
328 393
328 341
328 374
328 349
329 360
329 361
329 373
329 346
330 355
330 335
331 353
331 397
331 336
331 339
332 361
332 334
332 344
333 363
333 399
333 337
333 345
334 349
334 366
335 398
335 346
335 350
336 337
336 342
336 356
338 387
338 360
338 379
340 385
340 396
340 341
340 353
340 363
341 366
343 395
343 351
343 374
343 378
344 384
344 350
344 353
344 369
345 358
345 361
345 373
346 355
347 367
348 359
349 384
349 376
349 380
350 358
350 366
350 371
351 366
351 381
352 390
352 394
352 371
352 377
352 381
353 395
353 397
354 393
354 394
354 396
354 357
354 365
355 357
355 390
355 391
355 382
356 381
357 384
357 385
358 373
359 368
360 369
360 374
360 380
361 364
363 387
363 379
364 395
364 381
365 399
365 376
366 384
366 378
369 398
370 384
371 394
372 381
374 384
375 393
375 398
376 392
378 384
378 396
378 382
379 393
380 397
381 394
384 398
386 396
386 399
387 389
388 396
390 393
390 398
391 393
393 396
