400 4000
0 162
0 132
0 325
0 388
0 40
0 41
0 360
0 171
0 172
0 393
0 395
0 177
0 243
0 339
0 85
0 53
0 58
0 254
0 286
1 65
1 324
1 383
1 201
1 106
1 235
1 236
1 175
1 239
1 115
1 19
1 376
1 185
1 283
1 222
1 190
1 287
2 256
2 65
2 320
2 132
2 164
2 326
2 265
2 202
2 77
2 46
2 144
2 178
2 370
2 117
2 279
2 280
2 382
3 354
3 131
3 287
3 229
3 323
3 199
3 325
3 201
3 206
3 399
3 48
3 306
3 308
3 85
3 189
3 312
3 25
3 282
3 29
3 31
4 198
4 103
4 232
4 169
4 201
4 77
4 141
4 79
4 173
4 304
4 347
4 211
4 275
4 117
4 214
4 285
4 219
4 188
4 61
4 94
5 146
5 22
5 23
5 152
5 283
5 161
5 36
5 296
5 176
5 304
5 184
5 313
5 315
5 189
5 199
5 75
5 89
5 96
5 352
5 102
5 232
5 363
5 239
5 242
5 249
5 380
6 384
6 148
6 160
6 165
6 42
6 175
6 50
6 182
6 55
6 65
6 324
6 327
6 74
6 334
6 90
6 348
6 353
6 356
6 230
6 359
6 237
6 116
6 126
7 263
7 264
7 138
7 398
7 281
7 34
7 164
7 43
7 176
7 57
7 320
7 323
7 206
7 86
7 88
7 348
7 103
7 236
7 237
7 366
7 369
7 114
7 250
7 124
7 381
8 96
8 129
8 249
8 326
8 390
8 360
8 139
8 235
8 275
8 307
8 121
8 155
8 124
8 94
9 96
9 65
9 98
9 101
9 397
9 368
9 50
9 147
9 244
9 87
9 253
9 29
9 62
10 129
10 263
10 265
10 152
10 161
10 35
10 169
10 46
10 175
10 305
10 178
10 55
10 312
10 56
10 188
10 321
10 202
10 80
10 102
10 241
10 370
10 123
10 127
11 130
11 131
11 227
11 265
11 171
11 172
11 141
11 203
11 207
11 271
11 273
11 364
11 51
11 307
11 368
11 370
11 375
11 56
11 218
11 189
11 31
12 318
12 289
12 322
12 227
12 292
12 319
12 39
12 299
12 108
12 331
12 174
12 80
12 341
12 310
12 119
12 217
12 317
12 158
12 287
13 318
13 193
13 225
13 132
13 69
13 72
13 300
13 205
13 111
13 244
13 118
13 150
13 246
13 155
13 253
13 126
14 382
14 38
14 281
14 294
14 345
14 74
14 377
14 76
14 364
14 142
14 368
14 374
14 152
14 89
14 317
14 94
15 382
15 131
15 165
15 134
15 40
15 75
15 205
15 56
15 26
15 348
15 158
16 32
16 128
16 376
16 197
16 261
16 199
16 296
16 297
16 331
16 77
16 78
16 398
16 348
16 213
16 245
16 284
16 184
16 341
16 188
16 62
16 31
17 261
17 281
17 319
17 296
17 328
17 42
17 365
17 110
17 80
17 81
17 240
17 369
17 20
17 52
17 374
17 247
17 152
17 185
17 346
17 220
17 287
18 318
18 384
18 194
18 325
18 102
18 359
18 202
18 394
18 268
18 395
18 46
18 397
18 374
18 87
18 347
18 156
18 349
18 158
19 384
19 164
19 196
19 230
19 345
19 105
19 377
19 394
19 236
19 109
19 205
19 239
19 53
19 86
19 24
19 25
19 378
19 123
19 124
20 98
20 69
20 262
20 325
20 265
20 393
20 76
20 174
20 47
20 283
20 51
20 21
20 341
20 91
21 96
21 129
21 226
21 68
21 389
21 70
21 108
21 47
21 175
21 49
21 178
21 51
21 304
21 184
21 250
21 187
21 285
21 287
22 385
22 260
22 140
22 269
22 272
22 151
22 47
22 178
22 307
22 315
22 318
22 62
22 83
22 214
22 90
22 219
22 227
22 356
22 231
22 104
22 362
22 367
22 116
22 375
22 249
22 127
23 96
23 35
23 100
23 37
23 249
23 168
23 255
23 260
23 293
23 269
23 270
23 144
23 115
23 339
23 213
23 183
23 57
23 251
23 95
24 389
24 266
24 152
24 155
24 168
24 305
24 186
24 316
24 319
24 192
24 194
24 205
24 79
24 210
24 338
24 92
24 223
24 226
24 100
24 228
24 104
24 371
25 33
25 223
25 387
25 75
25 173
25 60
25 143
25 237
25 209
25 238
25 147
25 220
25 366
25 151
25 368
25 153
25 28
25 159
26 266
26 267
26 397
26 271
26 275
26 295
26 41
26 171
26 299
26 48
26 183
26 312
26 321
26 194
26 203
26 332
26 335
26 340
26 342
26 238
26 241
27 352
27 66
27 131
27 228
27 229
27 262
27 71
27 390
27 173
27 397
27 208
27 309
27 281
27 252
28 227
28 36
28 356
28 263
28 136
28 232
28 392
28 123
28 44
28 237
28 142
28 363
28 272
28 347
28 339
28 56
28 91
28 253
28 286
28 216
29 130
29 131
29 133
29 393
29 275
29 277
29 284
29 291
29 42
29 44
29 177
29 313
29 60
29 194
29 195
29 330
29 209
29 91
29 353
29 239
29 245
29 122
29 382
30 130
30 261
30 134
30 262
30 143
30 148
30 282
30 37
30 298
30 177
30 183
30 311
30 195
30 326
30 199
30 203
30 79
30 82
30 88
30 357
30 360
30 234
30 108
30 242
30 371
30 372
30 126
31 128
31 257
31 134
31 136
31 394
31 150
31 155
31 157
31 44
31 180
31 58
31 190
31 62
31 320
31 68
31 205
31 207
31 341
31 344
31 93
31 94
31 224
32 288
32 294
32 264
32 91
32 155
32 367
32 399
32 307
32 373
32 278
32 56
32 187
32 349
32 93
33 352
33 161
33 98
33 391
33 202
33 113
33 178
33 118
33 343
33 280
33 285
33 61
33 351
34 385
34 102
34 104
34 295
34 397
34 269
34 142
34 271
34 302
34 156
34 188
34 336
34 308
34 365
34 246
34 87
34 123
34 60
34 382
34 95
35 65
35 229
35 357
35 108
35 300
35 78
35 272
35 50
35 217
35 279
35 61
35 318
36 382
36 99
36 100
36 229
36 199
36 295
36 296
36 377
36 44
36 302
36 188
36 347
36 247
36 345
36 251
36 222
36 158
37 161
37 226
37 186
37 233
37 297
37 298
37 173
37 306
37 115
37 212
37 185
37 90
37 91
37 157
38 153
38 358
38 218
38 42
38 139
38 140
38 269
38 271
38 144
38 81
38 272
38 331
38 370
38 248
38 89
38 154
38 381
39 64
39 290
39 322
39 133
39 261
39 328
39 298
39 395
39 337
39 210
39 51
39 58
39 253
39 62
39 127
40 385
40 135
40 391
40 270
40 285
40 287
40 303
40 178
40 52
40 310
40 315
40 207
40 346
40 348
40 352
40 353
40 226
40 237
40 111
40 367
40 117
41 161
41 259
41 324
41 293
41 170
41 371
41 396
41 346
41 83
41 84
41 179
41 150
41 244
41 309
41 348
41 91
41 60
41 221
42 260
42 263
42 145
42 280
42 284
42 164
42 308
42 186
42 324
42 326
42 199
42 72
42 328
42 334
42 80
42 94
42 224
42 102
42 366
42 112
42 368
42 116
42 248
42 250
43 288
43 257
43 390
43 103
43 71
43 329
43 331
43 204
43 366
43 241
43 115
43 181
43 150
43 182
43 56
43 183
43 283
43 284
43 381
43 255
44 64
44 291
44 388
44 102
44 134
44 297
44 235
44 396
44 341
44 86
44 253
44 347
45 258
45 323
45 325
45 328
45 392
45 269
45 178
45 51
45 282
45 283
45 380
45 61
46 132
46 133
46 391
46 136
46 397
46 271
46 275
46 156
46 160
46 310
46 55
46 184
46 68
46 196
46 202
46 206
46 337
46 345
46 360
46 368
46 120
47 64
47 290
47 165
47 326
47 167
47 358
47 360
47 267
47 331
47 145
47 215
47 284
48 261
48 262
48 159
48 49
48 50
48 177
48 52
48 57
48 317
48 189
48 75
48 213
48 351
48 231
48 106
48 365
48 238
48 366
48 375
48 383
49 128
49 353
49 98
49 351
49 359
49 328
49 107
49 203
49 302
49 79
49 80
49 147
49 243
49 54
49 181
49 348
49 251
49 316
49 191
50 129
50 99
50 100
50 70
50 196
50 202
50 229
50 390
50 219
50 143
50 81
50 144
50 273
50 375
50 281
50 91
50 381
51 385
51 261
51 270
51 295
51 169
51 312
51 61
51 321
51 197
51 333
51 79
51 80
51 91
51 231
51 360
51 242
51 115
51 116
51 248
51 121
51 251
51 126
52 386
52 394
52 275
52 152
52 290
52 298
52 308
52 193
52 68
52 324
52 71
52 204
52 83
52 215
52 99
52 364
52 111
52 243
52 119
52 120
52 382
53 387
53 164
53 389
53 391
53 360
53 107
53 172
53 331
53 209
53 348
53 284
53 55
53 183
53 218
53 188
53 285
54 289
54 324
54 197
54 390
54 295
54 327
54 329
54 202
54 208
54 381
54 275
54 310
54 374
54 221
54 345
54 154
54 348
54 189
55 256
55 269
55 270
55 289
55 162
55 295
55 174
55 183
55 60
55 191
55 319
55 203
55 208
55 213
55 345
55 375
55 225
55 106
55 238
55 244
55 247
56 259
56 394
56 153
56 172
56 302
56 194
56 195
56 200
56 333
56 80
56 217
56 224
56 229
56 104
56 107
56 115
56 118
56 249
57 128
57 132
57 228
57 136
57 234
57 298
57 301
57 207
57 176
57 241
57 275
57 306
57 336
57 157
57 347
57 379
57 283
57 61
58 192
58 224
58 195
58 388
58 325
58 109
58 141
58 237
58 275
58 371
58 183
58 188
58 254
59 399
59 276
59 150
59 283
59 156
59 159
59 166
59 305
59 306
59 188
59 62
59 194
59 69
59 197
59 325
59 81
59 85
59 88
59 363
59 240
59 375
59 124
60 266
60 140
60 292
60 296
60 172
60 186
60 66
60 324
60 202
60 75
60 336
60 343
60 346
60 223
60 225
60 353
60 113
60 371
60 116
60 244
60 380
61 193
61 323
61 387
61 103
61 200
61 327
61 389
61 116
61 309
61 118
61 278
61 344
61 156
61 157
61 95
62 147
62 282
62 302
62 303
62 178
62 307
62 317
62 198
62 334
62 212
62 216
62 95
62 362
62 110
62 378
62 127
63 97
63 260
63 134
63 358
63 72
63 208
63 305
63 178
63 368
63 244
63 85
63 118
63 313
63 93
64 66
64 395
64 357
64 230
64 72
64 266
64 298
64 365
64 142
64 240
64 315
64 334
64 339
64 369
64 86
64 118
64 251
64 319
65 384
65 134
65 272
65 287
65 159
65 182
65 314
65 194
65 67
65 324
65 198
65 81
65 82
65 210
65 340
65 230
65 236
66 192
66 320
66 355
66 166
66 231
66 172
66 302
66 112
66 240
66 304
66 149
66 277
66 341
66 88
66 185
66 157
66 184
66 319
67 225
67 259
67 389
67 134
67 360
67 238
67 241
67 252
67 373
67 214
67 151
67 186
67 124
67 286
68 384
68 257
68 140
68 273
68 276
68 160
68 291
68 297
68 171
68 301
68 317
68 321
68 335
68 337
68 84
68 212
68 342
68 232
68 234
68 108
68 364
68 115
68 255
69 194
69 229
69 357
69 231
69 391
69 137
69 218
69 329
69 109
69 270
69 272
69 148
69 214
69 154
69 317
70 259
70 387
70 102
70 262
70 168
70 137
70 266
70 394
70 77
70 302
70 177
70 212
70 181
70 87
70 246
70 281
70 123
70 286
71 248
71 258
71 100
71 133
71 201
71 138
71 300
71 331
71 238
71 276
71 343
71 216
71 317
71 126
72 224
72 196
72 165
72 197
72 228
72 319
72 80
72 208
72 305
72 340
72 278
72 374
72 190
73 257
73 137
73 170
73 142
73 271
73 181
73 150
73 246
73 92
73 382
74 257
74 258
74 390
74 158
74 286
74 288
74 296
74 298
74 316
74 325
74 207
74 213
74 215
74 216
74 94
74 227
74 105
74 361
74 236
74 242
74 372
74 123
75 89
75 223
75 163
75 165
75 166
75 391
75 363
75 205
75 270
75 156
75 341
75 350
75 95
76 161
76 164
76 295
76 234
76 141
76 206
76 302
76 177
76 334
76 116
76 246
76 215
76 344
76 185
76 155
76 311
77 225
77 228
77 103
77 229
77 233
77 268
77 300
77 240
77 272
77 341
77 215
77 250
77 159
78 262
78 295
78 296
78 317
78 138
78 395
78 108
78 174
78 115
78 180
78 244
78 275
78 282
78 91
78 285
79 262
79 395
79 270
79 150
79 285
79 293
79 170
79 308
79 316
79 192
79 331
79 83
79 86
79 342
79 355
79 228
79 364
79 371
79 247
80 263
80 139
80 145
80 157
80 302
80 184
80 323
80 327
80 203
80 339
80 85
80 216
80 344
80 219
80 93
80 350
80 229
80 231
80 372
80 377
80 251
80 253
81 130
81 257
81 259
81 327
81 140
81 141
81 378
81 251
81 178
81 338
81 373
81 379
81 122
81 223
82 96
82 319
82 266
82 394
82 236
82 366
82 175
82 153
82 127
83 130
83 388
83 261
83 263
83 172
83 346
83 142
83 112
83 115
83 340
83 280
83 122
83 191
84 318
84 231
84 140
84 314
84 303
84 241
84 180
84 213
84 218
84 94
84 159
85 288
85 194
85 165
85 325
85 137
85 300
85 303
85 283
85 178
85 115
85 311
85 119
85 217
85 156
85 253
86 289
86 255
86 100
86 323
86 170
86 301
86 207
86 146
86 182
86 151
86 217
86 378
86 348
86 95
87 129
87 194
87 195
87 258
87 260
87 293
87 205
87 174
87 271
87 334
87 178
87 243
88 384
88 264
88 137
88 395
88 292
88 293
88 170
88 173
88 184
88 328
88 332
88 345
88 220
88 225
88 227
88 228
88 355
88 106
88 112
88 251
89 227
89 291
89 136
89 264
89 332
89 205
89 110
89 206
89 239
89 302
89 368
89 181
89 281
89 95
90 257
90 385
90 389
90 390
90 136
90 272
90 287
90 172
90 173
90 179
90 313
90 188
90 335
90 219
90 92
90 95
90 352
90 358
90 118
90 381
91 265
91 292
91 298
91 184
91 318
91 191
91 209
91 338
91 211
91 342
91 360
91 361
91 371
92 129
92 321
92 323
92 293
92 358
92 103
92 396
92 110
92 270
92 283
92 273
92 345
92 123
92 348
92 159
93 288
93 389
93 136
93 232
93 172
93 141
93 173
93 268
93 308
93 181
93 246
93 310
93 314
94 260
94 136
94 394
94 139
94 140
94 268
94 142
94 271
94 396
94 281
94 158
94 334
94 339
94 346
94 347
94 350
94 107
94 237
95 135
95 263
95 396
95 397
95 154
95 288
95 171
95 180
95 183
95 330
95 332
95 207
95 338
95 342
95 220
95 227
95 229
95 230
95 238
95 242
95 372
95 379
95 127
96 128
96 131
96 270
96 277
96 293
96 170
96 319
96 206
96 338
96 341
96 232
96 236
96 117
96 246
96 121
96 253
97 128
97 160
97 290
97 195
97 164
97 261
97 231
97 136
97 295
97 327
97 238
97 111
97 368
97 339
97 214
97 278
97 252
98 99
98 390
98 391
98 360
98 271
98 118
98 150
98 182
98 121
98 155
98 350
99 226
99 258
99 134
99 102
99 324
99 327
99 354
99 171
99 236
99 300
99 211
99 379
99 381
99 383
100 165
100 196
100 266
100 171
100 235
100 207
100 239
100 210
100 307
100 340
100 185
100 373
100 127
101 129
101 225
101 289
101 134
101 135
101 136
101 201
101 358
101 172
101 141
101 110
101 395
101 397
101 277
101 215
101 154
101 349
102 358
102 296
102 234
102 300
102 332
102 181
102 347
103 257
103 258
103 163
103 294
103 361
103 203
103 238
103 332
103 209
103 280
104 224
104 322
104 325
104 351
104 231
104 232
104 327
104 203
104 364
104 114
104 117
104 185
104 223
105 226
105 195
105 196
105 133
105 229
105 203
105 204
105 173
105 206
105 333
105 144
105 177
105 343
105 380
105 154
105 187
105 348
105 158
106 292
106 167
106 232
106 267
106 206
106 369
106 381
106 307
106 244
106 119
106 217
106 155
106 311
106 343
107 263
107 265
107 276
107 278
107 282
107 159
107 169
107 298
107 177
107 309
107 185
107 190
107 197
107 205
107 218
107 357
107 359
107 253
108 256
108 352
108 354
108 196
108 356
108 169
108 233
108 266
108 208
108 374
108 187
109 226
109 294
109 199
109 393
109 170
109 301
109 238
109 303
109 242
109 211
109 212
109 278
109 372
109 217
109 255
110 344
110 388
110 199
110 313
110 190
110 145
110 116
110 312
110 285
111 385
111 130
111 390
111 268
111 396
111 145
111 277
111 157
111 296
111 298
111 185
111 324
111 197
111 331
111 339
111 221
111 354
111 361
111 113
111 243
111 376
112 289
112 354
112 386
112 229
112 304
112 276
112 247
112 218
112 284
112 318
113 291
113 230
113 297
113 394
113 203
113 173
113 156
113 369
113 220
113 284
113 342
113 217
113 378
113 221
113 126
114 132
114 324
114 262
114 359
114 140
114 334
114 144
114 214
114 374
114 186
114 157
114 318
114 383
115 131
115 145
115 164
115 293
115 184
115 214
115 375
115 359
115 240
115 247
115 377
115 380
116 129
116 266
116 139
116 144
116 148
116 150
116 159
116 183
116 187
116 320
116 193
116 205
116 342
116 345
116 220
116 229
116 357
116 376
116 252
117 160
117 193
117 289
117 262
117 321
117 234
117 326
117 206
117 398
117 176
117 337
117 210
117 179
117 379
117 277
117 315
118 267
118 398
118 399
118 274
118 283
118 166
118 307
118 184
118 322
118 326
118 213
118 216
118 346
118 220
118 347
118 348
118 243
118 375
118 125
119 289
119 162
119 299
119 330
119 142
119 362
119 336
119 242
119 307
119 308
119 311
119 216
119 374
119 127
120 289
120 385
120 260
120 388
120 281
120 390
120 200
120 317
120 171
120 211
120 371
120 249
120 346
120 123
120 189
120 190
121 352
121 226
121 355
121 265
121 123
121 285
121 286
122 192
122 225
122 289
122 326
122 169
122 265
122 370
122 212
122 243
122 307
122 311
122 218
123 385
123 136
123 272
123 145
123 150
123 285
123 293
123 304
123 307
123 316
123 320
123 201
123 204
123 220
123 350
123 367
124 389
124 395
124 148
124 290
124 164
124 297
124 185
124 199
124 202
124 203
124 342
124 224
124 225
124 353
124 240
124 375
124 250
125 256
125 193
125 288
125 290
125 291
125 295
125 232
125 327
125 205
125 206
125 365
125 144
125 240
125 347
125 307
125 151
125 278
125 283
125 127
126 137
126 275
126 150
126 167
126 295
126 179
126 182
126 191
126 211
126 340
126 213
126 228
126 233
126 373
126 247
126 127
127 134
127 136
127 137
127 392
127 284
127 169
127 171
127 173
127 190
127 193
127 330
127 206
127 340
127 344
127 347
127 224
127 226
127 354
127 362
127 368
128 322
128 353
128 217
128 260
128 382
128 393
128 298
128 237
128 207
128 178
128 278
128 251
128 316
128 222
129 224
129 225
129 194
129 397
129 143
129 369
129 382
130 261
130 139
130 399
130 149
130 157
130 303
130 304
130 183
130 315
130 321
130 200
130 201
130 204
130 348
130 354
130 231
130 359
130 236
130 371
131 197
131 203
131 205
131 242
131 243
131 309
131 278
131 310
131 188
131 382
132 226
132 164
132 217
132 249
132 322
132 391
132 201
132 209
132 212
132 372
132 250
133 392
133 266
133 398
133 274
133 290
133 165
133 298
133 173
133 310
133 316
133 331
133 333
133 340
133 345
133 349
133 350
133 360
133 253
133 381
134 386
134 395
134 151
134 292
134 166
134 178
134 184
134 185
134 214
134 345
134 232
134 380
134 382
134 383
135 312
135 195
135 355
135 361
135 365
135 397
135 303
135 240
135 145
135 370
135 339
135 148
135 212
135 309
135 152
136 397
136 399
136 161
136 299
136 187
136 316
136 325
136 201
136 342
136 220
136 370
137 318
137 165
137 231
137 358
137 300
137 366
137 241
137 275
137 277
137 310
137 217
137 375
138 226
138 230
138 264
138 329
138 174
138 367
138 370
138 243
138 313
138 282
138 219
138 252
139 395
139 396
139 143
139 271
139 149
139 282
139 161
139 173
139 301
139 319
139 193
139 196
139 330
139 203
139 338
139 339
139 365
139 368
140 387
140 264
140 395
140 397
140 143
140 272
140 149
140 281
140 293
140 168
140 189
140 191
140 196
140 220
140 351
140 354
140 368
141 256
141 288
141 292
141 363
141 366
141 303
141 178
141 306
141 212
141 339
141 340
141 372
141 280
141 284
142 196
142 292
142 297
142 173
142 251
142 310
142 215
142 158
142 191
143 256
143 322
143 185
143 259
143 260
143 292
143 231
143 360
143 388
143 393
143 147
143 275
143 341
143 222
144 391
144 165
144 166
144 178
144 315
144 188
144 205
144 334
144 210
144 212
144 226
144 231
144 374
144 250
145 385
145 259
145 270
145 398
145 148
145 304
145 183
145 312
145 314
145 196
145 198
145 207
145 212
145 342
145 216
145 360
145 365
145 254
146 226
146 376
146 229
146 295
146 200
146 299
146 173
146 371
146 311
146 248
146 382
146 159
147 200
147 204
147 268
147 333
147 274
147 181
147 221
148 225
148 382
148 385
148 264
148 302
148 242
148 275
148 244
148 284
148 158
148 286
149 236
149 173
149 267
149 299
149 397
149 340
150 386
150 267
150 281
150 312
150 190
150 323
150 198
150 339
150 222
150 236
150 366
151 224
151 161
151 256
151 386
151 261
151 262
151 390
151 393
151 299
151 236
151 331
151 363
151 364
151 247
151 156
152 353
152 386
152 292
152 293
152 294
152 363
152 396
152 379
152 185
152 314
152 155
152 380
152 157
153 352
153 280
153 289
153 291
153 386
153 267
153 303
153 336
153 368
153 220
153 242
153 156
153 158
154 193
154 261
154 171
154 237
154 301
154 242
154 213
154 249
154 186
155 160
155 376
155 328
155 236
155 238
155 368
155 281
155 186
155 252
156 390
156 173
156 182
156 313
156 314
156 188
156 194
156 332
156 334
156 339
156 354
156 367
156 241
156 242
157 292
157 185
157 313
157 314
157 189
157 326
157 202
157 208
157 338
157 340
157 218
157 235
157 244
158 260
158 282
158 165
158 293
158 172
158 176
158 310
158 316
158 317
158 320
158 338
158 347
158 241
158 247
159 325
159 169
159 361
159 173
159 315
159 369
159 245
159 184
160 320
160 193
160 194
160 323
160 385
160 328
160 392
160 394
160 305
160 339
160 374
160 376
160 345
161 386
161 357
161 392
161 274
161 211
161 380
161 188
161 191
162 321
162 262
162 359
162 232
162 331
162 207
162 274
162 306
162 315
163 292
163 229
163 198
163 293
163 361
163 173
163 238
163 304
163 371
163 281
163 222
164 258
164 389
164 274
164 288
164 305
164 192
164 330
164 212
164 343
164 217
164 245
164 382
165 318
165 297
165 328
165 394
165 206
165 241
165 303
165 347
165 191
166 193
166 325
166 269
166 239
166 212
166 376
167 198
167 351
167 360
167 394
167 333
167 375
167 207
167 279
167 216
167 187
167 316
167 191
168 256
168 196
168 199
168 230
168 264
168 270
168 303
168 366
168 337
168 398
168 211
168 276
168 374
168 185
168 316
168 190
169 193
169 289
169 320
169 321
169 328
169 237
169 333
169 336
169 339
169 341
169 344
169 381
170 320
170 293
170 390
170 360
170 329
170 364
170 173
170 206
170 238
170 304
170 185
170 253
171 250
171 307
171 373
171 183
171 377
171 251
171 382
172 322
172 228
172 197
172 325
172 364
172 397
172 367
172 308
172 348
172 347
173 261
173 272
173 302
173 180
173 333
173 211
173 346
173 356
173 358
173 373
174 320
174 205
174 365
174 368
174 273
174 280
174 284
174 253
175 319
175 295
175 264
175 394
175 334
175 368
175 277
175 377
175 189
175 255
176 192
176 259
176 325
176 233
176 302
176 305
176 244
176 344
176 218
176 347
177 296
177 233
178 281
178 287
178 288
178 187
178 201
178 334
178 210
178 227
178 229
178 359
178 234
178 235
178 241
178 242
178 243
178 245
178 375
178 248
178 377
179 355
179 197
179 232
179 362
179 243
179 339
179 183
179 379
179 221
180 192
180 224
180 385
180 259
180 197
180 198
180 262
180 293
180 393
180 235
180 396
180 274
180 220
180 245
180 187
181 193
181 290
181 322
181 391
181 208
181 273
181 211
181 214
181 342
181 187
181 254
182 384
182 261
182 393
182 397
182 398
182 275
182 278
182 288
182 295
182 301
182 310
182 196
182 198
182 333
182 335
182 365
183 273
183 284
183 202
183 340
183 345
183 217
183 351
183 362
183 249
184 225
184 228
184 393
184 375
184 271
184 213
184 217
184 216
185 289
185 299
185 316
185 319
185 192
185 322
185 199
185 235
185 244
185 255
186 192
186 257
186 194
186 228
186 234
186 336
186 212
186 277
186 214
186 215
186 281
186 317
187 192
187 321
187 323
187 296
187 327
187 363
187 302
187 272
187 218
187 350
188 227
188 230
188 361
188 202
188 219
188 370
188 348
188 216
189 192
189 350
189 352
189 198
189 199
189 330
189 206
189 207
189 243
189 249
189 315
189 318
190 354
190 259
190 383
190 329
190 267
190 392
190 208
190 245
190 345
191 355
191 387
191 296
191 297
191 359
191 280
191 221
192 312
192 229
192 358
192 359
192 377
192 314
192 371
192 379
192 278
193 256
193 386
193 292
193 297
193 301
193 316
193 345
193 368
193 245
193 247
194 258
194 285
194 298
194 307
194 318
194 197
194 333
194 211
194 222
194 237
194 371
194 253
195 384
195 394
195 278
195 288
195 294
195 315
195 321
195 199
195 331
195 210
195 211
195 343
195 218
195 350
195 354
195 355
195 372
195 246
196 389
196 269
196 270
196 278
196 291
196 206
196 345
196 349
196 223
197 261
197 383
197 267
197 396
197 271
197 282
197 284
197 198
197 207
197 208
197 339
197 242
197 255
198 256
198 288
198 260
198 292
198 233
198 266
198 318
198 270
199 387
199 390
199 396
199 273
199 278
199 285
199 326
199 228
199 359
199 360
199 362
199 243
199 252
200 259
200 260
200 354
200 296
200 300
200 305
200 210
200 220
200 284
200 381
201 394
201 396
201 399
201 289
201 296
201 300
201 302
201 320
201 330
201 331
201 336
201 344
201 367
201 244
202 263
202 272
202 277
202 281
202 284
202 330
202 332
202 345
202 241
202 378
203 389
203 268
203 302
203 320
203 330
203 336
203 216
203 249
203 362
203 377
204 225
204 312
204 321
204 265
204 270
204 283
204 304
204 244
204 277
204 247
204 278
204 313
204 349
204 343
205 399
205 280
205 281
205 299
205 318
205 328
205 331
205 342
205 215
205 355
206 292
206 293
206 300
206 312
206 339
206 249
206 254
207 269
207 275
207 279
207 289
207 297
207 326
207 237
207 248
207 249
207 378
208 257
208 361
208 398
208 239
208 216
208 279
209 384
209 217
209 230
209 293
209 328
209 269
209 244
209 216
209 346
209 286
210 312
210 358
210 233
210 265
210 328
210 390
210 394
210 338
210 247
210 252
210 381
210 318
211 267
211 295
211 300
211 305
211 339
211 215
211 354
211 236
211 376
211 255
212 384
212 399
212 284
212 316
212 332
212 339
212 234
212 378
212 253
212 382
213 352
213 386
213 285
213 359
213 328
213 336
213 222
214 226
214 229
214 322
214 218
214 266
214 393
214 346
214 216
214 345
214 286
214 383
215 257
215 395
215 271
215 399
215 278
216 262
216 398
216 271
216 274
216 286
216 295
216 316
216 232
216 237
216 370
216 372
216 380
217 386
217 394
217 295
217 312
217 354
217 232
217 236
217 367
217 374
217 247
218 352
218 231
218 261
218 332
218 367
218 381
219 322
219 292
219 390
219 295
219 232
219 238
219 378
219 274
219 372
219 374
220 257
220 286
220 303
220 321
220 357
220 232
220 238
220 376
220 379
221 256
221 266
221 329
221 304
221 336
221 316
222 352
222 230
222 327
222 353
222 314
222 397
222 344
222 313
222 282
222 349
223 230
223 327
223 396
223 246
223 310
223 374
223 375
224 227
224 261
224 327
224 329
224 339
224 371
224 377
224 347
225 256
225 327
225 298
225 242
225 306
225 245
225 380
225 349
226 257
226 394
226 275
226 297
226 300
226 302
226 328
226 360
226 373
227 258
227 388
227 283
227 287
227 288
227 289
227 293
227 297
227 318
227 347
227 355
227 361
228 384
228 305
228 318
228 319
228 328
228 347
228 358
228 360
228 240
228 248
229 265
229 395
229 292
229 296
229 299
229 302
229 341
229 233
229 365
229 249
230 279
230 282
230 294
230 329
230 337
230 341
230 344
230 347
230 350
230 369
231 260
231 267
231 281
231 284
231 304
231 351
231 232
231 233
231 360
231 246
231 382
232 271
232 378
233 288
233 382
233 355
233 294
233 360
233 299
233 268
233 395
233 279
233 346
233 285
234 389
234 327
234 237
234 314
234 364
234 240
234 365
234 275
234 245
234 309
234 380
235 258
235 387
235 265
235 270
235 239
235 241
235 275
235 382
236 384
236 266
236 287
236 303
236 331
236 237
236 372
237 388
237 267
237 269
237 279
237 281
237 301
237 309
237 311
237 362
237 371
237 381
238 263
238 269
238 290
238 303
238 305
238 310
238 350
238 352
238 358
238 370
238 245
239 292
239 317
239 361
239 282
239 315
239 349
239 255
240 393
240 396
240 399
240 273
240 276
240 280
240 288
240 314
240 322
240 327
240 335
240 337
240 247
241 323
241 313
241 267
241 314
241 362
241 377
241 310
242 259
242 275
242 282
242 295
242 344
242 368
242 246
242 378
242 252
243 385
243 322
243 307
243 252
244 352
244 389
244 326
244 263
244 361
244 286
245 291
245 322
245 325
245 331
245 367
245 272
245 375
245 280
245 317
246 353
246 385
246 391
246 329
246 364
246 368
246 337
246 373
246 283
247 320
247 258
247 310
247 342
248 288
248 321
248 300
248 365
248 366
248 306
248 377
248 282
249 320
249 290
249 292
249 295
249 390
249 341
250 386
250 260
250 293
250 325
250 377
250 397
250 281
250 347
251 289
251 259
251 322
251 325
251 362
251 303
251 336
251 373
252 384
252 324
252 357
252 263
252 394
252 338
252 282
252 316
253 386
253 328
253 266
253 365
253 370
253 312
254 386
254 261
254 294
254 327
254 362
254 367
254 273
255 258
255 345
255 361
255 393
255 300
255 333
255 305
255 364
255 399
256 313
256 327
256 373
256 343
257 258
257 292
257 297
257 299
257 301
257 346
257 339
257 347
258 319
258 322
258 396
258 277
259 322
259 260
259 355
259 392
259 308
259 340
259 373
260 389
260 391
260 268
260 280
260 293
260 294
260 298
260 351
260 379
260 383
261 387
261 362
261 396
261 301
262 354
262 294
262 394
262 397
263 279
263 290
263 299
263 300
263 303
263 306
263 351
263 358
263 362
263 373
264 312
264 270
264 277
265 398
265 304
265 309
265 285
265 318
266 284
266 298
266 327
266 336
266 344
266 345
266 355
266 359
266 379
267 355
267 295
267 366
267 309
267 342
267 284
267 287
268 321
268 388
268 358
268 328
268 361
269 275
269 308
270 301
270 306
270 316
270 344
270 349
270 357
271 287
271 303
271 313
271 329
271 330
271 334
271 338
271 341
271 357
271 364
271 371
272 363
272 394
272 273
272 370
272 372
272 343
273 279
273 335
273 278
273 310
273 375
274 289
274 294
274 376
274 333
274 370
274 342
274 285
274 382
275 390
275 280
275 292
275 303
275 308
275 332
275 342
275 376
276 321
276 356
276 329
276 313
276 314
277 384
277 390
277 279
277 318
277 321
277 326
277 332
277 358
277 365
277 377
278 306
278 349
278 350
278 351
278 359
278 365
278 366
278 367
279 293
279 296
279 328
279 358
279 360
279 367
279 392
279 343
279 393
279 284
280 294
280 390
280 395
280 337
280 378
281 396
281 398
281 286
281 302
281 334
282 393
282 283
282 299
282 301
282 307
282 334
282 342
282 358
283 397
283 337
283 339
283 308
283 342
284 386
284 302
284 303
284 309
284 325
284 335
284 344
284 360
285 320
285 377
285 300
285 395
285 312
286 288
286 357
286 294
286 327
286 365
286 369
286 375
287 384
287 316
287 319
287 328
287 338
287 341
287 364
287 368
287 379
288 309
288 328
288 343
288 355
289 395
289 291
289 321
289 340
290 329
290 363
290 371
290 348
291 294
291 299
291 395
291 341
291 383
292 304
292 314
292 324
292 351
292 365
292 370
293 385
293 396
293 317
293 322
293 331
293 373
293 375
294 393
294 398
294 297
294 301
294 335
294 348
294 358
295 382
295 314
295 321
295 332
295 333
295 334
295 341
295 345
295 347
295 366
295 370
296 328
296 300
296 315
296 377
297 360
297 363
297 309
297 313
298 386
298 393
298 304
298 315
298 316
298 336
298 351
298 374
299 353
299 377
299 314
299 369
299 349
300 391
300 305
300 309
300 343
300 370
301 323
301 377
301 314
301 346
301 373
301 316
301 375
302 304
302 363
303 385
303 386
303 324
303 335
303 352
303 363
303 377
304 385
304 386
304 397
304 327
304 342
304 351
304 377
305 362
305 398
305 308
305 373
306 353
306 345
306 371
306 341
306 382
307 396
307 323
307 349
307 362
307 364
307 366
307 373
307 374
308 386
308 333
308 366
309 352
309 359
309 333
309 349
310 317
310 360
310 371
310 340
311 320
311 382
311 356
311 361
311 346
311 338
311 316
312 356
312 396
312 343
313 327
313 359
313 394
313 334
313 381
313 340
314 353
314 326
314 315
315 396
315 398
315 370
315 347
315 380
315 382
316 318
316 374
316 376
317 387
317 395
317 340
317 364
317 367
317 380
317 382
319 369
320 387
320 358
321 399
321 328
321 330
321 341
322 385
322 398
323 355
323 361
323 336
323 337
323 348
323 376
323 380
324 353
324 376
324 331
324 398
324 348
324 373
324 374
325 348
325 350
325 359
325 368
325 372
325 374
325 376
326 386
326 392
326 330
326 398
326 340
327 331
327 348
327 353
327 362
327 363
328 389
328 373
329 332
329 397
329 347
330 386
330 361
331 386
331 346
331 347
331 360
331 370
331 381
332 364
332 396
332 337
332 339
332 374
333 376
333 365
333 399
333 369
333 348
334 397
334 398
334 373
335 356
335 358
335 388
335 364
335 365
336 345
336 362
336 363
337 354
337 376
338 359
338 367
339 387
339 341
339 346
339 366
339 368
339 381
340 357
340 385
340 370
341 387
341 388
341 344
341 346
341 364
341 365
341 374
343 386
344 356
344 388
344 359
344 383
345 349
345 369
345 371
347 354
348 396
348 363
348 364
349 359
349 364
349 379
350 369
351 357
351 360
351 398
352 369
352 381
353 396
353 368
354 388
354 362
354 379
355 387
355 389
356 396
356 380
356 381
357 389
357 390
357 396
357 372
357 378
360 387
360 393
360 383
361 375
361 394
362 397
362 374
362 376
363 371
363 379
363 375
364 368
364 374
366 378
369 391
369 399
373 390
373 376
375 390
375 381
377 386
379 389
379 391
380 396
381 382
384 391
385 387
386 396
387 399
388 390
388 393
389 391
392 395
393 397
