400 1000
0 388
0 395
0 124
1 338
1 223
2 113
2 131
2 307
2 255
3 24
3 296
3 104
4 68
4 199
5 129
5 299
5 151
6 112
6 339
6 146
6 258
6 63
7 136
7 288
8 144
8 194
8 123
8 236
8 94
9 364
9 311
9 332
9 189
9 167
10 248
10 363
10 306
10 251
10 390
11 328
11 141
11 54
11 230
12 199
12 156
12 13
12 133
12 157
13 131
13 367
13 115
13 25
13 251
14 216
14 234
14 107
14 322
15 186
15 289
15 154
16 384
16 27
16 343
16 23
17 230
17 200
17 173
17 143
17 114
17 120
17 26
17 317
18 26
18 255
19 120
19 210
19 130
19 274
20 67
20 388
20 394
20 172
20 78
20 278
20 31
21 386
21 41
21 174
21 111
21 81
21 310
21 188
22 65
22 107
22 190
23 160
23 365
23 175
23 370
23 275
23 29
24 226
24 72
24 205
24 283
24 91
25 208
25 206
26 258
26 197
26 173
26 87
26 375
27 107
27 238
27 191
28 168
28 156
28 218
28 36
28 245
29 192
29 352
29 313
29 266
29 153
30 312
30 193
30 364
31 350
31 199
32 225
32 390
32 266
32 237
32 269
32 179
32 148
32 214
33 154
33 94
34 163
34 47
35 345
35 358
35 383
36 240
36 395
36 343
37 129
37 390
37 273
37 275
37 371
37 53
37 342
37 279
37 346
38 249
38 203
38 94
39 40
39 281
39 130
39 45
39 79
40 320
40 197
40 241
40 339
40 253
41 322
41 130
41 134
41 309
41 152
41 348
41 349
42 288
42 349
42 93
42 390
43 80
43 285
43 84
43 260
44 384
44 388
44 304
44 241
44 305
44 313
45 228
45 233
45 362
45 240
45 50
45 57
45 252
46 194
46 163
46 227
46 355
46 296
46 397
46 210
46 119
46 317
47 290
47 275
47 276
47 373
47 217
48 116
48 135
49 128
49 135
49 241
49 372
49 277
49 311
49 187
50 65
50 140
50 340
50 117
50 245
50 372
50 188
51 384
51 164
51 197
51 337
51 83
51 348
51 127
52 160
52 148
52 236
52 60
52 201
53 147
53 332
53 389
54 113
54 385
54 276
54 309
55 249
55 382
55 350
55 375
56 233
56 91
56 156
56 389
57 128
57 97
57 392
57 273
57 371
57 117
57 278
57 217
58 323
58 195
58 397
59 165
59 390
59 334
59 336
59 307
59 343
59 158
59 287
60 77
60 302
60 368
60 179
60 276
60 222
61 194
61 130
61 385
61 150
61 151
62 144
62 118
62 376
62 314
62 188
62 255
63 121
63 299
64 82
64 76
64 151
65 163
65 165
65 209
65 281
65 383
66 309
66 327
67 376
67 210
67 259
67 262
68 263
68 366
68 273
68 275
68 310
68 127
68 223
69 216
69 113
69 205
69 345
70 330
70 319
71 136
71 248
71 349
71 231
72 337
73 327
73 392
73 204
73 142
73 270
73 399
73 244
73 185
73 383
74 169
74 218
74 236
75 289
75 365
75 323
75 197
75 198
76 152
76 286
76 335
77 361
77 330
77 367
78 277
79 199
79 200
79 366
79 87
79 158
80 328
81 194
81 99
81 323
81 140
81 302
81 146
81 338
81 87
82 392
82 137
82 145
82 178
82 273
82 124
82 93
83 224
83 356
83 293
84 257
85 257
85 258
85 344
85 197
85 133
85 246
85 216
85 121
86 162
86 136
86 331
86 236
86 237
86 207
86 276
86 277
86 219
87 344
88 327
88 199
88 171
88 239
88 367
88 370
88 349
89 199
89 228
89 167
90 110
91 238
91 308
91 283
91 254
92 145
92 316
93 261
93 334
93 309
93 343
93 284
93 317
94 164
94 145
94 337
94 339
95 179
95 141
96 204
97 363
97 364
97 343
98 250
98 212
98 317
98 358
99 384
99 387
99 231
99 142
99 399
99 115
99 275
99 153
99 252
101 232
101 264
101 310
102 362
102 211
102 207
103 312
103 177
103 191
104 260
104 111
104 113
104 179
104 276
105 224
105 396
105 272
105 373
105 184
105 381
106 321
106 259
106 168
106 306
106 211
106 285
107 289
108 384
108 166
108 360
108 331
108 214
108 118
108 374
108 215
109 396
109 261
109 174
110 224
110 296
110 258
111 259
111 230
111 360
111 147
112 265
112 362
112 396
112 245
112 120
112 319
113 155
113 316
113 383
114 251
115 355
115 228
115 391
115 282
116 231
116 242
116 338
116 308
116 342
117 282
117 220
117 158
118 136
118 301
118 144
118 179
118 220
119 285
119 173
119 127
120 292
120 262
120 138
120 363
120 206
120 369
121 290
121 313
121 205
121 214
121 152
121 185
121 282
122 266
123 192
123 199
123 201
123 365
123 242
123 156
124 300
124 176
124 208
124 243
124 305
125 337
125 235
125 126
126 190
127 273
128 284
129 298
129 173
129 365
129 151
129 254
130 180
130 155
131 340
131 276
131 189
132 201
132 309
132 367
133 209
133 236
133 214
134 289
134 198
134 203
134 174
134 211
135 290
136 229
136 357
136 208
136 253
137 224
137 194
137 387
137 386
138 241
138 287
139 168
139 209
139 274
139 212
139 223
140 201
140 300
140 332
140 217
140 348
141 342
143 272
143 282
143 251
143 323
144 352
144 333
144 284
146 300
146 353
146 332
147 199
147 341
147 182
148 169
148 250
149 344
149 171
149 214
149 270
150 332
150 319
151 160
151 324
151 231
151 203
151 268
151 238
151 210
152 325
152 294
152 366
153 384
153 199
153 330
153 335
153 244
153 319
154 180
155 360
155 274
156 265
156 301
157 346
158 239
158 343
159 200
159 249
159 237
160 161
160 388
160 186
161 381
161 324
161 352
161 222
163 276
163 197
164 260
164 200
164 361
164 170
165 194
165 227
165 325
165 305
165 246
165 344
165 286
167 186
167 181
167 183
168 194
168 392
168 369
168 371
169 181
170 196
171 389
171 365
171 177
171 247
172 257
172 395
173 346
173 208
173 307
174 369
174 186
174 221
175 336
175 186
176 259
176 294
177 239
177 244
178 201
178 261
178 225
179 258
179 261
180 245
180 222
181 193
181 209
181 351
182 360
182 356
182 197
182 227
183 192
184 384
184 356
184 327
184 211
184 278
185 330
185 369
186 321
186 253
188 352
188 357
188 202
189 320
189 385
189 219
190 272
190 202
190 304
191 193
191 305
191 317
192 258
192 314
193 352
193 228
193 243
194 266
194 371
194 372
194 251
195 321
195 387
195 268
195 306
195 370
195 380
196 248
196 339
196 212
196 301
197 227
197 271
197 379
197 349
197 285
198 318
198 395
199 301
199 318
200 390
200 366
200 214
200 311
201 321
202 322
202 227
202 248
202 377
203 225
203 272
203 376
205 324
205 327
206 255
206 389
206 283
206 287
207 257
207 357
208 213
208 215
209 389
210 354
211 232
211 219
212 307
213 272
214 355
214 324
214 389
214 265
214 341
215 305
215 228
215 350
218 307
219 257
219 343
220 289
221 361
221 387
222 294
222 232
222 277
222 281
223 350
224 327
224 392
224 233
224 267
224 301
224 239
224 329
224 318
225 295
225 273
225 309
226 319
227 363
227 336
227 371
228 385
228 387
228 308
228 245
228 315
229 391
230 260
231 381
232 379
232 295
234 261
234 235
234 334
234 308
234 375
235 320
235 335
236 331
236 375
237 363
237 309
238 244
239 273
239 377
239 379
239 319
240 355
240 317
240 311
241 266
242 393
242 306
243 291
243 392
243 394
243 333
243 317
244 355
244 369
245 397
246 392
246 369
246 349
247 267
247 305
247 387
249 396
250 360
250 299
251 366
251 399
251 378
253 269
253 271
253 282
254 363
255 334
255 275
256 352
256 260
256 360
256 399
257 360
257 269
258 322
258 387
259 337
259 313
259 379
260 328
261 296
262 339
264 395
264 363
264 372
265 289
266 307
269 361
270 384
273 274
273 348
275 288
275 352
276 291
277 398
277 314
277 285
280 317
281 294
282 290
282 338
282 381
282 315
282 383
283 289
283 321
283 362
283 370
283 319
284 373
285 328
286 313
286 389
287 382
287 297
288 390
288 299
288 381
289 355
292 393
294 296
294 398
294 308
295 380
296 397
297 347
298 344
298 359
299 360
300 366
301 353
301 390
302 362
302 396
303 385
306 320
306 368
306 308
308 341
308 342
309 389
309 327
309 338
310 315
311 368
311 371
312 379
315 396
316 370
316 386
317 337
318 322
319 354
322 325
323 364
324 337
324 344
325 361
327 357
329 369
329 371
329 384
330 357
331 363
333 354
333 396
334 367
334 349
335 360
335 353
336 378
336 374
337 379
338 344
340 351
342 361
344 360
345 387
347 378
347 377
348 399
348 372
351 386
353 390
357 369
359 384
360 385
363 365
364 396
365 377
365 375
367 378
368 370
369 373
371 393
374 399
375 397
377 387
378 394
382 392
382 397
