400 4000
0 270
0 25
0 32
0 167
0 298
0 172
0 302
0 48
0 191
0 321
0 327
0 329
0 203
0 331
0 84
0 222
0 361
0 106
0 366
0 368
0 242
0 374
0 377
1 288
1 227
1 363
1 205
1 334
1 366
1 397
1 18
1 115
1 146
1 87
1 152
1 254
2 259
2 376
2 165
2 229
2 294
2 329
2 361
2 44
2 141
2 335
2 144
2 209
2 61
2 147
2 212
2 311
2 221
2 378
2 124
2 93
2 223
3 385
3 287
3 5
3 325
3 105
3 250
3 45
3 176
3 113
3 370
3 310
3 23
3 24
3 183
3 154
3 350
3 159
4 134
4 135
4 136
4 9
4 391
4 140
4 14
4 142
4 143
4 144
4 399
4 295
4 304
4 184
4 62
4 339
4 342
4 216
4 223
4 234
4 246
4 247
4 121
4 250
5 11
5 268
5 15
5 148
5 278
5 156
5 284
5 35
5 292
5 297
5 60
5 63
5 325
5 199
5 202
5 75
5 83
5 211
5 217
5 347
5 348
5 112
5 370
5 115
5 247
5 249
6 224
6 102
6 200
6 264
6 74
6 138
6 237
6 334
6 239
6 369
6 51
6 212
6 348
6 214
6 87
6 120
6 183
6 374
6 379
6 60
6 157
7 257
7 263
7 392
7 267
7 13
7 158
7 287
7 291
7 169
7 170
7 55
7 190
7 319
7 70
7 331
7 76
7 209
7 337
7 87
7 219
7 224
7 354
7 365
7 113
7 243
7 376
7 383
8 354
8 195
8 72
8 59
8 106
8 173
8 174
8 239
8 271
8 305
8 306
8 367
8 52
8 54
8 247
8 280
8 91
8 311
8 190
9 192
9 97
9 226
9 291
9 101
9 70
9 39
9 233
9 76
9 333
9 113
9 209
9 273
9 284
9 342
9 151
9 155
9 60
9 125
9 318
10 261
10 394
10 139
10 21
10 39
10 170
10 299
10 175
10 304
10 177
10 312
10 184
10 62
10 194
10 326
10 80
10 84
10 90
10 227
10 232
10 116
10 118
10 246
10 248
11 133
11 267
11 268
11 269
11 142
11 17
11 149
11 152
11 283
11 28
11 56
11 62
11 318
11 65
11 328
11 74
11 209
11 210
11 342
11 92
11 375
11 232
11 105
11 367
11 244
11 245
11 246
11 372
11 249
11 251
12 262
12 140
12 16
12 285
12 33
12 161
12 48
12 52
12 309
12 316
12 60
12 318
12 193
12 321
12 72
12 202
12 80
12 337
12 83
12 85
12 350
12 95
12 101
12 107
12 363
12 364
12 119
12 251
13 133
13 134
13 135
13 136
13 265
13 397
13 142
13 19
13 278
13 281
13 153
13 294
13 303
13 185
13 65
13 199
13 201
13 82
13 97
13 99
13 367
13 375
13 122
13 381
14 67
14 101
14 260
14 39
14 264
14 201
14 376
14 45
14 77
14 141
14 333
14 335
14 157
14 23
14 221
14 217
14 279
14 29
14 158
15 267
15 399
15 17
15 283
15 50
15 307
15 320
15 195
15 327
15 328
15 201
15 330
15 79
15 208
15 85
15 87
15 344
15 233
15 364
15 237
15 126
16 256
16 194
16 69
16 37
16 133
16 165
16 198
16 236
16 237
16 209
16 18
16 51
16 308
16 284
16 253
16 26
16 124
16 93
16 190
17 129
17 131
17 394
17 140
17 395
17 145
17 19
17 149
17 151
17 281
17 35
17 54
17 314
17 61
17 71
17 328
17 207
17 213
17 86
17 98
17 232
17 119
17 248
18 32
18 192
18 288
18 326
18 264
18 105
18 42
18 43
18 170
18 174
18 47
18 206
18 87
18 377
18 188
19 389
19 233
19 138
19 237
19 47
19 112
19 81
19 271
19 341
19 54
19 343
19 29
19 382
19 383
20 164
20 358
20 136
20 200
20 42
20 107
20 266
20 109
20 174
20 378
20 337
20 243
20 52
20 245
20 23
20 314
20 347
21 261
21 141
21 151
21 24
21 26
21 286
21 36
21 294
21 171
21 304
21 305
21 180
21 330
21 89
21 223
21 225
21 228
21 236
21 371
21 246
21 374
22 257
22 163
22 356
22 133
22 357
22 135
22 72
22 388
22 202
22 109
22 238
22 113
22 83
22 308
22 86
22 249
22 154
22 316
22 29
22 222
22 287
23 226
23 71
23 296
23 139
23 282
23 47
23 110
23 176
23 270
23 147
23 181
23 212
23 336
23 26
23 125
24 257
24 289
24 35
24 69
24 376
24 203
24 238
24 302
24 180
24 120
24 282
24 347
24 157
25 130
25 134
25 293
25 168
25 296
25 173
25 302
25 186
25 317
25 189
25 65
25 76
25 333
25 335
25 82
25 95
25 352
25 227
25 355
25 358
25 123
26 385
26 260
26 390
26 135
26 138
26 277
26 30
26 291
26 295
26 174
26 307
26 309
26 320
26 65
26 324
26 199
26 204
26 86
26 222
26 365
26 370
26 244
26 376
27 258
27 135
27 106
27 75
27 171
27 266
27 364
27 395
27 113
27 315
27 83
27 339
27 123
28 225
28 165
28 70
28 326
28 264
28 390
28 395
28 302
28 207
28 242
28 243
28 340
28 348
28 185
28 284
28 350
29 225
29 353
29 385
29 217
29 356
29 376
29 390
29 169
29 266
29 330
29 110
29 305
29 51
29 180
29 221
29 153
29 93
30 389
30 296
30 393
30 364
30 45
30 206
30 338
30 51
30 379
30 283
30 61
30 127
31 256
31 129
31 385
31 195
31 291
31 261
31 295
31 73
31 106
31 138
31 233
31 301
31 363
31 209
31 241
31 277
31 54
31 150
31 249
31 123
31 348
32 99
32 255
32 199
32 329
32 362
32 393
32 108
32 51
32 179
32 214
32 380
32 191
33 128
33 256
33 133
33 166
33 360
33 75
33 109
33 267
33 241
33 341
33 278
33 382
34 354
34 195
34 292
34 133
34 390
34 41
34 218
34 108
34 237
34 300
34 271
34 119
34 150
34 54
34 246
34 342
34 215
34 189
34 158
35 131
35 133
35 261
35 146
35 150
35 279
35 289
35 168
35 172
35 307
35 308
35 311
35 56
35 188
35 321
35 201
35 219
35 358
35 235
35 238
35 112
35 370
35 246
36 66
36 322
36 196
36 166
36 231
36 234
36 46
36 47
36 206
36 303
36 146
36 115
36 366
36 54
36 120
36 252
36 350
36 191
37 389
37 263
37 141
37 142
37 285
37 297
37 171
37 62
37 321
37 79
37 337
37 217
37 350
37 357
37 358
37 363
37 114
37 247
37 249
37 250
37 379
37 381
38 192
38 289
38 353
38 359
38 236
38 300
38 111
38 304
38 114
38 374
38 247
38 377
38 62
38 255
39 160
39 352
39 162
39 258
39 388
39 360
39 105
39 267
39 212
39 311
39 218
39 188
39 255
40 128
40 318
40 384
40 392
40 137
40 266
40 330
40 377
40 46
40 302
40 368
40 113
40 243
40 339
40 374
40 55
40 217
40 286
40 158
40 63
41 263
41 136
41 273
41 288
41 163
41 167
41 169
41 42
41 298
41 47
41 307
41 180
41 308
41 203
41 332
41 337
41 212
41 218
41 350
41 229
41 109
41 255
42 225
42 98
42 67
42 165
42 199
42 298
42 364
42 272
42 211
42 280
42 222
42 287
43 386
43 262
43 299
43 53
43 311
43 58
43 191
43 64
43 67
43 69
43 71
43 200
43 211
43 339
43 217
43 219
43 103
43 360
43 243
43 118
43 376
44 256
44 65
44 226
44 288
44 133
44 290
44 355
44 328
44 234
44 396
44 142
44 270
44 145
44 338
44 308
44 341
44 373
44 152
44 347
45 162
45 227
45 312
45 134
45 135
45 198
45 376
45 74
45 110
45 240
45 367
45 146
45 52
45 375
45 248
45 189
45 287
46 195
46 357
46 106
46 395
46 77
46 113
46 115
46 149
46 182
46 278
46 341
46 153
46 373
46 126
47 96
47 353
47 223
47 133
47 70
47 324
47 393
47 77
47 302
47 150
47 216
47 379
47 191
48 263
48 138
48 266
48 140
48 274
48 288
48 167
48 296
48 171
48 175
48 52
48 56
48 322
48 196
48 74
48 336
48 82
48 225
48 99
48 233
48 117
48 246
49 288
49 258
49 290
49 69
49 134
49 200
49 233
49 109
49 110
49 398
49 305
49 373
49 214
49 119
49 313
49 251
49 350
49 287
50 384
50 129
50 131
50 133
50 152
50 314
50 62
50 65
50 323
50 207
50 81
50 212
50 215
50 216
50 217
50 99
50 101
50 103
50 363
50 116
50 247
51 385
51 386
51 387
51 133
51 138
51 147
51 286
51 167
51 178
51 317
51 326
51 203
51 335
51 209
51 247
51 375
51 378
51 127
52 130
52 134
52 145
52 275
52 282
52 288
52 294
52 181
52 316
52 326
52 82
52 210
52 212
52 218
52 360
52 108
52 115
52 246
52 121
53 356
53 262
53 103
53 264
53 234
53 203
53 301
53 239
53 147
53 214
53 312
53 217
53 380
53 221
54 384
54 391
54 265
54 139
54 143
54 272
54 145
54 147
54 279
54 152
54 155
54 293
54 294
54 299
54 308
54 75
54 78
54 341
54 95
54 102
54 248
54 380
54 253
55 384
55 138
55 267
55 142
55 147
55 277
55 150
55 154
55 159
55 164
55 308
55 310
55 320
55 211
55 86
55 347
55 94
55 99
55 118
55 248
56 161
56 260
56 359
56 265
56 170
56 298
56 109
56 205
56 332
56 333
56 334
56 339
56 280
56 186
56 127
56 222
56 190
56 159
57 224
57 352
57 259
57 360
57 393
57 172
57 237
57 206
57 270
57 240
57 381
57 148
57 149
57 118
57 281
57 349
57 383
58 352
58 385
58 354
58 291
58 196
58 231
58 138
58 364
58 110
58 78
58 175
58 188
58 85
58 310
58 343
58 373
58 92
58 191
59 192
59 129
59 130
59 164
59 260
59 359
59 395
59 332
59 279
59 206
59 149
59 150
59 213
59 220
60 265
60 396
60 288
60 289
60 168
60 299
60 302
60 181
60 68
60 73
60 80
60 344
60 350
60 351
60 234
60 240
60 369
60 244
61 353
61 104
61 169
61 219
61 334
61 113
61 337
61 213
61 277
61 119
61 183
61 155
62 287
62 299
62 176
62 311
62 190
62 198
62 77
62 207
62 83
62 218
62 350
62 227
62 242
62 374
62 249
62 125
62 127
63 192
63 230
63 201
63 247
63 363
63 77
63 237
63 245
63 118
63 183
63 152
63 374
63 91
63 279
63 125
64 68
64 229
64 390
64 235
64 109
64 367
64 113
64 146
64 278
64 189
65 146
65 152
65 284
65 293
65 171
65 73
65 74
65 75
65 333
65 334
65 221
65 358
65 103
65 232
65 105
65 113
66 160
66 320
66 131
66 164
66 70
66 265
66 236
66 334
66 283
66 83
66 275
66 117
66 371
66 281
66 187
66 318
67 96
67 224
67 319
67 134
67 313
67 105
67 202
67 233
67 361
67 114
67 243
67 316
67 152
67 89
67 286
67 184
67 216
68 256
68 162
68 194
68 195
68 260
68 198
68 262
68 322
68 353
68 266
68 203
68 172
68 305
68 147
68 215
68 280
68 314
68 315
69 288
69 163
69 262
69 200
69 105
69 297
69 143
69 82
69 147
69 211
69 181
69 214
69 278
69 121
69 339
69 222
70 389
70 266
70 153
70 156
70 157
70 158
70 160
70 159
70 286
70 298
70 300
70 73
70 74
70 76
70 339
70 214
70 223
70 231
70 232
70 236
70 113
70 242
71 140
71 150
71 158
71 167
71 182
71 312
71 315
71 189
71 324
71 331
71 207
71 340
71 345
71 346
71 355
71 100
71 232
71 242
71 246
71 379
72 318
72 385
72 102
72 135
72 168
72 263
72 282
72 297
72 299
72 271
72 335
72 369
72 179
72 312
72 250
72 286
73 134
73 399
73 279
73 153
73 169
73 173
73 303
73 178
73 306
73 181
73 318
73 74
73 335
73 215
73 88
73 343
73 218
73 356
73 101
73 357
73 236
73 117
73 121
73 123
73 253
73 127
74 134
74 266
74 271
74 276
74 293
74 302
74 313
74 187
74 315
74 207
74 211
74 342
74 89
74 95
74 233
74 244
74 248
75 98
75 291
75 230
75 167
75 321
75 175
75 207
75 368
75 370
76 99
76 327
76 328
76 360
76 108
76 237
76 269
76 79
76 112
76 301
76 188
76 157
76 319
77 385
77 271
77 278
77 294
77 173
77 305
77 306
77 185
77 186
77 187
77 199
77 331
77 334
77 336
77 84
77 343
77 359
77 377
77 124
77 253
78 135
78 186
78 199
78 106
78 232
78 329
78 207
78 177
78 340
78 181
78 252
78 285
78 254
79 296
79 175
79 184
79 317
79 192
79 193
79 325
79 334
79 207
79 343
79 216
79 89
79 355
79 228
79 101
79 122
79 242
79 378
79 381
80 261
80 397
80 398
80 280
80 288
80 163
80 294
80 169
80 302
80 315
80 211
80 89
80 92
80 93
80 225
80 98
80 227
80 357
80 377
80 107
80 240
80 121
81 226
81 167
81 104
81 199
81 106
81 107
81 140
81 141
81 327
81 361
81 366
81 394
81 274
81 185
81 126
82 384
82 258
82 136
82 393
82 141
82 397
82 399
82 281
82 283
82 289
82 162
82 170
82 299
82 174
82 305
82 309
82 323
82 204
82 205
82 84
82 107
82 112
83 129
83 388
83 135
83 395
83 396
83 165
83 185
83 188
83 336
83 210
83 85
83 93
83 94
83 353
83 365
83 112
84 256
84 389
84 396
84 269
84 150
84 279
84 156
84 174
84 305
84 186
84 323
84 203
84 214
84 87
84 224
84 352
84 102
84 360
84 237
85 323
85 389
85 137
85 201
85 329
85 346
85 394
85 145
85 273
85 370
86 385
86 164
86 356
86 247
86 264
86 377
86 282
86 364
86 394
86 273
86 344
86 185
86 91
87 354
87 99
87 131
87 165
87 199
87 169
87 233
87 109
87 273
87 370
87 184
87 89
87 349
87 216
88 293
88 302
88 366
88 209
88 212
88 150
88 183
88 342
88 345
88 346
88 95
89 352
89 137
89 363
89 143
89 209
89 116
89 118
89 122
89 190
90 288
90 193
90 131
90 259
90 388
90 390
90 327
90 361
90 202
90 204
90 174
90 147
90 279
90 155
90 189
90 319
91 131
91 357
91 230
91 103
91 358
91 390
91 346
91 366
91 272
91 369
91 243
91 276
91 149
91 152
91 122
91 253
91 318
92 256
92 321
92 194
92 325
92 394
92 108
92 235
92 209
92 178
92 211
92 274
92 381
92 159
93 128
93 353
93 195
93 229
93 167
93 200
93 297
93 236
93 399
93 369
93 211
93 212
93 280
93 219
94 385
94 259
94 394
94 267
94 269
94 194
94 322
94 196
94 342
94 348
94 223
94 96
94 224
94 353
94 106
94 234
94 369
94 372
94 117
94 120
94 379
94 380
94 382
94 383
95 261
95 290
95 167
95 298
95 311
95 316
95 199
95 203
95 210
95 339
95 214
95 215
95 348
95 100
95 237
95 110
95 372
95 248
95 249
95 252
96 320
96 386
96 390
96 167
96 238
96 148
96 116
96 118
96 214
96 312
96 379
96 351
97 194
97 356
97 294
97 231
97 168
97 201
97 187
97 333
97 399
97 209
97 146
97 241
97 242
97 371
97 374
97 249
97 155
97 351
98 161
98 225
98 227
98 321
98 293
98 198
98 135
98 104
98 233
98 364
98 381
98 181
98 151
98 122
98 347
98 348
98 285
99 256
99 197
99 233
99 111
99 176
99 271
99 148
99 280
99 374
99 220
99 255
100 224
100 262
100 200
100 281
100 359
100 331
100 172
100 205
100 236
100 207
100 176
100 178
100 309
100 246
100 374
100 221
100 185
100 125
101 321
101 134
101 105
101 173
101 202
101 206
101 333
101 338
101 149
101 396
101 344
102 384
102 196
102 202
102 298
102 141
102 110
102 399
102 209
102 247
102 187
102 223
103 256
103 225
103 321
103 199
103 328
103 297
103 176
103 242
103 274
103 316
103 372
103 374
103 218
103 220
103 381
103 254
104 129
104 353
104 293
104 389
104 231
104 169
104 170
104 201
104 205
104 269
104 144
104 275
104 121
104 251
104 316
104 318
104 159
105 269
105 275
105 148
105 278
105 280
105 175
105 193
105 196
105 201
105 207
105 209
105 220
105 351
105 225
105 376
105 108
105 120
105 123
106 261
106 392
106 142
106 173
106 196
106 334
106 208
106 345
106 221
106 351
106 240
106 371
106 373
106 251
107 318
107 321
107 294
107 136
107 169
107 269
107 307
107 244
107 276
107 377
107 378
107 188
107 126
107 286
108 195
108 260
108 290
108 291
108 135
108 330
108 363
108 251
108 208
108 336
108 347
108 211
108 117
108 184
108 219
109 130
109 259
109 344
109 390
109 137
109 268
109 339
109 148
109 181
109 283
109 286
109 159
110 257
110 321
110 386
110 134
110 330
110 140
110 114
110 273
110 149
110 214
110 151
110 183
111 132
111 323
111 198
111 168
111 393
111 202
111 236
111 209
111 370
111 307
111 381
111 245
111 118
111 377
111 346
111 253
111 350
112 256
112 294
112 331
112 115
112 381
112 151
112 312
112 346
112 253
112 382
113 136
113 143
113 275
113 276
113 150
113 282
113 156
113 162
113 291
113 164
113 166
113 309
113 319
113 195
113 326
113 342
113 358
113 244
114 128
114 131
114 133
114 196
114 228
114 203
114 213
114 373
114 344
114 377
114 317
114 284
114 285
114 222
115 258
115 390
115 135
115 136
115 283
115 155
115 177
115 306
115 187
115 324
115 209
115 337
115 341
115 377
115 241
115 369
115 368
115 249
115 382
116 259
116 206
116 207
116 399
116 178
116 346
116 189
116 350
117 384
117 274
117 147
117 154
117 164
117 166
117 177
117 181
117 205
117 339
117 215
117 225
117 227
117 231
117 361
117 241
117 248
118 165
118 383
118 235
118 333
118 302
118 399
118 372
118 342
118 248
118 349
119 128
119 139
119 269
119 398
119 145
119 167
119 179
119 325
119 326
119 327
119 200
119 219
119 358
119 244
119 373
119 248
119 126
120 163
120 166
120 200
120 202
120 364
120 398
120 369
120 178
120 338
120 213
120 246
120 343
120 373
120 126
120 221
121 386
121 163
121 132
121 325
121 266
121 296
121 358
121 363
121 239
121 243
121 185
121 314
121 155
121 253
121 351
122 293
122 166
122 233
122 234
122 206
122 334
122 338
122 212
122 248
122 380
122 157
123 224
123 257
123 322
123 291
123 217
123 357
123 389
123 361
123 155
123 369
123 244
123 276
123 277
123 309
123 382
124 318
124 357
124 328
124 297
124 331
124 206
124 339
124 372
124 310
124 153
124 187
124 158
124 223
125 271
125 164
125 178
125 312
125 324
125 214
125 346
125 223
125 351
125 227
125 357
125 363
125 237
125 244
125 246
125 376
125 252
126 161
126 289
126 133
126 200
126 361
126 210
126 215
126 283
126 311
126 382
126 159
127 355
127 329
127 139
127 393
127 174
127 302
127 208
127 147
127 282
128 386
128 393
128 398
128 279
128 158
128 161
128 289
128 294
128 321
128 209
128 215
128 221
128 375
128 242
128 246
128 380
128 383
129 385
129 386
129 389
129 390
129 263
129 398
129 158
129 159
129 318
129 199
129 208
129 215
129 217
129 350
129 356
129 231
129 233
129 235
130 386
130 324
130 299
130 396
130 141
130 302
130 241
130 379
130 150
130 316
130 223
131 162
131 322
131 354
131 386
131 391
131 218
131 315
131 184
131 183
131 348
131 350
132 138
132 331
132 332
132 173
132 333
132 365
132 337
132 178
132 147
132 149
132 277
132 184
133 391
133 392
133 266
133 139
133 281
133 286
133 159
133 164
133 170
133 309
133 196
133 206
133 352
133 245
134 266
134 397
134 274
134 153
134 156
134 160
134 296
134 299
134 174
134 303
134 306
134 312
134 314
134 316
134 317
134 190
134 322
134 327
134 330
134 348
134 350
134 357
134 371
135 137
135 154
135 285
135 164
135 293
135 175
135 315
135 339
135 347
135 365
135 240
135 374
136 265
136 267
136 268
136 275
136 299
136 181
136 310
136 189
136 195
136 333
136 210
136 343
136 224
136 230
136 238
136 246
136 251
137 194
137 185
137 292
137 357
137 168
137 313
137 394
137 397
137 146
137 338
137 340
137 183
137 216
137 220
138 225
138 215
138 218
138 394
138 204
138 365
138 176
138 304
138 277
138 338
139 289
139 227
139 264
139 209
139 242
139 243
139 181
139 307
139 185
139 347
139 283
139 252
140 167
140 200
140 201
140 141
140 272
140 244
140 275
140 340
140 371
140 248
140 373
140 186
140 284
141 392
141 143
141 271
141 170
141 199
141 331
141 205
141 333
141 209
141 217
141 218
141 234
141 241
141 369
141 372
141 373
141 255
142 224
142 384
142 290
142 262
142 391
142 336
142 370
142 244
142 316
142 378
142 156
143 259
143 293
143 395
143 206
143 207
143 397
143 276
143 348
144 290
144 197
144 166
144 173
144 177
144 277
144 376
144 345
144 187
144 157
145 257
145 322
145 323
145 389
145 326
145 199
145 168
145 178
145 305
145 148
145 377
145 247
145 279
145 317
145 286
146 387
146 263
146 397
146 279
146 280
146 303
146 180
146 324
146 204
146 338
146 358
146 364
146 245
146 253
147 320
147 161
147 323
147 393
147 298
147 395
147 269
147 301
147 365
148 168
148 368
148 273
148 274
148 212
148 182
148 215
148 154
149 192
149 224
149 229
149 329
149 395
149 238
149 339
149 373
149 218
149 255
150 394
150 156
150 285
150 291
150 295
150 312
150 199
150 218
150 356
150 232
150 368
150 252
151 224
151 353
151 291
151 324
151 391
151 329
151 267
151 299
151 330
151 177
151 210
151 214
151 312
151 188
151 221
152 324
152 319
152 166
152 271
152 347
152 310
152 345
152 252
153 160
153 231
153 296
153 298
153 366
153 398
153 373
153 344
153 251
154 257
154 385
154 260
154 229
154 170
154 202
154 234
154 333
154 364
154 338
154 307
154 250
155 160
155 166
155 167
155 393
155 236
155 173
155 219
155 238
155 336
155 315
155 278
156 397
156 271
156 282
156 157
156 159
156 302
156 178
156 311
156 186
156 323
156 202
156 216
156 220
156 364
156 249
156 380
156 254
157 225
157 262
157 218
157 329
157 394
157 237
157 333
157 246
157 184
158 160
158 290
158 229
158 201
158 386
158 270
158 335
158 336
158 368
158 311
158 216
158 255
159 257
159 262
159 393
159 161
159 296
159 299
159 308
159 309
159 196
159 197
159 203
159 342
159 348
159 353
159 378
159 373
159 254
160 352
160 193
160 386
160 164
160 325
160 265
160 170
160 297
160 205
160 175
160 277
160 214
160 373
160 383
161 350
161 238
161 335
161 366
161 338
161 249
161 346
161 380
161 381
162 256
162 279
162 280
162 163
162 291
162 307
162 313
162 315
162 188
162 329
162 341
162 216
162 227
162 231
162 234
162 240
163 288
163 292
163 165
163 201
163 362
163 174
163 335
163 368
163 399
163 276
163 309
163 343
164 260
164 287
164 359
164 331
164 336
164 371
164 186
164 382
164 191
165 230
165 360
165 266
165 174
165 303
165 212
165 372
165 249
165 381
165 223
166 225
166 195
166 294
166 345
166 363
166 251
166 242
166 340
166 309
166 281
166 380
167 285
167 318
167 333
167 221
167 224
167 236
167 238
167 243
167 373
167 376
168 272
168 282
168 173
168 177
168 188
168 211
168 341
168 345
168 238
168 239
168 241
168 250
168 383
169 385
169 388
169 390
169 398
169 172
169 302
169 314
169 190
169 322
169 204
169 209
169 218
169 234
169 364
169 366
169 369
169 252
169 382
170 256
170 391
170 395
170 274
170 284
170 296
170 187
170 199
170 200
170 343
170 350
170 226
170 229
170 358
170 249
171 256
171 385
171 323
171 301
171 240
171 305
171 211
171 276
171 381
171 285
171 351
172 262
172 232
172 268
172 300
172 301
172 398
172 371
172 180
172 308
172 310
172 251
173 384
173 263
173 272
173 274
173 288
173 310
173 311
173 185
173 196
173 201
173 216
173 218
173 348
173 221
173 227
173 231
173 232
173 369
174 191
174 287
174 356
174 234
174 250
174 204
174 205
174 238
174 303
174 178
175 322
175 203
175 250
175 267
175 273
175 334
175 243
175 363
175 397
175 312
175 189
176 382
176 197
176 376
176 233
176 388
176 239
176 303
176 243
176 248
176 183
176 316
176 221
177 267
177 396
177 269
177 280
177 303
177 305
177 187
177 189
177 318
177 219
177 350
177 236
177 376
177 252
177 382
178 224
178 328
178 202
178 203
178 204
178 315
178 377
178 283
179 320
179 324
179 229
179 298
179 211
179 276
179 371
179 183
179 316
180 226
180 259
180 230
180 390
180 234
180 394
180 306
180 309
180 342
180 382
181 357
181 273
181 182
181 379
181 190
181 223
182 197
182 294
182 231
182 297
182 328
182 268
182 215
182 312
182 282
182 187
182 380
182 285
183 263
183 289
183 299
183 184
183 320
183 337
183 345
183 220
183 227
183 228
183 358
183 364
183 374
184 256
184 352
184 249
184 201
184 364
184 373
185 390
185 275
185 294
185 296
185 321
185 194
185 322
185 209
185 337
185 228
185 357
185 232
185 361
185 243
185 376
186 227
186 230
186 199
186 232
186 294
186 365
186 381
186 314
186 315
186 221
187 356
187 232
187 202
187 348
187 371
187 279
187 312
187 374
187 223
188 259
188 396
188 399
188 280
188 296
188 300
188 302
188 306
188 312
188 326
188 203
188 204
188 212
188 347
188 232
188 364
188 239
188 367
188 371
189 276
189 290
189 294
189 299
189 304
189 208
189 340
189 220
189 224
189 371
189 245
189 254
190 275
190 278
190 304
190 305
190 210
190 338
190 340
190 223
190 224
190 226
190 232
190 360
190 369
191 192
191 230
191 261
191 234
191 204
191 268
191 377
191 251
191 348
192 352
192 223
192 321
192 287
192 323
192 353
192 279
192 346
193 344
193 325
193 326
193 250
193 269
193 206
193 207
193 302
193 210
193 396
193 309
193 279
193 216
193 311
194 355
194 391
194 203
194 332
194 237
194 273
194 372
195 384
195 387
195 279
195 284
195 299
195 331
195 343
195 245
195 246
195 375
195 254
196 280
196 281
196 294
196 310
196 200
196 350
196 235
196 365
196 367
196 368
196 241
196 242
197 387
197 327
197 303
197 278
198 224
198 384
198 290
198 392
198 204
198 365
198 303
198 244
198 247
198 344
198 319
199 352
199 299
199 372
199 315
200 385
200 274
200 311
200 329
200 203
200 336
200 211
200 342
200 347
200 357
200 362
200 241
200 243
200 371
201 257
201 285
201 202
201 211
201 342
201 222
201 354
201 236
201 371
201 249
201 382
201 383
202 391
202 265
202 269
202 282
202 297
202 210
202 340
202 368
202 242
203 351
203 331
203 333
203 279
203 377
203 318
204 255
204 291
204 326
204 390
204 235
204 207
204 337
204 211
204 279
204 347
205 350
205 386
205 326
205 263
205 358
205 298
205 299
205 391
205 279
205 217
205 314
205 254
206 393
206 297
206 309
206 322
206 333
206 207
206 208
206 336
206 349
206 359
206 246
206 380
207 272
207 399
207 284
207 297
207 302
207 335
207 337
207 379
207 255
208 224
208 321
208 386
208 376
208 231
208 209
208 310
208 311
208 216
208 313
209 263
209 296
209 340
209 343
209 370
209 372
209 374
210 288
210 262
210 237
210 269
210 375
210 213
210 344
210 379
211 267
211 398
211 281
211 285
211 299
211 310
211 323
211 231
211 373
211 377
212 231
212 295
212 378
212 274
212 277
212 341
213 352
213 289
213 389
213 329
213 300
213 237
213 369
213 381
213 313
214 225
214 305
214 245
214 252
214 308
214 316
214 220
214 222
215 323
215 260
215 231
215 263
215 330
215 219
216 226
216 261
216 321
216 233
216 363
216 398
216 240
216 349
217 288
217 328
217 235
217 267
217 302
217 246
217 286
217 255
218 263
218 266
218 399
218 282
218 292
218 295
218 227
218 369
219 384
219 387
219 233
219 396
219 340
219 374
219 377
220 320
220 358
220 395
220 335
220 337
220 371
220 244
220 314
221 263
221 267
221 270
221 285
221 294
221 297
221 322
221 232
221 362
221 366
221 254
222 224
222 230
222 261
222 327
222 389
222 272
222 251
222 348
222 349
223 269
223 271
223 274
223 296
223 306
223 328
223 336
223 226
223 358
223 362
223 236
223 250
223 254
224 287
224 289
224 297
224 314
224 334
224 336
224 345
225 281
225 299
225 301
225 325
225 329
225 338
225 347
225 371
225 374
225 382
226 356
226 362
226 237
226 372
226 310
226 313
226 252
227 256
227 266
227 398
227 283
227 327
227 338
227 229
227 378
228 321
228 313
228 330
228 274
228 277
228 278
228 350
229 258
229 299
229 331
229 346
229 335
229 308
229 284
229 345
229 252
230 331
230 336
230 342
230 312
230 349
231 281
231 392
231 244
231 372
232 237
232 244
233 390
233 393
233 282
233 316
233 353
233 239
233 382
234 259
234 358
234 237
234 341
235 290
235 355
235 237
235 305
235 339
235 308
235 374
235 376
235 347
236 390
236 271
236 311
236 320
236 347
236 356
236 238
236 366
236 367
236 378
237 385
237 260
237 263
237 393
237 270
237 399
237 278
237 301
237 305
237 238
237 378
237 251
238 324
238 327
238 330
238 361
238 304
238 365
238 370
238 310
239 323
239 324
239 351
239 329
239 300
239 365
239 242
239 278
239 315
239 319
240 388
240 330
240 252
241 261
241 398
241 288
241 308
241 318
241 326
241 358
241 367
241 242
241 373
241 380
241 254
242 389
242 396
242 317
242 327
242 361
242 370
242 254
243 397
243 276
243 302
243 311
243 329
243 333
243 336
243 344
243 357
243 369
243 383
244 267
244 293
244 307
244 313
244 318
244 326
244 339
244 356
244 251
245 264
245 364
245 301
245 397
245 307
245 248
245 345
245 346
245 286
245 254
246 399
246 321
246 341
246 352
246 357
246 361
246 363
247 257
247 266
247 366
247 274
247 338
247 382
248 256
248 285
248 303
248 326
248 330
248 333
248 335
248 345
249 384
249 289
249 314
250 319
250 387
250 362
250 392
250 301
250 369
250 308
250 374
250 345
250 380
250 253
251 323
251 329
251 364
251 395
251 310
252 260
252 390
252 266
252 271
252 277
252 283
252 293
252 300
252 336
252 339
252 355
252 366
252 382
253 323
253 324
253 297
253 275
253 379
253 373
254 260
254 389
254 393
254 302
254 303
254 316
254 335
254 342
254 353
254 363
254 366
255 326
255 377
255 271
255 336
255 275
255 308
255 342
255 279
255 346
256 261
256 292
256 309
256 342
256 348
256 361
256 366
257 386
257 267
257 275
257 279
257 305
257 312
257 322
257 339
257 362
257 364
257 366
257 378
258 352
258 373
258 342
258 377
259 290
259 291
259 267
259 330
259 303
259 275
259 319
260 384
260 303
261 320
261 291
261 361
261 268
261 396
261 302
261 311
262 389
262 297
262 278
263 271
263 325
263 326
263 330
263 332
263 347
263 352
264 322
264 393
264 298
264 394
264 277
264 378
264 287
265 312
265 322
265 348
265 310
265 316
265 383
266 395
266 279
266 285
266 300
266 310
266 312
266 337
266 351
266 359
266 365
267 388
267 281
267 291
267 294
267 314
267 355
267 374
267 376
267 383
268 388
268 390
268 361
268 393
268 336
268 281
269 354
269 385
269 300
269 347
269 311
270 320
270 355
270 299
270 334
270 271
270 272
270 311
271 277
271 315
271 325
271 327
271 332
271 373
272 288
272 391
272 299
272 330
272 331
272 347
272 371
272 383
273 376
273 298
273 307
273 341
273 373
273 347
273 381
274 393
274 289
274 312
274 328
274 334
274 338
274 346
274 368
274 372
274 383
275 385
275 362
275 336
276 354
276 292
276 327
276 370
276 307
276 319
277 388
277 396
277 399
277 315
277 320
277 332
277 354
277 375
278 287
278 291
278 299
278 303
278 311
278 312
278 330
278 355
278 356
278 372
279 388
279 391
279 330
280 293
280 323
280 324
280 355
280 349
280 361
280 304
281 352
281 353
281 297
281 385
281 376
281 349
282 322
282 294
282 302
283 330
283 300
283 397
284 352
284 361
284 332
285 320
285 395
286 291
286 325
286 365
286 340
287 293
287 391
287 372
287 376
288 389
288 296
288 303
288 319
288 370
288 376
288 380
288 382
289 325
289 294
289 331
290 322
290 291
290 323
290 392
290 399
290 368
290 379
290 311
290 378
290 315
291 302
291 307
291 335
291 343
291 358
291 370
292 387
292 360
292 301
292 312
292 348
293 294
293 330
293 364
293 371
294 387
294 395
294 295
294 299
294 301
294 332
294 341
294 359
294 362
294 364
294 370
295 325
295 296
295 398
295 377
296 353
296 326
296 356
296 388
296 399
297 320
297 325
297 336
297 358
297 366
297 376
298 312
298 325
298 389
298 392
298 395
298 337
298 309
299 301
299 309
299 333
299 378
300 385
300 322
300 324
300 354
300 335
301 391
301 394
301 332
301 398
301 373
302 366
302 381
303 399
303 314
303 325
303 328
303 372
304 326
304 394
304 365
304 334
304 381
304 346
305 358
305 334
305 368
305 340
305 319
306 369
306 307
306 312
307 392
307 310
307 327
307 332
307 341
307 348
307 354
307 368
307 383
308 352
308 331
309 385
309 313
309 319
309 364
309 374
309 376
310 361
310 342
310 317
310 382
311 397
311 341
311 342
312 359
312 368
312 373
313 324
313 329
313 363
313 398
313 338
314 388
314 361
314 348
314 347
315 389
315 332
315 378
315 368
315 379
316 324
316 390
316 333
316 344
316 380
317 327
317 362
317 397
317 382
318 354
318 383
319 395
319 367
319 343
319 347
320 325
320 358
320 398
320 348
320 380
320 350
321 389
321 396
321 363
321 365
322 329
322 333
322 339
322 356
322 370
323 398
323 327
323 357
323 371
323 377
324 330
324 336
324 351
324 356
324 358
324 377
325 391
325 343
326 384
326 343
326 377
327 340
328 377
329 330
329 335
329 336
329 346
329 355
329 382
330 386
330 393
330 370
330 373
331 385
331 364
331 343
331 351
332 354
332 356
332 359
332 377
333 384
333 385
333 386
333 396
333 347
335 385
335 373
336 375
337 370
337 375
338 344
338 393
338 349
339 356
339 398
340 357
340 360
340 392
340 341
340 342
341 355
341 395
341 380
342 369
343 388
343 366
343 377
344 385
345 355
346 389
346 392
346 373
346 350
347 395
347 355
347 367
347 380
348 392
348 397
348 357
348 374
349 382
349 386
349 359
349 392
350 385
350 390
350 396
350 398
350 351
351 354
351 389
351 392
351 381
351 373
351 374
352 384
352 392
352 399
353 384
353 366
353 374
355 366
355 399
355 370
356 377
356 397
357 389
357 390
357 391
358 391
359 384
359 360
361 385
362 372
363 386
363 374
364 397
364 370
364 379
365 396
365 399
365 377
366 375
367 391
368 369
370 375
370 376
371 391
372 386
372 380
374 389
374 390
375 398
376 386
379 386
379 398
380 394
380 395
382 398
383 398
388 399
393 399
394 397
