400 8000
0 128
0 385
0 260
0 134
0 9
0 265
0 394
0 271
0 19
0 153
0 25
0 26
0 283
0 291
0 165
0 302
0 176
0 305
0 50
0 306
0 312
0 59
0 62
0 324
0 333
0 207
0 338
0 339
0 86
0 343
0 88
0 216
0 349
0 222
0 356
0 357
0 103
0 360
0 245
0 120
0 250
0 251
0 254
1 388
1 391
1 396
1 398
1 15
1 144
1 273
1 146
1 25
1 282
1 158
1 168
1 41
1 50
1 306
1 184
1 317
1 320
1 325
1 73
1 341
1 220
1 375
1 226
1 103
1 364
1 110
1 368
1 369
1 379
1 117
1 119
1 378
1 123
1 380
2 385
2 387
2 7
2 136
2 137
2 10
2 263
2 396
2 13
2 142
2 271
2 272
2 18
2 277
2 24
2 280
2 154
2 27
2 283
2 158
2 159
2 31
2 33
2 161
2 289
2 168
2 303
2 178
2 52
2 182
2 314
2 189
2 65
2 66
2 69
2 197
2 200
2 203
2 212
2 89
2 351
2 361
2 110
2 240
3 256
3 130
3 267
3 271
3 272
3 278
3 153
3 283
3 29
3 165
3 173
3 301
3 47
3 175
3 177
3 183
3 56
3 311
3 313
3 319
3 192
3 195
3 324
3 199
3 201
3 74
3 77
3 207
3 340
3 341
3 91
3 219
3 355
3 102
3 234
3 107
3 235
3 238
3 366
3 122
3 123
3 125
3 383
4 128
4 256
4 265
4 145
4 277
4 278
4 151
4 152
4 162
4 163
4 36
4 54
4 311
4 188
4 66
4 68
4 327
4 330
4 333
4 350
4 99
4 356
4 104
4 232
4 241
4 117
4 248
4 127
5 129
5 130
5 131
5 386
5 9
5 10
5 13
5 274
5 25
5 159
5 161
5 292
5 293
5 39
5 303
5 311
5 186
5 60
5 70
5 71
5 72
5 73
5 330
5 81
5 87
5 346
5 92
5 101
5 362
5 235
5 237
5 369
5 115
5 243
5 377
6 388
6 138
6 269
6 398
6 149
6 28
6 158
6 32
6 160
6 38
6 296
6 297
6 300
6 303
6 182
6 55
6 186
6 60
6 188
6 62
6 318
6 195
6 198
6 199
6 326
6 75
6 205
6 335
6 339
6 86
6 343
6 216
6 217
6 224
6 225
6 355
6 104
6 362
6 239
6 372
6 117
6 246
6 373
6 377
6 123
6 380
6 125
6 127
7 256
7 136
7 393
7 269
7 144
7 17
7 147
7 150
7 152
7 28
7 285
7 35
7 292
7 293
7 297
7 310
7 313
7 187
7 196
7 199
7 202
7 77
7 82
7 338
7 84
7 212
7 215
7 345
7 92
7 95
7 98
7 354
7 230
7 363
7 244
7 245
7 376
7 377
7 122
7 123
8 385
8 388
8 137
8 10
8 12
8 397
8 278
8 154
8 288
8 33
8 292
8 166
8 294
8 168
8 295
8 173
8 47
8 176
8 57
8 59
8 61
8 320
8 326
8 72
8 73
8 328
8 332
8 78
8 87
8 92
8 222
8 353
8 104
8 108
8 242
9 386
9 392
9 14
9 273
9 146
9 152
9 288
9 33
9 290
9 295
9 169
9 170
9 45
9 301
9 181
9 314
9 315
9 322
9 201
9 78
9 79
9 334
9 209
9 354
9 99
9 232
9 362
9 364
9 238
9 241
9 373
9 249
9 250
9 253
10 257
10 130
10 134
10 135
10 390
10 140
10 396
10 147
10 20
10 279
10 295
10 168
10 298
10 171
10 51
10 67
10 328
10 209
10 340
10 88
10 226
10 357
10 102
10 232
10 233
10 235
10 366
10 251
10 244
10 245
10 120
10 123
10 126
11 260
11 137
11 265
11 394
11 140
11 17
11 273
11 147
11 22
11 151
11 24
11 25
11 154
11 27
11 28
11 30
11 31
11 33
11 289
11 298
11 45
11 46
11 177
11 180
11 181
11 310
11 56
11 186
11 60
11 188
11 316
11 191
11 192
11 322
11 68
11 325
11 70
11 198
11 328
11 74
11 205
11 333
11 338
11 89
11 345
11 347
11 222
11 351
11 355
11 100
11 103
11 107
11 236
11 368
11 113
11 379
11 375
11 120
11 251
11 125
12 128
12 257
12 384
12 131
12 390
12 136
12 267
12 143
12 272
12 399
12 146
12 19
12 282
12 28
12 284
12 160
12 34
12 38
12 166
12 181
12 312
12 187
12 189
12 62
12 190
12 66
12 326
12 72
12 201
12 332
12 80
12 341
12 86
12 214
12 88
12 220
12 93
12 94
12 348
12 224
12 356
12 229
12 358
12 103
12 235
12 367
12 117
12 251
13 130
13 131
13 388
13 393
13 285
13 287
13 290
13 163
13 291
13 292
13 294
13 40
13 169
13 44
13 46
13 174
13 303
13 56
13 184
13 186
13 61
13 64
13 65
13 196
13 75
13 334
13 82
13 338
13 87
13 216
13 356
13 103
13 109
13 115
13 117
13 249
13 252
14 261
14 389
14 137
14 139
14 266
14 267
14 142
14 17
14 23
14 151
14 30
14 159
14 32
14 162
14 300
14 307
14 191
14 319
14 322
14 74
14 81
14 82
14 338
14 340
14 85
14 214
14 343
14 349
14 223
14 100
14 358
14 103
14 231
14 105
14 363
14 237
14 112
14 115
14 116
14 372
14 374
14 119
14 378
14 251
15 128
15 259
15 135
15 268
15 399
15 274
15 276
15 296
15 298
15 172
15 302
15 309
15 56
15 57
15 318
15 66
15 76
15 79
15 335
15 210
15 211
15 338
15 89
15 349
15 94
15 95
15 351
15 354
15 108
15 236
15 114
15 245
15 373
15 375
15 249
15 252
15 254
16 134
16 18
16 149
16 25
16 26
16 157
16 160
16 33
16 162
16 289
16 294
16 167
16 296
16 303
16 306
16 180
16 53
16 56
16 187
16 62
16 319
16 321
16 194
16 67
16 195
16 72
16 333
16 340
16 214
16 216
16 346
16 92
16 222
16 97
16 353
16 99
16 361
16 234
16 108
16 242
16 371
16 116
16 117
16 244
16 373
16 374
16 381
16 254
16 255
17 261
17 134
17 138
17 268
17 396
17 25
17 285
17 30
17 37
17 293
17 168
17 169
17 299
17 182
17 311
17 314
17 187
17 188
17 190
17 324
17 74
17 202
17 203
17 336
17 339
17 89
17 349
17 97
17 353
17 232
17 362
17 363
17 364
17 113
17 244
17 246
17 378
17 125
17 127
18 257
18 258
18 265
18 269
18 145
18 272
18 276
18 21
18 26
18 33
18 289
18 291
18 44
18 45
18 172
18 303
18 307
18 53
18 54
18 315
18 64
18 324
18 199
18 72
18 75
18 81
18 97
18 355
18 359
18 110
18 111
18 367
18 241
18 116
18 118
18 125
18 383
19 129
19 259
19 389
19 393
19 139
19 148
19 22
19 282
19 156
19 289
19 37
19 42
19 49
19 305
19 179
19 310
19 320
19 197
19 332
19 81
19 82
19 83
19 86
19 215
19 87
19 217
19 345
19 222
19 361
19 369
19 371
19 118
20 135
20 263
20 393
20 266
20 397
20 144
20 275
20 148
20 21
20 286
20 31
20 287
20 163
20 43
20 300
20 178
20 311
20 186
20 315
20 188
20 60
20 190
20 318
20 64
20 198
20 71
20 327
20 204
20 78
20 340
20 346
20 219
20 95
20 96
20 97
20 224
20 226
20 355
20 357
20 358
20 359
20 242
20 370
21 132
21 138
21 278
21 30
21 290
21 169
21 297
21 173
21 174
21 176
21 178
21 52
21 309
21 183
21 58
21 64
21 324
21 207
21 80
21 82
21 211
21 339
21 340
21 349
21 96
21 99
21 103
21 104
21 105
21 363
21 379
21 254
22 129
22 132
22 141
22 147
22 23
22 153
22 282
22 27
22 288
22 300
22 174
22 48
22 59
22 60
22 69
22 70
22 328
22 334
22 80
22 338
22 346
22 219
22 92
22 352
22 362
22 244
22 118
22 119
22 379
23 132
23 260
23 399
23 272
23 275
23 286
23 287
23 32
23 163
23 293
23 169
23 170
23 46
23 302
23 307
23 308
23 312
23 185
23 187
23 60
23 317
23 190
23 319
23 64
23 66
23 68
23 200
23 202
23 204
23 333
23 334
23 92
23 349
23 230
23 105
23 239
23 244
23 117
23 378
23 382
24 260
24 264
24 393
24 395
24 141
24 145
24 148
24 280
24 153
24 155
24 156
24 163
24 36
24 164
24 295
24 297
24 174
24 176
24 50
24 178
24 52
24 180
24 54
24 307
24 58
24 314
24 62
24 321
24 70
24 337
24 84
24 341
24 342
24 217
24 219
24 220
24 350
24 351
24 224
24 98
24 356
24 102
24 360
24 364
24 368
24 241
24 117
24 375
24 379
25 256
25 386
25 264
25 139
25 268
25 26
25 282
25 283
25 158
25 289
25 305
25 178
25 308
25 181
25 311
25 184
25 330
25 204
25 211
25 85
25 341
25 91
25 92
25 219
25 349
25 225
25 99
25 234
25 362
25 110
25 111
25 238
25 367
25 368
25 369
25 245
25 248
25 121
25 250
25 379
25 124
25 127
26 132
26 389
26 395
26 140
26 269
26 152
26 289
26 162
26 36
26 293
26 294
26 168
26 173
26 175
26 48
26 53
26 69
26 199
26 203
26 76
26 207
26 86
26 342
26 218
26 91
26 221
26 226
26 227
26 354
26 361
26 238
26 248
26 121
26 124
27 390
27 391
27 266
27 395
27 143
27 148
27 150
27 280
27 159
27 288
27 292
27 165
27 300
27 304
27 305
27 56
27 69
27 201
27 336
27 81
27 84
27 216
27 344
27 350
27 225
27 226
27 361
27 238
27 372
27 373
27 121
27 250
27 379
27 254
27 127
28 388
28 265
28 269
28 397
28 271
28 282
28 161
28 169
28 304
28 56
28 193
28 194
28 67
28 328
28 206
28 335
28 83
28 221
28 94
28 95
28 226
28 105
28 243
28 376
28 250
28 381
29 256
29 386
29 399
29 144
29 276
29 281
29 283
29 156
29 162
29 168
29 299
29 44
29 306
29 54
29 56
29 57
29 60
29 191
29 66
29 198
29 328
29 204
29 80
29 83
29 345
29 348
29 98
29 357
29 230
29 103
29 104
29 235
29 113
29 117
29 248
29 121
30 133
30 135
30 146
30 148
30 278
30 280
30 153
30 281
30 286
30 289
30 37
30 293
30 167
30 170
30 302
30 175
30 307
30 308
30 60
30 191
30 323
30 208
30 337
30 214
30 216
30 89
30 91
30 224
30 98
30 99
30 229
30 232
30 360
30 108
30 114
30 244
30 245
30 247
30 255
31 382
31 393
31 138
31 266
31 394
31 142
31 395
31 161
31 35
31 163
31 40
31 168
31 42
31 48
31 57
31 188
31 189
31 190
31 196
31 70
31 327
31 329
31 74
31 331
31 208
31 222
31 351
31 231
31 250
31 240
31 369
31 242
31 372
31 117
31 122
31 254
32 385
32 260
32 134
32 138
32 139
32 276
32 151
32 280
32 33
32 37
32 179
32 311
32 56
32 186
32 314
32 62
32 63
32 192
32 320
32 68
32 69
32 72
32 328
32 341
32 89
32 94
32 224
32 352
32 355
32 107
32 363
32 368
32 113
32 122
32 125
33 129
33 131
33 260
33 137
33 392
33 398
33 272
33 164
33 295
33 300
33 174
33 180
33 181
33 54
33 57
33 314
33 316
33 199
33 72
33 73
33 79
33 211
33 212
33 85
33 88
33 94
33 350
33 98
33 231
33 234
33 365
33 111
33 239
33 250
33 380
34 129
34 388
34 265
34 138
34 268
34 271
34 146
34 276
34 277
34 154
34 287
34 290
34 296
34 171
34 300
34 46
34 306
34 307
34 55
34 184
34 58
34 59
34 60
34 64
34 66
34 331
34 204
34 333
34 81
34 338
34 211
34 340
34 346
34 220
34 349
34 96
34 226
34 230
34 234
34 109
34 110
34 370
34 115
34 374
34 380
34 381
35 262
35 138
35 143
35 272
35 175
35 304
35 49
35 184
35 313
35 60
35 318
35 63
35 65
35 322
35 326
35 333
35 207
35 208
35 336
35 214
35 346
35 347
35 348
35 222
35 353
35 227
35 360
35 234
35 235
35 236
35 110
35 370
35 371
35 248
36 256
36 272
36 151
36 152
36 37
36 38
36 39
36 304
36 305
36 185
36 62
36 324
36 76
36 78
36 79
36 88
36 90
36 94
36 357
36 232
36 365
36 115
36 374
36 120
36 377
36 255
37 258
37 386
37 388
37 261
37 391
37 137
37 145
37 162
37 163
37 39
37 46
37 47
37 174
37 304
37 52
37 185
37 315
37 62
37 194
37 77
37 334
37 335
37 210
37 214
37 88
37 217
37 220
37 358
37 362
37 238
37 241
37 370
37 378
37 123
38 385
38 258
38 263
38 140
38 147
38 153
38 156
38 288
38 166
38 40
38 168
38 42
38 169
38 297
38 303
38 54
38 197
38 326
38 199
38 74
38 80
38 81
38 338
38 342
38 218
38 348
38 350
38 98
38 230
38 358
38 114
38 244
38 123
38 125
39 131
39 260
39 263
39 392
39 268
39 143
39 273
39 276
39 287
39 289
39 164
39 297
39 173
39 177
39 307
39 53
39 183
39 60
39 316
39 194
39 70
39 74
39 80
39 338
39 87
39 343
39 90
39 227
39 356
39 231
39 233
39 364
39 113
39 244
39 249
39 250
40 263
40 393
40 394
40 272
40 286
40 159
40 42
40 299
40 183
40 65
40 322
40 69
40 71
40 72
40 74
40 332
40 335
40 85
40 213
40 217
40 223
40 101
40 231
40 361
40 109
40 110
40 242
40 246
40 374
40 377
40 122
40 252
41 256
41 387
41 132
41 265
41 266
41 139
41 150
41 278
41 161
41 42
41 170
41 44
41 300
41 174
41 50
41 51
41 306
41 187
41 62
41 191
41 68
41 201
41 202
41 210
41 84
41 217
41 348
41 95
41 96
41 224
41 375
41 100
41 234
41 237
41 246
41 119
41 249
42 132
42 261
42 389
42 138
42 139
42 140
42 398
42 148
42 275
42 161
42 291
42 292
42 171
42 59
42 191
42 192
42 65
42 193
42 322
42 324
42 198
42 326
42 202
42 75
42 76
42 331
42 207
42 339
42 224
42 101
42 105
42 108
42 238
42 379
42 372
42 246
42 249
42 378
42 251
42 382
43 132
43 391
43 137
43 141
43 399
43 146
43 274
43 162
43 170
43 299
43 45
43 173
43 47
43 303
43 304
43 60
43 192
43 324
43 329
43 332
43 340
43 91
43 92
43 347
43 95
43 99
43 356
43 357
43 104
43 237
43 238
43 371
43 117
43 249
44 128
44 256
44 389
44 143
44 271
44 280
44 159
44 293
44 166
44 295
44 45
44 55
44 60
44 191
44 319
44 193
44 323
44 203
44 77
44 333
44 207
44 80
44 336
44 83
44 339
44 343
44 344
44 217
44 95
44 225
44 363
44 365
44 366
44 242
44 119
44 253
45 257
45 385
45 386
45 388
45 138
45 155
45 168
45 173
45 47
45 176
45 49
45 307
45 53
45 312
45 62
45 65
45 321
45 327
45 332
45 334
45 210
45 341
45 218
45 352
45 227
45 230
45 358
45 111
45 118
45 247
46 257
46 260
46 135
46 267
46 395
46 396
46 272
46 154
46 285
46 288
46 291
46 167
46 172
46 304
46 52
46 66
46 324
46 325
46 326
46 73
46 75
46 82
46 84
46 214
46 222
46 226
46 362
46 363
46 237
46 116
46 245
46 118
46 248
46 379
46 125
46 126
47 384
47 129
47 389
47 391
47 154
47 285
47 289
47 162
47 166
47 298
47 60
47 61
47 63
47 192
47 323
47 330
47 203
47 332
47 205
47 207
47 336
47 81
47 214
47 88
47 227
47 103
47 363
47 237
47 378
47 242
47 372
47 119
47 249
47 250
47 379
47 381
48 258
48 387
48 263
48 264
48 268
48 148
48 154
48 164
48 169
48 299
48 176
48 307
48 182
48 310
48 184
48 195
48 323
48 73
48 79
48 337
48 338
48 345
48 98
48 357
48 102
48 231
48 360
48 106
48 365
48 239
48 240
48 375
48 250
48 382
49 388
49 391
49 268
49 273
49 275
49 278
49 286
49 289
49 165
49 168
49 297
49 170
49 173
49 175
49 52
49 309
49 54
49 56
49 189
49 191
49 192
49 63
49 321
49 67
49 196
49 322
49 329
49 330
49 76
49 332
49 342
49 89
49 90
49 225
49 226
49 231
49 364
49 365
49 239
49 115
49 123
50 270
50 281
50 154
50 291
50 296
50 297
50 178
50 56
50 312
50 62
50 191
50 64
50 196
50 326
50 201
50 329
50 332
50 208
50 84
50 212
50 88
50 218
50 219
50 350
50 223
50 224
50 352
50 353
50 358
50 361
50 108
50 364
50 241
50 371
50 249
50 251
50 252
50 125
51 130
51 131
51 259
51 261
51 390
51 145
51 273
51 151
51 286
51 289
51 165
51 303
51 305
51 178
51 52
51 308
51 54
51 310
51 184
51 69
51 77
51 337
51 343
51 218
51 220
51 353
51 227
51 356
51 230
51 103
51 364
51 238
51 374
51 249
51 253
51 127
52 257
52 386
52 262
52 135
52 393
52 266
52 140
52 273
52 274
52 282
52 181
52 310
52 184
52 185
52 186
52 61
52 62
52 318
52 196
52 72
52 200
52 201
52 338
52 213
52 214
52 218
52 219
52 92
52 94
52 101
52 104
52 105
52 106
52 235
52 108
52 111
52 112
52 116
52 253
53 382
53 131
53 261
53 392
53 393
53 147
53 156
53 168
53 300
53 177
53 182
53 185
53 314
53 59
53 315
53 316
53 192
53 320
53 66
53 202
53 79
53 80
53 207
53 337
53 214
53 216
53 218
53 91
53 219
53 351
53 227
53 100
53 356
53 234
53 363
53 367
53 119
53 126
54 136
54 264
54 396
54 272
54 154
54 156
54 165
54 293
54 168
54 294
54 295
54 298
54 173
54 303
54 304
54 177
54 179
54 311
54 184
54 315
54 64
54 194
54 323
54 196
54 69
54 326
54 199
54 204
54 78
54 338
54 213
54 345
54 218
54 348
54 349
54 357
54 109
54 365
54 367
54 255
55 128
55 257
55 275
55 279
55 154
55 283
55 294
55 167
55 300
55 301
55 177
55 183
55 204
55 85
55 217
55 94
55 355
55 100
55 358
55 362
55 364
55 113
55 371
55 372
55 377
55 127
56 128
56 267
56 145
56 271
56 272
56 274
56 149
56 151
56 279
56 281
56 293
56 296
56 298
56 305
56 58
56 68
56 325
56 206
56 80
56 338
56 85
56 215
56 217
56 346
56 91
56 350
56 224
56 225
56 356
56 231
56 235
56 108
56 367
56 240
56 371
56 246
56 376
56 122
57 260
57 390
57 146
57 274
57 149
57 152
57 295
57 296
57 301
57 174
57 308
57 310
57 62
57 192
57 324
57 204
57 77
57 337
57 340
57 342
57 91
57 221
57 352
57 98
57 227
57 362
57 378
57 251
58 256
58 257
58 385
58 131
58 260
58 386
58 139
58 269
58 272
58 274
58 155
58 305
58 178
58 311
58 313
58 314
58 60
58 62
58 320
58 66
58 329
58 77
58 208
58 338
58 342
58 87
58 92
58 225
58 358
58 234
58 109
58 371
58 246
58 376
58 121
58 126
59 134
59 394
59 270
59 398
59 150
59 159
59 289
59 170
59 302
59 317
59 318
59 319
59 66
59 323
59 200
59 201
59 202
59 204
59 211
59 85
59 213
59 341
59 88
59 343
59 224
59 226
59 355
59 228
59 239
59 371
59 247
59 249
59 378
59 381
60 256
60 139
60 275
60 163
60 291
60 171
60 300
60 176
60 309
60 185
60 186
60 195
60 325
60 328
60 201
60 74
60 79
60 80
60 336
60 90
60 93
60 223
60 224
60 228
60 106
60 238
60 111
60 371
60 118
60 249
60 255
61 260
61 395
61 144
61 146
61 150
61 160
61 165
61 293
61 171
61 304
61 178
61 179
61 319
61 64
61 195
61 69
61 327
61 203
61 81
61 254
61 219
61 348
61 375
61 105
61 109
61 238
61 118
61 247
61 248
61 378
61 253
61 126
62 257
62 266
62 269
62 142
62 280
62 283
62 160
62 299
62 312
62 186
62 313
62 63
62 65
62 321
62 68
62 330
62 331
62 204
62 83
62 348
62 221
62 227
62 228
62 102
62 230
62 237
62 366
62 113
62 369
62 115
62 125
62 127
63 384
63 260
63 267
63 140
63 143
63 273
63 148
63 277
63 281
63 284
63 285
63 295
63 300
63 173
63 174
63 302
63 306
63 308
63 310
63 313
63 188
63 204
63 77
63 81
63 85
63 87
63 216
63 89
63 219
63 353
63 101
63 102
63 358
63 360
63 236
63 237
63 372
63 118
63 247
63 250
63 127
64 256
64 384
64 130
64 258
64 134
64 262
64 136
64 391
64 267
64 142
64 270
64 147
64 283
64 292
64 297
64 309
64 187
64 315
64 190
64 68
64 325
64 330
64 333
64 206
64 79
64 86
64 87
64 348
64 94
64 351
64 375
64 98
64 103
64 233
64 362
64 363
64 236
64 109
64 237
64 239
64 240
64 115
64 371
64 247
64 120
64 249
64 378
65 260
65 390
65 140
65 269
65 396
65 398
65 155
65 300
65 305
65 180
65 182
65 310
65 312
65 318
65 192
65 67
65 326
65 75
65 81
65 343
65 345
65 220
65 221
65 93
65 349
65 350
65 352
65 361
65 363
65 364
65 112
65 249
65 250
65 253
65 126
66 386
66 133
66 391
66 142
66 270
66 147
66 277
66 152
66 280
66 294
66 186
66 189
66 190
66 191
66 314
66 196
66 203
66 77
66 207
66 80
66 338
66 83
66 215
66 345
66 225
66 226
66 108
66 368
66 381
66 373
66 374
66 378
66 125
67 257
67 259
67 398
67 399
67 280
67 287
67 165
67 295
67 175
67 305
67 185
67 315
67 189
67 317
67 318
67 321
67 323
67 68
67 209
67 337
67 339
67 340
67 341
67 88
67 222
67 95
67 350
67 108
67 110
67 112
67 369
67 242
67 373
67 249
67 123
67 124
67 254
68 257
68 258
68 261
68 263
68 136
68 393
68 267
68 398
68 145
68 279
68 283
68 286
68 288
68 165
68 169
68 302
68 305
68 180
68 182
68 330
68 344
68 217
68 220
68 97
68 105
68 234
68 364
68 242
68 254
68 127
69 128
69 131
69 134
69 267
69 270
69 147
69 284
69 158
69 288
69 170
69 192
69 332
69 77
69 337
69 210
69 218
69 98
69 99
69 103
69 359
69 233
69 239
69 241
69 245
69 373
70 256
70 382
70 260
70 136
70 138
70 268
70 142
70 154
70 158
70 296
70 298
70 173
70 174
70 302
70 176
70 177
70 180
70 316
70 189
70 322
70 79
70 209
70 338
70 339
70 86
70 87
70 219
70 355
70 104
70 232
70 363
70 109
70 114
70 243
70 374
70 375
70 249
70 123
70 253
70 126
71 258
71 388
71 266
71 274
71 283
71 160
71 161
71 163
71 294
71 185
71 187
71 195
71 196
71 328
71 204
71 80
71 210
71 87
71 223
71 231
71 360
71 362
71 236
71 237
71 238
71 246
71 248
71 249
72 129
72 259
72 388
72 262
72 392
72 399
72 144
72 288
72 296
72 172
72 308
72 187
72 319
72 198
72 73
72 341
72 215
72 346
72 102
72 234
72 110
72 371
72 247
72 121
72 125
72 127
73 386
73 389
73 135
73 265
73 398
73 399
73 163
73 297
73 300
73 301
73 186
73 187
73 314
73 192
73 198
73 200
73 201
73 334
73 82
73 212
73 215
73 92
73 352
73 229
73 230
73 108
73 109
73 239
73 371
73 244
73 120
73 249
73 381
74 256
74 384
74 388
74 390
74 265
74 140
74 152
74 280
74 166
74 168
74 172
74 185
74 187
74 76
74 81
74 337
74 212
74 341
74 220
74 349
74 96
74 354
74 358
74 363
74 378
74 245
74 380
74 122
74 123
74 124
75 257
75 137
75 280
75 290
75 165
75 309
75 184
75 185
75 312
75 315
75 189
75 195
75 202
75 76
75 208
75 209
75 336
75 83
75 343
75 219
75 220
75 95
75 230
75 108
75 239
75 247
76 128
76 261
76 390
76 392
76 138
76 270
76 398
76 154
76 159
76 160
76 288
76 165
76 166
76 295
76 298
76 300
76 177
76 310
76 188
76 320
76 329
76 203
76 208
76 336
76 212
76 342
76 87
76 88
76 216
76 348
76 221
76 233
76 364
76 112
76 113
76 240
76 245
76 376
76 377
76 252
77 256
77 132
77 387
77 388
77 396
77 397
77 272
77 277
77 280
77 154
77 283
77 156
77 158
77 286
77 160
77 299
77 174
77 302
77 304
77 328
77 80
77 212
77 345
77 92
77 97
77 107
77 363
77 366
77 117
77 247
77 249
77 124
77 253
78 128
78 131
78 134
78 135
78 145
78 277
78 152
78 291
78 173
78 302
78 303
78 176
78 177
78 304
78 182
78 312
78 185
78 322
78 326
78 80
78 338
78 87
78 218
78 220
78 93
78 98
78 354
78 358
78 104
78 233
78 363
78 365
78 110
78 366
78 251
78 124
79 257
79 136
79 266
79 140
79 141
79 270
79 143
79 145
79 283
79 285
79 158
79 168
79 172
79 173
79 301
79 306
79 180
79 310
79 320
79 200
79 206
79 209
79 338
79 339
79 85
79 95
79 226
79 228
79 356
79 363
79 108
79 236
79 365
79 117
79 118
79 373
79 251
79 124
80 128
80 394
80 278
80 154
80 288
80 167
80 294
80 301
80 303
80 306
80 308
80 193
80 325
80 86
80 214
80 343
80 344
80 247
80 358
80 231
80 108
80 238
80 368
80 242
80 119
81 129
81 385
81 389
81 264
81 141
81 269
81 272
81 149
81 152
81 161
81 162
81 291
81 296
81 302
81 305
81 178
81 184
81 315
81 317
81 193
81 198
81 328
81 343
81 219
81 93
81 354
81 355
81 100
81 232
81 362
81 363
81 240
81 368
81 114
81 243
81 245
82 140
82 143
82 271
82 273
82 153
82 169
82 305
82 180
82 310
82 314
82 316
82 320
82 197
82 333
82 335
82 337
82 83
82 215
82 218
82 349
82 225
82 98
82 103
82 233
82 238
82 116
82 252
82 254
83 384
83 385
83 259
83 391
83 394
83 140
83 142
83 146
83 282
83 155
83 287
83 291
83 172
83 193
83 194
83 196
83 325
83 326
83 205
83 333
83 350
83 104
83 111
83 114
83 243
83 372
83 252
83 383
84 256
84 388
84 133
84 272
84 148
84 151
84 280
84 283
84 161
84 168
84 299
84 179
84 308
84 187
84 192
84 320
84 325
84 205
84 87
84 216
84 349
84 222
84 94
84 229
84 102
84 357
84 104
84 234
84 114
84 374
84 382
85 265
85 266
85 393
85 395
85 397
85 152
85 169
85 298
85 173
85 188
85 198
85 199
85 328
85 340
85 216
85 217
85 347
85 221
85 234
85 362
85 109
85 240
85 375
85 376
85 122
86 385
86 273
86 275
86 284
86 290
86 163
86 298
86 176
86 182
86 184
86 186
86 325
86 200
86 328
86 202
86 329
86 334
86 337
86 343
86 225
86 99
86 227
86 358
86 106
86 111
86 240
86 376
86 382
87 385
87 133
87 265
87 270
87 273
87 283
87 159
87 292
87 169
87 297
87 302
87 303
87 184
87 313
87 186
87 187
87 188
87 316
87 320
87 198
87 200
87 337
87 212
87 217
87 347
87 348
87 349
87 98
87 226
87 230
87 359
87 104
87 109
87 368
87 242
87 249
87 250
87 124
87 254
88 129
88 134
88 393
88 144
88 149
88 155
88 298
88 181
88 194
88 197
88 198
88 328
88 334
88 208
88 344
88 346
88 348
88 227
88 358
88 108
88 241
88 369
88 243
88 370
88 379
88 382
89 258
89 386
89 388
89 262
89 265
89 268
89 143
89 152
89 280
89 281
89 287
89 170
89 174
89 304
89 186
89 315
89 192
89 200
89 330
89 212
89 343
89 345
89 349
89 94
89 355
89 101
89 359
89 238
89 111
89 366
89 373
89 378
89 123
89 382
90 256
90 129
90 135
90 136
90 263
90 393
90 139
90 148
90 276
90 162
90 292
90 295
90 299
90 307
90 183
90 184
90 323
90 196
90 201
90 207
90 339
90 340
90 346
90 107
90 366
90 239
90 114
90 119
90 251
91 129
91 260
91 277
91 150
91 155
91 293
91 297
91 170
91 171
91 300
91 174
91 302
91 177
91 307
91 183
91 324
91 327
91 202
91 205
91 211
91 215
91 216
91 343
91 220
91 96
91 100
91 102
91 104
91 361
91 234
91 362
91 113
91 369
91 245
91 120
91 377
91 251
92 128
92 256
92 258
92 384
92 388
92 263
92 266
92 391
92 280
92 286
92 290
92 167
92 169
92 303
92 179
92 308
92 190
92 213
92 344
92 345
92 97
92 358
92 361
92 362
92 235
92 108
92 236
92 377
92 251
92 112
92 367
92 114
92 244
92 372
92 120
92 249
92 123
92 380
93 387
93 264
93 269
93 398
93 271
93 399
93 151
93 286
93 288
93 164
93 175
93 178
93 182
93 314
93 335
93 214
93 219
93 220
93 98
93 102
93 231
93 232
93 105
93 111
93 367
93 114
93 115
93 246
93 249
93 125
93 254
93 255
94 256
94 258
94 131
94 259
94 133
94 137
94 393
94 271
94 272
94 273
94 274
94 285
94 166
94 190
94 192
94 325
94 217
94 219
94 353
94 98
94 226
94 228
94 101
94 358
94 103
94 111
94 240
94 371
94 245
94 119
94 249
94 251
95 128
95 256
95 260
95 388
95 277
95 281
95 309
95 182
95 312
95 187
95 188
95 196
95 207
95 215
95 352
95 97
95 228
95 102
95 103
95 111
95 112
95 240
95 371
95 118
95 374
95 120
96 129
96 130
96 258
96 388
96 261
96 390
96 392
96 265
96 138
96 272
96 276
96 156
96 157
96 286
96 166
96 169
96 304
96 317
96 320
96 325
96 201
96 202
96 330
96 207
96 337
96 210
96 211
96 101
96 114
96 371
96 244
96 250
96 124
96 382
97 384
97 393
97 269
97 398
97 143
97 297
97 301
97 303
97 308
97 185
97 314
97 206
97 210
97 349
97 358
97 107
97 235
97 123
97 113
97 121
97 122
97 251
97 127
98 128
98 385
98 134
98 392
98 138
98 394
98 395
98 277
98 280
98 292
98 297
98 175
98 313
98 188
98 203
98 342
98 216
98 343
98 349
98 350
98 225
98 101
98 359
98 362
98 107
98 111
98 242
98 115
98 126
99 134
99 281
99 157
99 160
99 288
99 289
99 290
99 291
99 299
99 302
99 183
99 313
99 322
99 329
99 204
99 205
99 332
99 335
99 208
99 337
99 349
99 351
99 353
99 100
99 102
99 231
99 370
99 115
99 376
100 392
100 271
100 278
100 279
100 157
100 288
100 289
100 292
100 165
100 169
100 171
100 298
100 173
100 185
100 318
100 322
100 201
100 205
100 361
100 244
100 376
101 133
101 139
101 395
101 148
101 281
101 155
101 284
101 289
101 296
101 298
101 300
101 304
101 177
101 312
101 322
101 329
101 209
101 341
101 119
101 357
101 230
101 103
101 107
101 238
101 378
101 246
101 247
101 250
101 254
102 263
102 391
102 395
102 268
102 150
102 278
102 279
102 288
102 165
102 294
102 168
102 297
102 298
102 171
102 172
102 301
102 303
102 304
102 305
102 310
102 183
102 312
102 327
102 337
102 213
102 347
102 221
102 226
102 354
102 103
102 106
102 242
102 370
102 252
102 379
102 124
102 381
102 254
103 257
103 139
103 140
103 268
103 272
103 274
103 284
103 289
103 293
103 315
103 190
103 196
103 201
103 203
103 204
103 335
103 346
103 348
103 221
103 222
103 226
103 360
103 111
103 239
103 241
103 372
103 379
103 380
104 131
104 263
104 268
104 147
104 290
104 292
104 168
104 189
104 318
104 321
104 209
104 338
104 217
104 359
104 105
104 377
104 239
104 240
104 113
104 114
104 241
104 373
104 121
104 378
105 261
105 284
105 287
105 161
105 162
105 291
105 305
105 181
105 308
105 310
105 328
105 331
105 204
105 205
105 340
105 343
105 108
105 109
105 110
105 364
105 367
105 372
105 245
105 123
106 134
106 383
106 392
106 394
106 271
106 272
106 154
106 157
106 294
106 304
106 180
106 311
106 191
106 328
106 202
106 211
106 221
106 225
106 229
106 363
106 236
106 238
106 113
106 381
106 371
106 245
106 375
106 124
106 253
106 127
107 259
107 391
107 136
107 139
107 267
107 399
107 146
107 277
107 283
107 164
107 295
107 174
107 305
107 312
107 319
107 199
107 331
107 344
107 222
107 353
107 230
107 366
107 369
107 371
107 116
107 246
107 248
107 378
108 257
108 393
108 266
108 267
108 144
108 271
108 277
108 280
108 281
108 290
108 163
108 291
108 165
108 170
108 300
108 179
108 186
108 318
108 197
108 206
108 340
108 213
108 343
108 346
108 351
108 225
108 227
108 243
108 246
108 247
108 381
108 126
109 128
109 142
109 270
109 145
109 274
109 279
109 161
109 296
109 315
109 188
109 189
109 190
109 318
109 326
109 337
109 210
109 216
109 217
109 347
109 348
109 227
109 111
109 112
109 244
109 247
109 127
110 128
110 131
110 259
110 133
110 134
110 267
110 149
110 152
110 280
110 155
110 166
110 296
110 299
110 300
110 174
110 302
110 180
110 309
110 315
110 190
110 319
110 326
110 207
110 208
110 211
110 354
110 357
110 230
110 232
110 250
110 248
110 121
110 122
110 123
110 381
111 384
111 134
111 135
111 391
111 137
111 269
111 397
111 145
111 151
111 283
111 165
111 297
111 301
111 306
111 184
111 313
111 186
111 187
111 190
111 338
111 217
111 218
111 347
111 359
111 363
111 247
111 122
111 123
111 383
112 388
112 147
112 162
112 163
112 165
112 166
112 168
112 303
112 304
112 315
112 194
112 335
112 213
112 239
112 243
112 377
112 123
112 253
113 386
113 262
113 135
113 383
113 390
113 138
113 392
113 270
113 144
113 284
113 157
113 160
113 295
113 296
113 302
113 309
113 317
113 194
113 327
113 200
113 328
113 339
113 340
113 345
113 347
113 348
113 351
113 375
113 353
113 227
113 235
113 369
113 244
113 247
113 250
113 382
113 127
114 386
114 136
114 392
114 268
114 144
114 277
114 279
114 155
114 287
114 289
114 163
114 166
114 294
114 298
114 301
114 309
114 185
114 315
114 319
114 196
114 336
114 209
114 210
114 340
114 342
114 222
114 357
114 236
114 367
114 240
114 374
114 120
114 127
115 384
115 386
115 259
115 261
115 142
115 270
115 276
115 278
115 287
115 288
115 162
115 178
115 309
115 313
115 195
115 205
115 207
115 211
115 341
115 217
115 218
115 348
115 355
115 230
115 360
115 233
115 366
115 239
115 370
115 371
115 372
115 376
115 378
115 123
116 257
116 261
116 394
116 140
116 268
116 273
116 146
116 275
116 285
116 288
116 294
116 302
116 184
116 318
116 196
116 326
116 199
116 327
116 204
116 338
116 340
116 214
116 362
116 242
116 371
116 244
116 246
116 376
116 378
117 140
117 288
117 161
117 290
117 163
117 293
117 167
117 302
117 303
117 307
117 310
117 312
117 188
117 321
117 322
117 324
117 337
117 346
117 224
117 366
117 379
117 380
117 127
118 130
118 259
118 386
118 261
118 392
118 270
118 292
118 299
118 305
118 180
118 314
118 187
118 189
118 197
118 200
118 331
118 209
118 340
118 213
118 219
118 221
118 226
118 358
118 359
118 360
118 363
118 247
118 249
118 123
119 256
119 385
119 135
119 394
119 143
119 144
119 398
119 148
119 151
119 153
119 282
119 156
119 163
119 170
119 178
119 199
119 327
119 331
119 205
119 335
119 209
119 210
119 339
119 214
119 221
119 231
119 363
119 236
119 243
119 371
119 245
119 374
120 128
120 386
120 261
120 134
120 263
120 390
120 266
120 270
120 275
120 166
120 176
120 180
120 199
120 327
120 335
120 350
120 357
120 233
120 238
120 239
120 369
120 245
120 373
120 121
120 383
121 387
121 388
121 133
121 263
121 391
121 144
121 156
121 281
121 284
121 285
121 163
121 296
121 300
121 303
121 186
121 318
121 191
121 193
121 322
121 327
121 342
121 346
121 219
121 223
121 225
121 353
121 229
121 361
121 238
121 367
121 378
121 253
122 262
122 393
122 268
122 144
122 149
122 287
122 306
122 308
122 181
122 310
122 188
122 195
122 332
122 337
122 212
122 342
122 215
122 222
122 350
122 351
122 235
122 238
122 239
122 377
122 379
123 384
123 133
123 393
123 267
123 149
123 150
123 284
123 164
123 296
123 299
123 174
123 179
123 321
123 196
123 334
123 213
123 342
123 216
123 218
123 223
123 225
123 226
123 354
123 230
123 363
123 237
123 370
123 374
123 251
123 126
123 127
124 132
124 260
124 394
124 140
124 274
124 151
124 280
124 286
124 174
124 182
124 311
124 322
124 328
124 201
124 206
124 209
124 341
124 342
124 345
124 352
124 230
124 359
124 236
124 372
124 245
124 252
125 129
125 135
125 265
125 394
125 272
125 276
125 149
125 157
125 285
125 159
125 304
125 178
125 311
125 317
125 191
125 192
125 218
125 219
125 350
125 237
125 372
125 245
125 250
126 258
126 264
126 139
126 397
126 270
126 152
126 280
126 156
126 292
126 294
126 295
126 174
126 303
126 304
126 184
126 189
126 323
126 199
126 200
126 201
126 338
126 211
126 348
126 228
126 359
126 369
126 379
126 245
127 256
127 384
127 268
127 269
127 397
127 398
127 278
127 287
127 291
127 294
127 167
127 299
127 308
127 313
127 188
127 317
127 318
127 319
127 196
127 200
127 202
127 328
127 206
127 344
127 222
127 357
127 233
127 361
127 363
127 238
127 365
128 129
128 385
128 260
128 262
128 289
128 167
128 297
128 308
128 314
128 320
128 322
128 327
128 338
128 340
128 355
128 228
128 361
128 363
128 364
128 237
128 367
128 369
128 373
128 375
128 255
129 259
129 135
129 395
129 141
129 271
129 145
129 277
129 151
129 160
129 292
129 167
129 168
129 302
129 178
129 315
129 320
129 205
129 333
129 342
129 217
129 219
129 220
129 225
129 231
129 235
129 365
129 366
129 247
130 387
130 392
130 140
130 142
130 143
130 144
130 153
130 157
130 290
130 294
130 305
130 190
130 323
130 330
130 205
130 216
130 344
130 221
130 352
130 230
130 368
130 241
130 245
130 377
130 382
131 132
131 144
131 145
131 277
131 280
131 282
131 285
131 163
131 167
131 169
131 170
131 171
131 172
131 301
131 178
131 184
131 185
131 187
131 194
131 199
131 328
131 210
131 211
131 342
131 343
131 224
131 227
131 358
131 234
131 242
131 370
131 373
131 378
131 253
132 385
132 390
132 391
132 139
132 398
132 271
132 146
132 153
132 165
132 294
132 172
132 173
132 184
132 315
132 316
132 189
132 197
132 330
132 332
132 212
132 341
132 343
132 223
132 352
132 357
132 238
132 381
132 252
132 253
133 385
133 264
133 393
133 397
133 270
133 145
133 277
133 152
133 153
133 285
133 297
133 175
133 305
133 307
133 181
133 312
133 314
133 325
133 327
133 328
133 222
133 233
134 257
134 395
134 396
134 147
134 148
134 279
134 154
134 159
134 291
134 295
134 302
134 178
134 307
134 311
134 188
134 189
134 191
134 321
134 204
134 339
134 342
134 228
134 354
134 359
134 236
134 366
134 246
134 252
134 255
135 256
135 385
135 392
135 268
135 144
135 153
135 282
135 283
135 164
135 295
135 296
135 298
135 173
135 186
135 187
135 189
135 327
135 205
135 337
135 210
135 342
135 346
135 348
135 223
135 229
135 360
135 369
135 370
135 246
135 374
135 250
135 382
136 384
136 143
136 282
136 156
136 160
136 166
136 294
136 168
136 297
136 170
136 304
136 305
136 178
136 307
136 185
136 197
136 203
136 333
136 345
136 219
136 349
136 352
136 226
136 229
136 358
136 360
137 261
137 264
137 392
137 144
137 274
137 148
137 149
137 288
137 165
137 293
137 296
137 177
137 179
137 308
137 309
137 310
137 189
137 195
137 198
137 333
137 334
137 213
137 221
137 350
137 358
137 232
137 233
137 360
137 252
138 257
138 263
138 264
138 393
138 266
138 397
138 142
138 144
138 153
138 282
138 155
138 287
138 289
138 168
138 170
138 300
138 179
138 307
138 182
138 313
138 186
138 320
138 201
138 204
138 206
138 337
138 339
138 217
138 223
138 228
138 361
138 237
138 241
138 379
139 385
139 258
139 397
139 147
139 278
139 156
139 289
139 173
139 306
139 308
139 312
139 196
139 197
139 201
139 203
139 204
139 338
139 344
139 356
139 362
139 365
139 239
139 367
139 243
139 248
139 377
139 383
140 269
140 397
140 147
140 154
140 164
140 296
140 169
140 174
140 176
140 177
140 187
140 324
140 326
140 327
140 214
140 342
140 217
140 355
140 228
140 234
140 372
140 381
140 254
140 255
141 385
141 386
141 264
141 265
141 268
141 289
141 292
141 298
141 180
141 181
141 310
141 186
141 192
141 198
141 326
141 204
141 334
141 209
141 356
141 245
142 262
142 263
142 390
142 395
142 270
142 274
142 275
142 284
142 157
142 159
142 293
142 297
142 170
142 298
142 173
142 183
142 312
142 313
142 186
142 187
142 195
142 201
142 204
142 209
142 337
142 212
142 216
142 348
142 229
142 360
142 361
142 238
142 369
142 373
142 246
142 248
142 250
142 379
142 253
142 383
143 388
143 398
143 273
143 276
143 279
143 153
143 154
143 284
143 293
143 166
143 295
143 297
143 300
143 174
143 306
143 182
143 206
143 337
143 214
143 343
143 344
143 375
143 225
143 226
143 355
143 229
143 238
143 242
143 370
143 245
143 373
143 379
144 260
144 385
144 397
144 147
144 148
144 152
144 284
144 169
144 173
144 206
144 338
144 375
144 227
144 229
144 251
144 253
144 254
145 260
145 262
145 275
145 280
145 164
145 165
145 172
145 302
145 176
145 307
145 183
145 313
145 319
145 197
145 198
145 200
145 201
145 203
145 204
145 331
145 333
145 336
145 217
145 224
145 231
145 361
145 234
145 377
145 240
145 249
145 252
146 260
146 262
146 266
146 270
146 399
146 274
146 287
146 291
146 294
146 168
146 296
146 175
146 304
146 309
146 185
146 315
146 318
146 319
146 333
146 334
146 336
146 340
146 215
146 355
146 228
146 242
146 371
146 248
146 379
147 256
147 385
147 389
147 393
147 269
147 274
147 275
147 152
147 288
147 161
147 293
147 300
147 302
147 178
147 310
147 189
147 190
147 196
147 328
147 329
147 335
147 210
147 339
147 345
147 221
147 225
147 237
148 258
148 386
148 265
148 399
148 164
148 166
148 169
148 170
148 171
148 172
148 173
148 307
148 189
148 198
148 199
148 206
148 219
148 348
148 221
148 226
148 229
148 360
148 237
148 368
148 369
148 249
148 253
149 267
149 279
149 282
149 157
149 159
149 289
149 164
149 292
149 178
149 312
149 314
149 327
149 206
149 334
149 339
149 215
149 344
149 347
149 231
149 232
149 360
149 234
149 369
149 243
149 375
149 248
149 382
150 266
150 397
150 284
150 162
150 292
150 176
150 305
150 306
150 311
150 327
150 202
150 340
150 215
150 380
151 263
151 393
151 273
151 153
151 283
151 160
151 295
151 175
151 178
151 312
151 325
151 206
151 209
151 348
151 226
151 357
151 358
151 361
151 378
151 240
151 369
151 252
151 245
151 250
151 255
152 388
152 399
152 272
152 155
152 285
152 163
152 174
152 177
152 306
152 180
152 309
152 188
152 321
152 324
152 330
152 333
152 209
152 223
152 225
152 358
152 236
152 239
152 240
152 375
152 250
152 381
152 255
153 285
153 159
153 161
153 302
153 305
153 186
153 189
153 317
153 210
153 339
153 341
153 217
153 222
153 351
153 236
153 366
153 242
153 373
153 377
154 395
154 399
154 277
154 280
154 285
154 159
154 292
154 171
154 303
154 306
154 311
154 328
154 330
154 335
154 336
154 338
154 340
154 217
154 360
154 361
154 365
154 375
154 249
154 379
154 252
154 381
154 383
155 386
155 388
155 389
155 277
155 281
155 282
155 172
155 303
155 307
155 185
155 313
155 193
155 210
155 212
155 339
155 349
155 355
155 362
155 239
155 370
155 372
155 248
156 264
156 278
156 281
156 288
156 298
156 306
156 307
156 185
156 192
156 321
156 195
156 197
156 247
156 351
156 225
156 355
156 240
156 371
156 372
156 251
156 381
156 255
157 388
157 389
157 264
157 392
157 269
157 279
157 289
157 163
157 170
157 171
157 302
157 303
157 306
157 309
157 183
157 318
157 191
157 321
157 322
157 325
157 332
157 205
157 217
157 347
157 224
157 234
157 367
157 247
158 384
158 395
158 159
158 291
158 296
158 297
158 299
158 300
158 301
158 317
158 337
158 215
158 219
158 227
158 240
158 243
158 373
158 247
158 250
158 254
159 256
159 261
159 263
159 389
159 269
159 271
159 397
159 283
159 294
159 167
159 177
159 191
159 322
159 198
159 202
159 206
159 339
159 343
159 348
159 353
159 236
159 238
159 366
159 244
159 246
160 388
160 389
160 263
160 390
160 394
160 399
160 275
160 284
160 290
160 165
160 166
160 296
160 172
160 181
160 183
160 187
160 321
160 214
160 345
160 346
160 219
160 348
160 224
160 229
160 234
160 371
160 379
160 378
160 251
160 380
160 383
161 256
161 395
161 268
161 398
161 271
161 272
161 279
161 285
161 178
161 309
161 182
161 185
161 316
161 195
161 324
161 199
161 329
161 208
161 211
161 212
161 342
161 218
161 222
161 356
161 229
161 235
161 365
161 370
161 246
161 380
161 255
162 394
162 267
162 277
162 280
162 294
162 301
162 174
162 184
162 189
162 322
162 325
162 331
162 332
162 217
162 220
162 224
162 363
162 373
162 250
163 385
163 386
163 264
163 393
163 267
163 274
163 275
163 280
163 286
163 292
163 170
163 299
163 303
163 178
163 313
163 192
163 336
163 209
163 338
163 211
163 216
163 346
163 249
163 357
163 358
163 364
163 254
164 256
164 386
164 390
164 263
164 399
164 279
164 284
164 289
164 292
164 168
164 303
164 308
164 183
164 185
164 186
164 189
164 318
164 192
164 199
164 345
164 347
164 352
164 225
164 226
164 229
164 237
164 251
164 371
164 245
165 269
165 289
165 290
165 291
165 167
165 300
165 301
165 177
165 192
165 194
165 196
165 326
165 202
165 331
165 333
165 334
165 342
165 219
165 220
165 347
165 222
165 234
165 237
165 365
165 241
165 248
165 249
165 251
165 381
166 385
166 264
166 283
166 284
166 286
166 295
166 170
166 301
166 175
166 176
166 310
166 311
166 184
166 315
166 190
166 319
166 193
166 321
166 333
166 211
166 348
166 224
166 248
166 355
166 228
166 361
166 235
166 365
166 367
166 243
166 247
166 251
167 384
167 386
167 390
167 392
167 268
167 279
167 293
167 170
167 298
167 172
167 299
167 184
167 187
167 320
167 201
167 206
167 211
167 212
167 213
167 214
167 343
167 348
167 363
167 240
167 371
167 374
167 380
168 385
168 388
168 390
168 274
168 279
168 295
168 170
168 172
168 303
168 191
168 322
168 325
168 332
168 334
168 338
168 217
168 348
168 230
168 234
168 246
168 379
168 255
169 258
169 389
169 263
169 392
169 297
169 170
169 304
169 308
169 313
169 324
169 202
169 335
169 341
169 347
169 353
169 232
169 236
169 238
169 367
169 242
169 377
169 382
170 257
170 387
170 388
170 389
170 396
170 271
170 281
170 188
170 316
170 190
170 192
170 329
170 204
170 333
170 337
170 211
170 340
170 215
170 352
170 226
170 227
170 255
171 260
171 267
171 268
171 289
171 297
171 301
171 310
171 183
171 184
171 311
171 189
171 321
171 324
171 201
171 203
171 206
171 344
171 220
171 359
171 239
171 241
171 243
171 372
171 247
171 249
172 257
172 390
172 270
172 277
172 301
172 193
172 329
172 203
172 339
172 227
172 233
172 239
172 370
172 375
173 257
173 282
173 178
173 183
173 319
173 193
173 325
173 336
173 345
173 219
173 227
173 356
173 357
173 243
173 247
174 384
174 387
174 275
174 284
174 293
174 307
174 181
174 183
174 311
174 186
174 187
174 322
174 201
174 334
174 207
174 348
174 351
174 357
174 247
174 383
175 256
175 257
175 259
175 388
175 268
175 398
175 276
175 281
175 288
175 291
175 297
175 306
175 308
175 309
175 182
175 183
175 184
175 316
175 323
175 198
175 326
175 200
175 327
175 333
175 336
175 350
175 352
175 235
175 365
175 242
175 371
175 244
175 373
175 377
175 250
175 251
175 380
175 255
176 389
176 391
176 398
176 278
176 288
176 295
176 296
176 297
176 313
176 330
176 211
176 221
176 223
176 224
176 225
176 226
176 232
176 234
176 239
177 388
177 261
177 397
177 283
177 288
177 296
177 297
177 298
177 302
177 303
177 183
177 311
177 316
177 318
177 321
177 323
177 197
177 325
177 326
177 206
177 215
177 347
177 352
177 360
177 235
177 237
177 241
177 242
178 256
178 281
178 306
178 184
178 194
178 324
178 197
178 337
178 342
178 348
178 375
178 228
178 238
178 372
178 376
178 250
179 387
179 388
179 289
179 290
179 299
179 307
179 308
179 182
179 314
179 316
179 189
179 320
179 200
179 328
179 202
179 333
179 348
179 352
179 353
179 240
179 248
179 252
179 381
180 256
180 260
180 397
180 398
180 285
180 185
180 187
180 197
180 206
180 334
180 212
180 346
180 350
180 356
180 362
180 364
180 371
181 384
181 265
181 279
181 296
181 304
181 318
181 201
181 210
181 338
181 340
181 213
181 343
181 344
181 219
181 220
181 227
181 240
181 370
181 244
181 246
182 384
182 280
182 288
182 289
182 188
182 317
182 193
182 325
182 199
182 330
182 333
182 213
182 227
182 234
182 364
182 238
182 240
182 373
182 246
182 248
182 250
183 260
183 387
183 268
183 275
183 278
183 290
183 292
183 294
183 187
183 318
183 319
183 330
183 331
183 333
183 207
183 335
183 351
183 225
183 353
183 354
183 357
183 360
183 369
183 244
183 377
183 252
183 381
184 385
184 386
184 389
184 282
184 309
184 315
184 192
184 328
184 201
184 206
184 224
184 226
184 234
184 240
184 367
184 244
184 246
184 373
185 256
185 257
185 258
185 259
185 260
185 262
185 393
185 266
185 395
185 269
185 281
185 284
185 286
185 292
185 296
185 306
185 194
185 324
185 203
185 335
185 339
185 341
185 353
185 232
185 237
185 367
185 252
186 258
186 263
186 396
186 280
186 282
186 292
186 297
186 189
186 191
186 321
186 196
186 212
186 350
186 353
186 355
186 247
186 250
186 379
187 258
187 259
187 276
187 294
187 192
187 320
187 328
187 330
187 208
187 216
187 217
187 230
187 232
187 364
187 237
187 239
187 244
187 380
187 254
188 257
188 386
188 269
188 287
188 294
188 304
188 313
188 316
188 190
188 321
188 325
188 199
188 338
188 214
188 222
188 233
188 235
188 365
188 241
188 242
188 246
188 252
188 254
189 384
189 386
189 267
189 396
189 274
189 280
189 287
189 305
189 315
189 318
189 192
189 195
189 199
189 202
189 331
189 332
189 207
189 209
189 342
189 216
189 237
189 375
189 380
190 262
190 264
190 269
190 270
190 274
190 278
190 288
190 317
190 194
190 331
190 208
190 210
190 211
190 342
190 347
190 228
190 356
190 378
190 371
190 376
190 250
191 256
191 384
191 398
191 278
191 296
191 303
191 312
191 194
191 324
191 325
191 199
191 202
191 330
191 218
191 346
191 351
191 229
191 364
191 240
191 371
191 373
191 255
192 392
192 270
192 272
192 284
192 288
192 305
192 309
192 316
192 317
192 318
192 195
192 324
192 327
192 200
192 201
192 337
192 210
192 339
192 224
192 233
192 374
193 257
193 387
193 267
193 268
193 286
193 287
193 293
193 295
193 301
193 314
193 316
193 196
193 344
193 218
193 221
193 353
193 228
193 358
193 250
194 256
194 395
194 271
194 272
194 289
194 295
194 312
194 313
194 197
194 198
194 330
194 206
194 340
194 222
194 352
194 353
194 370
194 243
194 252
195 392
195 277
195 280
195 291
195 310
195 318
195 332
195 205
195 225
195 354
195 355
195 230
195 360
195 234
195 364
195 365
195 375
195 376
196 258
196 388
196 272
196 277
196 307
196 314
196 316
196 318
196 325
196 332
196 209
196 339
196 344
196 349
196 226
196 379
196 375
197 258
197 391
197 266
197 267
197 273
197 281
197 313
197 319
197 215
197 221
197 231
197 359
197 236
197 237
197 376
197 382
198 256
198 393
198 269
198 307
198 311
198 312
198 320
198 321
198 324
198 327
198 212
198 213
198 224
198 354
198 228
198 358
198 232
198 248
198 251
199 385
199 382
199 387
199 276
199 281
199 288
199 289
199 299
199 303
199 310
199 321
199 343
199 363
199 237
199 238
199 240
199 373
199 251
199 380
200 388
200 266
200 270
200 399
200 305
200 313
200 321
200 336
200 213
200 216
200 349
200 376
200 359
200 234
200 362
200 365
200 244
200 372
200 246
200 248
201 390
201 273
201 277
201 278
201 306
201 326
201 328
201 337
201 341
201 348
201 223
201 353
201 231
201 234
201 369
201 370
202 385
202 267
202 268
202 273
202 286
202 288
202 293
202 305
202 329
202 210
202 344
202 354
202 355
202 236
202 241
202 242
203 384
203 262
203 383
203 264
203 269
203 399
203 279
203 282
203 284
203 309
203 311
203 335
203 210
203 343
203 219
203 224
203 228
203 359
203 376
203 255
204 261
204 269
204 270
204 275
204 284
204 307
204 321
204 326
204 341
204 214
204 342
204 345
204 347
204 348
204 222
204 225
204 228
204 363
204 242
204 376
204 250
204 254
205 271
205 300
205 308
205 309
205 318
205 320
205 208
205 336
205 337
205 338
205 341
205 344
205 345
205 356
205 240
205 241
205 247
205 248
205 250
206 387
206 388
206 392
206 265
206 396
206 294
206 309
206 315
206 318
206 326
206 214
206 218
206 219
206 346
206 348
206 350
206 352
206 225
206 354
206 228
206 357
206 369
206 371
206 245
206 248
206 377
206 379
206 382
207 389
207 393
207 270
207 276
207 307
207 315
207 327
207 333
207 336
207 345
207 223
207 228
207 230
207 359
207 233
207 374
207 376
208 385
208 259
208 260
208 388
208 395
208 275
208 281
208 284
208 318
208 329
208 344
208 350
208 375
208 363
208 247
209 258
209 390
209 272
209 275
209 276
209 278
209 316
209 327
209 342
209 344
209 375
209 228
209 363
209 236
209 237
209 238
209 364
209 367
209 246
209 379
210 263
210 269
210 398
210 286
210 292
210 294
210 326
210 214
210 215
210 221
210 349
210 361
210 237
210 366
210 371
210 245
210 380
210 254
211 385
211 390
211 263
211 391
211 268
211 289
211 304
211 306
211 340
211 343
211 216
211 225
211 228
211 356
211 358
211 240
211 378
212 384
212 388
212 389
212 265
212 277
212 292
212 314
212 323
212 352
212 358
212 378
212 243
213 396
213 397
213 274
213 276
213 310
213 311
213 318
213 326
213 341
213 347
213 349
213 228
213 238
213 239
213 369
213 383
214 387
214 388
214 283
214 307
214 336
214 346
214 220
214 350
214 353
214 226
214 227
214 361
214 244
214 248
215 270
215 292
215 296
215 309
215 321
215 322
215 332
215 220
215 228
215 361
215 362
215 241
215 245
216 391
216 283
216 293
216 294
216 296
216 297
216 316
216 226
216 228
216 367
216 240
216 374
216 249
217 387
217 267
217 395
217 292
217 293
217 301
217 302
217 310
217 328
217 334
217 341
217 342
217 344
217 223
217 236
217 364
217 375
218 387
218 388
218 390
218 264
218 265
218 274
218 287
218 289
218 294
218 296
218 306
218 308
218 310
218 341
218 344
218 224
218 352
218 229
218 359
218 235
218 363
218 241
218 245
218 380
219 391
219 396
219 272
219 277
219 279
219 309
219 333
219 335
219 347
219 221
219 351
219 225
219 226
219 352
219 355
219 359
219 364
219 240
219 376
220 387
220 392
220 282
220 285
220 337
220 221
220 352
220 226
220 358
220 362
220 239
220 242
220 243
220 246
221 394
221 271
221 275
221 284
221 299
221 303
221 308
221 313
221 324
221 330
221 335
221 341
221 223
221 228
221 239
221 369
221 370
221 378
221 381
221 382
222 392
222 396
222 269
222 276
222 286
222 296
222 302
222 320
222 333
222 335
222 337
222 343
222 352
222 229
222 357
222 250
222 236
222 237
222 365
222 373
222 246
222 377
223 258
223 391
223 393
223 276
223 283
223 298
223 310
223 316
223 319
223 320
223 338
223 344
223 346
223 356
223 357
223 362
223 375
223 251
223 255
224 388
224 262
224 279
224 284
224 286
224 298
224 299
224 350
224 355
224 358
224 234
224 247
224 255
225 265
225 394
225 267
225 268
225 396
225 277
225 279
225 294
225 325
225 341
225 239
225 369
225 244
225 245
225 252
225 382
226 387
226 265
226 266
226 275
226 287
226 297
226 323
226 329
226 332
226 334
226 338
226 344
226 353
226 227
226 355
226 356
226 369
226 249
227 260
227 388
227 286
227 311
227 321
227 323
227 325
227 332
227 339
227 346
227 347
227 376
227 233
227 361
227 235
227 245
227 248
227 383
228 259
228 394
228 268
228 280
228 281
228 310
228 317
228 320
228 321
228 334
228 337
228 232
228 233
228 254
228 378
228 251
228 381
228 383
229 258
229 396
229 397
229 277
229 286
229 287
229 292
229 293
229 312
229 316
229 325
229 335
229 341
229 239
229 382
230 264
230 391
230 270
230 272
230 274
230 279
230 295
230 296
230 309
230 316
230 320
230 331
230 342
230 349
230 352
230 233
230 235
230 237
230 365
230 372
230 380
231 256
231 258
231 392
231 308
231 339
231 344
231 352
231 354
231 358
231 232
231 241
231 374
231 377
231 378
232 256
232 262
232 263
232 281
232 287
232 293
232 301
232 304
232 305
232 315
232 317
232 335
232 339
232 351
232 364
232 366
232 243
232 244
232 380
232 253
233 257
233 386
233 389
233 393
233 399
233 274
233 278
233 295
233 299
233 317
233 322
233 330
233 340
233 353
233 354
233 360
233 371
233 255
234 386
234 261
234 387
234 389
234 264
234 275
234 284
234 287
234 289
234 319
234 322
234 346
234 363
234 380
235 261
235 279
235 307
235 319
235 324
235 332
235 335
235 340
235 354
235 362
235 238
235 379
236 384
236 391
236 399
236 311
236 323
236 328
236 351
236 354
236 363
236 382
237 385
237 258
237 386
237 396
237 273
237 283
237 305
237 324
237 346
237 358
237 243
238 384
238 259
238 260
238 262
238 264
238 265
238 387
238 275
238 288
238 299
238 315
238 318
238 319
238 321
238 323
238 325
238 336
238 376
238 249
238 358
238 377
238 382
239 387
239 271
239 282
239 320
239 322
239 332
239 339
239 342
239 347
239 375
239 248
239 356
239 250
239 246
239 374
239 381
239 254
240 256
240 386
240 387
240 263
240 264
240 265
240 397
240 398
240 276
240 282
240 310
240 322
240 334
240 344
240 350
240 356
240 245
240 247
241 263
241 395
241 397
241 272
241 276
241 279
241 282
241 290
241 293
241 300
241 307
241 315
241 325
241 350
241 352
241 354
241 356
241 358
241 368
241 370
242 268
242 285
242 292
242 318
242 319
242 324
242 345
242 350
242 378
242 382
243 385
243 261
243 262
243 263
243 270
243 398
243 294
243 303
243 304
243 328
243 330
243 331
243 341
243 344
243 356
243 361
243 362
243 380
244 256
244 385
244 259
244 261
244 266
244 274
244 303
244 314
244 319
244 326
244 328
244 348
244 356
244 366
244 251
245 385
245 269
245 273
245 284
245 288
245 290
245 319
245 324
245 333
245 338
245 341
245 345
245 247
245 347
245 363
245 377
245 255
246 266
246 267
246 268
246 284
246 289
246 296
246 303
246 306
246 313
246 318
246 320
246 325
246 326
246 362
246 247
246 382
247 256
247 258
247 385
247 395
247 268
247 399
247 273
247 281
247 289
247 290
247 301
247 320
247 330
247 332
247 370
247 382
247 383
248 261
248 271
248 286
248 299
248 305
248 309
248 313
248 339
248 348
248 355
248 380
248 255
249 256
249 259
249 261
249 389
249 267
249 276
249 279
249 281
249 303
249 304
249 319
249 329
249 331
249 355
249 372
250 268
250 398
250 399
250 282
250 299
250 300
250 313
250 317
250 348
250 351
250 372
250 376
251 393
251 270
251 274
251 285
251 297
251 308
251 319
251 323
251 325
251 342
251 350
251 367
251 374
251 378
252 262
252 393
252 268
252 275
252 282
252 289
252 296
252 312
252 315
252 333
252 338
252 343
252 346
252 355
252 364
252 375
253 281
253 291
253 293
253 294
253 296
253 302
253 314
253 323
253 328
253 336
253 351
253 368
253 376
253 379
254 393
254 399
254 284
254 285
254 298
254 307
254 308
254 309
254 312
254 315
254 318
254 327
254 342
254 344
254 353
254 363
254 364
254 366
254 369
254 373
254 255
255 384
255 385
255 393
255 395
255 272
255 322
255 336
255 338
255 343
255 347
255 350
255 360
256 384
256 265
256 392
256 267
256 398
256 399
256 274
256 286
256 288
256 322
256 324
256 339
256 342
256 343
256 352
256 353
257 389
257 391
257 291
257 295
257 305
257 306
257 318
257 324
257 335
257 338
257 347
257 348
257 354
257 367
257 375
257 379
258 385
258 396
258 274
258 283
258 304
258 312
258 335
258 344
258 353
258 359
258 369
259 385
259 389
259 263
259 274
259 278
259 286
259 315
259 319
259 323
259 325
259 344
259 351
259 359
259 361
259 372
259 376
259 382
260 285
260 300
260 329
260 331
260 340
260 359
260 361
260 383
261 385
261 390
261 273
261 287
261 294
261 304
261 309
261 310
261 321
261 326
261 376
261 373
262 385
262 263
262 283
262 286
262 320
262 321
262 332
262 334
262 340
262 349
262 362
263 389
263 395
263 270
263 280
263 283
263 286
263 294
263 296
263 317
263 322
263 323
263 367
263 382
264 393
264 282
264 284
264 300
264 304
264 306
264 316
264 332
264 333
264 334
264 339
264 340
264 344
264 369
265 385
265 390
265 392
265 398
265 276
265 293
265 341
265 350
265 356
265 365
265 379
265 383
266 387
266 395
266 282
266 283
266 288
266 294
266 295
266 310
266 315
266 319
266 344
266 355
266 375
267 275
267 281
267 283
267 286
267 290
267 306
267 309
267 339
267 346
267 348
267 360
267 362
267 380
268 269
268 300
268 304
268 311
268 313
268 337
268 349
268 360
268 361
268 367
268 373
269 383
269 393
269 273
269 284
269 289
269 297
269 308
269 314
269 317
269 332
269 336
269 360
269 361
269 363
270 387
270 398
270 275
270 282
270 287
270 293
270 309
270 313
270 332
270 337
270 348
270 370
270 380
271 281
271 284
271 291
271 292
271 349
271 351
271 354
271 359
271 373
272 392
272 275
272 283
272 291
272 300
272 316
272 347
272 359
272 363
272 364
272 372
272 376
272 382
273 277
273 302
273 304
273 309
273 319
273 320
273 335
273 337
273 341
273 342
273 368
273 379
273 382
274 385
274 390
274 394
274 284
274 313
274 329
274 339
274 341
274 344
274 350
274 352
274 353
274 360
274 383
275 385
275 395
275 398
275 276
275 289
275 292
275 318
275 329
275 343
275 366
275 371
275 374
276 384
276 390
276 289
276 297
276 315
276 352
276 358
276 372
276 380
277 391
277 292
277 296
277 324
277 330
277 332
277 334
277 353
277 375
278 279
278 303
278 308
278 325
278 346
278 363
278 375
279 386
279 387
279 399
279 287
279 307
279 311
279 316
279 318
279 334
279 337
279 339
279 348
279 352
279 353
279 361
279 363
279 380
279 383
280 398
280 293
280 339
280 347
280 358
280 369
280 374
280 380
280 377
280 383
281 398
281 293
281 297
281 308
281 334
281 337
281 370
282 393
282 394
282 289
282 301
282 304
282 305
282 309
282 310
282 321
282 330
282 338
282 354
282 356
283 388
283 389
283 391
283 293
283 302
283 325
283 341
283 343
283 352
283 381
284 294
284 308
284 312
284 314
284 319
284 320
284 343
284 376
284 381
285 396
285 296
285 314
285 321
285 322
285 331
285 342
285 347
285 357
285 377
285 380
286 384
286 391
286 394
286 290
286 297
286 302
286 307
286 316
286 327
286 329
286 335
286 338
286 340
286 342
286 346
286 348
286 359
286 362
286 372
287 385
287 386
287 396
287 398
287 300
287 317
287 320
287 371
287 373
287 374
287 377
288 385
288 395
288 397
288 301
288 303
288 311
288 331
288 348
288 352
289 389
289 304
289 310
289 328
289 341
289 350
289 351
289 357
289 364
289 373
290 394
290 399
290 313
290 341
290 347
290 371
290 373
290 374
290 379
291 393
291 303
291 317
291 325
291 341
291 359
291 376
291 378
291 382
292 384
292 388
292 308
292 315
292 319
292 321
292 322
292 365
292 370
292 378
293 389
293 397
293 297
293 323
293 326
293 327
293 331
293 343
293 381
294 391
294 398
294 307
294 312
294 320
294 333
294 334
294 338
294 339
294 341
294 344
294 379
294 380
295 322
295 326
295 327
295 345
295 346
295 350
296 305
296 315
296 329
296 331
296 354
296 366
296 374
296 376
296 383
297 385
297 300
297 318
297 321
297 324
297 335
297 357
297 366
297 371
297 374
298 386
298 308
298 349
298 355
299 389
299 383
299 305
299 308
299 309
299 330
299 331
299 341
299 346
299 351
299 371
299 379
299 377
300 399
300 324
300 331
300 336
300 343
300 349
300 359
300 361
300 362
300 377
300 376
301 385
301 313
301 318
301 323
301 340
301 359
301 361
301 368
301 376
301 377
302 319
302 325
302 333
302 335
302 340
302 345
302 371
303 386
303 306
303 313
303 316
303 318
303 323
303 332
303 346
303 348
303 354
304 390
304 394
304 398
304 307
304 309
304 311
304 322
304 346
304 358
304 360
304 377
304 381
305 391
305 393
305 397
305 306
305 310
305 311
305 320
305 326
305 336
305 344
305 347
305 367
305 369
305 377
305 379
306 387
306 394
306 395
306 307
306 323
306 343
306 344
306 345
306 348
306 353
306 365
307 382
307 311
307 327
307 332
307 334
307 337
307 349
307 356
307 367
307 370
307 372
308 396
308 399
308 311
308 314
308 321
308 333
308 337
308 341
308 349
308 350
308 365
308 370
308 371
308 373
309 398
309 310
309 315
309 327
309 331
309 347
309 348
309 357
309 360
309 377
310 316
310 322
310 325
310 337
310 341
310 368
310 381
311 389
311 390
311 355
311 363
311 364
311 379
312 397
312 320
312 328
312 333
312 342
312 356
312 358
312 371
312 383
313 386
313 387
313 383
313 324
313 349
313 354
313 362
313 369
314 325
314 356
314 359
314 363
314 373
314 383
315 390
315 320
315 341
315 351
315 380
316 385
316 387
316 318
316 322
316 327
316 342
316 346
316 353
316 355
316 357
316 361
317 388
317 391
317 398
317 327
317 344
317 345
317 353
317 363
317 369
317 379
318 384
318 383
318 321
318 333
318 353
318 354
318 358
318 378
319 390
319 321
319 329
319 367
319 374
319 375
319 382
320 390
320 392
320 395
320 323
320 338
320 341
320 354
320 371
320 378
320 380
320 381
321 389
321 393
321 330
321 333
321 335
321 338
321 343
321 347
321 357
321 358
321 367
322 345
322 374
323 330
323 332
323 352
323 355
323 360
323 366
323 368
323 370
323 381
323 383
324 328
324 334
324 342
324 345
324 375
324 355
324 373
324 383
325 332
325 361
325 367
326 393
326 342
326 368
326 375
326 377
326 380
327 387
327 333
327 337
327 348
327 349
327 351
327 376
327 373
327 383
328 383
328 333
328 357
328 367
328 368
328 375
329 394
329 346
329 358
329 362
329 370
329 372
329 375
330 386
330 393
330 397
330 337
330 341
330 342
330 345
330 375
330 357
330 361
330 372
330 377
330 379
331 388
331 392
331 398
331 332
331 336
331 343
331 345
331 353
331 354
331 356
331 358
331 377
331 374
331 378
331 379
332 333
332 369
332 380
332 383
333 397
333 336
333 356
333 374
333 380
334 392
334 336
334 349
334 357
334 374
335 385
335 389
335 396
335 340
335 350
335 360
336 392
336 396
336 351
336 375
337 389
337 396
337 339
337 348
337 355
337 363
337 375
337 376
338 382
338 344
338 348
338 353
338 360
338 372
339 384
339 386
339 392
339 399
339 357
339 368
339 369
339 381
340 394
340 397
340 373
341 348
341 354
341 355
341 358
341 373
341 376
342 385
342 346
342 347
342 352
342 379
343 370
343 378
344 396
344 350
344 367
344 369
344 372
345 399
345 380
345 362
345 376
345 383
346 388
346 391
346 351
346 354
346 371
347 384
347 394
347 350
347 351
347 380
348 390
348 353
348 354
348 363
348 369
349 399
349 360
349 365
349 379
350 387
350 378
351 391
351 398
351 352
351 354
351 356
351 358
351 376
352 385
352 392
352 393
352 398
352 399
352 356
352 375
352 376
352 379
353 364
353 381
354 385
354 391
354 358
354 360
355 371
355 383
356 358
356 361
357 398
357 363
357 375
358 387
358 396
358 397
358 370
358 382
359 392
359 363
359 368
360 387
360 390
360 396
360 368
360 374
360 377
360 378
361 367
361 368
361 374
362 385
362 375
362 377
363 392
363 397
363 368
363 370
363 377
363 378
364 384
364 390
364 395
364 370
364 373
364 378
365 385
365 390
365 399
365 375
366 368
366 369
366 371
367 390
367 395
367 397
367 399
367 377
367 371
367 372
368 391
368 371
369 384
369 390
369 393
370 387
370 399
370 374
371 394
371 373
372 395
372 379
373 384
373 382
373 389
373 394
373 397
373 376
373 374
373 378
374 390
374 396
374 397
375 387
375 399
375 379
375 383
376 390
376 394
376 380
377 396
377 397
378 394
378 381
378 382
379 391
380 393
380 399
381 388
381 393
381 397
381 399
381 383
382 399
383 390
383 399
385 392
385 395
386 390
386 391
387 389
387 393
387 399
388 394
388 399
389 395
392 398
394 396
394 399
