400 1000
0 98
0 259
0 356
0 399
0 17
0 338
0 345
0 315
1 176
1 156
2 81
2 132
3 35
3 101
3 8
3 108
3 237
3 79
3 17
3 20
3 279
3 24
3 123
4 399
4 194
4 60
4 13
4 271
5 40
5 336
5 242
5 374
5 153
5 317
5 351
6 358
6 105
6 14
6 151
6 25
6 59
7 268
7 156
7 229
7 167
8 162
8 131
8 330
8 77
8 45
8 20
8 372
8 247
8 62
9 345
9 386
9 374
10 298
10 77
10 14
10 47
10 210
10 88
10 123
11 326
11 264
11 234
11 204
11 44
11 268
11 148
12 257
12 106
12 333
12 237
12 118
12 248
13 192
13 33
13 225
13 353
13 132
13 137
13 282
14 224
14 193
14 109
14 143
14 248
14 89
15 354
15 355
15 176
15 247
15 184
15 31
16 26
16 188
16 93
16 302
16 127
17 288
17 357
17 232
17 239
18 36
18 102
18 268
18 369
18 84
18 348
18 31
19 225
19 67
19 260
19 326
19 75
19 209
19 305
19 308
19 182
19 120
19 286
20 379
20 380
20 388
21 177
21 309
21 126
22 171
22 150
23 387
23 100
23 165
23 394
23 207
23 182
23 121
24 352
24 209
24 114
24 116
24 342
24 374
24 218
24 91
25 257
25 231
25 174
25 336
25 242
25 147
25 116
25 55
26 320
26 109
26 90
26 382
26 95
27 217
27 107
27 252
27 318
28 145
28 335
28 303
29 388
30 37
30 167
30 104
30 141
30 110
30 177
30 58
31 41
31 76
31 303
31 147
31 122
31 60
32 387
32 229
32 165
32 135
32 138
32 267
32 366
32 175
32 222
33 388
33 38
33 199
33 72
33 303
33 307
33 190
34 160
34 350
34 355
34 360
34 77
34 142
34 398
34 340
34 120
34 381
34 158
35 173
35 159
37 387
37 172
37 311
37 111
38 292
38 88
38 281
38 92
38 61
39 152
39 281
39 347
39 388
39 126
40 93
40 318
40 175
41 326
41 231
41 329
41 268
41 247
42 384
42 100
42 170
42 300
42 238
42 272
42 273
42 279
42 280
42 348
42 311
43 200
43 297
43 176
43 83
43 119
43 154
43 348
43 285
44 226
44 389
44 238
44 338
44 370
44 280
44 287
45 365
45 272
45 242
45 180
45 93
46 288
46 130
46 133
46 293
46 267
46 110
46 143
46 80
46 209
47 345
47 385
47 381
47 55
48 369
48 50
48 246
48 175
49 217
49 259
49 86
49 246
50 307
50 236
50 319
51 251
51 269
52 56
52 242
52 164
53 138
54 64
54 356
54 133
54 333
54 239
54 210
54 183
55 185
55 217
55 228
55 142
55 175
55 347
55 223
56 342
57 355
57 364
57 268
57 117
57 181
57 248
57 378
58 256
58 67
58 164
58 75
58 271
59 105
59 263
60 332
60 78
60 370
60 281
60 381
60 191
61 291
61 292
61 197
61 238
61 339
62 68
62 198
62 294
62 168
62 204
62 306
62 287
63 320
63 348
64 385
64 293
64 167
64 264
64 265
64 345
64 140
64 311
64 185
65 162
65 82
65 100
65 278
66 267
66 293
66 198
67 320
67 262
67 347
67 382
68 224
68 132
68 107
68 75
68 212
68 351
69 291
70 168
70 140
70 141
70 78
70 237
70 149
70 246
70 219
71 120
71 385
72 106
72 173
72 308
72 214
72 119
72 127
73 189
73 87
74 358
74 253
74 190
74 278
75 129
75 100
75 172
75 173
75 206
76 130
76 335
76 337
76 374
76 285
76 318
77 85
78 162
78 322
78 92
78 370
78 286
79 169
79 292
79 341
79 251
80 89
80 292
80 223
81 360
81 358
82 179
82 263
82 358
82 183
84 101
84 122
85 369
85 285
85 365
86 242
86 387
86 174
86 142
87 384
87 353
87 162
87 229
87 270
88 366
88 219
88 122
89 128
89 321
89 140
89 300
89 177
89 243
89 251
90 129
90 147
90 395
90 333
91 166
91 270
91 209
91 211
91 243
91 349
91 216
92 163
92 165
92 171
92 208
92 156
92 317
93 192
93 111
93 149
93 124
94 307
94 325
94 135
95 298
95 398
95 207
96 364
96 324
96 335
97 349
97 235
97 228
97 269
97 271
98 160
98 195
98 277
98 219
98 252
99 208
99 265
99 166
100 345
101 164
101 154
102 320
102 358
102 360
102 380
102 223
103 283
103 173
103 189
104 294
104 179
105 229
105 127
106 288
106 227
106 262
106 393
106 202
106 298
106 143
107 140
107 191
108 258
108 114
109 270
110 192
110 321
110 293
110 150
110 182
110 216
111 280
111 249
111 325
112 205
112 167
113 372
113 322
113 236
114 233
114 270
115 390
115 200
115 171
115 268
115 239
115 178
116 217
116 262
116 140
116 308
116 278
116 310
117 354
117 195
117 141
117 147
117 212
117 275
117 156
117 255
118 384
118 163
118 164
118 198
118 135
118 122
119 236
120 218
120 300
121 336
121 218
121 386
121 295
122 133
122 391
122 297
122 300
124 221
124 364
125 128
125 144
126 224
126 293
126 263
126 337
126 338
127 235
127 204
127 280
128 258
128 217
128 388
128 383
129 248
130 295
131 258
131 324
131 139
131 339
131 244
132 238
132 334
132 251
132 287
133 167
133 332
133 334
133 312
133 254
134 304
134 265
134 355
134 222
134 367
135 234
135 268
136 384
136 153
136 182
136 166
137 202
137 266
137 398
138 386
138 176
139 200
139 169
139 156
140 315
141 170
141 273
141 178
142 195
142 232
142 337
142 216
143 291
143 399
143 283
144 397
144 241
144 148
144 279
144 154
145 372
145 318
145 199
146 192
147 234
147 335
148 385
148 300
148 198
149 225
149 261
149 331
149 209
149 283
150 337
151 197
151 168
151 301
151 173
151 281
152 280
152 376
152 319
152 182
153 366
153 244
153 373
153 154
153 191
154 230
154 201
154 174
154 275
154 278
156 171
156 301
157 178
158 186
158 337
158 372
158 159
159 280
159 332
160 323
160 172
160 398
160 191
161 336
161 334
161 303
162 264
162 245
162 280
163 315
163 269
164 266
164 267
165 309
165 382
166 286
167 234
168 371
169 229
170 273
170 211
171 177
172 194
172 360
172 346
172 347
173 197
173 189
174 301
175 192
176 200
176 361
176 181
176 377
177 237
177 206
177 186
177 189
178 194
178 356
179 186
179 347
179 205
180 379
180 188
181 390
181 332
181 308
181 215
182 342
183 246
184 391
184 326
185 206
185 398
185 304
185 306
185 247
186 221
186 399
188 355
188 236
188 276
188 344
188 318
189 259
189 330
189 335
189 214
190 288
190 307
191 337
191 244
191 382
192 355
192 297
192 236
192 319
193 299
194 268
194 375
194 251
195 320
195 304
195 252
196 309
196 243
196 268
196 293
197 379
198 247
198 382
199 235
199 273
199 334
200 268
200 300
200 253
201 353
201 378
202 344
202 306
203 354
204 248
205 268
205 221
205 235
206 277
206 398
207 289
207 358
207 370
207 249
208 307
208 330
208 354
209 371
210 323
210 228
210 296
210 300
211 241
211 214
212 346
212 314
212 330
213 356
213 253
214 323
214 264
214 269
215 231
216 360
217 322
217 303
217 367
217 315
218 321
218 364
219 314
220 322
221 245
221 277
222 280
222 227
223 315
225 389
226 301
227 252
227 229
228 377
229 398
229 369
230 320
230 257
230 387
231 327
231 398
231 382
232 253
233 364
233 319
234 384
234 237
235 390
235 319
236 330
236 282
237 353
239 363
239 260
240 289
241 319
241 277
241 287
242 295
242 296
243 298
243 388
244 331
245 392
245 336
245 248
245 251
246 372
247 351
248 314
249 387
249 329
249 309
249 283
250 256
250 282
251 385
251 262
251 378
253 277
254 288
254 349
256 316
257 323
257 300
258 385
258 270
258 304
258 312
258 314
259 352
259 360
259 335
259 275
259 382
260 288
260 287
262 397
263 290
263 331
263 364
263 305
265 392
265 328
265 272
266 370
267 361
267 303
267 369
267 344
269 368
269 273
269 344
270 384
270 291
270 388
272 349
273 331
273 365
273 366
274 395
276 328
276 314
276 360
276 287
279 347
279 301
280 314
282 309
282 343
283 307
284 321
284 346
284 341
284 351
287 395
288 330
288 336
290 349
290 295
291 327
291 317
292 380
293 390
294 351
295 299
297 384
298 347
299 385
299 315
299 377
300 321
300 354
302 361
302 332
304 305
305 362
305 340
305 310
306 394
306 327
307 352
307 314
309 391
309 377
309 344
309 319
310 344
313 345
314 369
315 359
318 392
319 324
319 335
320 384
320 388
320 336
323 387
323 392
324 359
325 376
327 359
328 385
329 364
329 377
334 347
336 368
337 364
340 394
341 375
345 369
346 380
347 352
347 377
350 358
353 371
354 376
358 373
359 363
361 387
361 399
368 380
373 388
374 378
383 384
