400 1000
0 368
0 307
0 267
1 347
1 373
2 98
2 381
3 384
3 391
3 9
3 138
3 174
3 48
3 90
3 31
4 32
4 13
5 65
5 226
5 165
5 393
5 277
5 153
6 10
6 247
6 181
6 239
7 13
7 78
7 210
7 147
7 372
7 343
7 381
8 25
8 210
8 393
9 131
9 325
9 45
9 309
9 149
9 285
10 11
10 271
10 81
10 113
10 58
11 320
11 76
11 304
11 348
11 217
11 188
12 32
12 353
12 270
13 356
13 395
13 206
13 240
13 127
14 131
14 388
14 71
14 105
14 266
14 337
14 115
14 85
15 24
15 248
15 27
15 92
15 227
16 315
16 35
16 390
16 335
17 200
17 143
18 96
18 37
18 359
18 173
18 80
18 117
18 280
18 313
18 282
18 254
18 191
19 352
19 196
19 167
19 331
19 396
19 214
19 25
19 286
20 296
20 161
20 364
20 309
20 110
21 68
21 357
21 336
21 209
21 275
21 278
21 187
22 152
22 232
22 84
22 365
22 183
23 307
23 190
23 110
23 311
24 258
24 269
24 29
24 262
25 64
25 96
25 323
25 200
25 373
25 31
26 330
26 171
26 164
27 331
27 154
27 250
27 188
28 228
28 140
28 144
28 145
28 213
28 381
29 97
29 376
29 295
29 233
29 43
29 49
29 209
29 185
30 35
30 261
30 176
30 49
30 208
30 179
30 188
30 93
31 347
31 302
31 315
32 392
32 143
32 155
32 253
33 136
33 284
33 200
34 296
34 235
34 387
34 206
34 118
35 352
35 347
35 212
35 182
35 279
35 59
36 345
36 277
36 63
37 167
37 301
37 143
37 79
37 145
37 243
37 250
38 170
38 290
38 62
39 128
39 288
39 360
39 74
39 330
39 318
40 307
40 131
40 100
40 195
41 112
41 215
41 267
41 120
41 200
43 384
43 339
44 132
44 365
44 270
44 117
44 221
44 319
45 391
45 124
45 351
46 81
46 102
46 343
47 274
47 291
47 316
47 295
48 88
48 266
48 194
48 104
49 381
49 244
50 225
50 250
51 98
51 340
51 69
51 199
52 264
52 167
52 67
52 316
52 111
53 204
54 129
54 390
54 201
54 266
54 212
54 189
54 93
55 104
55 212
55 189
56 160
56 296
56 393
56 142
56 110
56 339
56 120
56 121
57 73
57 172
57 146
57 86
57 155
57 319
58 201
58 142
58 81
58 310
58 279
58 215
59 228
59 71
59 200
59 172
59 396
59 182
60 104
60 148
60 242
60 124
61 305
61 300
61 353
62 99
62 68
62 134
62 79
62 318
63 298
63 331
63 171
63 395
63 397
63 214
64 336
64 203
64 193
64 395
65 161
65 359
65 265
65 186
65 284
65 254
66 392
66 399
66 380
66 309
66 319
67 165
67 73
67 245
67 93
67 222
68 101
68 156
69 201
69 365
69 142
69 309
69 95
69 287
70 321
70 259
70 135
70 268
70 109
70 306
70 246
70 87
70 219
71 255
71 390
71 159
72 258
72 331
72 278
72 87
73 321
73 364
73 188
73 94
74 387
74 252
74 158
75 283
75 265
75 91
75 397
75 399
76 101
76 362
76 173
76 240
76 90
77 360
77 153
78 294
78 102
78 297
78 359
78 361
78 186
78 219
79 138
79 270
79 85
79 219
79 252
80 169
80 175
80 83
80 246
80 86
80 316
81 289
81 385
81 198
81 294
81 364
81 284
82 129
82 331
83 226
83 301
83 93
84 272
84 333
84 295
85 281
85 154
85 277
86 101
86 262
86 133
86 301
86 94
87 384
87 103
87 275
87 211
87 280
88 230
88 298
88 113
88 210
88 336
89 129
89 233
89 373
89 205
90 164
90 358
90 394
91 137
91 148
91 247
92 120
92 137
92 226
92 220
93 130
93 202
93 107
93 363
93 95
94 153
94 193
95 97
95 138
95 184
95 314
95 347
96 252
96 183
97 130
97 100
97 196
97 238
97 245
97 184
97 123
97 156
97 190
98 248
98 111
99 322
99 173
99 270
99 272
99 184
101 260
101 156
101 124
102 137
102 268
102 396
102 319
103 256
103 170
103 215
103 126
104 280
105 152
105 304
105 352
106 267
106 185
106 195
106 140
106 307
107 363
107 358
108 144
108 310
108 134
108 326
109 376
110 161
110 140
110 239
110 315
110 254
111 268
111 394
112 248
112 396
112 392
112 295
113 169
113 202
113 183
113 217
114 120
114 203
114 276
114 142
114 303
115 350
115 308
115 348
116 386
116 271
117 264
117 297
117 333
117 399
117 178
117 279
117 151
117 281
118 363
118 324
118 138
119 248
119 313
119 315
119 369
119 371
120 290
120 360
120 125
121 209
121 327
122 160
122 251
122 229
123 348
123 313
124 138
124 172
124 243
124 213
124 283
124 221
125 139
125 325
125 152
126 284
126 291
126 204
126 133
127 165
127 140
127 307
127 339
127 187
128 266
128 221
128 382
129 201
129 331
129 395
130 138
130 271
130 272
130 189
131 224
131 387
131 292
131 331
131 271
132 288
132 276
133 177
133 355
134 323
134 245
135 318
135 284
136 298
136 365
136 270
137 306
137 378
138 339
139 354
139 163
139 359
139 152
139 351
140 387
141 273
141 180
142 382
142 327
142 244
142 149
142 182
142 246
142 190
143 144
143 332
144 193
144 325
144 234
144 278
144 219
145 336
145 161
145 298
146 171
146 201
146 239
147 233
147 301
147 265
148 241
148 179
149 330
149 177
149 150
149 379
150 259
150 251
151 197
151 164
151 358
152 387
152 389
152 378
153 178
153 347
153 382
154 159
155 228
155 393
155 277
155 374
156 354
156 172
156 268
156 279
156 346
157 328
157 167
158 296
158 269
158 174
158 272
158 308
158 222
159 168
159 385
159 339
160 261
160 375
161 324
161 174
161 240
162 163
163 284
163 239
164 196
164 229
164 235
164 333
165 367
165 213
165 186
166 397
166 287
167 225
168 267
168 396
168 227
168 372
169 391
169 171
169 337
169 183
170 372
170 289
170 356
171 228
171 263
171 363
171 237
171 366
172 303
172 343
173 263
173 242
173 277
173 381
175 282
175 314
175 382
175 324
176 375
176 359
177 193
177 207
177 181
177 349
178 279
179 241
180 229
180 322
180 357
180 390
181 371
181 396
182 388
182 275
182 245
182 317
184 230
184 234
184 188
185 290
185 244
187 255
188 391
188 208
188 370
188 250
189 197
189 237
189 334
189 338
190 263
190 307
190 309
190 377
191 204
192 384
193 225
193 361
193 245
193 255
194 282
195 228
195 292
196 360
196 233
196 267
196 215
197 241
197 283
197 348
197 223
198 328
198 284
198 230
199 341
199 340
199 221
199 391
200 301
201 349
201 319
202 352
202 203
202 272
202 379
203 355
203 369
203 339
203 254
204 295
204 394
204 366
205 353
205 327
205 299
205 336
205 369
205 216
206 269
206 387
206 222
207 278
208 356
208 338
208 237
209 382
209 253
210 314
210 349
212 257
212 391
212 332
213 253
213 283
214 293
214 237
214 273
214 318
214 223
215 270
217 271
217 396
217 239
218 282
218 293
219 384
219 324
219 395
220 302
220 278
221 304
222 385
222 325
224 321
225 352
225 263
225 327
226 352
228 379
229 391
230 235
230 368
231 312
231 266
231 317
231 362
232 288
234 393
234 334
234 307
234 251
235 396
235 278
235 281
236 341
236 333
236 295
237 391
237 306
238 346
238 364
238 294
238 354
239 355
239 399
239 371
241 280
241 326
242 338
242 347
243 288
243 398
243 304
243 377
244 382
244 361
245 363
245 277
247 329
247 307
249 376
249 331
251 389
251 308
251 316
252 294
252 377
252 380
253 373
253 342
253 345
254 260
254 301
255 323
255 295
255 338
256 275
256 303
257 265
257 260
257 262
257 279
260 384
260 262
260 362
261 353
262 291
262 398
263 355
263 293
263 303
264 335
265 340
266 384
266 310
266 374
266 285
267 388
269 354
269 294
269 317
270 371
272 325
272 375
272 312
272 345
273 290
273 392
273 312
273 318
274 336
274 295
274 334
275 375
277 352
277 391
277 279
278 358
278 301
278 347
280 366
280 281
281 357
282 293
282 342
283 323
284 392
284 363
284 397
285 321
285 352
287 345
289 336
290 337
291 384
291 394
292 297
292 377
293 359
293 338
294 395
294 300
294 337
295 296
295 336
296 299
296 317
297 299
298 371
298 319
299 322
299 343
301 392
301 330
303 388
303 379
304 351
305 392
305 321
305 363
306 377
307 313
308 357
310 375
311 389
312 315
313 386
314 347
315 324
315 337
315 370
316 373
317 353
317 340
318 352
318 336
320 359
320 327
321 338
322 377
324 385
324 349
326 343
327 385
328 368
329 366
331 394
331 333
331 397
332 378
333 361
334 395
337 364
342 393
342 382
343 355
345 356
360 368
366 386
369 387
370 379
371 388
375 394
398 399
