400 1200
0 133
0 7
0 269
0 115
0 309
0 154
1 265
1 18
1 163
1 387
2 129
2 258
2 358
2 41
2 301
2 23
2 376
2 222
3 310
3 227
3 253
3 270
3 243
4 120
4 396
4 367
4 79
5 318
5 33
5 35
5 212
5 22
5 56
5 222
6 168
6 191
6 102
6 54
6 106
7 388
7 198
7 44
7 13
7 80
7 285
8 321
8 194
8 327
8 328
8 398
8 178
9 33
9 179
9 105
9 281
10 269
10 334
11 39
11 201
11 74
11 269
11 280
11 31
12 177
12 387
12 359
12 353
12 31
13 64
13 296
13 51
13 131
14 40
14 224
14 251
14 268
14 278
15 225
15 34
15 200
15 44
15 77
15 19
15 248
15 186
16 361
16 42
16 110
16 55
16 56
16 185
16 30
17 32
17 70
17 142
17 280
17 126
17 216
18 220
18 383
18 303
19 158
19 28
19 87
20 170
20 173
20 209
20 241
20 22
20 215
20 317
21 290
21 267
21 139
21 80
21 371
21 345
21 382
22 266
22 331
22 299
22 269
22 372
23 386
23 236
23 333
23 207
23 179
23 314
24 353
24 135
24 398
24 209
24 51
24 148
24 376
25 226
25 328
25 169
25 245
25 86
25 56
25 124
25 349
26 382
26 131
26 295
26 265
26 140
26 301
26 112
26 190
27 128
27 260
27 293
27 326
27 339
27 63
28 101
28 396
28 210
28 87
28 190
29 75
29 254
29 154
29 155
29 279
29 63
29 222
29 95
30 257
30 167
30 209
30 347
30 349
31 128
31 65
31 297
31 364
31 343
31 281
31 282
32 329
32 386
32 360
32 277
33 330
33 304
33 212
33 180
33 186
33 316
34 384
34 390
34 107
34 206
34 245
34 246
35 393
35 43
35 44
35 206
36 173
36 239
36 339
36 55
36 58
36 95
37 122
37 171
37 188
37 370
37 223
38 266
38 299
38 298
39 100
39 394
39 299
39 207
39 376
39 382
39 287
40 195
40 359
40 105
40 42
40 393
40 208
40 213
40 341
40 152
41 109
41 80
41 272
41 214
41 311
41 319
42 294
42 241
42 150
42 151
42 184
42 282
42 252
42 349
43 104
43 44
43 175
43 145
43 315
44 262
44 203
44 365
44 122
45 324
45 326
46 48
46 52
46 165
46 286
47 352
47 74
47 396
48 370
48 221
49 290
49 363
49 252
50 165
50 390
50 294
50 329
50 177
50 220
51 385
51 354
51 198
51 104
51 337
51 246
51 282
51 220
51 93
52 388
52 178
52 68
52 370
53 292
53 325
53 390
53 177
53 149
53 156
54 280
54 117
54 87
55 106
55 278
56 321
56 350
56 376
56 199
56 363
56 237
56 206
56 176
56 88
56 252
56 62
57 328
57 129
57 75
58 152
58 248
58 365
58 111
59 353
59 69
59 73
59 145
59 246
59 216
60 292
60 133
60 168
60 141
60 145
60 241
61 80
61 360
61 84
61 293
62 320
62 114
62 304
62 302
63 196
63 379
63 172
64 160
64 71
64 235
64 364
64 312
65 195
65 260
65 358
65 111
65 186
65 379
65 254
66 76
66 173
66 119
67 192
67 386
67 264
67 330
67 306
67 343
67 216
67 217
68 160
68 353
68 242
68 212
68 219
69 92
69 149
69 219
70 225
70 292
70 142
70 305
70 306
70 149
70 279
70 188
71 155
71 180
72 117
72 246
73 358
73 199
73 138
73 395
73 276
73 378
74 344
74 155
75 373
75 379
75 175
76 164
76 308
76 246
76 135
77 128
77 89
77 284
77 358
78 252
78 358
79 299
79 304
79 338
79 121
79 314
80 138
80 207
80 112
80 149
80 373
80 152
81 347
81 227
81 327
81 251
82 360
82 185
82 98
82 206
83 163
83 168
83 267
83 271
83 208
83 309
84 138
84 150
84 102
85 289
85 322
85 295
85 264
85 235
85 299
85 205
85 180
87 163
87 166
87 262
87 204
87 110
87 315
87 155
88 337
88 288
88 277
88 192
89 320
89 384
89 99
89 331
89 158
90 282
90 130
90 139
90 116
90 302
91 384
91 274
91 275
91 349
92 103
92 202
92 374
92 182
92 380
92 252
93 256
93 352
94 392
94 370
94 299
95 258
95 386
95 101
95 233
95 110
95 113
95 241
96 355
96 381
96 299
96 277
96 318
97 393
97 324
97 167
98 321
98 348
99 378
100 352
100 229
100 332
100 239
100 252
101 320
101 362
101 295
102 128
102 264
102 207
102 145
102 241
102 375
103 387
103 167
103 136
103 301
103 252
103 215
103 121
103 349
104 163
104 229
104 172
104 141
104 174
104 190
105 320
105 261
105 282
105 120
105 186
106 226
106 143
106 214
106 254
107 322
107 296
107 267
107 302
107 176
107 249
108 178
108 122
108 109
108 138
109 160
109 270
109 368
109 340
109 123
110 360
110 234
110 298
110 395
110 114
110 115
110 310
111 226
111 134
111 209
111 117
111 214
111 283
112 256
112 309
112 238
113 338
113 356
113 222
114 160
114 147
114 181
115 128
115 195
115 135
115 218
115 144
115 178
115 122
115 319
116 131
116 390
116 333
116 371
116 212
116 278
116 280
116 251
117 226
117 231
117 233
117 366
117 372
117 214
117 154
118 294
118 147
118 396
118 211
119 128
119 354
119 360
119 315
119 179
119 246
119 123
119 190
120 362
120 374
120 359
121 304
121 337
121 371
121 247
122 227
122 248
122 346
122 348
123 208
123 372
123 350
124 337
124 398
124 300
124 380
125 264
125 368
125 275
125 308
125 133
126 202
126 276
127 314
127 380
128 161
128 191
128 272
128 209
128 153
129 160
129 289
129 228
129 281
129 316
130 304
130 187
130 380
131 358
131 272
131 145
131 151
131 221
132 337
133 232
133 136
133 366
133 347
133 219
134 218
134 138
134 239
134 335
135 230
135 396
135 273
135 337
135 155
136 144
136 195
137 258
137 195
137 343
138 196
138 345
139 185
140 160
140 224
140 358
140 335
140 240
140 271
141 233
141 236
141 178
141 181
141 152
141 158
142 202
144 219
145 160
145 385
145 328
145 366
145 311
145 319
146 229
146 214
146 223
147 321
147 259
147 174
147 181
148 352
148 355
148 203
148 375
148 315
148 382
149 161
149 339
150 226
150 356
150 293
150 337
151 294
151 344
151 154
151 379
151 287
152 388
152 229
152 390
152 186
152 170
152 239
152 376
153 282
153 332
154 229
154 372
154 188
155 160
155 298
156 345
156 266
157 320
157 177
157 242
157 250
157 376
158 225
158 193
158 323
158 233
158 176
158 376
159 376
159 273
159 210
159 343
159 311
160 280
160 249
161 201
161 354
161 293
162 259
162 364
162 332
162 315
162 348
162 349
163 363
163 367
163 337
163 178
163 340
164 383
164 367
165 167
165 359
165 204
165 270
165 317
165 319
166 361
166 363
167 199
167 286
168 345
168 334
168 305
168 243
168 185
169 264
169 194
169 338
169 354
170 351
170 190
170 223
171 237
171 311
171 394
171 289
172 196
172 189
173 333
173 338
173 183
174 397
175 248
175 212
175 195
176 226
176 333
176 179
176 243
176 307
177 353
177 308
177 343
177 380
178 280
178 268
178 239
178 334
178 336
178 184
178 249
178 286
179 359
179 339
179 246
180 358
180 297
180 203
180 337
180 211
180 248
180 254
181 356
181 185
181 348
182 218
182 342
182 375
183 280
183 281
183 355
184 247
185 202
185 300
185 380
185 253
185 223
186 279
186 349
186 375
187 227
187 391
187 306
187 372
187 379
188 227
188 393
188 249
189 267
189 270
189 247
189 313
189 255
190 352
190 294
190 346
190 220
191 362
191 285
192 256
192 323
192 293
192 344
193 328
193 306
193 287
194 271
194 341
194 231
195 331
195 251
195 349
195 383
196 293
196 206
196 305
197 382
198 391
198 330
198 368
198 371
198 276
199 392
199 264
199 393
199 221
200 327
201 338
201 365
201 291
202 385
202 235
203 353
203 392
203 397
203 308
203 280
203 379
203 349
204 269
204 287
205 284
205 220
205 214
206 231
206 302
206 211
206 374
207 257
208 226
208 354
208 328
209 320
209 234
209 220
210 290
210 359
210 371
210 285
211 344
212 288
212 299
212 398
212 247
212 283
213 261
213 239
213 229
213 223
214 365
214 240
214 367
214 218
215 303
215 254
216 226
216 395
216 332
217 326
218 329
219 354
219 327
219 296
219 372
220 397
221 225
221 385
221 232
221 360
221 247
222 393
222 234
222 368
222 309
223 385
224 318
224 274
225 321
225 361
225 242
225 276
226 298
226 363
226 239
226 380
226 317
227 308
228 327
228 232
228 241
228 343
228 350
229 262
229 374
229 347
230 361
230 255
230 245
230 342
231 266
231 267
231 242
231 379
231 347
232 325
232 303
232 311
233 299
233 363
233 278
233 346
234 382
234 271
234 241
234 316
235 298
236 269
236 342
237 264
237 395
237 303
237 375
237 254
238 393
238 341
238 374
238 303
240 280
240 332
240 246
241 386
241 319
241 311
241 379
241 343
242 352
242 385
242 362
242 278
243 313
244 290
244 371
244 310
245 397
245 274
245 307
245 351
247 256
247 304
248 294
250 341
250 303
251 299
252 258
252 306
252 276
253 282
253 369
254 355
254 309
254 341
255 316
255 397
256 377
257 270
257 341
258 359
258 337
259 350
260 336
261 339
262 323
262 269
262 397
262 280
262 383
263 337
263 372
263 361
264 359
264 276
265 329
265 294
266 296
266 349
266 383
267 288
268 301
269 389
269 302
269 337
269 371
269 340
270 386
270 296
270 330
271 309
271 277
272 362
273 276
273 309
273 327
274 302
274 368
274 379
275 330
275 395
276 396
276 314
276 349
278 327
278 346
278 286
280 315
281 357
281 328
281 378
281 285
282 392
282 364
282 339
282 373
282 347
283 337
284 303
286 320
288 376
289 345
289 340
290 336
290 348
290 351
291 392
291 293
294 371
295 317
297 382
298 399
298 312
299 315
299 375
300 399
300 324
302 367
302 343
303 323
303 314
305 350
306 385
306 375
306 317
306 319
307 311
309 342
309 312
311 343
311 378
312 353
312 360
313 342
314 393
315 359
315 375
316 395
317 373
322 339
323 369
323 374
324 395
326 397
328 365
329 346
329 378
329 345
330 358
330 362
332 358
332 380
337 378
338 359
338 360
338 395
339 357
339 393
339 348
340 347
340 381
342 363
342 383
344 384
344 360
344 380
345 351
349 355
350 371
359 374
361 391
364 389
365 388
366 379
367 393
367 397
367 377
369 375
371 375
375 376
376 391
377 397
379 394
381 386
382 391
383 388
383 389
397 399
