400 1000
0 160
0 280
0 373
0 211
0 85
1 192
1 172
1 140
1 398
1 339
1 372
1 89
2 288
2 266
2 357
2 380
2 349
3 392
3 10
3 323
3 189
3 327
4 330
4 275
4 117
4 278
5 219
5 148
5 236
5 70
6 357
6 360
6 268
6 109
6 398
6 210
6 276
6 312
6 377
6 59
6 191
7 256
7 162
7 139
7 397
7 399
7 17
7 83
8 56
8 395
8 104
8 252
9 65
9 18
9 244
10 26
10 131
11 136
11 138
11 141
11 270
11 148
11 52
11 21
11 380
12 113
12 290
12 394
12 63
13 328
13 360
13 79
13 23
13 314
13 380
13 382
13 127
14 199
14 396
14 270
14 17
14 50
14 180
14 153
14 351
15 186
15 42
15 312
15 359
16 113
16 92
16 230
16 335
17 137
17 53
17 217
17 188
17 382
18 128
18 99
18 69
18 204
18 333
18 210
18 189
19 32
19 69
19 104
19 105
19 243
19 342
19 377
20 65
20 293
20 46
20 208
20 89
20 346
20 284
21 65
21 204
21 116
21 373
21 120
22 322
22 229
23 104
23 202
23 398
23 145
23 305
23 276
23 279
23 249
24 197
24 135
24 41
24 172
24 303
24 112
24 306
24 180
25 99
25 359
25 361
25 52
25 218
25 29
25 318
26 256
26 100
26 358
26 75
26 144
27 291
27 399
28 56
28 169
28 322
28 245
28 239
29 205
29 142
30 44
30 319
30 159
31 207
31 307
31 165
31 135
32 353
32 67
32 389
32 110
32 181
32 344
34 233
34 357
34 45
34 230
35 113
35 62
36 327
36 237
36 302
36 185
36 92
36 285
36 190
37 201
37 244
37 317
37 143
38 341
38 276
38 173
39 161
39 333
39 199
40 357
40 349
40 390
40 71
41 251
41 262
42 94
43 368
43 137
43 172
43 141
44 154
45 103
45 76
45 398
45 312
45 382
45 223
46 236
47 82
47 51
47 286
48 81
48 298
48 204
48 314
48 246
49 288
49 295
49 360
49 145
49 82
49 114
49 338
49 278
49 122
50 353
50 385
50 357
50 391
50 395
50 336
50 121
50 348
50 189
51 160
51 328
51 361
51 299
51 80
51 55
51 219
51 380
52 322
52 281
52 307
53 352
53 268
53 141
53 148
53 85
54 364
54 269
54 273
54 278
54 316
54 95
55 281
55 214
56 204
56 180
56 122
56 350
57 186
57 148
57 153
57 132
57 78
58 90
58 314
58 68
58 301
59 113
60 152
60 381
61 107
61 116
61 175
62 248
62 67
62 126
62 207
63 100
63 218
63 287
64 193
64 353
64 102
64 326
64 142
64 367
64 150
64 278
64 281
64 125
65 224
65 257
65 172
65 112
65 176
65 339
65 247
66 160
66 225
66 387
66 200
66 266
66 300
66 109
67 129
67 197
67 103
67 363
67 214
67 342
67 283
68 88
68 213
68 95
69 320
69 161
69 321
69 133
69 157
70 193
70 135
70 108
70 178
70 87
70 119
70 376
71 357
71 265
71 364
71 78
71 144
71 371
71 149
71 214
72 241
73 267
73 336
73 75
73 86
73 371
74 153
74 92
74 334
74 305
75 266
75 250
75 290
76 166
76 93
76 245
76 349
76 287
77 90
77 308
77 330
78 321
78 127
78 95
79 213
79 98
79 290
80 312
81 352
81 357
81 83
81 187
81 189
82 279
83 163
83 309
83 278
84 385
84 164
84 234
84 298
84 331
84 310
84 189
84 126
85 225
85 105
85 395
85 304
85 311
85 284
86 350
86 291
86 176
86 146
86 90
86 381
86 190
87 122
87 397
88 126
89 259
89 205
90 100
90 304
90 244
90 185
91 363
91 115
92 260
92 391
92 338
92 308
92 346
93 229
93 358
93 242
93 307
93 191
94 112
94 350
94 187
94 114
96 153
96 102
96 273
97 306
97 351
97 151
98 173
98 302
99 129
99 102
99 179
99 185
99 380
99 222
100 113
101 258
102 310
102 343
102 280
103 256
103 236
103 182
104 120
104 243
105 353
105 272
105 147
105 119
105 120
105 159
106 264
106 265
106 226
106 310
106 279
107 382
107 282
107 357
107 230
108 224
108 303
108 368
108 178
108 373
108 125
109 256
109 198
109 136
109 236
109 367
109 273
109 337
109 212
109 311
109 346
110 354
110 387
110 302
110 117
110 378
111 258
111 134
111 262
111 390
111 202
111 267
111 236
111 309
112 357
112 241
112 247
113 299
113 240
113 185
113 250
113 156
114 198
114 203
114 398
114 146
114 287
115 188
115 132
115 277
115 227
117 296
117 305
117 180
117 152
118 144
118 386
119 128
119 292
119 326
119 378
120 230
120 295
120 361
120 152
121 160
121 270
121 372
121 311
121 191
122 327
123 328
123 373
124 258
124 266
124 333
124 318
125 169
125 233
125 358
126 384
126 143
127 257
127 259
127 389
127 141
127 214
127 342
127 374
128 281
128 131
128 354
129 364
129 136
129 311
130 193
130 142
131 291
131 317
131 303
132 360
132 286
132 379
133 380
133 167
134 241
134 203
134 349
135 238
135 158
135 287
136 160
136 289
136 339
136 182
136 186
137 292
137 173
137 270
137 376
137 348
138 366
138 190
139 259
139 260
139 172
139 242
139 286
139 191
140 244
140 335
141 166
141 362
141 364
141 336
141 211
142 386
142 391
142 173
143 289
143 355
143 293
143 231
143 249
143 348
144 167
144 330
144 331
144 187
145 292
145 273
146 161
146 366
146 212
147 179
147 257
148 392
148 395
148 273
149 333
149 177
149 339
149 212
149 315
150 158
150 175
151 345
151 349
151 214
152 369
152 246
152 279
153 398
153 180
153 350
154 352
154 196
154 262
154 362
154 367
154 305
155 384
155 156
155 324
156 200
156 241
157 224
157 260
157 204
158 186
159 166
159 181
160 226
160 395
161 352
161 326
161 179
161 222
162 223
162 331
162 270
163 371
163 251
164 192
164 273
164 339
164 371
165 312
165 362
165 384
166 173
166 331
167 315
167 376
168 321
168 286
169 392
169 173
169 272
169 304
170 320
170 179
171 339
171 348
171 247
172 205
173 256
173 385
173 226
173 262
173 335
173 308
173 181
173 351
174 200
174 242
174 374
175 319
176 238
177 304
177 310
177 397
178 210
179 355
179 297
179 298
179 378
179 372
179 217
179 282
179 285
180 227
180 260
180 362
180 395
180 381
181 218
182 332
183 225
183 371
183 397
183 366
184 192
184 336
184 218
184 323
185 273
185 347
186 267
186 300
187 237
187 343
188 283
188 292
189 257
189 269
189 302
190 252
191 192
191 368
192 288
192 389
192 300
193 313
194 320
194 313
194 322
194 392
195 330
195 300
196 310
197 380
197 239
198 266
198 243
199 356
199 217
199 340
200 374
200 306
201 372
202 397
202 270
202 253
202 223
203 210
203 221
204 366
204 343
205 272
205 225
206 395
207 282
207 390
207 212
208 377
208 391
209 289
209 357
209 277
210 379
211 240
211 264
211 247
212 297
212 277
213 342
214 224
215 320
215 378
215 287
216 392
216 330
217 293
217 345
217 287
218 393
218 269
219 368
219 373
219 298
220 326
220 268
220 294
221 355
222 299
223 380
224 392
224 283
225 271
225 335
225 337
225 339
225 340
225 310
226 237
226 251
228 346
229 256
229 386
229 267
230 331
230 399
230 287
231 385
231 237
231 286
232 288
232 320
232 375
233 365
233 307
234 343
235 346
235 299
235 260
236 349
237 373
238 274
238 270
239 274
240 320
240 301
240 283
240 253
241 355
241 299
241 398
243 385
244 267
244 269
245 259
245 253
246 317
247 357
248 374
249 352
249 384
249 264
249 376
249 382
250 342
250 353
251 355
251 396
251 375
252 359
252 287
253 369
253 393
254 368
254 262
255 376
255 337
255 361
256 292
256 293
256 296
257 262
257 399
257 340
258 308
259 340
262 354
263 352
263 338
263 278
264 360
265 332
266 390
267 367
267 372
267 383
268 330
269 324
270 281
270 314
271 397
271 350
272 320
272 364
272 338
273 319
274 357
275 350
276 372
277 328
278 358
278 377
278 341
278 313
279 324
280 372
281 302
281 371
283 311
285 365
285 340
285 319
286 395
286 365
286 316
287 326
288 334
289 291
290 291
290 342
291 325
293 365
293 342
294 316
294 359
295 371
295 308
296 371
296 347
296 326
297 386
298 302
299 355
299 393
299 371
300 378
300 371
302 353
302 333
302 339
302 311
303 380
304 384
305 323
305 375
305 382
310 335
311 324
311 364
312 344
312 315
312 348
314 319
315 355
317 364
318 342
321 386
321 363
321 397
322 385
322 324
323 377
323 383
324 326
325 381
326 393
329 377
332 393
334 370
336 377
338 366
339 367
340 368
341 358
342 346
343 344
344 396
345 348
352 389
353 371
356 362
357 374
363 375
368 381
373 377
376 394
378 391
389 393
