400 8000
0 385
0 4
0 6
0 135
0 10
0 395
0 140
0 144
0 18
0 21
0 149
0 279
0 152
0 26
0 27
0 162
0 165
0 170
0 301
0 306
0 54
0 184
0 312
0 187
0 190
0 320
0 73
0 207
0 80
0 209
0 85
0 216
0 90
0 219
0 231
0 232
0 363
0 364
0 365
0 113
0 117
0 373
0 249
1 256
1 129
1 386
1 131
1 4
1 259
1 392
1 395
1 12
1 142
1 15
1 150
1 153
1 27
1 158
1 159
1 32
1 292
1 37
1 39
1 173
1 301
1 176
1 312
1 57
1 60
1 319
1 328
1 201
1 203
1 339
1 342
1 344
1 346
1 357
1 366
1 367
1 118
1 122
2 128
2 6
2 383
2 390
2 11
2 397
2 142
2 146
2 20
2 150
2 24
2 30
2 32
2 160
2 163
2 164
2 41
2 169
2 175
2 305
2 53
2 55
2 187
2 318
2 191
2 194
2 205
2 79
2 217
2 91
2 229
2 233
2 362
2 238
2 244
2 372
2 380
2 255
3 264
3 265
3 138
3 392
3 12
3 397
3 398
3 149
3 277
3 152
3 25
3 284
3 167
3 168
3 45
3 59
3 315
3 320
3 195
3 69
3 211
3 345
3 218
3 353
3 98
3 357
3 230
3 235
3 370
3 118
3 249
4 258
4 384
4 386
4 136
4 265
4 138
4 11
4 269
4 272
4 147
4 149
4 152
4 156
4 161
4 293
4 169
4 44
4 188
4 64
4 192
4 321
4 71
4 327
4 73
4 74
4 203
4 79
4 208
4 81
4 336
4 340
4 86
4 219
4 356
4 231
4 365
4 112
4 368
4 242
4 115
4 244
4 250
4 381
5 131
5 132
5 136
5 12
5 269
5 397
5 399
5 17
5 277
5 278
5 282
5 288
5 161
5 289
5 163
5 37
5 165
5 166
5 168
5 293
5 45
5 178
5 179
5 57
5 187
5 72
5 75
5 332
5 209
5 87
5 356
5 102
5 362
5 107
5 236
5 112
5 113
5 241
5 369
5 372
5 378
5 379
5 380
5 382
6 129
6 390
6 8
6 399
6 279
6 154
6 155
6 29
6 286
6 292
6 293
6 168
6 176
6 312
6 194
6 326
6 199
6 332
6 209
6 337
6 85
6 343
6 346
6 98
6 227
6 356
6 359
6 369
6 246
7 384
7 129
7 262
7 8
7 136
7 16
7 275
7 279
7 24
7 154
7 26
7 284
7 285
7 162
7 290
7 294
7 41
7 169
7 298
7 47
7 178
7 306
7 187
7 188
7 61
7 315
7 63
7 316
7 323
7 196
7 336
7 340
7 216
7 217
7 218
7 344
7 220
7 355
7 356
7 232
7 105
7 360
7 236
7 367
7 240
7 371
7 372
7 245
7 375
7 250
8 137
8 138
8 397
8 280
8 156
8 284
8 30
8 32
8 161
8 37
8 39
8 296
8 172
8 311
8 60
8 63
8 194
8 196
8 207
8 337
8 216
8 347
8 350
8 223
8 224
8 106
8 242
8 115
8 247
9 257
9 131
9 259
9 392
9 269
9 148
9 280
9 24
9 283
9 288
9 36
9 168
9 178
9 311
9 185
9 315
9 326
9 328
9 329
9 202
9 330
9 331
9 209
9 87
9 220
9 226
9 229
9 238
9 118
9 253
10 386
10 267
10 141
10 397
10 399
10 274
10 278
10 25
10 285
10 287
10 40
10 169
10 298
10 299
10 300
10 175
10 179
10 56
10 185
10 186
10 57
10 314
10 191
10 324
10 200
10 77
10 335
10 83
10 345
10 223
10 224
10 225
10 357
10 361
10 362
10 367
10 370
10 383
11 133
11 395
11 13
11 14
11 273
11 275
11 149
11 23
11 32
11 288
11 291
11 38
11 40
11 300
11 301
11 302
11 59
11 317
11 190
11 192
11 193
11 66
11 205
11 80
11 84
11 88
11 344
11 218
11 219
11 92
11 221
11 94
11 95
11 98
11 227
11 103
11 361
11 364
11 248
11 381
12 386
12 392
12 137
12 270
12 23
12 27
12 289
12 35
12 164
12 165
12 167
12 296
12 301
12 177
12 305
12 56
12 193
12 197
12 328
12 331
12 204
12 336
12 338
12 92
12 222
12 98
12 107
12 110
12 366
12 367
12 117
12 377
12 379
12 382
13 261
13 266
13 14
13 15
13 398
13 147
13 25
13 285
13 33
13 164
13 297
13 309
13 54
13 64
13 194
13 325
13 71
13 330
13 331
13 341
13 87
13 350
13 230
13 103
13 359
13 361
13 365
13 238
13 375
13 250
13 123
13 381
13 383
14 131
14 387
14 133
14 273
14 149
14 151
14 24
14 26
14 159
14 165
14 41
14 300
14 45
14 174
14 49
14 178
14 307
14 180
14 182
14 56
14 62
14 65
14 321
14 67
14 197
14 198
14 325
14 326
14 329
14 202
14 85
14 86
14 218
14 222
14 95
14 230
14 360
14 361
14 364
14 368
14 114
14 252
15 256
15 385
15 271
15 17
15 21
15 277
15 23
15 302
15 47
15 52
15 55
15 314
15 316
15 65
15 329
15 202
15 333
15 78
15 336
15 81
15 343
15 216
15 219
15 220
15 223
15 108
15 237
15 114
15 370
15 249
15 250
15 379
15 127
16 131
16 265
16 266
16 141
16 270
16 143
16 21
16 160
16 38
16 298
16 171
16 48
16 176
16 53
16 188
16 189
16 190
16 317
16 318
16 320
16 327
16 202
16 205
16 337
16 339
16 343
16 218
16 219
16 95
16 227
16 229
16 103
16 104
16 359
16 362
16 238
16 367
16 240
16 241
16 243
16 118
16 379
17 130
17 138
17 398
17 23
17 25
17 155
17 33
17 164
17 39
17 59
17 64
17 68
17 70
17 332
17 339
17 85
17 90
17 221
17 95
17 96
17 98
17 100
17 107
17 254
17 381
17 126
18 128
18 129
18 256
18 259
18 387
18 388
18 271
18 279
18 290
18 37
18 295
18 168
18 182
18 311
18 315
18 191
18 331
18 76
18 210
18 338
18 213
18 341
18 87
18 222
18 223
18 352
18 97
18 108
18 370
18 372
18 122
19 278
19 25
19 158
19 185
19 315
19 60
19 322
19 67
19 197
19 326
19 81
19 338
19 341
19 86
19 218
19 220
19 350
19 96
19 355
19 100
19 367
19 112
19 115
19 372
19 246
19 121
19 251
19 125
20 386
20 392
20 397
20 398
20 274
20 275
20 150
20 28
20 285
20 161
20 289
20 291
20 292
20 46
20 177
20 306
20 51
20 52
20 309
20 310
20 312
20 187
20 59
20 190
20 69
20 326
20 71
20 75
20 333
20 82
20 83
20 215
20 218
20 223
20 97
20 100
20 360
20 105
20 235
20 363
20 370
20 243
20 372
20 378
21 131
21 144
21 272
21 277
21 151
21 279
21 155
21 166
21 45
21 174
21 51
21 308
21 54
21 55
21 56
21 57
21 324
21 325
21 199
21 200
21 202
21 211
21 89
21 217
21 349
21 352
21 226
21 102
21 104
21 232
21 364
21 367
21 370
21 244
21 245
21 373
21 121
21 378
21 125
21 383
22 385
22 258
22 260
22 134
22 390
22 136
22 148
22 149
22 150
22 26
22 155
22 286
22 287
22 160
22 162
22 293
22 166
22 167
22 43
22 302
22 311
22 187
22 62
22 323
22 68
22 69
22 76
22 333
22 79
22 338
22 221
22 226
22 237
22 371
22 373
22 246
22 119
22 377
22 122
22 255
23 130
23 258
23 259
23 388
23 265
23 267
23 270
23 147
23 276
23 279
23 34
23 293
23 297
23 42
23 303
23 176
23 305
23 182
23 185
23 315
23 316
23 319
23 324
23 70
23 202
23 211
23 85
23 344
23 91
23 347
23 94
23 352
23 227
23 101
23 229
23 357
23 105
23 107
23 114
23 244
23 372
23 380
23 123
23 252
23 255
24 137
24 141
24 270
24 397
24 281
24 27
24 156
24 28
24 31
24 164
24 165
24 292
24 299
24 172
24 300
24 181
24 312
24 58
24 63
24 319
24 320
24 329
24 77
24 211
24 214
24 88
24 345
24 218
24 348
24 94
24 358
24 105
24 364
24 243
24 249
24 378
24 383
25 258
25 389
25 139
25 144
25 145
25 149
25 150
25 281
25 154
25 286
25 288
25 162
25 294
25 170
25 43
25 171
25 173
25 46
25 50
25 179
25 55
25 58
25 64
25 73
25 331
25 335
25 337
25 343
25 347
25 224
25 97
25 352
25 360
25 105
25 234
25 361
25 363
25 367
25 112
25 115
25 127
26 134
26 135
26 262
26 399
26 146
26 148
26 280
26 285
26 158
26 159
26 30
26 31
26 162
26 287
26 52
26 312
26 314
26 70
26 198
26 331
26 76
26 332
26 83
26 339
26 85
26 215
26 343
26 345
26 227
26 362
26 110
26 117
26 378
26 382
27 128
27 129
27 131
27 259
27 263
27 396
27 143
27 272
27 399
27 276
27 153
27 280
27 281
27 28
27 35
27 169
27 300
27 302
27 188
27 66
27 68
27 71
27 200
27 201
27 78
27 338
27 84
27 213
27 219
27 94
27 97
27 231
27 233
27 365
27 374
27 119
27 376
27 377
27 251
28 128
28 393
28 395
28 141
28 142
28 272
28 147
28 152
28 280
28 157
28 161
28 38
28 167
28 294
28 41
28 170
28 298
28 45
28 173
28 301
28 54
28 55
28 184
28 313
28 191
28 192
28 199
28 72
28 73
28 201
28 329
28 80
28 338
28 341
28 216
28 89
28 345
28 96
28 97
28 230
28 110
28 239
28 242
28 246
28 375
29 128
29 257
29 135
29 140
29 152
29 294
29 297
29 170
29 43
29 45
29 302
29 47
29 179
29 56
29 59
29 187
29 61
29 64
29 322
29 323
29 200
29 73
29 201
29 203
29 76
29 329
29 330
29 79
29 207
29 83
29 217
29 91
29 349
29 97
29 355
29 357
29 358
29 360
29 106
29 235
29 362
29 111
29 241
29 370
29 243
29 252
29 376
29 124
29 255
30 384
30 129
30 257
30 389
30 267
30 269
30 156
30 157
30 162
30 42
30 49
30 50
30 306
30 183
30 64
30 65
30 197
30 198
30 80
30 208
30 82
30 213
30 220
30 101
30 231
30 106
30 107
30 243
30 374
30 123
30 252
30 381
30 126
31 397
31 145
31 273
31 151
31 38
31 40
31 299
31 44
31 302
31 175
31 304
31 179
31 307
31 310
31 185
31 315
31 320
31 322
31 196
31 197
31 329
31 332
31 205
31 78
31 334
31 80
31 84
31 213
31 217
31 356
31 104
31 106
31 107
31 362
31 239
31 112
31 245
31 376
31 123
31 253
32 132
32 137
32 392
32 139
32 147
32 275
32 277
32 278
32 157
32 288
32 33
32 162
32 39
32 169
32 170
32 172
32 46
32 317
32 66
32 328
32 205
32 78
32 335
32 336
32 216
32 348
32 356
32 232
32 233
32 244
32 246
32 122
32 252
33 128
33 132
33 260
33 136
33 393
33 148
33 277
33 283
33 286
33 34
33 290
33 165
33 38
33 299
33 305
33 180
33 191
33 193
33 198
33 326
33 328
33 203
33 331
33 333
33 78
33 336
33 340
33 88
33 220
33 105
33 364
33 366
33 246
33 249
34 134
34 390
34 391
34 392
34 138
34 394
34 277
34 151
34 287
34 288
34 165
34 44
34 178
34 307
34 57
34 58
34 313
34 317
34 63
34 65
34 68
34 69
34 326
34 75
34 206
34 83
34 216
34 89
34 219
34 93
34 375
34 224
34 227
34 109
34 372
34 247
34 380
34 379
34 124
35 389
35 392
35 394
35 147
35 291
35 164
35 299
35 310
35 187
35 316
35 60
35 318
35 66
35 75
35 333
35 209
35 216
35 217
35 91
35 94
35 95
35 354
35 356
35 112
35 241
35 369
35 383
36 130
36 263
36 396
36 269
36 276
36 151
36 153
36 285
36 45
36 179
36 307
36 311
36 59
36 67
36 196
36 326
36 71
36 343
36 89
36 348
36 222
36 228
36 364
36 365
36 368
36 117
36 247
36 120
36 379
36 380
37 256
37 385
37 388
37 389
37 138
37 279
37 154
37 160
37 294
37 41
37 297
37 301
37 47
37 305
37 180
37 57
37 187
37 60
37 61
37 318
37 323
37 72
37 78
37 79
37 339
37 212
37 340
37 219
37 91
37 100
37 377
37 365
37 112
37 368
37 249
37 250
37 251
38 129
38 260
38 134
38 274
38 153
38 155
38 167
38 169
38 45
38 46
38 174
38 303
38 308
38 56
38 58
38 315
38 200
38 202
38 75
38 76
38 203
38 206
38 334
38 208
38 210
38 338
38 340
38 346
38 351
38 224
38 225
38 99
38 100
38 101
38 227
38 231
38 359
38 105
38 234
38 362
38 236
38 238
38 114
38 242
38 246
38 119
38 120
38 374
38 378
38 251
38 126
39 131
39 134
39 263
39 136
39 146
39 277
39 280
39 160
39 296
39 46
39 53
39 54
39 56
39 62
39 63
39 66
39 322
39 196
39 69
39 72
39 73
39 74
39 329
39 331
39 78
39 83
39 90
39 220
39 225
39 355
39 235
39 114
39 244
39 249
39 124
39 125
40 257
40 386
40 263
40 394
40 275
40 150
40 292
40 293
40 294
40 170
40 172
40 173
40 46
40 176
40 305
40 57
40 315
40 189
40 61
40 320
40 65
40 72
40 73
40 206
40 79
40 209
40 82
40 212
40 343
40 222
40 101
40 357
40 359
40 107
40 235
40 240
40 246
40 374
40 377
40 378
41 129
41 258
41 386
41 261
41 269
41 271
41 159
41 287
41 289
41 45
41 178
41 53
41 181
41 55
41 56
41 59
41 66
41 69
41 79
41 83
41 213
41 87
41 89
41 346
41 225
41 354
41 99
41 229
41 106
41 236
41 243
41 373
41 247
41 383
42 129
42 266
42 140
42 270
42 143
42 148
42 157
42 164
42 44
42 48
42 313
42 58
42 187
42 314
42 190
42 318
42 330
42 334
42 81
42 338
42 339
42 342
42 93
42 352
42 226
42 232
42 237
42 366
42 111
42 113
42 119
42 124
43 136
43 266
43 394
43 397
43 144
43 155
43 164
43 293
43 170
43 299
43 45
43 179
43 310
43 188
43 66
43 325
43 198
43 78
43 84
43 214
43 219
43 348
43 96
43 102
43 362
43 111
43 113
43 241
43 122
43 127
44 135
44 140
44 141
44 398
44 271
44 274
44 149
44 277
44 280
44 157
44 159
44 299
44 173
44 45
44 47
44 175
44 304
44 307
44 316
44 318
44 325
44 328
44 76
44 82
44 83
44 211
44 85
44 225
44 356
44 229
44 109
44 110
44 240
44 368
44 115
44 375
44 120
44 250
44 254
44 383
45 256
45 261
45 263
45 389
45 277
45 279
45 157
45 160
45 288
45 51
45 52
45 180
45 58
45 316
45 62
45 318
45 67
45 69
45 327
45 74
45 343
45 89
45 90
45 352
45 97
45 230
45 106
45 241
45 369
45 371
45 247
45 376
45 383
46 263
46 394
46 142
46 273
46 146
46 166
46 294
46 175
46 51
46 309
46 59
46 321
46 67
46 204
46 210
46 91
46 351
46 353
46 356
46 358
46 110
46 239
46 113
46 245
46 375
46 248
46 255
47 261
47 393
47 279
47 153
47 158
47 286
47 162
47 165
47 168
47 297
47 298
47 175
47 309
47 54
47 55
47 187
47 194
47 196
47 324
47 70
47 335
47 210
47 248
47 112
47 369
47 114
47 116
47 373
47 120
47 378
47 252
47 125
47 126
47 127
48 384
48 385
48 392
48 152
48 155
48 283
48 174
48 175
48 311
48 188
48 189
48 319
48 68
48 69
48 198
48 328
48 336
48 338
48 85
48 341
48 95
48 355
48 230
48 106
48 108
48 113
48 241
48 245
48 246
48 374
48 251
48 252
48 125
49 132
49 139
49 399
49 272
49 146
49 280
49 284
49 285
49 165
49 166
49 167
49 298
49 171
49 302
49 306
49 307
49 184
49 186
49 315
49 189
49 62
49 318
49 192
49 196
49 324
49 75
49 205
49 208
49 339
49 216
49 345
49 221
49 349
49 226
49 100
49 232
49 234
49 235
49 110
49 238
49 245
49 118
49 246
49 376
49 125
50 389
50 394
50 139
50 140
50 395
50 277
50 150
50 152
50 280
50 284
50 285
50 176
50 305
50 178
50 52
50 184
50 314
50 319
50 320
50 71
50 72
50 73
50 74
50 204
50 83
50 213
50 92
50 351
50 376
50 107
50 374
50 248
50 127
51 260
51 137
51 138
51 265
51 268
51 395
51 397
51 144
51 145
51 283
51 285
51 292
51 167
51 169
51 306
51 182
51 314
51 202
51 205
51 79
51 80
51 81
51 85
51 341
51 87
51 218
51 352
51 225
51 227
51 107
51 366
51 239
51 242
51 243
51 247
51 122
51 381
51 382
52 384
52 129
52 131
52 133
52 270
52 146
52 275
52 151
52 155
52 157
52 290
52 296
52 299
52 176
52 178
52 183
52 324
52 73
52 75
52 207
52 337
52 82
52 338
52 214
52 347
52 93
52 353
52 229
52 357
52 104
52 363
52 111
52 242
52 244
52 117
52 373
52 120
52 125
53 255
53 386
53 387
53 262
53 135
53 265
53 142
53 144
53 147
53 148
53 279
53 152
53 285
53 288
53 163
53 164
53 296
53 169
53 299
53 55
53 58
53 65
53 195
53 73
53 332
53 333
53 206
53 210
53 340
53 346
53 348
53 224
53 352
53 356
53 229
53 238
53 241
53 371
53 378
53 251
53 254
53 127
54 260
54 135
54 393
54 394
54 141
54 274
54 276
54 149
54 284
54 160
54 289
54 291
54 292
54 168
54 170
54 306
54 179
54 308
54 186
54 59
54 320
54 65
54 194
54 321
54 201
54 86
54 88
54 217
54 347
54 92
54 349
54 96
54 225
54 226
54 99
54 100
54 227
54 352
54 358
54 359
54 369
54 116
54 120
54 121
54 253
55 130
55 262
55 139
55 267
55 269
55 142
55 276
55 154
55 159
55 289
55 166
55 299
55 302
55 312
55 62
55 191
55 323
55 331
55 337
55 213
55 345
55 228
55 229
55 104
55 234
55 235
55 238
55 240
55 243
55 372
55 374
55 375
55 120
55 127
56 129
56 260
56 136
56 144
56 148
56 153
56 282
56 288
56 58
56 60
56 189
56 190
56 197
56 333
56 79
56 341
56 344
56 220
56 222
56 95
56 350
56 98
56 230
56 369
56 114
56 243
56 116
56 119
57 129
57 133
57 134
57 395
57 268
57 399
57 156
57 173
57 304
57 320
57 323
57 68
57 70
57 71
57 200
57 201
57 74
57 202
57 326
57 335
57 225
57 228
57 357
57 360
57 106
57 239
57 122
57 379
57 127
58 131
58 132
58 260
58 262
58 265
58 138
58 395
58 140
58 144
58 272
58 274
58 283
58 163
58 171
58 172
58 174
58 298
58 302
58 177
58 307
58 308
58 313
58 316
58 189
58 70
58 330
58 75
58 77
58 78
58 344
58 89
58 348
58 349
58 222
58 375
58 355
58 101
58 229
58 234
58 235
58 108
58 365
58 114
58 242
58 252
58 247
58 124
59 128
59 387
59 138
59 266
59 272
59 149
59 276
59 281
59 285
59 291
59 292
59 168
59 169
59 173
59 174
59 303
59 308
59 61
59 64
59 65
59 67
59 68
59 326
59 327
59 328
59 202
59 78
59 209
59 215
59 88
59 89
59 217
59 91
59 222
59 225
59 107
59 369
59 244
59 120
59 123
59 126
60 128
60 256
60 131
60 384
60 135
60 136
60 265
60 267
60 140
60 268
60 391
60 398
60 399
60 283
60 159
60 164
60 166
60 291
60 298
60 305
60 310
60 61
60 317
60 319
60 65
60 321
60 324
60 327
60 73
60 76
60 348
60 221
60 224
60 227
60 357
60 377
60 109
60 238
60 371
60 249
60 127
61 135
61 136
61 396
61 397
61 274
61 275
61 277
61 160
61 290
61 170
61 313
61 317
61 64
61 65
61 323
61 69
61 325
61 327
61 329
61 204
61 333
61 207
61 102
61 231
61 232
61 105
61 107
61 251
61 113
61 114
61 370
61 244
61 119
61 249
61 123
62 255
62 268
62 141
62 142
62 144
62 277
62 159
62 161
62 292
62 293
62 166
62 297
62 304
62 186
62 314
62 198
62 328
62 73
62 333
62 218
62 348
62 355
62 358
62 105
62 367
62 112
62 114
62 245
62 120
62 378
62 379
62 127
63 130
63 133
63 262
63 266
63 394
63 163
63 301
63 174
63 308
63 187
63 66
63 325
63 72
63 78
63 213
63 90
63 219
63 91
63 94
63 99
63 101
63 229
63 104
63 109
63 378
63 243
63 245
63 250
63 381
64 388
64 263
64 392
64 269
64 399
64 145
64 274
64 275
64 149
64 276
64 161
64 291
64 164
64 296
64 297
64 298
64 302
64 306
64 183
64 312
64 191
64 68
64 329
64 84
64 87
64 345
64 380
64 221
64 232
64 361
64 113
64 114
64 115
64 241
64 242
64 243
64 247
64 120
64 369
64 250
64 252
64 255
65 387
65 265
65 267
65 269
65 142
65 144
65 285
65 286
65 163
65 168
65 296
65 299
65 178
65 179
65 181
65 315
65 321
65 196
65 324
65 199
65 75
65 331
65 206
65 334
65 335
65 81
65 214
65 91
65 93
65 95
65 356
65 102
65 231
65 370
65 116
65 118
65 378
65 126
66 132
66 389
66 262
66 263
66 264
66 137
66 273
66 280
66 285
66 159
66 309
66 202
66 80
66 210
66 217
66 90
66 91
66 347
66 351
66 230
66 358
66 105
66 113
66 371
66 246
66 120
66 124
66 383
67 129
67 133
67 390
67 135
67 264
67 394
67 395
67 272
67 148
67 149
67 152
67 162
67 290
67 298
67 173
67 302
67 191
67 323
67 324
67 329
67 330
67 78
67 210
67 83
67 341
67 216
67 218
67 91
67 219
67 352
67 354
67 106
67 246
67 121
68 385
68 262
68 140
68 142
68 144
68 150
68 151
68 152
68 290
68 172
68 303
68 311
68 313
68 187
68 190
68 318
68 320
68 322
68 206
68 81
68 213
68 216
68 222
68 95
68 352
68 227
68 240
68 242
68 377
68 250
68 124
68 127
69 128
69 259
69 263
69 264
69 137
69 268
69 399
69 145
69 281
69 156
69 288
69 290
69 293
69 172
69 305
69 187
69 194
69 322
69 324
69 199
69 204
69 211
69 247
69 348
69 223
69 355
69 230
69 105
69 362
69 109
69 244
69 246
69 119
69 381
70 386
70 262
70 392
70 144
70 150
70 283
70 156
70 289
70 293
70 302
70 304
70 307
70 189
70 320
70 72
70 201
70 77
70 333
70 337
70 339
70 340
70 85
70 90
70 347
70 222
70 226
70 355
70 100
70 228
70 365
70 111
70 243
70 244
70 378
70 380
71 128
71 386
71 137
71 268
71 269
71 143
71 397
71 154
71 157
71 165
71 168
71 189
71 322
71 197
71 200
71 82
71 88
71 345
71 219
71 356
71 101
71 108
71 126
72 132
72 136
72 266
72 139
72 269
72 270
72 145
72 279
72 153
72 285
72 286
72 159
72 290
72 178
72 180
72 181
72 183
72 312
72 321
72 325
72 200
72 74
72 203
72 217
72 346
72 349
72 223
72 229
72 361
72 362
72 111
72 369
72 120
72 378
72 123
72 124
73 386
73 263
73 395
73 397
73 270
73 146
73 148
73 277
73 282
73 286
73 288
73 292
73 167
73 175
73 309
73 184
73 185
73 187
73 320
73 193
73 194
73 322
73 323
73 77
73 218
73 347
73 92
73 226
73 102
73 358
73 104
73 105
73 235
73 109
73 114
73 370
73 380
74 386
74 148
74 277
74 150
74 288
74 163
74 292
74 299
74 173
74 301
74 178
74 182
74 312
74 185
74 188
74 191
74 193
74 196
74 75
74 205
74 336
74 337
74 338
74 342
74 87
74 88
74 218
74 97
74 353
74 227
74 110
74 369
74 115
74 374
74 375
74 121
74 381
75 128
75 385
75 395
75 140
75 268
75 269
75 397
75 399
75 275
75 288
75 163
75 165
75 292
75 168
75 171
75 308
75 182
75 312
75 186
75 319
75 202
75 335
75 83
75 339
75 346
75 349
75 350
75 355
75 100
75 364
75 237
75 254
76 385
76 259
76 132
76 390
76 391
76 264
76 156
76 157
76 166
76 298
76 300
76 180
76 321
76 195
76 200
76 330
76 204
76 205
76 206
76 209
76 340
76 213
76 90
76 220
76 93
76 221
76 116
76 373
76 247
76 124
76 382
77 258
77 278
77 281
77 164
77 167
77 173
77 306
77 189
77 194
77 329
77 330
77 211
77 84
77 212
77 342
77 220
77 97
77 356
77 102
77 370
77 253
77 255
78 387
78 263
78 277
78 161
78 292
78 299
78 300
78 301
78 313
78 187
78 190
78 205
78 214
78 216
78 347
78 98
78 102
78 108
78 368
78 113
78 241
78 369
78 373
78 246
78 120
78 251
79 260
79 262
79 135
79 136
79 264
79 138
79 391
79 394
79 396
79 398
79 147
79 276
79 282
79 159
79 162
79 163
79 298
79 175
79 303
79 306
79 179
79 308
79 309
79 183
79 311
79 187
79 190
79 320
79 195
79 329
79 204
79 337
79 88
79 345
79 91
79 220
79 353
79 229
79 233
79 369
79 372
79 246
79 374
79 122
79 125
79 126
80 139
80 398
80 277
80 286
80 163
80 299
80 183
80 187
80 317
80 321
80 326
80 328
80 202
80 82
80 340
80 91
80 221
80 223
80 96
80 95
80 224
80 226
80 354
80 105
80 108
80 112
80 114
80 375
80 251
80 381
81 384
81 386
81 259
81 132
81 310
81 315
81 190
81 191
81 320
81 194
81 330
81 332
81 214
81 89
81 218
81 219
81 349
81 99
81 227
81 109
81 238
81 242
81 375
81 248
81 123
81 252
81 382
82 256
82 384
82 130
82 131
82 132
82 388
82 389
82 136
82 137
82 143
82 273
82 151
82 284
82 292
82 166
82 294
82 304
82 177
82 178
82 182
82 311
82 184
82 190
82 322
82 202
82 337
82 85
82 86
82 217
82 91
82 222
82 96
82 224
82 355
82 356
82 359
82 370
82 116
82 117
82 121
83 256
83 261
83 269
83 142
83 399
83 273
83 159
83 160
83 164
83 165
83 166
83 297
83 173
83 177
83 306
83 183
83 311
83 312
83 192
83 193
83 197
83 222
83 225
83 108
83 236
83 238
84 389
84 135
84 270
84 160
84 293
84 296
84 170
84 309
84 186
84 314
84 316
84 193
84 323
84 328
84 202
84 210
84 87
84 343
84 90
84 91
84 221
84 93
84 224
84 229
84 233
84 362
84 235
84 364
84 110
84 111
84 378
84 379
84 126
85 393
85 147
85 277
85 156
85 162
85 165
85 295
85 174
85 182
85 314
85 190
85 191
85 325
85 326
85 204
85 206
85 208
85 211
85 213
85 342
85 350
85 227
85 359
85 236
85 109
85 110
85 368
85 379
85 126
86 384
86 129
86 392
86 140
86 269
86 143
86 270
86 272
86 167
86 304
86 181
86 309
86 188
86 321
86 196
86 328
86 330
86 331
86 208
86 337
86 347
86 220
86 351
86 352
86 226
86 99
86 231
86 362
86 364
86 242
86 248
87 256
87 129
87 257
87 260
87 261
87 392
87 137
87 265
87 140
87 147
87 274
87 149
87 276
87 152
87 154
87 285
87 164
87 292
87 295
87 303
87 318
87 192
87 320
87 212
87 216
87 89
87 99
87 231
87 232
87 360
87 106
87 364
87 110
87 239
87 245
87 250
87 253
87 383
88 258
88 133
88 261
88 267
88 395
88 281
88 282
88 156
88 285
88 159
88 166
88 294
88 169
88 297
88 174
88 187
88 191
88 320
88 321
88 196
88 200
88 327
88 95
88 360
88 236
88 370
88 372
88 375
88 120
88 383
89 387
89 260
89 264
89 266
89 394
89 142
89 273
89 281
89 159
89 161
89 170
89 171
89 302
89 313
89 191
89 324
89 334
89 343
89 352
89 359
89 360
89 362
89 366
89 112
89 243
89 374
89 121
89 250
89 382
90 386
90 261
90 389
90 383
90 138
90 166
90 298
90 171
90 173
90 306
90 307
90 309
90 184
90 186
90 314
90 318
90 198
90 328
90 201
90 330
90 342
90 217
90 218
90 233
90 362
90 371
90 116
90 246
90 249
90 250
90 255
91 258
91 134
91 137
91 395
91 141
91 399
91 286
91 159
91 160
91 161
91 287
91 293
91 172
91 309
91 313
91 196
91 324
91 202
91 331
91 209
91 339
91 340
91 342
91 347
91 220
91 353
91 99
91 356
91 358
91 104
91 239
91 367
91 370
91 376
91 249
92 129
92 136
92 270
92 271
92 276
92 154
92 283
92 288
92 292
92 296
92 169
92 309
92 184
92 196
92 199
92 329
92 331
92 333
92 216
92 346
92 225
92 227
92 358
92 231
92 104
92 236
92 367
92 379
92 372
92 373
92 247
92 121
92 251
92 253
92 127
93 258
93 388
93 133
93 269
93 397
93 271
93 276
93 283
93 155
93 158
93 159
93 286
93 293
93 177
93 319
93 321
93 322
93 331
93 205
93 344
93 226
93 228
93 101
93 229
93 373
93 252
94 386
94 131
94 264
94 143
94 277
94 153
94 158
94 169
94 306
94 188
94 190
94 318
94 193
94 194
94 323
94 201
94 329
94 330
94 204
94 335
94 221
94 95
94 224
94 227
94 100
94 104
94 233
94 107
94 110
94 247
95 258
95 132
95 261
95 390
95 135
95 392
95 394
95 269
95 270
95 145
95 147
95 272
95 149
95 281
95 155
95 285
95 288
95 168
95 309
95 184
95 188
95 189
95 336
95 96
95 353
95 98
95 103
95 109
95 239
95 114
95 246
95 377
95 250
95 126
96 383
96 397
96 399
96 152
96 286
96 171
96 181
96 310
96 196
96 197
96 327
96 200
96 204
96 214
96 232
96 238
96 241
96 115
96 371
96 246
96 379
96 381
96 254
96 255
97 384
97 134
97 264
97 393
97 138
97 269
97 142
97 146
97 275
97 290
97 303
97 183
97 321
97 333
97 207
97 334
97 337
97 212
97 220
97 355
97 357
97 230
97 107
97 236
97 364
97 123
97 125
98 264
98 265
98 394
98 267
98 396
98 145
98 274
98 153
98 155
98 288
98 169
98 297
98 174
98 307
98 186
98 192
98 327
98 203
98 335
98 337
98 338
98 343
98 216
98 228
98 104
98 109
98 238
98 367
98 115
98 373
98 246
98 375
98 253
99 130
99 137
99 265
99 267
99 270
99 152
99 162
99 165
99 295
99 170
99 172
99 309
99 310
99 316
99 321
99 204
99 332
99 337
99 344
99 354
99 105
99 106
99 364
99 365
99 238
99 368
99 113
99 374
99 248
99 122
100 132
100 260
100 139
100 395
100 271
100 151
100 281
100 159
100 296
100 170
100 174
100 178
100 181
100 185
100 324
100 197
100 330
100 338
100 211
100 339
100 215
100 343
100 354
100 355
100 358
100 235
100 236
100 363
100 368
100 373
100 382
100 127
101 386
101 390
101 391
101 137
101 138
101 139
101 266
101 396
101 272
101 146
101 147
101 278
101 280
101 157
101 158
101 162
101 296
101 298
101 174
101 180
101 312
101 191
101 197
101 328
101 329
101 204
101 341
101 214
101 102
101 358
101 360
101 375
101 249
101 378
101 383
102 129
102 385
102 133
102 135
102 262
102 383
102 394
102 150
102 155
102 294
102 172
102 299
102 302
102 178
102 308
102 310
102 325
102 203
102 336
102 216
102 219
102 249
102 234
102 112
102 369
102 121
102 255
103 257
103 265
103 397
103 278
103 281
103 293
103 172
103 176
103 307
103 318
103 329
103 206
103 337
103 340
103 216
103 346
103 228
103 229
103 361
103 365
103 114
103 250
103 254
104 258
104 135
104 266
104 142
104 272
104 275
104 279
104 282
104 155
104 296
104 298
104 299
104 302
104 200
104 208
104 214
104 345
104 222
104 225
104 358
104 250
104 364
104 110
104 367
104 112
104 371
104 122
104 252
104 381
104 126
105 128
105 134
105 263
105 269
105 143
105 286
105 291
105 179
105 181
105 186
105 314
105 205
105 341
105 342
105 216
105 222
105 359
105 236
105 366
105 239
105 254
106 134
106 136
106 264
106 392
106 396
106 283
106 293
106 170
106 299
106 307
106 309
106 313
106 205
106 218
106 221
106 353
106 107
106 374
106 248
106 121
106 250
106 383
107 256
107 130
107 388
107 143
107 399
107 148
107 149
107 280
107 285
107 293
107 167
107 180
107 184
107 322
107 195
107 199
107 208
107 212
107 342
107 215
107 349
107 223
107 230
107 114
107 373
107 119
107 379
107 126
108 128
108 267
108 140
108 148
108 276
108 157
108 159
108 164
108 294
108 180
108 313
108 186
108 315
108 190
108 320
108 335
108 342
108 217
108 228
108 114
108 115
108 370
108 377
108 124
109 259
109 262
109 390
109 264
109 391
109 139
109 268
109 396
109 276
109 280
109 282
109 160
109 293
109 312
109 188
109 323
109 198
109 329
109 345
109 218
109 365
109 373
109 246
109 249
109 379
110 385
110 132
110 389
110 264
110 265
110 393
110 143
110 151
110 281
110 158
110 163
110 293
110 166
110 300
110 303
110 311
110 312
110 322
110 328
110 333
110 208
110 209
110 337
110 351
110 358
110 234
110 237
110 242
110 247
110 248
110 254
111 128
111 257
111 387
111 134
111 267
111 149
111 150
111 156
111 286
111 297
111 298
111 185
111 191
111 192
111 325
111 332
111 351
111 352
111 358
111 233
111 234
111 236
111 238
111 241
111 242
111 243
111 244
111 369
111 376
111 123
111 381
112 130
112 386
112 261
112 388
112 264
112 390
112 139
112 398
112 399
112 145
112 273
112 153
112 287
112 292
112 167
112 295
112 170
112 300
112 176
112 307
112 315
112 195
112 196
112 198
112 202
112 337
112 210
112 341
112 214
112 349
112 352
112 358
112 360
112 236
112 366
112 118
112 375
112 377
112 251
113 137
113 265
113 397
113 288
113 290
113 164
113 302
113 177
113 184
113 189
113 195
113 199
113 200
113 333
113 210
113 338
113 212
113 340
113 341
113 342
113 345
113 349
113 350
113 375
113 226
113 361
113 116
113 118
113 246
113 248
113 379
113 124
114 134
114 390
114 152
114 281
114 282
114 283
114 286
114 163
114 164
114 293
114 166
114 305
114 182
114 194
114 323
114 210
114 214
114 225
114 361
114 362
114 366
114 239
114 371
114 126
115 258
115 136
115 138
115 141
115 398
115 144
115 146
115 276
115 284
115 169
115 298
115 175
115 305
115 179
115 326
115 199
115 213
115 214
115 342
115 345
115 347
115 356
115 378
115 371
115 244
115 118
115 248
115 377
115 122
115 123
116 386
116 265
116 139
116 399
116 150
116 282
116 285
116 159
116 288
116 161
116 299
116 173
116 310
116 190
116 320
116 200
116 330
116 203
116 340
116 218
116 350
116 227
116 230
116 361
116 363
116 237
116 118
116 376
116 125
116 382
117 257
117 130
117 255
117 259
117 260
117 262
117 263
117 384
117 386
117 142
117 145
117 280
117 155
117 157
117 285
117 159
117 288
117 164
117 297
117 173
117 302
117 175
117 307
117 310
117 314
117 315
117 190
117 323
117 324
117 197
117 204
117 332
117 342
117 225
117 228
117 230
117 363
117 240
117 242
117 118
117 381
117 254
117 127
118 384
118 259
118 141
118 151
118 285
118 162
118 292
118 293
118 294
118 299
118 308
118 181
118 186
118 316
118 323
118 324
118 328
118 333
118 211
118 339
118 344
118 228
118 357
118 242
118 252
119 387
119 133
119 261
119 394
119 142
119 147
119 279
119 290
119 167
119 297
119 306
119 184
119 193
119 203
119 332
119 205
119 210
119 215
119 225
119 357
119 235
119 375
119 251
119 382
120 141
120 398
120 271
120 151
120 158
120 296
120 297
120 177
120 178
120 189
120 319
120 198
120 336
120 347
120 220
120 348
120 228
120 357
120 368
120 381
120 124
120 253
121 133
121 391
121 265
121 394
121 141
121 275
121 280
121 153
121 284
121 288
121 161
121 294
121 299
121 176
121 177
121 179
121 181
121 184
121 190
121 199
121 215
121 218
121 220
121 221
121 353
121 230
121 365
121 238
121 245
121 248
121 126
122 256
122 382
122 265
122 140
122 270
122 146
122 147
122 274
122 150
122 151
122 152
122 161
122 297
122 170
122 172
122 173
122 174
122 181
122 309
122 312
122 194
122 327
122 328
122 203
122 331
122 334
122 335
122 211
122 340
122 341
122 214
122 222
122 354
122 227
122 355
122 358
122 126
123 384
123 131
123 263
123 136
123 394
123 397
123 143
123 398
123 145
123 276
123 280
123 161
123 296
123 298
123 177
123 305
123 184
123 199
123 350
123 351
123 354
123 236
123 366
123 370
123 126
123 255
124 258
124 131
124 261
124 262
124 274
124 280
124 154
124 156
124 160
124 161
124 170
124 300
124 174
124 180
124 311
124 188
124 321
124 205
124 219
124 220
124 224
124 233
124 363
124 368
124 379
124 380
125 386
125 390
125 393
125 268
125 397
125 398
125 272
125 273
125 146
125 150
125 277
125 282
125 155
125 285
125 159
125 310
125 183
125 189
125 190
125 196
125 202
125 330
125 204
125 339
125 218
125 352
125 359
125 362
125 369
125 374
125 252
125 383
126 256
126 135
126 265
126 138
126 141
126 273
126 274
126 276
126 277
126 280
126 161
126 170
126 300
126 301
126 174
126 310
126 201
126 212
126 218
126 348
126 229
126 357
126 233
126 239
126 241
126 369
126 371
127 129
127 258
127 261
127 390
127 136
127 137
127 140
127 268
127 397
127 276
127 149
127 289
127 163
127 299
127 175
127 194
127 201
127 335
127 209
127 212
127 342
127 345
127 218
127 351
127 363
127 237
127 367
127 247
127 383
128 257
128 259
128 133
128 392
128 393
128 267
128 396
128 270
128 170
128 173
128 186
128 325
128 347
128 353
128 360
128 238
128 240
128 378
128 250
128 254
129 256
129 133
129 136
129 142
129 271
129 398
129 275
129 164
129 168
129 170
129 171
129 299
129 303
129 176
129 305
129 181
129 189
129 324
129 202
129 332
129 210
129 212
129 348
129 233
129 362
129 237
129 371
129 249
129 251
130 259
130 262
130 263
130 391
130 139
130 145
130 274
130 275
130 150
130 285
130 292
130 170
130 172
130 173
130 300
130 302
130 308
130 202
130 205
130 334
130 211
130 212
130 213
130 343
130 220
130 351
130 355
130 368
130 242
130 243
130 247
130 253
131 132
131 263
131 394
131 268
131 396
131 398
131 278
131 162
131 290
131 299
131 174
131 175
131 186
131 322
131 324
131 327
131 329
131 207
131 380
131 219
131 348
131 349
131 364
131 365
131 246
131 376
132 259
132 387
132 389
132 394
132 269
132 271
132 144
132 273
132 148
132 154
132 313
132 315
132 197
132 198
132 335
132 210
132 340
132 341
132 342
132 220
132 351
132 226
132 238
132 368
132 371
132 244
132 373
132 375
133 389
133 136
133 394
133 279
133 152
133 282
133 161
133 299
133 177
133 305
133 192
133 193
133 197
133 198
133 203
133 211
133 340
133 375
133 233
133 369
134 262
134 135
134 392
134 266
134 396
134 397
134 278
134 281
134 283
134 157
134 285
134 159
134 286
134 289
134 302
134 175
134 310
134 318
134 319
134 340
134 348
134 221
134 227
134 241
134 369
134 379
135 259
135 137
135 394
135 143
135 146
135 276
135 149
135 153
135 285
135 159
135 291
135 292
135 171
135 308
135 188
135 319
135 194
135 324
135 328
135 329
135 217
135 220
135 364
135 247
135 250
136 393
136 140
136 273
136 151
136 163
136 167
136 172
136 173
136 299
136 175
136 300
136 180
136 310
136 195
136 326
136 201
136 202
136 331
136 339
136 346
136 220
136 349
136 375
136 354
136 229
136 230
136 231
136 357
136 363
136 236
136 371
136 246
136 374
136 252
137 263
137 265
137 272
137 282
137 283
137 163
137 165
137 166
137 297
137 176
137 305
137 179
137 186
137 315
137 316
137 191
137 322
137 198
137 325
137 206
137 348
137 353
137 354
137 227
137 355
137 356
137 358
137 360
137 234
137 236
137 369
137 244
137 245
138 385
138 258
138 389
138 270
138 160
138 289
138 163
138 291
138 292
138 302
138 305
138 183
138 312
138 187
138 316
138 205
138 211
138 215
138 216
138 346
138 347
138 222
138 228
138 373
138 253
139 388
139 389
139 264
139 268
139 142
139 148
139 161
139 166
139 167
139 174
139 180
139 314
139 324
139 197
139 205
139 336
139 344
139 217
139 228
139 231
139 233
139 363
139 238
139 249
139 379
139 254
139 383
140 259
140 141
140 142
140 286
140 164
140 165
140 177
140 311
140 189
140 316
140 318
140 320
140 321
140 202
140 333
140 336
140 345
140 221
140 229
140 361
140 369
140 243
140 376
141 261
141 397
141 155
141 286
141 287
141 289
141 170
141 305
141 178
141 180
141 181
141 313
141 314
141 192
141 323
141 343
141 345
141 357
141 231
141 232
141 240
142 384
142 385
142 263
142 394
142 398
142 274
142 147
142 156
142 284
142 291
142 298
142 179
142 312
142 192
142 324
142 200
142 349
142 350
142 355
142 358
142 360
142 235
142 246
143 384
143 392
143 267
143 399
143 272
143 160
143 165
143 172
143 301
143 175
143 177
143 308
143 182
143 310
143 189
143 329
143 216
143 223
143 350
143 363
143 238
143 381
143 253
143 383
144 397
144 398
144 155
144 283
144 157
144 160
144 163
144 168
144 301
144 175
144 181
144 316
144 321
144 327
144 333
144 211
144 341
144 345
144 352
144 354
144 361
144 362
144 365
144 247
144 252
145 390
145 271
145 273
145 274
145 277
145 278
145 160
145 166
145 173
145 176
145 177
145 188
145 316
145 331
145 204
145 332
145 333
145 229
145 362
145 241
145 369
145 372
145 375
145 382
145 383
146 385
146 258
146 261
146 263
146 152
146 154
146 292
146 167
146 169
146 174
146 186
146 315
146 317
146 319
146 193
146 331
146 336
146 209
146 337
146 342
146 220
146 232
146 360
146 238
146 241
146 377
146 379
147 384
147 260
147 388
147 263
147 154
147 161
147 164
147 296
147 179
147 189
147 319
147 195
147 323
147 198
147 332
147 340
147 345
147 348
147 354
147 358
147 234
147 378
147 239
147 374
147 379
147 380
147 381
148 260
148 270
148 274
148 275
148 281
148 283
148 156
148 298
148 301
148 302
148 183
148 314
148 320
148 326
148 200
148 202
148 331
148 335
148 213
148 221
148 351
148 224
148 354
148 361
148 368
148 369
148 245
148 250
148 379
149 257
149 387
149 388
149 391
149 395
149 280
149 155
149 160
149 161
149 288
149 168
149 297
149 299
149 172
149 176
149 195
149 326
149 200
149 328
149 331
149 204
149 334
149 207
149 213
149 348
149 353
149 355
149 228
149 357
149 232
149 375
150 384
150 259
150 260
150 393
150 398
150 277
150 279
150 155
150 285
150 294
150 170
150 181
150 187
150 201
150 342
150 222
150 228
150 229
150 358
150 232
150 365
150 373
150 253
151 389
151 284
151 288
151 293
151 295
151 171
151 173
151 304
151 307
151 311
151 186
151 200
151 330
151 336
151 213
151 345
151 218
151 221
151 225
151 356
151 230
151 234
151 363
151 378
151 379
151 380
151 255
152 257
152 386
152 388
152 264
152 398
152 276
152 287
152 163
152 165
152 169
152 299
152 172
152 181
152 311
152 313
152 317
152 326
152 201
152 202
152 332
152 335
152 208
152 209
152 217
152 352
152 232
152 240
152 241
152 244
152 373
152 248
152 380
152 254
153 392
153 282
153 168
153 300
153 178
153 312
153 192
153 320
153 194
153 196
153 326
153 329
153 330
153 332
153 340
153 215
153 216
153 347
153 353
153 360
153 367
153 240
153 247
154 384
154 260
154 262
154 389
154 276
154 161
154 297
154 177
154 306
154 179
154 312
154 318
154 211
154 354
154 360
154 362
154 235
154 372
155 266
155 394
155 273
155 277
155 170
155 177
155 178
155 306
155 180
155 310
155 314
155 315
155 188
155 318
155 201
155 202
155 211
155 216
155 346
155 226
155 230
155 250
156 387
156 260
156 390
156 265
156 269
156 272
156 276
156 159
156 309
156 312
156 186
156 189
156 192
156 194
156 322
156 198
156 199
156 330
156 204
156 347
156 223
156 351
156 226
156 233
156 234
156 240
156 243
156 376
156 378
157 385
157 261
157 392
157 284
157 167
157 295
157 172
157 179
157 187
157 316
157 191
157 195
157 329
157 212
157 213
157 220
157 231
157 235
157 238
157 245
157 378
158 257
158 258
158 388
158 389
158 396
158 284
158 286
158 288
158 292
158 167
158 301
158 174
158 311
158 184
158 312
158 314
158 318
158 191
158 209
158 213
158 215
158 219
158 224
158 234
158 240
158 374
158 251
159 395
159 277
159 282
159 288
159 161
159 292
159 294
159 298
159 171
159 302
159 307
159 182
159 313
159 318
159 321
159 199
159 202
159 330
159 212
159 339
159 343
159 353
159 358
159 246
159 247
159 374
159 380
159 383
160 386
160 281
160 283
160 287
160 163
160 168
160 195
160 199
160 329
160 206
160 336
160 340
160 342
160 219
160 223
160 227
160 228
161 257
161 397
161 271
161 293
161 298
161 306
161 182
161 310
161 187
161 317
161 193
161 322
161 199
161 329
161 203
161 204
161 335
161 349
161 223
161 351
161 225
161 233
161 366
161 251
161 245
162 260
162 263
162 394
162 267
162 398
162 164
162 166
162 168
162 172
162 301
162 180
162 312
162 188
162 190
162 194
162 323
162 199
162 205
162 337
162 210
162 338
162 213
162 215
162 341
162 218
162 347
162 223
162 355
162 364
162 366
162 239
162 367
162 371
162 376
162 251
162 254
163 260
163 389
163 395
163 293
163 294
163 171
163 306
163 310
163 311
163 184
163 189
163 334
163 336
163 212
163 216
163 345
163 354
163 363
163 372
163 247
163 380
164 263
164 395
164 274
164 168
164 170
164 176
164 350
164 353
164 229
164 236
164 239
164 240
164 367
164 369
164 376
165 257
165 382
165 391
165 265
165 266
165 395
165 275
165 296
165 175
165 312
165 318
165 319
165 209
165 222
165 350
165 353
165 231
165 239
165 244
165 372
165 254
166 256
166 265
166 267
166 269
166 282
166 289
166 290
166 172
166 300
166 301
166 176
166 191
166 318
166 207
166 208
166 337
166 347
166 349
166 352
166 236
166 367
166 245
166 249
166 254
167 269
167 396
167 397
167 399
167 273
167 279
167 280
167 295
167 302
167 303
167 307
167 181
167 313
167 194
167 195
167 323
167 197
167 200
167 329
167 207
167 342
167 345
167 220
167 225
167 233
167 235
167 363
167 365
167 373
167 378
167 379
167 253
168 257
168 387
168 395
168 273
168 286
168 294
168 296
168 185
168 189
168 317
168 192
168 201
168 329
168 206
168 335
168 338
168 214
168 345
168 359
168 236
169 267
169 272
169 287
169 300
169 174
169 325
169 199
169 208
169 211
169 213
169 350
169 227
169 230
169 231
169 359
169 236
169 241
169 374
169 376
169 378
169 381
170 389
170 271
170 399
170 303
170 320
170 327
170 206
170 211
170 216
170 348
170 233
170 250
170 242
170 381
171 387
171 264
171 271
171 281
171 282
171 296
171 301
171 178
171 309
171 310
171 191
171 195
171 198
171 206
171 336
171 210
171 342
171 218
171 351
171 226
171 356
171 362
171 370
171 254
172 259
172 387
172 268
172 275
172 286
172 291
172 302
172 180
172 181
172 312
172 193
172 196
172 204
172 334
172 335
172 339
172 214
172 354
172 374
172 377
173 273
173 283
173 290
173 295
173 298
173 183
173 311
173 186
173 322
173 196
173 201
173 203
173 335
173 336
173 341
173 344
173 222
173 226
173 228
173 232
173 233
173 244
173 248
174 262
174 264
174 269
174 275
174 312
174 316
174 332
174 208
174 348
174 350
174 360
174 361
174 368
174 242
174 246
174 248
175 385
175 259
175 394
175 283
175 292
175 302
175 307
175 181
175 191
175 322
175 326
175 338
175 215
175 344
175 219
175 350
175 354
175 227
175 368
175 242
175 375
176 257
176 393
176 270
176 272
176 288
176 292
176 182
176 184
176 189
176 321
176 327
176 200
176 328
176 202
176 204
176 205
176 334
176 337
176 338
176 211
176 213
176 353
176 233
176 247
176 378
177 391
177 282
177 297
177 302
177 184
177 185
177 320
177 321
177 197
177 325
177 332
177 212
177 345
177 346
177 350
177 351
177 248
177 225
177 356
177 229
177 357
177 359
177 232
177 376
177 364
177 241
177 379
178 264
178 391
178 398
178 273
178 276
178 278
178 280
178 281
178 292
178 293
178 295
178 297
178 298
178 182
178 183
178 317
178 331
178 333
178 211
178 348
178 225
178 241
178 246
179 384
179 388
179 393
179 274
179 282
179 286
179 303
179 315
179 191
179 320
179 327
179 203
179 332
179 213
179 344
179 347
179 376
179 229
179 357
179 231
179 365
179 242
179 372
179 248
179 383
180 385
180 391
180 274
180 278
180 289
180 292
180 297
180 304
180 182
180 310
180 313
180 315
180 321
180 195
180 323
180 199
180 202
180 206
180 214
180 221
180 356
180 230
180 238
180 368
180 249
180 250
181 388
181 390
181 391
181 266
181 282
181 283
181 292
181 293
181 182
181 184
181 320
181 199
181 330
181 336
181 209
181 212
181 340
181 344
181 218
181 350
181 249
181 360
181 234
181 250
181 371
181 248
181 251
182 258
182 262
182 391
182 268
182 270
182 296
182 299
182 302
182 306
182 313
182 186
182 190
182 193
182 208
182 218
182 352
182 226
182 228
182 356
182 230
182 245
182 252
182 254
182 383
183 384
183 257
183 389
183 279
183 300
183 302
183 316
183 319
183 194
183 200
183 202
183 330
183 207
183 337
183 338
183 340
183 217
183 224
183 225
183 362
183 244
183 245
183 248
183 251
184 260
184 265
184 270
184 280
184 281
184 288
184 296
184 298
184 313
184 189
184 318
184 200
184 204
184 205
184 341
184 342
184 352
184 238
184 371
184 379
184 250
184 383
185 258
185 390
185 266
185 395
185 397
185 301
185 311
185 313
185 314
185 187
185 316
185 191
185 321
185 322
185 210
185 355
185 232
185 361
185 378
185 379
185 381
186 256
186 393
186 271
186 399
186 294
186 299
186 314
186 195
186 207
186 210
186 338
186 213
186 340
186 215
186 223
186 352
186 353
186 359
186 232
186 365
186 253
187 385
187 382
187 387
187 264
187 393
187 396
187 271
187 274
187 281
187 288
187 301
187 302
187 315
187 323
187 204
187 339
187 347
187 220
187 348
187 355
187 230
187 366
187 249
187 254
188 257
188 388
188 265
188 270
188 281
188 284
188 297
188 305
188 307
188 313
188 319
188 320
188 323
188 210
188 338
188 227
188 235
188 364
188 237
188 374
188 251
189 258
189 387
189 388
189 262
189 270
189 271
189 398
189 279
189 281
189 285
189 288
189 289
189 303
189 328
189 201
189 338
189 211
189 214
189 342
189 218
189 219
189 248
189 362
190 264
190 266
190 397
190 398
190 195
190 326
190 201
190 207
190 208
190 209
190 212
190 346
190 348
190 352
190 227
190 356
190 361
190 363
190 239
190 240
190 241
190 378
191 257
191 263
191 394
191 271
191 291
191 292
191 296
191 298
191 300
191 301
191 309
191 316
191 192
191 207
191 346
191 349
191 350
191 227
191 242
191 376
191 252
192 385
192 395
192 271
192 286
192 292
192 304
192 311
192 317
192 322
192 198
192 329
192 207
192 338
192 217
192 218
192 353
192 228
192 250
192 381
192 383
193 396
193 285
193 306
193 315
193 194
193 196
193 324
193 200
193 203
193 328
193 213
193 344
193 223
193 350
193 352
193 228
193 356
193 359
193 363
193 367
193 242
193 248
193 380
194 257
194 386
194 261
194 389
194 270
194 271
194 288
194 292
194 293
194 301
194 198
194 201
194 210
194 340
194 213
194 215
194 356
194 250
194 235
194 364
194 369
195 384
195 259
195 394
195 276
195 279
195 284
195 287
195 289
195 304
195 310
195 322
195 331
195 335
195 337
195 339
195 218
195 350
195 237
195 238
195 373
195 250
196 384
196 387
196 264
196 399
196 296
196 299
196 308
196 316
196 321
196 333
196 215
196 217
196 342
196 345
196 352
196 229
196 232
196 365
196 238
196 239
196 240
196 243
196 371
196 248
196 249
196 378
197 262
197 268
197 270
197 276
197 285
197 296
197 323
197 332
197 348
197 221
197 226
197 228
197 361
197 362
197 237
197 240
198 257
198 266
198 268
198 271
198 398
198 286
198 290
198 294
198 296
198 305
198 306
198 309
198 319
198 199
198 339
198 213
198 342
198 217
198 345
198 349
198 351
198 356
198 357
198 233
198 243
198 244
198 383
199 386
199 270
199 275
199 297
199 298
199 301
199 322
199 330
199 204
199 333
199 217
199 223
199 362
199 242
199 247
199 383
200 267
200 268
200 396
200 398
200 283
200 294
200 301
200 310
200 203
200 206
200 341
200 346
200 222
200 225
200 352
200 230
200 236
200 240
200 241
200 250
200 252
201 255
201 392
201 266
201 282
201 288
201 291
201 299
201 325
201 202
201 330
201 333
201 341
201 215
201 360
201 239
201 367
201 246
201 375
201 380
202 388
202 261
202 275
202 305
202 313
202 318
202 322
202 329
202 331
202 341
202 345
202 219
202 354
202 230
202 363
202 236
202 249
202 255
203 257
203 286
203 290
203 292
203 299
203 306
203 307
203 313
203 314
203 204
203 209
203 337
203 213
203 247
203 351
203 225
203 361
203 362
203 238
203 374
203 248
203 253
203 382
204 259
204 269
204 396
204 271
204 286
204 291
204 295
204 313
204 218
204 220
204 358
204 366
204 381
204 245
204 375
204 249
204 382
204 255
205 269
205 284
205 290
205 293
205 294
205 300
205 325
205 326
205 215
205 343
205 217
205 346
205 221
205 351
205 353
205 233
205 238
205 242
205 372
206 258
206 387
206 261
206 276
206 281
206 284
206 317
206 319
206 326
206 209
206 212
206 349
206 227
206 369
206 372
206 246
206 248
206 249
206 254
207 259
207 261
207 387
207 394
207 270
207 286
207 305
207 316
207 318
207 319
207 333
207 214
207 229
207 235
207 238
207 239
207 369
207 370
207 243
207 250
207 251
207 381
208 265
208 282
208 291
208 294
208 308
208 318
208 324
208 327
208 328
208 211
208 221
208 223
208 353
208 354
208 228
208 236
208 242
208 244
208 376
209 386
209 387
209 388
209 397
209 274
209 293
209 306
209 310
209 212
209 344
209 219
209 221
209 360
209 234
209 371
209 249
209 252
210 264
210 393
210 275
210 285
210 292
210 298
210 312
210 313
210 331
210 336
210 221
210 362
210 237
210 369
210 371
210 252
210 254
211 258
211 390
211 395
211 281
211 284
211 302
211 310
211 314
211 327
211 212
211 218
211 220
211 224
211 354
211 228
211 378
211 371
211 375
211 377
212 255
212 383
212 268
212 275
212 292
212 302
212 310
212 320
212 323
212 327
212 213
212 348
212 222
212 223
212 354
212 229
212 362
212 364
212 238
212 373
212 250
213 256
213 263
213 272
213 304
213 313
213 336
213 342
213 357
213 359
213 233
213 235
213 371
213 372
213 379
214 385
214 397
214 283
214 295
214 310
214 318
214 319
214 323
214 331
214 332
214 339
214 340
214 353
214 356
214 234
214 378
214 241
214 250
214 380
214 254
215 260
215 391
215 392
215 267
215 269
215 399
215 272
215 275
215 282
215 294
215 301
215 312
215 314
215 319
215 320
215 343
215 346
215 221
215 362
215 242
215 374
215 248
215 251
215 380
215 381
216 386
216 390
216 265
216 267
216 392
216 395
216 396
216 284
216 298
216 305
216 311
216 322
216 324
216 334
216 339
216 218
216 221
216 222
216 234
216 369
216 371
216 375
216 379
216 380
216 254
217 385
217 396
217 269
217 283
217 290
217 294
217 300
217 305
217 306
217 309
217 311
217 341
217 345
217 219
217 360
217 234
217 362
217 365
217 366
217 381
217 253
218 385
218 383
218 277
218 317
218 331
218 343
218 223
218 351
218 352
218 353
218 236
218 364
218 371
218 246
218 248
218 252
219 261
219 291
219 304
219 309
219 325
219 332
219 335
219 340
219 353
219 356
219 229
219 360
219 238
219 367
219 378
219 252
219 245
219 247
219 250
220 385
220 388
220 389
220 267
220 283
220 287
220 297
220 349
220 229
220 231
220 236
220 370
220 255
221 387
221 390
221 269
221 398
221 272
221 273
221 277
221 291
221 321
221 323
221 329
221 334
221 340
221 350
221 226
221 229
221 360
221 377
221 239
221 246
221 255
222 262
222 267
222 394
222 398
222 399
222 279
222 287
222 289
222 299
222 305
222 310
222 313
222 314
222 318
222 323
222 334
222 342
222 352
222 226
222 233
222 364
222 240
222 368
222 370
222 243
222 247
222 248
223 264
223 396
223 269
223 398
223 281
223 285
223 287
223 293
223 323
223 326
223 339
223 341
223 225
223 353
223 235
223 367
223 241
223 246
223 250
223 252
223 254
224 386
224 389
224 263
224 276
224 297
224 300
224 320
224 347
224 348
224 350
224 353
224 376
224 248
224 254
225 385
225 261
225 263
225 266
225 396
225 342
225 345
225 352
225 229
225 365
225 238
225 368
225 378
225 380
225 381
225 254
226 282
226 287
226 326
226 330
226 332
226 336
226 352
226 231
226 365
226 372
226 383
227 391
227 266
227 287
227 296
227 310
227 314
227 321
227 322
227 326
227 236
227 370
227 244
227 246
227 251
227 254
228 256
228 260
228 390
228 264
228 266
228 394
228 275
228 277
228 284
228 286
228 305
228 311
228 317
228 324
228 328
228 329
228 376
228 232
228 233
228 375
229 391
229 271
229 281
229 285
229 287
229 306
229 323
229 331
229 337
229 347
229 234
229 377
229 251
229 383
230 264
230 266
230 395
230 399
230 286
230 287
230 293
230 305
230 312
230 324
230 327
230 347
230 355
230 233
230 363
230 239
230 252
231 397
231 398
231 293
231 305
231 307
231 309
231 313
231 314
231 232
231 244
231 246
231 383
232 391
232 266
232 273
232 275
232 281
232 291
232 305
232 353
232 360
232 377
232 235
232 238
232 368
232 243
232 249
233 387
233 260
233 264
233 265
233 395
233 305
233 323
233 328
233 335
233 345
233 347
233 356
233 240
233 368
234 384
234 389
234 392
234 272
234 285
234 287
234 312
234 318
234 328
234 337
234 341
234 344
234 358
234 381
234 250
234 253
235 386
235 269
235 291
235 301
235 305
235 314
235 325
235 333
235 344
235 359
235 372
235 255
236 269
236 273
236 274
236 280
236 307
236 328
236 336
236 345
236 365
236 251
236 369
236 375
236 376
236 380
236 381
237 384
237 257
237 389
237 266
237 399
237 273
237 274
237 308
237 341
237 364
237 238
237 374
237 377
237 381
238 270
238 274
238 291
238 292
238 299
238 321
238 324
238 335
238 353
238 355
238 360
238 361
238 378
238 382
239 258
239 386
239 262
239 265
239 393
239 288
239 297
239 298
239 299
239 305
239 312
239 333
239 336
239 338
239 343
239 356
239 360
239 242
239 244
239 374
239 375
239 379
240 272
240 273
240 282
240 289
240 290
240 292
240 294
240 295
240 301
240 308
240 245
240 252
240 382
241 261
241 264
241 395
241 287
241 304
241 308
241 311
241 312
241 315
241 317
241 326
241 369
241 249
242 384
242 387
242 265
242 271
242 274
242 276
242 292
242 299
242 301
242 308
242 309
242 319
242 335
242 337
242 369
242 370
242 243
242 375
242 376
243 384
243 259
243 392
243 269
243 284
243 286
243 299
243 306
243 313
243 322
243 323
243 324
243 347
243 350
243 246
243 375
243 378
243 252
243 383
244 389
244 398
244 293
244 295
244 308
244 309
244 315
244 322
244 330
244 358
244 366
244 246
244 375
244 248
245 258
245 387
245 264
245 274
245 282
245 296
245 297
245 305
245 353
245 365
245 366
245 368
245 248
245 250
245 252
245 381
246 257
246 271
246 398
246 399
246 277
246 282
246 293
246 295
246 296
246 306
246 311
246 314
246 319
246 322
246 325
246 330
246 346
246 248
246 382
246 383
247 384
247 385
247 264
247 265
247 268
247 397
247 273
247 290
247 309
247 310
247 317
247 326
247 334
247 339
247 343
247 372
247 375
247 377
247 379
247 381
248 257
248 267
248 268
248 396
248 283
248 288
248 307
248 311
248 329
248 338
248 344
248 367
248 372
248 378
249 384
249 397
249 287
249 299
249 303
249 326
249 345
249 352
249 364
249 380
250 265
250 393
250 291
250 299
250 300
250 308
250 317
250 336
250 356
250 358
250 370
250 252
251 385
251 273
251 278
251 297
251 339
251 341
251 350
251 352
251 360
251 361
251 368
251 381
252 393
252 282
252 288
252 291
252 320
252 338
252 344
252 347
252 353
252 371
253 257
253 399
253 277
253 321
253 334
253 338
253 360
253 254
254 388
254 393
254 271
254 399
254 286
254 290
254 298
254 324
254 325
254 340
254 346
254 353
254 358
254 365
254 373
254 380
255 393
255 397
255 398
255 272
255 285
255 287
255 290
255 296
255 297
255 298
255 312
255 342
255 346
255 348
255 362
256 259
256 387
256 388
256 390
256 392
256 266
256 394
256 268
256 276
256 279
256 294
256 312
256 324
256 328
256 329
256 335
256 362
256 370
256 373
256 379
256 380
257 388
257 389
257 262
257 265
257 271
257 272
257 283
257 308
257 313
257 324
257 343
257 345
257 360
257 369
258 259
258 395
258 289
258 291
258 295
258 303
258 316
258 323
258 328
258 370
259 262
259 270
259 294
259 325
259 344
259 351
260 386
260 389
260 269
260 277
260 279
260 296
260 302
260 306
260 309
260 322
260 325
260 337
260 341
260 354
260 362
260 371
260 379
260 381
261 268
261 279
261 289
261 294
261 312
261 321
261 323
261 348
261 368
261 370
261 373
262 384
262 277
262 280
262 293
262 306
262 312
262 327
262 333
262 344
262 346
262 349
262 351
262 354
262 355
262 363
262 368
262 370
263 393
263 394
263 301
263 315
263 331
263 339
263 340
263 355
263 360
263 377
263 378
264 399
264 282
264 292
264 304
264 318
264 326
264 330
264 357
264 362
265 282
265 285
265 287
265 289
265 293
265 309
265 323
265 332
265 345
265 354
265 356
265 364
265 369
265 370
266 385
266 267
266 268
266 270
266 277
266 278
266 285
266 293
266 302
266 307
266 342
266 348
266 353
266 354
266 374
266 381
267 384
267 390
267 392
267 393
267 396
267 272
267 288
267 291
267 295
267 300
267 305
267 317
267 332
267 343
267 381
268 383
268 398
268 299
268 303
268 304
268 313
268 315
268 322
268 332
268 375
268 354
268 363
268 381
268 377
268 378
268 379
269 270
269 292
269 309
269 312
269 314
269 346
269 350
269 352
269 377
270 386
270 387
270 393
270 394
270 274
270 298
270 301
270 314
270 338
270 341
270 342
270 345
270 349
271 388
271 395
271 279
271 322
271 324
271 353
271 368
271 369
271 381
271 383
272 395
272 399
272 284
272 295
272 304
272 313
272 325
272 348
272 349
272 368
273 394
273 282
273 285
273 291
273 295
273 308
273 310
273 352
273 355
273 368
274 394
274 278
274 290
274 297
274 306
274 310
274 313
274 320
274 321
274 333
274 346
274 349
274 357
274 360
274 366
274 368
274 370
275 392
275 394
275 395
275 285
275 295
275 299
275 308
275 317
275 319
275 326
275 328
275 340
275 341
275 357
275 360
275 363
276 398
276 278
276 311
276 331
276 350
276 360
276 370
276 372
276 375
277 393
277 394
277 284
277 287
277 296
277 307
277 313
277 321
277 328
277 333
277 381
277 374
278 394
278 280
278 283
278 290
278 293
278 297
278 302
278 313
278 345
278 348
278 353
278 360
279 386
279 391
279 396
279 287
279 297
279 299
279 308
279 316
279 340
279 352
279 356
279 362
279 380
280 384
280 385
280 388
280 392
280 316
280 318
280 327
280 328
280 354
280 356
280 377
280 367
280 375
280 383
281 397
281 290
281 293
281 303
281 317
281 329
281 333
281 337
281 363
281 365
281 377
282 301
282 335
282 359
283 385
283 290
283 304
283 307
283 336
283 337
283 362
283 369
283 380
284 394
284 290
284 320
284 323
284 326
284 337
284 354
284 358
284 363
285 384
285 394
285 398
285 290
285 301
285 308
285 319
285 330
285 347
285 356
285 359
285 364
286 385
286 294
286 297
286 298
286 304
286 339
286 347
286 348
286 350
287 393
287 397
287 288
287 290
287 298
287 299
287 352
287 354
287 362
287 375
288 386
288 387
288 396
288 398
288 289
288 295
288 296
288 316
288 318
288 319
288 332
288 341
288 342
288 378
288 381
289 295
289 323
289 336
289 338
289 348
289 351
289 356
289 359
289 360
289 361
289 380
290 385
290 392
290 295
290 299
290 301
290 317
290 326
290 332
290 336
290 341
290 343
290 361
290 363
291 384
291 394
291 395
291 397
291 294
291 296
291 306
291 329
291 331
291 335
291 336
291 339
291 356
291 357
291 358
291 378
291 382
292 385
292 293
292 296
292 297
292 304
292 315
292 333
292 337
292 363
292 368
292 374
292 382
293 384
293 388
293 306
293 308
293 315
293 325
293 330
293 334
293 347
293 354
293 363
293 372
293 373
293 377
294 308
294 316
294 319
294 323
294 326
294 333
294 334
294 336
294 337
294 367
294 373
294 376
295 396
295 320
295 325
295 331
295 345
295 353
296 397
296 304
296 313
296 315
296 327
296 336
296 347
296 376
296 359
296 368
297 383
297 396
297 397
297 398
297 327
297 352
297 358
297 370
298 386
298 397
298 305
298 324
298 333
298 344
298 366
298 376
299 389
299 390
299 399
299 305
299 314
299 324
299 337
299 354
299 377
299 368
299 376
300 385
300 387
300 399
300 308
300 311
300 333
300 340
300 350
300 358
300 365
300 366
300 368
300 372
300 383
301 387
301 393
301 318
301 326
301 327
301 331
301 346
301 350
301 354
301 367
301 369
301 370
301 372
301 378
301 381
302 389
302 305
302 309
302 313
302 329
302 330
302 335
302 336
302 344
302 349
302 352
302 371
303 386
303 388
303 399
303 308
303 309
303 322
303 323
303 352
303 371
304 384
304 399
304 310
304 320
304 348
304 355
305 384
305 390
305 391
305 315
305 322
305 325
305 347
305 353
305 354
305 366
305 377
305 380
306 391
306 393
306 341
306 357
306 365
306 380
307 384
307 308
307 330
307 337
307 342
307 352
307 371
307 378
308 389
308 398
308 324
308 338
308 351
308 358
308 362
308 365
308 369
308 370
309 386
309 311
309 328
309 342
309 344
309 357
309 358
309 362
309 380
310 382
310 323
310 325
310 331
310 336
310 378
311 384
311 324
311 345
311 358
311 365
311 383
312 319
312 328
312 353
312 356
313 384
313 391
313 398
313 319
313 325
313 333
313 364
313 369
313 379
314 388
314 389
314 394
314 398
314 332
314 340
314 345
314 348
314 358
314 368
314 375
314 380
315 391
315 334
315 338
315 339
315 356
315 378
315 383
316 390
316 398
316 317
316 322
316 329
316 338
316 341
316 346
316 347
316 360
316 363
316 371
317 390
317 393
317 319
317 324
317 331
317 353
317 363
317 369
318 320
318 325
318 341
318 350
318 368
318 369
318 376
318 379
318 382
319 321
319 328
319 352
319 355
319 382
320 386
320 330
320 346
320 355
320 356
320 361
320 374
320 381
321 323
321 333
321 354
321 357
321 359
321 373
322 386
322 391
322 342
322 343
322 365
322 367
322 375
323 384
323 386
323 387
323 329
323 345
323 356
323 381
324 382
324 328
324 333
324 338
324 349
324 370
325 326
325 327
325 358
325 361
325 366
325 381
326 391
326 399
326 337
326 341
326 354
326 362
326 372
327 394
327 332
327 345
327 351
327 355
327 356
327 357
327 361
327 362
327 366
327 379
328 389
328 396
328 332
328 377
329 389
329 390
329 399
329 381
330 335
330 339
330 348
330 366
330 368
331 386
331 397
331 337
331 344
331 382
332 392
332 395
332 397
332 349
332 351
332 377
332 380
332 381
333 386
333 338
333 343
333 351
333 355
333 362
333 377
334 387
334 336
334 342
334 349
334 350
334 375
334 372
334 382
335 388
335 396
335 353
335 365
335 378
335 382
336 388
336 393
336 338
336 353
336 355
336 358
337 338
337 343
337 349
337 361
337 370
337 373
337 379
338 399
338 339
338 344
339 394
339 396
339 398
339 350
339 361
339 365
339 374
339 383
340 397
340 355
340 364
340 367
340 373
341 384
341 396
341 347
341 353
341 367
341 372
341 383
342 393
342 345
342 376
343 386
343 355
343 356
343 362
343 381
344 384
344 387
344 398
344 352
344 373
345 383
345 351
345 355
345 356
345 358
345 368
345 381
346 389
346 351
346 352
346 358
346 359
346 371
347 385
347 364
347 365
348 383
348 393
348 350
348 352
348 376
349 386
349 389
349 392
349 352
349 360
349 373
349 375
349 377
349 379
350 353
351 356
351 379
351 376
352 354
352 358
352 373
352 374
353 386
353 390
353 397
353 357
353 362
353 368
353 372
354 392
354 397
354 360
354 363
355 389
355 392
355 356
355 359
355 380
355 382
356 386
356 392
356 383
357 391
357 372
358 393
358 370
358 373
358 375
358 383
359 384
359 395
359 398
359 361
359 362
359 370
359 373
360 381
360 372
360 375
360 377
360 383
361 385
361 386
361 387
361 393
361 396
361 397
361 367
361 380
362 383
362 399
362 363
363 389
363 399
363 372
363 376
363 377
363 378
363 382
364 387
364 389
365 382
365 388
365 398
365 381
366 385
366 394
366 368
366 380
367 375
367 377
368 385
368 388
368 381
368 383
369 398
369 373
369 376
369 378
370 387
370 398
370 399
370 373
372 398
372 399
372 382
373 390
373 397
373 377
374 384
374 388
374 391
376 392
376 383
377 386
377 387
377 397
377 399
377 379
378 387
378 390
378 393
378 379
379 392
380 386
381 384
381 386
381 389
381 390
383 386
383 390
383 392
385 391
385 396
386 392
390 397
391 392
391 396
392 393
395 396
398 399
