400 70
8 10
18 342
20 222
21 185
21 63
32 296
33 337
34 314
35 355
36 283
36 143
37 161
38 90
41 331
44 248
44 156
44 108
45 116
45 173
46 131
48 142
55 133
63 248
63 390
64 301
65 396
71 191
76 104
78 266
80 383
82 126
85 200
88 222
95 304
109 215
113 153
123 152
129 291
135 366
136 276
140 165
150 161
150 301
153 259
156 295
159 316
161 174
161 223
169 397
176 212
178 294
183 240
183 368
184 330
188 281
191 239
191 301
199 342
202 309
206 332
216 229
220 393
221 363
237 278
250 318
269 380
278 340
285 319
300 310
358 366
