50 100
0 16
0 34
0 43
1 33
1 11
1 17
2 9
2 28
2 31
3 9
4 17
4 36
5 25
5 11
5 9
5 22
6 10
6 43
6 14
7 42
7 10
7 44
7 34
8 43
8 31
8 23
9 34
9 44
9 18
9 21
10 42
10 44
10 14
10 22
10 30
11 45
11 20
11 44
12 33
12 38
12 17
13 16
13 28
13 14
13 39
14 42
14 43
14 17
14 19
14 20
14 23
14 31
15 46
16 37
16 38
16 44
16 47
16 27
17 34
17 40
17 41
18 32
18 33
18 40
18 49
18 24
18 31
19 35
19 37
19 45
19 23
19 24
19 27
20 31
21 22
22 41
22 23
25 37
26 30
27 49
27 30
27 47
28 45
28 47
29 48
30 40
31 44
32 44
33 37
34 37
34 47
35 42
35 37
36 48
36 41
38 48
38 39
39 47
40 47
44 49
