50 100
0 32
0 16
0 26
0 37
1 3
1 4
1 23
2 35
2 4
2 41
2 10
2 49
2 20
2 29
2 31
3 18
3 25
3 38
3 23
4 33
4 14
4 47
4 28
5 40
5 9
5 47
5 48
5 49
5 27
5 31
6 48
6 31
7 41
8 32
8 39
8 9
8 46
8 47
8 18
9 16
9 20
10 48
10 13
10 47
11 26
11 47
12 41
12 29
12 25
14 32
14 33
14 21
15 27
15 36
15 20
15 38
16 42
16 18
17 40
17 19
17 47
18 39
20 39
20 41
20 25
20 29
21 42
21 44
21 30
22 32
22 33
22 31
23 42
24 48
24 34
24 30
25 30
26 32
26 35
27 28
27 44
28 48
28 43
29 31
32 34
32 42
32 46
32 47
33 41
33 47
34 48
34 42
34 47
37 45
39 41
39 47
40 49
41 44
42 46
48 49
