50 100
0 1
0 2
0 3
0 40
0 42
0 21
1 26
1 15
1 39
2 33
2 3
2 35
2 19
2 22
3 37
3 46
3 49
3 23
4 37
4 9
4 13
4 46
4 19
4 20
4 22
5 35
5 13
5 30
6 48
6 35
6 44
6 15
7 30
7 23
8 18
8 44
8 13
9 12
9 45
9 20
10 39
10 13
10 46
10 14
10 21
10 23
11 24
11 33
11 29
12 43
12 37
13 40
13 42
13 43
13 48
14 40
14 23
15 30
15 38
16 28
17 20
17 44
17 23
17 22
17 31
18 27
18 19
19 41
19 34
20 35
20 22
21 30
22 39
23 24
24 47
24 46
25 48
25 45
26 37
27 42
28 30
29 41
29 45
29 30
30 32
30 37
30 46
31 44
31 39
32 40
32 49
35 37
35 40
36 48
37 41
37 46
37 49
39 47
40 41
43 49
