50 100
0 2
0 34
0 4
0 40
0 42
0 18
0 26
1 18
2 16
2 27
2 4
2 12
3 40
3 8
3 12
3 30
4 34
4 36
4 40
4 11
5 35
5 15
6 48
6 24
7 28
8 9
8 23
9 12
9 45
10 48
10 33
10 12
10 28
10 38
11 12
11 26
11 44
11 45
12 37
13 35
13 36
13 46
13 15
13 17
13 18
13 28
13 31
14 34
14 28
14 44
14 20
14 46
15 39
15 47
15 20
15 28
16 23
17 41
17 45
17 22
17 23
19 25
20 46
20 22
21 35
21 23
22 37
23 41
24 41
24 27
24 37
24 31
25 26
25 46
26 48
26 40
27 32
28 41
29 35
29 43
29 37
30 32
30 34
30 38
31 32
31 33
32 33
33 35
34 37
35 45
35 48
36 48
36 43
39 43
39 47
40 45
41 43
43 44
44 45
45 48
