50 100
0 21
0 31
1 2
1 36
1 43
1 47
1 15
1 26
2 38
2 6
2 14
2 18
2 26
2 28
3 41
3 4
3 39
4 9
4 29
4 15
5 44
5 22
5 23
6 13
6 34
6 45
7 12
8 13
8 26
8 21
9 26
9 29
10 16
10 31
11 48
11 16
11 35
11 14
11 39
12 32
12 34
12 37
13 25
13 38
14 33
14 46
14 48
14 22
15 18
15 33
16 32
16 35
16 37
16 21
17 43
17 18
17 19
18 25
19 42
19 35
19 44
19 36
20 40
21 37
22 24
22 36
22 39
23 41
23 31
24 42
24 35
24 44
24 45
25 38
27 45
27 39
28 40
28 46
28 39
29 43
29 44
29 45
30 32
30 43
32 36
32 44
32 48
33 39
34 37
34 39
34 47
34 48
35 37
35 48
36 40
38 47
39 40
39 42
42 49
42 46
