50 100
0 25
1 4
1 39
1 40
1 43
1 16
1 22
2 24
2 36
3 11
3 14
3 15
3 18
3 25
3 28
4 44
5 10
6 49
6 42
6 12
6 13
7 32
7 35
7 38
7 18
7 20
7 28
8 41
8 39
8 33
9 39
9 30
9 14
10 48
10 49
11 25
11 44
12 34
12 36
12 38
12 40
12 44
12 21
12 30
13 24
13 14
14 37
14 23
14 26
15 35
16 40
16 18
16 49
17 25
17 38
17 39
18 33
18 48
18 20
18 28
19 27
19 46
20 35
20 40
20 41
20 44
20 45
20 47
20 48
20 27
21 26
22 41
23 26
23 27
23 31
24 43
24 36
25 37
25 43
26 33
26 38
26 46
26 29
27 49
29 32
29 41
29 36
30 33
34 40
35 40
37 49
39 40
39 45
41 47
42 48
43 45
44 48
45 46
45 48
45 49
