50 100
0 19
0 37
0 30
0 47
1 48
1 43
1 18
1 29
1 37
2 9
2 42
2 28
3 17
3 27
3 23
4 46
4 27
4 30
4 22
5 44
5 7
6 40
6 26
6 34
7 9
7 28
7 44
7 38
8 16
8 46
9 10
9 44
9 13
9 47
9 17
9 28
10 34
10 36
10 45
10 23
11 19
11 21
12 32
12 13
13 42
14 24
14 45
15 36
15 40
15 42
15 47
15 48
15 20
16 28
16 20
16 30
18 33
18 43
18 35
19 20
20 36
20 39
21 27
22 40
22 29
22 36
23 42
23 47
24 33
24 36
24 41
24 25
24 29
25 49
25 48
25 27
25 41
26 35
27 34
27 41
27 48
27 49
27 28
29 49
30 34
32 42
32 35
32 37
32 38
33 46
33 34
33 38
34 40
37 38
39 45
40 41
40 48
46 49
47 48
48 49
