50 100
0 16
0 43
0 6
1 38
1 7
1 39
1 46
1 23
1 30
2 42
2 30
2 23
3 32
3 40
3 44
3 16
3 20
3 23
4 34
4 38
4 7
4 45
4 15
4 16
4 28
5 9
5 12
5 33
5 39
6 40
6 42
6 10
6 29
7 33
7 40
7 9
7 46
7 49
7 31
8 15
9 42
9 43
9 15
9 26
10 11
10 47
11 25
11 27
12 38
12 13
12 14
13 28
14 44
14 49
14 18
14 21
14 25
14 26
15 16
15 20
15 30
15 31
16 35
16 43
16 28
16 30
17 24
17 45
17 28
17 21
19 20
20 40
20 38
21 25
23 34
23 28
23 30
25 36
26 28
27 40
27 37
28 32
28 34
28 44
29 45
30 39
30 40
32 45
33 35
33 37
33 47
35 36
37 38
38 40
39 41
40 41
41 48
42 48
43 45
46 48
