50 100
0 42
0 35
0 20
0 7
2 11
2 24
2 3
2 5
3 36
3 6
3 19
3 20
3 26
4 35
4 11
4 15
4 48
4 19
4 20
4 30
5 25
6 13
6 23
7 44
7 14
8 43
8 42
8 19
8 38
9 35
9 27
9 41
9 49
10 16
10 18
10 40
10 13
11 34
11 20
12 17
12 43
13 33
13 15
13 24
13 27
14 40
14 47
14 16
14 17
14 30
15 25
15 18
16 33
16 35
16 36
16 38
16 23
17 43
18 26
19 33
19 22
19 30
21 33
21 45
21 31
22 48
22 35
24 33
24 41
26 48
26 33
26 36
27 32
27 38
27 44
27 30
28 41
28 33
28 49
29 37
29 31
30 35
30 36
31 45
32 34
32 42
33 39
34 38
36 41
36 43
37 38
37 39
38 43
38 47
39 47
40 47
41 45
43 45
46 48
47 49
