50 100
0 2
0 19
0 44
1 42
1 20
2 44
2 23
2 7
3 16
3 33
3 36
3 29
3 44
4 33
5 32
5 40
5 14
5 7
6 32
6 14
6 46
6 47
6 49
6 19
7 20
7 13
7 38
8 26
8 19
9 16
9 35
10 42
10 12
10 30
10 15
11 26
11 15
12 27
12 21
13 48
13 24
13 39
13 46
14 16
14 43
15 24
16 48
16 47
17 33
17 45
17 47
17 49
17 24
17 29
18 25
18 42
18 19
18 30
19 37
19 42
20 39
20 45
20 24
20 28
20 31
21 25
21 22
22 29
22 25
22 42
22 26
23 37
24 38
24 39
24 27
25 38
25 44
25 45
25 48
27 49
27 46
29 30
29 33
30 48
31 36
32 41
33 36
34 42
35 40
36 43
36 45
37 39
39 40
39 46
39 48
41 49
43 49
43 45
45 49
46 47
