50 300
0 2
0 34
0 37
0 9
0 42
0 13
0 16
0 48
0 18
0 23
0 24
0 25
1 2
1 5
1 40
1 41
1 42
1 45
1 46
1 15
1 49
1 18
1 19
1 22
1 28
2 33
2 7
2 40
2 9
2 42
2 43
2 44
2 45
2 15
2 47
2 48
2 18
2 25
3 36
3 4
3 40
3 9
3 10
3 42
3 13
3 16
3 19
3 22
3 24
3 26
3 27
3 29
3 31
4 32
4 6
4 38
4 40
4 9
4 8
4 47
4 17
4 49
4 20
4 21
4 24
4 29
4 31
5 32
5 34
5 38
5 43
5 45
5 21
5 25
5 27
6 33
6 34
6 39
6 43
6 44
6 14
6 46
6 19
6 25
7 35
7 8
7 9
7 40
7 11
7 46
7 47
7 48
7 19
7 24
7 26
7 28
7 29
8 34
8 41
8 18
8 27
8 29
8 30
8 31
9 39
9 42
9 11
9 43
9 16
9 21
9 23
9 24
9 28
10 34
10 35
10 36
10 40
10 12
10 16
10 49
10 18
10 22
10 29
11 35
11 36
11 37
11 39
11 41
11 43
11 44
11 49
11 18
11 21
11 23
11 25
11 31
12 35
12 37
12 14
12 47
12 16
12 23
12 25
12 26
12 27
12 29
12 31
13 32
13 39
13 40
13 43
13 22
13 26
13 27
14 34
14 42
14 49
14 25
14 26
15 39
15 40
15 44
15 48
15 18
15 24
15 29
15 31
16 34
16 37
16 41
16 44
16 17
16 21
16 25
16 29
16 31
17 33
17 48
17 19
17 21
17 25
17 29
18 43
18 46
18 47
18 20
18 21
18 24
18 25
18 27
19 35
19 39
19 38
19 40
19 20
19 22
19 23
19 29
20 33
20 36
20 39
20 40
20 41
20 44
20 28
20 31
21 34
21 44
21 26
21 27
21 28
21 29
22 32
22 34
22 43
22 23
22 27
22 30
23 36
23 37
24 36
24 38
24 41
24 48
24 26
24 29
25 36
25 39
25 45
25 47
25 26
26 32
26 38
26 45
26 27
26 29
27 36
27 38
27 40
27 42
27 43
27 45
27 29
27 30
28 37
29 33
29 34
29 38
29 41
29 42
30 33
30 42
30 47
30 31
31 32
31 35
31 38
31 39
31 41
31 44
31 48
32 41
32 44
32 45
32 46
32 47
33 34
33 36
33 41
33 45
33 48
34 37
34 41
34 42
34 45
34 47
34 48
35 36
35 42
36 41
36 43
36 44
37 40
37 42
37 46
39 44
39 47
40 43
40 42
40 44
41 46
41 47
42 48
43 47
44 47
44 49
45 47
45 48
46 48
46 49
