50 300
0 35
0 4
0 38
0 7
0 39
0 9
0 12
0 45
0 15
0 16
0 49
0 19
0 24
0 26
0 30
1 32
1 2
1 36
1 8
1 10
1 43
1 12
1 46
1 48
1 18
1 27
1 31
2 32
2 33
2 5
2 40
2 10
2 12
2 45
2 48
2 49
2 17
2 24
2 25
2 27
2 29
2 30
3 38
3 42
3 11
3 45
3 16
3 49
3 26
3 27
3 28
3 29
4 33
4 34
4 35
4 8
4 9
4 44
4 14
4 46
4 16
4 49
4 15
4 27
5 34
5 38
5 44
5 12
5 14
5 15
5 45
5 46
5 18
5 20
6 40
6 11
6 44
6 12
6 14
6 15
6 26
6 28
7 34
7 35
7 10
7 46
7 48
7 16
7 18
7 20
7 23
7 25
7 27
7 28
7 30
7 31
8 34
8 37
8 38
8 40
8 41
8 44
8 12
8 45
8 47
8 46
8 14
8 20
8 29
8 31
9 36
9 12
9 13
9 47
9 48
9 49
9 18
10 35
10 38
10 41
10 42
10 44
10 46
10 14
10 21
10 24
10 26
10 28
11 32
11 36
11 35
11 45
11 46
11 15
11 48
11 23
11 29
11 31
12 36
12 39
12 40
12 46
12 19
12 23
12 26
12 29
13 35
13 38
13 39
13 40
13 42
13 43
13 45
13 49
13 19
13 21
13 27
14 33
14 34
14 35
14 37
14 47
14 20
15 41
15 42
15 48
15 16
15 49
15 19
15 21
15 28
15 31
16 35
16 36
16 39
16 41
16 42
16 45
16 22
16 26
16 29
17 36
17 39
17 40
17 41
17 48
17 19
17 20
17 21
18 32
18 33
18 42
18 45
18 47
18 23
19 32
19 34
19 40
19 49
19 21
19 25
19 27
20 34
20 35
20 42
20 44
20 45
20 24
20 26
20 30
21 35
21 41
21 44
21 49
21 27
21 28
21 30
21 31
22 33
22 46
22 23
22 26
22 31
23 32
23 43
23 45
23 44
23 47
24 37
24 41
24 27
24 30
25 33
25 34
25 35
25 37
25 42
25 43
25 46
25 27
26 34
26 38
26 43
26 47
26 48
27 33
27 48
27 29
27 30
28 33
28 34
28 35
28 38
28 39
28 29
28 31
29 34
29 44
29 45
29 31
30 45
31 43
32 37
32 39
32 40
33 34
33 45
33 48
33 49
34 38
34 48
35 36
35 37
35 44
35 46
36 40
36 41
36 44
37 46
37 47
37 48
38 42
38 45
39 45
39 46
40 48
40 49
41 45
42 47
42 48
43 44
43 48
44 46
44 48
44 49
46 47
46 49
47 48
47 49
48 49
