50 300
0 2
0 5
0 6
0 8
0 10
0 42
0 45
0 46
0 13
0 15
0 49
0 18
0 19
0 22
0 25
0 29
1 36
1 38
1 39
1 40
1 10
1 11
1 44
1 47
1 48
1 17
1 22
1 24
1 30
2 33
2 37
2 44
2 47
2 21
2 27
3 32
3 33
3 4
3 5
3 38
3 7
3 6
3 9
3 43
3 46
3 18
3 22
3 23
3 28
3 29
3 30
3 31
4 32
4 39
4 8
4 11
4 45
4 25
4 27
4 31
5 36
5 9
5 11
5 43
5 48
5 22
5 27
5 28
5 29
5 31
6 33
6 34
6 35
6 44
6 12
6 46
6 15
6 14
6 19
6 21
6 24
6 31
7 35
7 37
7 38
7 40
7 41
7 12
7 45
7 46
7 14
7 27
8 9
8 42
8 44
8 14
8 17
9 34
9 40
9 41
9 10
9 13
9 48
9 18
9 21
9 25
9 28
9 31
10 33
10 40
10 42
10 11
10 13
10 46
10 23
10 24
10 28
11 35
11 36
11 41
11 45
11 16
11 17
11 19
11 24
11 26
12 34
12 35
12 38
12 43
12 44
12 16
12 17
12 49
12 23
12 24
12 25
12 29
13 36
13 43
13 15
13 16
13 49
13 18
13 23
13 27
14 37
14 38
14 42
14 43
14 45
14 15
14 16
14 49
14 47
14 27
14 31
15 33
15 35
15 41
15 16
15 48
15 19
15 25
16 33
16 41
16 42
16 46
16 47
16 48
16 21
16 25
16 27
16 30
17 33
17 38
17 39
17 46
17 47
17 48
17 18
17 21
17 23
17 26
17 28
17 30
17 31
18 36
18 19
18 21
18 28
19 33
19 34
19 38
19 46
20 34
20 38
20 42
20 43
20 46
20 47
20 48
20 49
20 27
20 31
21 33
21 38
21 45
21 49
21 27
22 34
22 36
22 38
22 33
22 41
22 43
22 47
22 29
23 32
23 42
24 32
24 35
24 41
24 48
24 49
24 25
24 26
25 32
25 37
25 36
25 47
26 34
26 36
26 28
26 30
27 37
27 39
27 41
27 44
28 32
28 34
28 35
28 36
28 42
28 44
28 45
28 48
29 34
29 35
29 37
29 47
30 35
30 40
30 49
31 32
31 39
31 43
31 44
31 49
32 33
32 40
32 44
32 48
33 38
34 35
34 43
34 45
34 47
35 36
35 39
35 41
35 42
35 43
35 44
36 37
36 39
36 43
36 47
36 48
37 40
37 44
38 39
38 43
38 47
39 40
39 42
39 44
40 44
40 49
41 47
41 49
42 44
42 47
42 48
43 49
44 47
44 48
45 46
46 48
46 49
