50 300
0 32
0 33
0 34
0 35
0 4
0 8
0 10
0 43
0 44
0 47
0 26
0 29
0 31
1 33
1 34
1 5
1 38
1 10
1 11
1 44
1 47
1 15
1 21
1 27
1 29
2 32
2 5
2 7
2 8
2 41
2 12
2 15
2 16
2 19
2 21
2 23
2 26
2 30
2 31
3 32
3 33
3 34
3 4
3 6
3 8
3 42
3 10
3 16
3 20
3 21
3 22
3 24
3 28
4 32
4 34
4 6
4 7
4 39
4 11
4 12
4 46
4 19
4 20
4 24
4 25
4 30
5 37
5 41
5 42
5 44
5 45
5 20
5 21
5 25
5 28
6 33
6 36
6 38
6 41
6 10
6 12
6 45
6 13
6 15
6 16
6 18
6 22
6 31
7 36
7 8
7 9
7 14
7 15
7 49
7 29
8 32
8 40
8 9
8 41
8 10
8 45
8 14
8 19
8 29
9 33
9 34
9 35
9 45
9 15
9 17
9 23
9 24
10 34
10 42
10 43
10 44
10 45
10 15
10 23
10 24
11 34
11 35
11 38
11 39
11 47
11 15
11 17
11 19
11 27
12 34
12 37
12 41
12 42
12 19
12 22
12 25
12 27
13 34
13 36
13 38
13 43
13 24
13 26
13 31
14 32
14 35
14 38
14 40
14 42
14 46
14 48
14 17
14 18
14 19
14 21
14 25
14 28
15 35
15 38
15 41
15 42
15 44
15 17
15 18
15 24
15 25
15 26
15 31
16 35
16 45
16 47
16 48
16 17
16 18
16 21
16 22
16 25
16 27
17 32
17 33
17 38
17 42
17 47
17 27
17 31
18 33
18 35
18 39
18 46
18 25
18 26
18 30
19 38
19 45
19 47
19 22
19 24
19 28
20 36
20 38
20 39
20 35
20 40
20 43
20 47
20 25
20 27
20 29
21 34
21 36
21 40
21 22
21 23
21 25
21 31
22 33
22 34
22 26
22 31
23 38
23 39
23 41
23 48
23 24
23 28
23 29
24 36
24 39
24 41
24 42
24 43
24 46
24 45
24 49
24 48
24 28
25 34
25 38
25 36
25 42
25 44
25 45
25 28
25 30
26 34
26 39
26 47
26 29
26 30
27 36
28 33
28 43
28 44
28 47
28 48
28 49
28 29
28 30
29 33
29 40
29 46
30 40
30 44
31 33
31 35
31 36
31 34
31 40
31 43
31 46
31 48
32 36
32 40
32 47
32 48
32 49
33 34
33 40
33 45
33 48
34 47
35 46
36 47
36 49
37 42
38 40
38 45
39 49
40 43
40 46
41 44
41 46
41 49
42 46
42 49
43 46
44 47
44 48
44 49
47 48
