50 300
0 32
0 36
0 5
0 6
0 7
0 40
0 41
0 14
0 48
0 16
0 21
0 23
0 26
0 27
0 28
1 39
1 8
1 40
1 43
1 45
1 17
1 18
1 19
1 21
1 25
1 29
1 30
2 5
2 39
2 8
2 11
2 12
2 44
2 45
2 17
2 21
2 23
2 26
2 27
2 29
3 36
3 39
3 8
3 12
3 44
3 15
3 31
4 33
4 34
4 7
4 40
4 42
4 44
4 13
4 16
4 17
4 49
4 20
4 23
4 24
4 26
4 27
4 28
5 32
5 35
5 37
5 38
5 40
5 9
5 48
5 17
5 24
5 25
5 26
5 28
6 38
6 40
6 43
6 12
6 11
6 15
6 49
6 20
6 21
6 23
6 25
6 26
6 31
7 39
7 9
7 44
7 13
7 46
7 47
7 15
7 30
8 32
8 34
8 33
8 41
8 16
8 20
8 26
9 33
9 34
9 36
9 38
9 40
9 42
9 47
9 20
9 21
9 31
10 32
10 34
10 38
10 40
10 12
10 16
10 49
10 18
10 22
11 33
11 35
11 36
11 47
11 24
11 25
12 33
12 36
12 34
12 37
12 40
12 46
12 49
12 20
12 24
12 31
13 33
13 34
13 36
13 37
13 39
13 43
13 47
13 22
13 25
13 28
14 32
14 35
14 36
14 44
14 15
14 48
14 19
14 21
14 23
14 28
14 29
15 35
15 38
15 42
15 17
15 23
15 28
16 33
16 37
16 42
16 47
16 48
16 18
16 19
16 27
16 28
16 29
17 32
17 35
17 38
17 40
17 42
17 43
17 47
17 24
18 32
18 35
18 41
18 48
18 21
18 26
18 29
18 30
19 32
19 40
19 41
19 42
19 24
19 25
19 27
19 28
19 29
20 32
20 39
20 46
20 48
20 23
20 27
20 28
21 33
21 34
21 37
21 38
21 47
21 22
21 27
21 29
22 37
22 39
22 42
22 47
22 23
22 24
22 27
23 33
23 37
23 43
23 45
23 46
23 47
23 24
24 33
24 45
24 44
24 49
25 34
25 38
25 42
25 47
25 26
25 28
26 35
26 41
26 49
27 39
27 44
27 48
27 49
28 32
28 33
28 38
28 43
29 36
29 37
29 42
29 45
29 46
29 48
30 36
30 38
30 44
30 48
31 32
31 44
31 46
31 48
31 49
32 34
32 37
32 48
33 34
33 42
33 48
34 36
34 38
34 43
34 46
34 41
35 36
35 38
35 48
35 49
36 41
36 42
36 48
37 45
39 40
39 41
40 42
40 44
40 45
40 46
40 43
41 46
41 47
42 45
43 44
44 47
45 46
45 49
46 48
48 49
