50 300
0 2
0 34
0 35
0 8
0 43
0 14
0 15
0 16
0 20
0 21
0 31
1 2
1 36
1 7
1 41
1 44
1 12
1 46
1 45
1 48
1 17
1 23
1 26
1 28
2 35
2 37
2 7
2 9
2 10
2 11
2 12
2 45
2 46
2 15
2 48
2 18
2 26
2 30
3 34
3 36
3 46
3 47
3 14
3 20
3 23
3 24
3 30
4 33
4 35
4 41
4 12
4 45
4 49
4 19
4 20
4 23
4 27
5 32
5 33
5 34
5 37
5 38
5 7
5 44
5 13
5 14
5 15
5 26
5 28
6 32
6 33
6 34
6 8
6 40
6 43
6 44
6 45
6 12
6 47
6 48
6 49
6 15
6 17
6 19
6 20
6 22
7 38
7 9
7 42
7 44
7 13
7 12
7 49
7 20
7 21
7 27
8 38
8 40
8 11
8 12
8 13
8 18
8 31
9 32
9 40
9 41
9 46
9 47
9 15
9 17
9 49
9 22
9 23
9 24
10 41
10 15
10 48
10 23
10 24
10 30
11 16
11 48
11 23
11 26
12 40
12 42
12 44
12 13
12 47
12 17
12 21
12 24
12 28
12 30
13 39
13 43
13 48
13 49
13 19
13 22
13 23
13 24
13 25
13 26
14 32
14 41
14 16
14 21
14 22
14 27
15 33
15 34
15 35
15 40
15 43
15 16
15 48
15 26
16 38
16 41
16 42
16 43
16 45
16 17
16 24
16 26
17 32
17 34
17 36
17 38
17 40
17 47
17 21
17 22
17 24
17 25
17 26
17 27
17 31
18 32
18 43
18 19
18 22
18 26
18 29
18 30
18 31
19 32
19 35
19 37
19 38
19 41
19 47
19 48
19 20
19 23
19 29
20 32
20 40
20 46
20 49
20 28
20 29
21 34
21 36
21 38
21 40
21 22
21 28
22 33
22 36
22 37
22 39
22 41
22 46
22 23
22 25
22 26
23 33
23 43
23 45
23 46
23 24
24 35
24 38
24 42
24 49
24 31
25 35
25 36
25 42
25 44
25 49
25 29
26 32
26 34
26 36
26 37
26 43
26 45
26 31
27 32
27 38
27 29
28 32
28 33
28 40
28 41
28 42
28 43
28 46
28 49
28 31
29 32
29 33
29 35
29 36
29 44
29 47
29 30
30 35
30 40
30 43
30 47
31 46
32 34
32 37
32 38
32 42
32 43
32 49
33 34
33 35
33 43
33 47
34 35
34 36
34 42
34 46
35 37
35 44
36 38
36 45
36 46
36 49
37 40
37 43
37 45
37 48
38 41
38 47
39 40
39 45
40 48
41 45
42 48
43 44
43 47
44 47
45 46
