50 300
0 5
0 6
0 40
0 9
0 41
0 11
0 45
0 17
0 18
0 25
0 26
0 31
1 2
1 3
1 4
1 5
1 38
1 7
1 40
1 9
1 42
1 11
1 12
1 13
1 10
1 15
1 43
1 17
1 19
1 20
1 23
1 24
2 36
2 38
2 8
2 9
2 10
2 14
2 15
2 16
2 17
2 20
2 25
3 40
3 10
3 42
3 13
3 15
3 49
3 19
3 22
3 23
3 28
4 32
4 6
4 41
4 11
4 43
4 13
4 14
4 46
4 45
4 18
4 21
4 22
4 28
4 30
5 37
5 42
5 44
5 13
5 48
5 17
5 18
5 19
5 23
5 28
6 33
6 34
6 7
6 12
6 14
6 47
6 49
6 28
7 33
7 9
7 42
7 11
7 14
7 16
7 19
7 24
7 28
8 37
8 38
8 41
8 45
8 48
8 49
8 19
8 29
9 33
9 36
9 37
9 41
9 46
9 17
9 21
9 27
9 28
10 32
10 11
10 12
10 21
10 30
11 32
11 36
11 37
11 42
11 43
11 12
11 14
11 47
11 46
11 17
11 24
11 25
11 29
11 31
12 34
12 33
12 40
12 42
12 44
12 17
12 24
12 25
12 28
12 29
13 38
13 39
13 42
13 44
13 14
13 46
13 15
13 49
13 19
14 43
14 46
14 48
14 20
14 22
15 36
15 38
15 42
15 44
15 18
15 19
15 27
16 34
16 41
16 18
16 19
16 24
16 25
16 26
16 29
16 30
16 31
17 35
17 41
17 43
17 48
17 21
17 25
17 26
17 27
17 30
18 34
18 42
18 46
18 22
18 28
18 29
19 33
19 34
19 37
19 39
19 41
19 25
19 26
19 30
20 34
20 36
20 24
20 27
21 32
21 35
21 39
21 45
21 46
21 48
21 24
21 27
22 32
22 34
22 35
22 43
22 25
22 27
22 30
23 37
23 45
23 49
23 28
23 30
24 32
24 37
24 40
24 39
24 42
24 45
24 46
24 47
25 34
25 37
25 38
25 42
25 44
25 46
26 33
26 40
26 28
26 30
27 40
27 41
27 44
27 47
27 49
27 29
27 30
28 33
28 34
28 40
28 41
28 43
28 49
28 29
28 30
29 33
29 35
29 36
29 38
29 45
29 47
30 37
30 43
30 31
31 32
31 35
31 37
31 39
31 47
32 46
32 47
32 49
33 36
33 38
33 40
33 43
33 44
33 46
33 49
34 37
34 38
34 44
34 46
35 36
35 41
35 48
36 41
36 44
36 48
37 41
37 46
37 49
38 40
39 43
39 47
40 49
41 43
41 46
41 49
42 43
43 48
44 48
44 47
47 48
