50 300
0 2
0 3
0 39
0 15
0 23
0 25
0 28
1 34
1 39
1 45
1 47
1 16
1 17
1 18
1 19
1 20
1 24
1 25
1 31
2 34
2 36
2 5
2 37
2 12
2 46
2 17
2 18
2 49
2 22
2 25
2 26
2 29
2 30
3 33
3 35
3 6
3 40
3 11
3 44
3 13
3 48
3 17
3 18
3 24
3 31
4 35
4 6
4 11
4 44
4 13
4 46
4 47
4 19
4 26
5 35
5 36
5 6
5 11
5 14
5 15
5 48
5 49
5 21
5 23
5 27
5 30
6 38
6 7
6 41
6 9
6 11
6 15
6 16
6 18
6 20
6 21
6 24
6 30
7 35
7 36
7 39
7 44
7 18
7 20
7 25
7 28
7 30
8 9
8 15
8 16
8 49
8 24
8 25
9 34
9 45
9 14
9 16
9 49
9 18
9 19
9 20
9 21
9 17
9 24
9 25
9 26
9 27
9 30
9 31
10 34
10 36
10 39
10 44
10 28
10 30
11 38
11 41
11 45
11 46
11 48
11 49
11 19
11 24
11 28
11 29
12 39
12 16
12 17
12 19
12 23
12 30
13 33
13 34
13 40
13 43
13 45
13 14
13 49
13 18
13 20
13 22
13 28
14 33
14 38
14 39
14 46
14 47
14 45
14 18
14 22
14 25
14 29
14 31
15 34
15 44
15 16
15 17
15 18
15 21
15 22
15 26
16 36
16 38
16 43
16 45
16 17
16 18
16 49
16 27
17 37
17 45
17 22
17 29
17 30
18 32
18 38
18 40
18 47
18 46
18 20
18 26
19 32
19 35
19 36
19 37
19 39
19 42
19 43
19 45
19 49
19 20
19 21
19 24
19 25
19 28
20 32
20 44
20 48
20 22
20 24
20 27
20 28
20 30
21 42
21 43
21 44
21 49
21 22
22 34
22 36
22 44
22 46
22 45
22 24
22 27
22 31
23 35
23 46
23 48
23 25
23 29
24 36
24 39
24 40
24 44
24 49
24 26
25 33
25 34
25 32
25 37
25 41
25 44
25 49
25 30
26 36
26 39
26 42
26 43
26 45
26 46
26 49
26 28
27 37
27 38
27 43
27 28
28 33
28 39
28 43
28 47
28 30
29 33
29 34
29 40
29 44
29 46
29 47
29 31
30 34
30 35
30 37
30 45
30 48
30 49
31 41
31 47
31 48
32 33
32 34
33 38
33 39
34 41
34 45
35 40
35 42
36 44
36 48
37 38
37 40
37 43
37 45
37 48
38 43
38 45
38 49
38 48
39 41
39 43
39 47
40 43
40 49
41 45
41 48
42 43
43 47
44 47
45 47
45 48
46 48
