50 300
0 5
0 6
0 39
0 7
0 41
0 12
0 15
0 49
0 17
0 25
1 33
1 4
1 37
1 38
1 7
1 8
1 44
1 16
1 18
1 22
1 25
1 29
2 33
2 40
2 42
2 43
2 12
2 48
2 18
2 24
2 29
3 35
3 4
3 36
3 6
3 10
3 42
3 44
3 13
3 14
3 48
3 49
3 17
3 23
3 28
3 30
4 34
4 35
4 38
4 47
4 48
4 18
4 19
4 20
4 25
4 28
5 33
5 36
5 38
5 40
5 47
5 15
5 17
5 18
5 23
5 26
5 27
6 34
6 7
6 10
6 43
6 44
6 15
6 29
6 30
7 33
7 36
7 19
7 20
7 22
7 24
7 27
7 28
7 31
8 36
8 37
8 38
8 9
8 11
8 12
8 13
8 44
8 15
8 48
8 31
9 36
9 39
9 43
9 44
9 12
9 47
9 48
9 16
9 25
9 28
9 29
10 40
10 43
10 44
10 15
10 29
11 34
11 37
11 39
11 43
11 44
11 19
11 20
11 25
12 32
12 35
12 39
12 41
12 13
12 45
12 48
12 49
12 17
12 20
12 21
12 26
12 27
12 31
13 33
13 45
13 16
13 18
13 23
13 25
14 36
14 40
14 47
14 48
14 49
14 18
14 20
14 21
14 24
14 31
15 36
15 39
15 42
15 45
15 48
15 17
15 19
15 22
15 26
15 27
16 34
16 45
16 48
16 21
16 22
16 23
16 31
17 33
17 36
17 41
17 45
17 21
17 22
17 25
17 26
17 28
18 34
18 41
18 42
18 45
18 47
18 49
18 21
18 23
18 26
18 28
18 30
18 31
19 34
19 44
19 20
19 21
19 26
20 38
20 44
20 48
20 27
20 28
20 29
21 35
21 39
21 47
21 25
21 26
21 31
22 33
22 35
22 43
22 46
22 26
23 33
23 35
23 38
23 39
23 45
23 47
23 24
23 27
23 29
23 30
24 32
24 33
24 34
24 36
24 35
24 39
24 41
24 46
24 26
25 33
25 32
25 41
25 46
25 31
26 34
26 36
26 39
26 44
26 46
26 29
27 36
27 38
27 28
28 33
28 46
28 49
28 29
28 30
29 33
29 34
29 36
29 39
29 37
29 44
29 49
30 33
30 36
30 37
30 35
30 47
31 32
31 41
31 43
31 45
31 49
32 33
32 41
32 48
33 34
33 41
34 35
35 36
35 42
35 44
35 46
36 38
36 39
36 42
36 44
36 46
37 38
37 41
37 46
37 49
38 40
38 46
38 48
38 49
39 44
39 47
39 49
40 45
40 49
41 46
41 48
41 49
42 45
44 46
44 48
44 49
45 49
