50 300
0 36
0 39
0 41
0 11
0 43
0 14
0 16
0 17
0 22
1 32
1 2
1 35
1 4
1 39
1 8
1 14
1 17
1 49
1 29
2 6
2 12
2 14
2 15
2 21
2 22
2 29
3 33
3 34
3 36
3 4
3 37
3 43
3 48
3 19
3 25
3 28
4 5
4 8
4 40
4 45
4 14
4 49
4 22
4 25
4 27
4 31
5 33
5 35
5 36
5 6
5 40
5 41
5 12
5 45
5 14
5 46
5 22
5 24
5 26
5 27
6 32
6 37
6 7
6 42
6 14
6 20
6 21
6 22
6 23
6 31
7 42
7 43
7 11
7 14
7 15
7 16
7 18
7 22
7 23
7 26
7 27
7 29
8 33
8 37
8 10
8 11
8 44
8 13
8 46
8 16
8 49
8 18
8 48
8 19
8 22
8 23
8 26
8 30
9 33
9 40
9 42
9 15
9 47
9 49
9 19
9 23
9 28
10 34
10 12
10 13
10 45
10 15
10 16
10 20
10 25
10 30
11 36
11 38
11 39
11 12
11 15
11 48
11 16
11 18
11 19
11 20
11 23
12 40
12 45
12 14
12 49
12 20
13 32
13 43
13 45
13 17
13 21
13 22
13 29
13 31
14 17
14 20
14 22
14 23
14 24
14 25
14 28
14 31
14 37
14 39
14 40
14 41
14 44
14 46
14 48
14 49
15 35
15 47
15 16
15 19
15 24
15 31
16 36
16 46
16 22
16 27
16 28
17 38
17 39
17 41
17 26
18 32
18 36
18 41
18 40
18 44
18 46
18 47
18 48
18 19
18 23
18 26
18 27
18 28
19 32
19 36
19 37
19 35
19 41
19 46
19 20
19 22
19 24
19 25
20 33
20 43
20 42
20 48
20 29
20 31
21 34
21 40
21 42
21 45
21 28
22 38
22 42
22 46
22 23
22 25
22 31
23 35
23 42
23 38
23 44
23 26
23 31
24 32
24 35
24 37
24 39
24 25
25 34
25 35
25 36
25 37
25 38
25 49
25 27
25 28
26 33
26 37
26 42
26 44
26 49
26 29
27 32
27 33
27 36
27 42
27 48
27 28
28 33
28 42
28 46
28 48
28 49
28 31
29 33
29 36
29 31
30 37
30 38
30 41
30 42
30 48
31 32
31 35
31 38
31 40
31 45
32 36
32 37
32 40
32 49
33 35
33 36
33 40
33 46
34 36
34 39
34 49
35 37
35 42
36 47
36 48
36 49
37 41
37 45
37 48
38 42
38 44
38 48
39 42
39 45
39 46
39 48
39 47
40 41
40 43
41 44
41 45
41 48
42 43
42 47
43 46
43 47
46 48
46 49
48 49
