50 500
0 1
0 34
0 3
0 36
0 37
0 8
0 12
0 44
0 45
0 15
0 48
0 13
0 16
0 19
0 20
0 49
0 24
0 25
0 28
0 29
1 34
1 2
1 35
1 6
1 10
1 45
1 47
1 48
1 21
1 23
1 24
1 25
2 3
2 6
2 7
2 8
2 9
2 10
2 11
2 13
2 14
2 18
2 20
2 21
2 22
2 26
2 29
2 31
2 38
2 40
2 43
2 46
2 47
3 32
3 34
3 7
3 39
3 8
3 42
3 45
3 15
3 17
3 20
3 25
3 31
4 5
4 6
4 7
4 13
4 16
4 18
4 19
4 20
4 22
4 23
4 24
4 25
4 30
4 31
4 34
4 35
4 37
4 39
4 40
4 41
4 43
4 45
4 46
4 47
5 32
5 34
5 37
5 38
5 6
5 8
5 41
5 43
5 12
5 11
5 14
5 13
5 48
5 47
5 19
5 20
5 23
5 25
5 30
6 7
6 10
6 12
6 14
6 18
6 19
6 20
6 24
6 26
6 30
6 32
6 35
6 37
6 38
6 43
6 44
6 45
6 46
6 47
7 35
7 34
7 40
7 39
7 12
7 14
7 48
7 19
7 21
7 22
7 24
7 25
7 26
7 27
7 28
8 9
8 12
8 13
8 15
8 18
8 19
8 22
8 24
8 25
8 27
8 29
8 31
8 33
8 35
8 37
8 38
8 40
8 43
8 44
8 46
8 47
8 49
9 32
9 33
9 36
9 39
9 11
9 12
9 43
9 13
9 16
9 49
9 18
9 19
9 20
9 23
9 24
9 27
9 28
9 29
10 34
10 36
10 35
10 38
10 33
10 43
10 44
10 14
10 15
10 16
10 48
10 21
10 22
10 26
11 35
11 41
11 44
11 13
11 14
11 47
11 15
11 19
11 20
11 21
11 23
11 25
11 26
11 27
11 28
11 29
11 30
12 33
12 38
12 41
12 42
12 44
12 46
12 15
12 16
12 49
12 40
12 14
12 18
12 24
12 27
12 31
13 15
13 18
13 19
13 25
13 26
13 27
13 28
13 31
13 32
13 33
13 35
13 36
13 37
13 38
13 39
13 41
13 43
13 44
13 48
14 40
14 39
14 44
14 45
14 15
14 17
14 24
14 29
15 16
15 17
15 19
15 21
15 22
15 30
15 35
15 36
15 39
15 40
15 42
15 44
15 45
15 47
15 49
16 32
16 33
16 36
16 39
16 41
16 43
16 45
16 48
16 21
16 22
16 25
16 26
16 27
16 29
16 30
17 32
17 38
17 41
17 45
17 47
17 49
17 18
17 19
17 20
17 21
17 27
17 28
17 29
18 34
18 36
18 37
18 39
18 48
18 49
18 21
18 22
18 25
18 26
18 27
18 30
18 31
19 24
19 26
19 27
19 30
19 31
19 32
19 36
19 38
19 40
19 41
19 43
19 44
19 47
20 34
20 36
20 40
20 39
20 47
20 48
20 23
20 24
20 28
20 29
20 31
21 32
21 35
21 41
21 42
21 43
21 44
21 47
21 24
22 33
22 37
22 38
22 39
22 45
22 46
22 49
22 25
22 30
23 33
23 36
23 38
23 41
23 45
23 47
23 49
23 29
24 26
24 28
24 29
24 31
24 32
24 34
24 35
24 36
24 37
24 38
24 40
24 41
24 42
24 45
24 46
25 27
25 29
25 32
25 33
25 34
25 35
25 36
25 38
25 39
25 40
25 44
25 47
25 49
26 28
26 29
26 34
26 35
26 40
26 41
26 42
26 44
26 46
26 47
26 48
26 49
27 28
27 30
27 31
27 32
27 33
27 35
27 36
27 37
27 41
27 42
27 43
27 44
27 46
28 32
28 34
28 35
28 39
28 41
28 46
28 31
29 32
29 36
29 37
29 44
29 45
29 47
29 49
29 31
30 32
30 34
30 39
30 44
30 45
30 31
31 33
31 34
31 37
31 41
31 48
32 33
32 37
32 39
32 41
32 43
33 34
33 35
33 39
33 41
33 42
33 43
33 45
33 47
33 48
33 49
34 36
34 41
34 43
35 37
35 38
35 42
35 43
35 45
35 47
35 49
36 38
36 39
36 42
36 45
37 38
37 41
37 47
37 49
38 39
38 43
38 42
38 49
39 42
39 44
39 48
40 41
40 42
40 43
40 48
41 44
41 45
41 47
41 49
42 48
43 44
43 45
43 47
43 48
43 49
44 45
44 49
45 47
46 47
46 48
46 49
48 49
