50 500
0 32
0 33
0 34
0 6
0 7
0 38
0 9
0 42
0 11
0 8
0 10
0 47
0 48
0 16
0 18
0 19
0 20
0 25
0 27
0 28
0 30
1 6
1 7
1 12
1 13
1 14
1 15
1 17
1 20
1 22
1 23
1 26
1 28
1 30
1 32
1 33
1 35
1 38
1 40
1 43
1 44
1 45
1 46
2 3
2 6
2 7
2 8
2 9
2 10
2 11
2 12
2 13
2 14
2 18
2 19
2 21
2 23
2 26
2 28
2 29
2 35
2 36
2 39
2 40
2 41
2 44
2 46
2 49
3 5
3 9
3 42
3 41
3 12
3 13
3 47
3 16
3 49
3 48
3 20
3 21
3 25
3 26
3 27
3 29
4 32
4 35
4 36
4 38
4 7
4 39
4 9
4 10
4 41
4 11
4 46
4 16
4 49
4 48
4 21
4 24
4 26
4 27
5 8
5 43
5 44
5 11
5 14
5 15
5 16
5 49
5 17
5 19
5 23
5 25
6 35
6 34
6 37
6 39
6 42
6 47
6 15
6 49
6 20
6 22
6 23
6 24
6 26
6 29
6 31
7 34
7 40
7 9
7 11
7 44
7 12
7 13
7 15
7 49
7 17
7 19
7 20
7 27
7 30
7 31
8 10
8 11
8 12
8 14
8 15
8 18
8 19
8 25
8 26
8 28
8 33
8 34
8 36
8 37
8 41
8 42
8 43
8 44
8 45
8 48
9 11
9 13
9 16
9 18
9 22
9 23
9 25
9 28
9 31
9 32
9 33
9 34
9 38
9 40
9 42
9 43
9 44
10 11
10 12
10 13
10 18
10 19
10 21
10 22
10 23
10 25
10 26
10 27
10 29
10 32
10 37
10 39
10 40
10 41
10 42
10 43
10 44
10 46
11 33
11 32
11 39
11 43
11 44
11 41
11 46
11 17
11 18
11 21
11 24
11 26
11 30
12 16
12 18
12 19
12 20
12 28
12 29
12 30
12 32
12 35
12 37
12 39
12 40
12 41
12 42
12 44
12 45
12 47
12 48
12 49
13 34
13 38
13 39
13 43
13 42
13 47
13 19
13 21
13 24
13 25
13 30
13 31
14 32
14 33
14 34
14 42
14 45
14 46
14 47
14 48
14 17
14 18
14 49
14 16
14 25
14 29
15 34
15 35
15 36
15 39
15 41
15 38
15 33
15 45
15 46
15 22
15 26
15 27
15 28
15 30
16 19
16 23
16 24
16 26
16 27
16 28
16 30
16 33
16 34
16 35
16 36
16 37
16 40
16 44
16 45
16 46
16 48
16 49
17 32
17 34
17 36
17 37
17 42
17 43
17 48
17 18
17 20
17 27
17 30
17 31
18 35
18 36
18 37
18 45
18 20
18 23
18 25
18 28
18 29
18 31
19 24
19 26
19 27
19 28
19 30
19 33
19 34
19 35
19 36
19 37
19 38
19 39
19 44
19 45
19 47
19 48
19 49
20 33
20 35
20 37
20 36
20 34
20 44
20 47
20 22
20 23
20 26
20 29
20 31
21 33
21 36
21 35
21 39
21 40
21 41
21 42
21 44
21 46
21 43
21 48
21 25
21 28
21 29
22 36
22 38
22 39
22 49
22 23
22 26
22 30
23 34
23 33
23 39
23 41
23 43
23 46
23 24
23 26
23 29
23 30
24 33
24 35
24 37
24 39
24 40
24 38
24 25
24 31
25 33
25 36
25 42
25 47
25 29
26 27
26 28
26 32
26 37
26 38
26 40
26 43
26 44
26 47
26 49
27 34
27 41
27 42
27 44
27 45
27 30
28 32
28 33
28 36
28 39
28 41
28 43
28 45
28 47
28 30
29 32
29 33
29 34
29 39
29 40
29 43
29 48
29 49
29 30
29 31
30 31
30 32
30 39
30 41
30 42
30 46
30 47
31 32
31 34
31 43
31 45
31 48
32 36
32 39
32 46
33 34
33 36
33 37
33 38
33 41
33 43
33 44
33 46
33 47
33 48
33 49
34 35
34 37
34 38
34 39
34 40
34 42
34 43
34 44
34 46
34 49
35 37
35 40
35 46
35 48
36 38
36 39
36 40
36 41
36 47
36 48
37 40
37 43
37 41
38 40
38 42
38 46
38 48
39 40
39 41
39 43
39 47
40 41
40 46
40 48
41 47
42 44
42 47
42 48
42 45
42 49
43 44
43 46
43 47
43 48
43 49
44 46
44 48
45 48
45 46
46 47
46 48
47 48
