50 500
0 34
0 3
0 37
0 6
0 39
0 40
0 7
0 42
0 11
0 12
0 45
0 46
0 15
0 14
0 8
0 18
0 10
0 21
0 24
0 26
1 32
1 2
1 36
1 8
1 40
1 41
1 44
1 13
1 14
1 16
1 49
1 18
1 21
1 22
1 24
2 32
2 35
2 37
2 38
2 7
2 40
2 9
2 10
2 11
2 43
2 45
2 14
2 16
2 48
2 19
2 21
2 23
2 26
2 28
2 30
3 4
3 5
3 6
3 7
3 9
3 10
3 12
3 15
3 16
3 17
3 23
3 26
3 27
3 28
3 29
3 30
3 31
3 33
3 35
3 43
3 44
3 47
3 48
4 36
4 37
4 35
4 39
4 40
4 9
4 41
4 12
4 49
4 18
4 19
4 28
4 29
4 31
5 33
5 34
5 38
5 40
5 12
5 14
5 16
5 17
5 18
5 23
5 25
5 26
5 28
5 29
6 33
6 37
6 38
6 40
6 9
6 42
6 41
6 44
6 12
6 14
6 47
6 48
6 17
6 16
6 19
6 20
6 22
6 24
6 28
7 32
7 35
7 39
7 40
7 9
7 10
7 43
7 12
7 45
7 46
7 44
7 17
7 18
7 20
7 21
7 28
8 33
8 32
8 36
8 38
8 9
8 10
8 42
8 41
8 43
8 14
8 15
8 48
8 18
8 20
8 21
8 22
8 30
9 33
9 41
9 38
9 11
9 12
9 45
9 14
9 10
9 48
9 17
9 20
9 23
9 26
9 29
10 34
10 11
10 12
10 45
10 13
10 15
10 17
10 20
10 22
10 23
11 32
11 33
11 40
11 46
11 47
11 15
11 49
11 18
11 22
11 24
11 25
11 26
11 28
11 29
11 31
12 16
12 17
12 18
12 21
12 24
12 25
12 27
12 33
12 34
12 36
12 37
12 38
12 40
12 43
12 44
13 33
13 34
13 36
13 37
13 45
13 46
13 47
13 16
13 17
13 18
13 48
13 15
13 21
13 23
13 24
13 25
13 31
14 15
14 16
14 19
14 22
14 23
14 25
14 27
14 28
14 29
14 33
14 34
14 35
14 38
14 39
14 40
14 41
14 43
14 46
15 32
15 35
15 37
15 40
15 48
15 49
15 18
15 22
15 25
15 26
15 29
16 32
16 33
16 39
16 40
16 44
16 48
16 20
16 23
16 26
16 27
16 28
16 30
17 18
17 20
17 21
17 22
17 26
17 28
17 30
17 33
17 36
17 38
17 43
17 46
17 48
17 49
18 21
18 22
18 23
18 26
18 27
18 29
18 31
18 32
18 34
18 37
18 38
18 39
18 41
18 42
18 43
18 45
18 46
18 48
19 35
19 34
19 38
19 40
19 41
19 44
19 48
19 26
19 27
19 29
20 21
20 24
20 26
20 27
20 28
20 29
20 30
20 31
20 33
20 34
20 36
20 38
20 40
20 42
20 43
20 46
21 22
21 23
21 24
21 25
21 30
21 32
21 36
21 38
21 40
21 41
21 43
21 45
21 48
21 49
22 32
22 37
22 40
22 45
22 47
22 48
22 49
22 23
22 25
22 27
22 28
23 24
23 25
23 27
23 34
23 35
23 41
23 44
23 46
23 47
23 48
23 49
24 32
24 37
24 40
24 46
24 47
24 48
24 49
24 27
25 33
25 35
25 36
25 39
25 42
25 43
25 44
25 47
25 27
25 30
26 28
26 30
26 31
26 32
26 33
26 36
26 37
26 38
26 41
26 43
26 44
26 45
27 33
27 36
27 38
27 39
27 40
27 41
27 42
27 49
27 30
27 31
28 36
28 43
28 44
28 46
29 33
29 48
29 49
29 30
30 32
30 33
30 34
30 37
30 38
30 39
30 40
30 46
30 49
31 35
31 36
31 42
31 44
31 45
31 47
32 35
32 36
32 38
32 41
32 43
32 44
32 47
33 35
33 37
33 39
33 42
33 49
34 40
34 42
34 43
34 46
34 47
34 49
34 48
34 44
35 39
35 41
35 44
35 47
35 48
36 37
36 38
36 39
36 40
36 42
36 44
37 38
37 39
37 40
37 41
37 44
37 45
37 46
37 49
38 41
38 44
38 45
38 47
38 49
39 40
39 41
39 43
39 45
39 47
39 48
39 49
40 43
40 44
40 47
41 44
41 46
41 49
42 43
42 44
42 45
42 46
43 45
43 48
44 46
44 47
44 48
45 46
45 47
45 48
46 48
46 49
47 49
48 49
