50 500
0 34
0 36
0 37
0 4
0 41
0 9
0 11
0 12
0 44
0 13
0 15
0 43
0 49
0 17
0 19
0 21
0 25
0 26
0 31
1 34
1 3
1 36
1 5
1 38
1 37
1 40
1 9
1 39
1 11
1 12
1 45
1 46
1 15
1 14
1 19
1 21
1 24
1 27
1 28
1 31
2 33
2 35
2 36
2 5
2 37
2 7
2 40
2 3
2 10
2 44
2 45
2 14
2 15
2 13
2 46
2 18
2 19
2 49
2 23
2 28
2 31
3 38
3 34
3 37
3 6
3 7
3 8
3 39
3 42
3 11
3 12
3 41
3 46
3 43
3 15
3 40
3 16
3 21
3 22
3 27
4 5
4 8
4 12
4 14
4 16
4 18
4 22
4 23
4 24
4 27
4 28
4 29
4 30
4 31
4 32
4 35
4 37
4 43
4 44
4 45
4 49
5 35
5 37
5 6
5 39
5 7
5 11
5 43
5 47
5 48
5 49
5 17
5 22
5 23
5 25
5 27
5 31
6 37
6 38
6 40
6 41
6 11
6 12
6 45
6 15
6 48
6 49
6 17
6 20
6 22
6 24
6 25
6 26
6 28
6 29
7 34
7 35
7 40
7 11
7 15
7 48
7 49
7 22
7 25
7 27
7 28
7 29
7 30
7 31
8 32
8 33
8 40
8 9
8 44
8 13
8 46
8 47
8 12
8 48
8 22
8 23
8 25
8 26
8 31
9 35
9 41
9 10
9 43
9 12
9 45
9 46
9 13
9 44
9 49
9 21
9 23
9 27
9 29
9 30
10 32
10 34
10 37
10 40
10 42
10 43
10 46
10 47
10 49
10 17
10 20
10 21
10 31
11 12
11 18
11 23
11 26
11 27
11 28
11 30
11 31
11 33
11 38
11 39
11 45
11 46
11 47
11 48
11 49
12 20
12 21
12 22
12 24
12 28
12 29
12 30
12 31
12 33
12 35
12 36
12 38
12 41
12 43
12 45
13 33
13 41
13 42
13 44
13 43
13 46
13 15
13 45
13 18
13 20
13 21
13 24
13 25
13 28
13 29
13 30
14 35
14 37
14 38
14 42
14 45
14 47
14 48
14 49
14 18
14 22
14 23
14 25
14 26
14 30
14 31
15 17
15 20
15 22
15 23
15 26
15 28
15 29
15 31
15 33
15 34
15 35
15 36
15 37
15 40
15 41
15 43
15 44
15 45
15 46
15 48
16 32
16 36
16 37
16 38
16 40
16 41
16 35
16 43
16 44
16 48
16 49
16 22
16 24
16 27
16 31
17 33
17 34
17 37
17 43
17 44
17 42
17 48
17 19
17 21
17 22
17 24
17 27
17 28
17 30
18 39
18 41
18 49
18 21
18 27
18 28
18 30
19 32
19 37
19 38
19 42
19 43
19 44
19 45
19 46
19 49
19 21
19 28
19 29
19 31
20 33
20 39
20 44
20 45
20 46
20 21
20 24
20 25
20 26
20 29
20 31
21 23
21 27
21 28
21 32
21 34
21 35
21 36
21 38
21 39
21 40
21 46
22 33
22 41
22 38
22 42
22 45
22 47
22 24
22 27
22 30
23 32
23 33
23 37
23 36
23 40
23 48
23 46
23 25
23 26
23 27
23 28
23 30
24 33
24 35
24 36
24 39
24 40
24 42
24 46
24 48
24 27
24 29
24 30
24 31
25 35
25 39
25 40
25 42
25 47
25 46
25 27
25 30
26 37
26 41
26 43
26 44
26 48
26 46
26 27
26 28
26 31
27 31
27 33
27 35
27 37
27 41
27 44
27 48
28 30
28 31
28 34
28 37
28 39
28 40
28 41
28 42
28 43
28 46
28 47
28 48
29 34
29 35
29 39
29 38
29 45
29 46
29 48
29 49
29 30
30 31
30 32
30 34
30 35
30 37
30 38
30 40
30 42
30 46
30 48
30 49
31 33
31 35
31 36
31 39
31 40
31 44
31 45
31 46
32 34
32 36
32 38
32 40
32 43
32 41
32 44
32 46
32 48
33 35
33 37
33 38
34 43
34 47
35 36
35 37
35 40
35 41
35 42
35 48
36 41
36 42
36 43
36 46
36 48
36 49
37 38
37 39
37 40
37 46
37 47
37 48
38 40
38 44
38 45
38 49
39 41
39 44
39 43
40 41
40 42
40 44
40 48
41 48
42 43
42 44
42 46
42 47
43 44
43 45
43 46
43 48
44 45
44 48
45 46
46 47
47 49
48 49
