50 500
0 1
0 2
0 3
0 6
0 7
0 8
0 9
0 11
0 12
0 13
0 16
0 17
0 19
0 26
0 28
0 30
0 31
0 34
0 36
0 37
0 39
0 41
0 46
0 48
0 49
1 33
1 2
1 3
1 36
1 37
1 34
1 39
1 10
1 13
1 46
1 16
1 48
1 19
1 22
1 23
1 26
1 28
1 30
2 32
2 33
2 37
2 9
2 44
2 13
2 15
2 47
2 49
2 16
2 19
2 17
2 21
2 22
2 24
2 28
2 31
3 37
3 6
3 39
3 40
3 7
3 45
3 16
3 48
3 18
3 49
3 21
3 26
4 32
4 34
4 5
4 38
4 37
4 8
4 9
4 43
4 12
4 13
4 46
4 15
4 17
4 49
4 27
4 31
5 32
5 34
5 35
5 36
5 38
5 7
5 8
5 41
5 10
5 43
5 12
5 11
5 42
5 47
5 16
5 17
5 15
5 9
5 23
5 28
6 33
6 37
6 38
6 39
6 7
6 41
6 40
6 11
6 44
6 43
6 15
6 48
6 21
6 22
6 23
6 25
6 28
6 30
6 31
7 9
7 10
7 12
7 15
7 18
7 20
7 22
7 24
7 25
7 26
7 27
7 29
7 30
7 40
7 43
7 45
7 46
7 48
7 49
8 9
8 11
8 14
8 17
8 21
8 23
8 24
8 27
8 30
8 31
8 32
8 34
8 37
8 39
8 41
8 42
8 44
8 46
8 49
9 11
9 14
9 15
9 19
9 23
9 24
9 25
9 27
9 32
9 33
9 34
9 36
9 38
9 41
9 45
9 46
10 32
10 33
10 36
10 37
10 40
10 11
10 44
10 13
10 46
10 18
10 20
10 24
10 26
10 27
10 28
10 29
11 35
11 36
11 39
11 37
11 41
11 45
11 47
11 49
11 21
11 23
11 24
11 26
11 28
11 29
12 13
12 15
12 17
12 21
12 22
12 23
12 27
12 28
12 29
12 30
12 31
12 34
12 35
12 36
12 37
12 40
12 47
12 48
13 35
13 39
13 40
13 43
13 44
13 46
13 47
13 48
13 17
13 18
13 19
13 24
13 26
13 28
13 31
14 32
14 35
14 36
14 38
14 40
14 42
14 44
14 47
14 48
14 16
14 18
14 20
14 21
14 22
14 23
14 27
14 29
14 31
15 39
15 37
15 42
15 43
15 45
15 48
15 17
15 49
15 19
15 22
15 36
15 25
16 17
16 20
16 24
16 26
16 28
16 29
16 31
16 32
16 34
16 37
16 39
16 41
16 43
16 44
16 45
16 46
16 49
17 34
17 38
17 35
17 37
17 41
17 42
17 43
17 44
17 18
17 24
17 27
18 19
18 21
18 22
18 24
18 25
18 26
18 27
18 28
18 29
18 36
18 37
18 38
18 40
18 42
18 43
18 44
18 45
18 47
18 49
19 34
19 41
19 43
19 48
19 20
19 22
19 25
19 30
20 36
20 39
20 40
20 44
20 46
20 47
20 21
20 22
20 27
20 30
20 31
21 32
21 34
21 37
21 39
21 41
21 40
21 38
21 47
21 22
21 24
21 27
21 30
22 25
22 27
22 28
22 33
22 34
22 38
22 39
22 41
22 45
22 46
22 48
23 33
23 35
23 38
23 42
23 45
23 44
23 43
23 24
23 26
23 27
23 28
23 31
24 25
24 26
24 33
24 35
24 40
24 41
24 43
24 45
24 48
24 49
25 32
25 35
25 36
25 40
25 38
25 48
25 29
26 35
26 36
26 38
26 37
26 41
26 43
26 44
26 46
26 29
27 28
27 30
27 34
27 35
27 39
27 40
27 42
27 47
27 48
28 29
28 33
28 35
28 36
28 38
28 39
28 41
28 43
28 44
28 45
28 46
28 48
29 34
29 35
29 37
29 39
29 46
29 30
29 31
30 35
30 36
30 39
30 40
30 42
30 43
30 44
30 49
31 34
31 42
31 43
31 48
32 33
32 36
32 38
32 39
32 46
33 35
33 36
33 37
33 40
33 45
33 46
33 47
33 48
33 49
34 35
34 37
34 38
34 40
34 42
34 44
34 48
35 39
35 40
35 44
35 49
36 37
36 38
36 41
36 43
36 44
37 46
37 48
38 40
38 45
39 42
39 43
39 44
39 46
39 48
39 49
40 44
40 45
40 48
41 45
41 49
42 43
42 44
43 44
43 45
43 47
43 49
44 46
44 47
45 47
45 49
46 48
46 49
47 49
48 49
