50 500
0 2
0 3
0 4
0 36
0 38
0 7
0 40
0 6
0 5
0 8
0 43
0 10
0 46
0 47
0 16
0 48
0 18
0 21
0 22
0 28
0 29
1 2
1 35
1 37
1 5
1 9
1 41
1 42
1 45
1 15
1 17
1 49
1 27
1 30
1 31
2 33
2 36
2 5
2 38
2 39
2 40
2 9
2 42
2 11
2 12
2 46
2 47
2 16
2 48
2 18
2 19
2 21
2 25
2 29
3 36
3 5
3 8
3 40
3 10
3 12
3 46
3 47
3 48
3 17
3 18
3 19
3 20
3 27
3 29
4 34
4 35
4 5
4 37
4 7
4 8
4 9
4 6
4 11
4 44
4 12
4 46
4 48
4 17
4 22
4 24
4 26
4 31
5 6
5 39
5 38
5 41
5 8
5 47
5 17
5 20
5 21
5 23
5 24
5 25
5 30
6 35
6 38
6 37
6 42
6 11
6 43
6 12
6 14
6 10
6 16
6 15
6 17
6 49
6 21
6 26
6 28
6 31
7 33
7 35
7 38
7 42
7 43
7 12
7 11
7 15
7 16
7 49
7 47
7 19
7 20
7 23
7 24
7 28
8 12
8 17
8 18
8 19
8 21
8 24
8 26
8 27
8 29
8 32
8 35
8 39
8 41
8 42
8 43
8 44
8 46
8 47
8 49
9 37
9 39
9 40
9 41
9 42
9 12
9 15
9 16
9 49
9 48
9 47
9 21
9 23
9 25
9 26
9 27
9 28
10 32
10 35
10 37
10 38
10 40
10 41
10 42
10 12
10 13
10 14
10 46
10 18
10 20
10 21
10 22
10 23
10 27
11 33
11 34
11 36
11 40
11 42
11 44
11 45
11 13
11 47
11 19
11 21
11 26
11 29
11 30
11 31
12 13
12 17
12 18
12 19
12 23
12 26
12 27
12 28
12 29
12 30
12 34
12 43
12 44
12 47
12 49
13 14
13 15
13 19
13 20
13 21
13 22
13 25
13 26
13 27
13 28
13 32
13 35
13 36
13 38
13 40
13 41
13 44
13 47
13 48
13 49
14 33
14 34
14 37
14 42
14 44
14 15
14 16
14 17
14 18
14 19
14 21
14 23
14 24
14 25
14 28
14 30
15 35
15 38
15 40
15 39
15 41
15 45
15 48
15 17
15 18
15 49
15 24
15 25
16 20
16 22
16 23
16 24
16 25
16 27
16 28
16 29
16 30
16 32
16 33
16 35
16 36
16 40
16 42
16 43
17 18
17 22
17 23
17 25
17 26
17 30
17 31
17 34
17 36
17 39
17 40
17 42
17 44
17 46
17 49
18 32
18 37
18 38
18 40
18 42
18 45
18 48
18 41
18 19
18 46
18 24
18 25
19 23
19 24
19 25
19 27
19 28
19 30
19 31
19 33
19 35
19 37
19 39
19 40
19 43
19 47
20 35
20 37
20 38
20 41
20 42
20 48
20 21
20 23
20 24
20 30
20 31
21 32
21 33
21 35
21 36
21 44
21 48
21 49
21 23
21 26
21 29
22 33
22 39
22 23
22 28
22 29
23 40
23 43
23 45
23 47
23 48
23 44
23 49
23 26
23 28
24 32
24 33
24 35
24 40
24 42
24 48
24 49
24 26
24 29
24 31
25 33
25 36
25 37
25 39
25 40
25 41
25 43
25 44
25 45
25 49
25 26
26 28
26 29
26 31
26 34
26 35
26 36
26 41
26 42
26 48
26 49
27 32
27 34
27 33
27 37
27 38
27 39
27 43
27 46
27 49
27 29
27 30
28 33
28 38
28 36
28 40
28 41
28 42
28 45
28 44
28 29
29 31
29 36
29 37
29 38
29 39
29 41
29 43
29 44
29 46
29 48
29 49
30 32
30 34
30 36
30 37
30 44
30 45
30 48
30 49
31 34
31 35
31 33
31 39
31 40
31 42
31 43
31 44
31 46
31 47
32 36
32 37
32 38
32 39
32 40
32 41
32 44
32 46
32 47
32 48
32 42
33 35
33 39
33 40
33 42
33 45
33 46
34 35
34 37
34 38
34 39
34 41
34 42
34 44
34 46
34 48
35 37
35 38
35 42
35 45
35 48
36 41
36 42
36 44
36 45
36 47
36 49
36 46
37 39
37 43
37 44
37 47
37 48
38 39
38 44
38 46
38 47
39 40
39 42
39 43
40 45
40 47
40 49
41 42
41 43
41 48
42 43
42 46
42 48
43 44
44 48
45 46
45 47
45 49
