50 500
0 1
0 34
0 3
0 38
0 41
0 42
0 11
0 12
0 45
0 14
0 15
0 16
0 21
0 27
0 29
1 38
1 39
1 7
1 40
1 45
1 47
1 16
1 49
1 48
1 20
1 25
1 26
1 28
2 3
2 38
2 6
2 40
2 8
2 9
2 10
2 13
2 14
2 16
2 49
2 21
2 22
2 25
2 26
2 27
2 28
3 34
3 36
3 37
3 6
3 40
3 42
3 13
3 14
3 47
3 17
3 49
3 24
3 27
4 32
4 33
4 5
4 6
4 39
4 9
4 42
4 43
4 12
4 14
4 15
4 16
4 49
4 21
4 25
4 26
4 29
4 31
5 32
5 33
5 7
5 39
5 9
5 42
5 10
5 44
5 13
5 46
5 14
5 47
5 49
5 8
5 19
5 23
5 24
5 25
5 31
6 37
6 38
6 43
6 12
6 46
6 15
6 16
6 49
6 22
6 24
6 25
6 26
6 27
6 28
6 29
6 31
7 38
7 8
7 41
7 10
7 11
7 44
7 13
7 46
7 15
7 49
7 21
7 22
7 23
7 24
7 28
7 30
8 32
8 34
8 35
8 37
8 40
8 9
8 10
8 44
8 46
8 47
8 16
8 15
8 18
8 19
8 21
8 23
8 24
8 27
9 11
9 13
9 15
9 23
9 24
9 26
9 29
9 34
9 35
9 36
9 38
9 41
9 42
9 44
9 46
9 47
9 48
9 49
10 32
10 35
10 37
10 41
10 43
10 45
10 46
10 14
10 17
10 22
10 23
10 24
10 25
10 26
10 27
10 28
10 30
11 32
11 34
11 35
11 41
11 42
11 12
11 13
11 49
11 18
11 20
11 21
11 22
11 23
11 26
11 27
11 30
11 31
12 32
12 37
12 39
12 38
12 43
12 46
12 48
12 49
12 18
12 19
12 20
12 21
12 22
12 23
12 17
12 26
12 30
13 35
13 36
13 38
13 40
13 42
13 45
13 46
13 16
13 18
13 22
13 27
13 28
13 29
14 16
14 17
14 19
14 20
14 21
14 26
14 28
14 30
14 31
14 34
14 35
14 36
14 38
14 39
14 40
14 43
14 44
14 46
14 47
14 48
15 32
15 39
15 42
15 44
15 45
15 46
15 48
15 17
15 16
15 21
15 22
15 24
15 28
15 29
16 39
16 41
16 40
16 42
16 44
16 46
16 48
16 17
16 18
16 19
16 22
16 28
17 33
17 37
17 42
17 45
17 47
17 46
17 19
17 21
17 29
17 30
17 31
18 33
18 34
18 36
18 39
18 40
18 43
18 46
18 47
18 20
18 22
18 23
18 24
18 25
18 26
18 28
18 31
19 20
19 21
19 22
19 23
19 24
19 25
19 30
19 35
19 38
19 40
19 43
19 45
19 46
19 47
19 48
19 49
20 33
20 35
20 37
20 40
20 42
20 43
20 21
20 22
20 24
20 31
21 22
21 23
21 25
21 27
21 29
21 30
21 34
21 35
21 39
21 46
21 48
21 49
22 28
22 29
22 30
22 32
22 33
22 35
22 36
22 38
22 44
22 48
23 35
23 38
23 41
23 43
23 44
23 45
23 48
23 24
23 25
23 39
23 31
24 36
24 41
24 39
24 44
24 47
24 35
24 25
24 28
24 30
25 34
25 33
25 37
25 44
25 45
25 48
25 49
25 27
26 32
26 37
26 39
26 41
26 46
26 48
27 34
27 42
27 46
27 48
27 28
27 29
27 30
28 34
28 36
28 38
28 39
28 40
28 31
29 33
29 38
29 44
29 45
29 49
30 35
30 38
30 39
30 41
30 42
30 31
31 32
31 34
31 35
31 37
31 41
31 44
31 46
31 49
32 33
32 34
32 36
32 38
32 41
32 44
32 48
33 38
33 40
33 41
33 43
33 44
33 45
33 46
33 47
33 49
34 35
34 38
34 39
34 41
34 42
34 43
34 44
34 47
34 48
34 49
35 36
35 37
35 38
35 42
35 44
35 46
35 47
35 48
35 49
36 37
36 38
36 39
36 40
36 41
36 42
36 43
36 46
36 48
36 45
36 49
37 40
37 42
37 43
37 45
37 47
37 48
38 39
38 40
38 41
38 45
38 47
38 49
39 40
39 41
39 42
39 44
39 45
39 49
40 41
40 45
40 46
40 47
41 42
41 45
41 47
41 48
41 49
42 43
42 44
42 45
42 46
42 47
42 48
42 49
43 44
43 46
43 47
43 49
44 45
44 46
