50 500
0 1
0 35
0 4
0 37
0 38
0 6
0 10
0 12
0 13
0 14
0 46
0 16
0 19
0 24
0 25
0 26
1 5
1 7
1 8
1 9
1 10
1 11
1 13
1 16
1 17
1 20
1 22
1 23
1 24
1 26
1 27
1 34
1 37
1 38
1 41
1 42
1 43
1 47
2 33
2 3
2 7
2 40
2 41
2 10
2 42
2 12
2 15
2 49
2 17
2 20
2 21
2 22
2 23
2 24
2 27
2 28
2 30
3 5
3 7
3 8
3 10
3 11
3 14
3 15
3 16
3 19
3 23
3 24
3 27
3 31
3 32
3 34
3 35
3 37
3 39
3 40
3 42
3 43
3 46
3 47
3 48
4 32
4 34
4 36
4 5
4 39
4 8
4 7
4 42
4 41
4 44
4 10
4 46
4 15
4 16
4 20
4 21
4 24
4 26
4 29
4 31
5 7
5 8
5 9
5 11
5 13
5 14
5 15
5 16
5 18
5 20
5 21
5 23
5 25
5 27
5 29
5 37
5 40
5 41
5 42
5 44
5 46
5 47
6 33
6 34
6 38
6 8
6 10
6 43
6 14
6 15
6 17
6 20
6 21
6 25
6 28
6 30
7 32
7 36
7 40
7 8
7 10
7 11
7 12
7 45
7 46
7 14
7 18
7 21
7 23
7 27
7 29
7 31
8 9
8 10
8 11
8 13
8 17
8 18
8 20
8 21
8 23
8 24
8 25
8 26
8 27
8 35
8 36
8 39
8 41
8 43
8 46
8 48
9 11
9 12
9 14
9 15
9 16
9 17
9 19
9 23
9 27
9 28
9 30
9 33
9 35
9 36
9 38
9 42
9 43
9 44
9 46
9 49
10 33
10 34
10 32
10 11
10 44
10 16
10 48
10 20
10 25
10 26
10 30
11 34
11 36
11 38
11 39
11 42
11 12
11 13
11 45
11 47
11 49
11 41
11 20
11 31
12 32
12 33
12 39
12 42
12 43
12 44
12 45
12 15
12 48
12 47
12 18
12 24
12 26
12 27
13 32
13 38
13 39
13 40
13 42
13 45
13 14
13 46
13 16
13 17
13 20
13 22
13 23
13 25
13 28
13 31
14 17
14 18
14 21
14 23
14 24
14 25
14 31
14 34
14 37
14 39
14 41
14 43
14 44
14 48
14 49
15 32
15 34
15 36
15 37
15 40
15 41
15 38
15 47
15 18
15 19
15 22
15 27
15 31
16 32
16 38
16 40
16 41
16 49
16 18
16 19
16 24
16 29
16 30
17 19
17 21
17 24
17 25
17 30
17 31
17 33
17 35
17 37
17 39
17 40
17 42
17 44
17 47
17 49
18 32
18 43
18 44
18 46
18 48
18 20
18 22
18 24
18 30
19 36
19 37
19 38
19 42
19 41
19 47
19 48
19 21
19 24
19 26
19 29
19 30
20 32
20 33
20 34
20 36
20 39
20 38
20 47
20 45
20 41
20 29
20 31
21 33
21 35
21 36
21 40
21 42
21 44
21 28
21 29
21 31
22 33
22 35
22 37
22 38
22 34
22 40
22 41
22 39
22 43
22 44
22 46
22 48
22 47
23 32
23 33
23 35
23 40
23 45
23 46
23 49
23 27
23 31
24 25
24 26
24 27
24 29
24 30
24 34
24 35
24 36
24 40
24 41
24 43
24 44
24 45
24 47
24 48
25 34
25 35
25 38
25 39
25 44
25 45
25 47
25 48
25 46
25 27
25 28
25 30
26 32
26 33
26 35
26 37
26 39
26 46
26 47
26 48
26 28
26 29
26 30
27 34
27 36
27 40
27 41
27 43
27 42
27 39
27 49
27 31
28 32
28 34
28 35
28 37
28 41
28 44
28 47
28 48
28 49
29 32
29 36
29 45
30 33
30 35
30 34
30 36
30 40
30 41
30 42
30 47
30 31
31 35
31 36
31 39
31 41
31 40
31 43
32 33
32 34
32 38
32 39
32 43
32 44
32 48
33 34
33 37
33 40
33 41
33 45
33 46
33 48
33 49
34 35
34 38
34 40
34 41
34 43
34 45
34 46
34 47
34 48
35 37
35 38
35 41
35 44
36 38
36 39
36 44
36 45
36 48
36 47
37 39
37 43
37 46
37 49
37 48
38 40
38 42
38 44
38 45
38 46
39 40
39 42
39 43
40 42
40 44
41 42
41 44
42 43
42 44
42 45
42 49
43 47
43 48
44 45
44 46
44 49
45 49
47 49
48 49
