50 500
0 33
0 34
0 37
0 38
0 6
0 5
0 9
0 39
0 11
0 45
0 15
0 21
0 24
0 26
0 28
0 30
0 31
1 4
1 6
1 11
1 12
1 15
1 16
1 18
1 21
1 23
1 26
1 27
1 28
1 32
1 34
1 35
1 36
1 38
1 40
1 43
1 45
1 46
1 47
1 48
1 49
2 3
2 7
2 39
2 11
2 13
2 45
2 15
2 16
2 48
2 18
2 47
2 46
2 49
2 20
2 27
3 35
3 36
3 37
3 38
3 7
3 40
3 10
3 17
3 18
3 21
3 25
3 26
3 27
3 28
3 29
3 30
3 31
4 39
4 9
4 11
4 12
4 14
4 15
4 47
4 19
4 21
4 22
4 24
4 27
4 31
5 34
5 37
5 7
5 39
5 9
5 11
5 44
5 13
5 46
5 15
5 14
5 17
5 18
5 19
5 22
5 24
5 27
5 28
5 30
5 31
6 34
6 35
6 39
6 40
6 41
6 8
6 43
6 45
6 14
6 15
6 13
6 17
6 47
6 49
6 20
6 22
6 24
6 25
6 28
7 33
7 35
7 38
7 39
7 40
7 10
7 42
7 44
7 46
7 14
7 48
7 49
7 18
7 20
7 24
7 25
7 30
8 32
8 33
8 34
8 36
8 38
8 39
8 10
8 11
8 12
8 46
8 15
8 16
8 48
8 20
8 21
8 22
8 23
8 26
8 27
9 33
9 39
9 40
9 43
9 11
9 12
9 46
9 48
9 49
9 19
9 21
9 22
9 26
9 27
9 28
9 29
9 31
10 35
10 41
10 43
10 12
10 13
10 14
10 15
10 49
10 18
10 19
10 21
10 22
10 24
10 26
10 28
10 29
10 30
11 12
11 13
11 14
11 15
11 16
11 21
11 27
11 28
11 29
11 30
11 31
11 32
11 33
11 34
11 38
11 39
11 40
11 41
11 42
11 43
11 47
12 36
12 38
12 37
12 44
12 43
12 46
12 45
12 48
12 17
12 20
12 26
12 30
13 32
13 33
13 36
13 37
13 38
13 42
13 43
13 47
13 49
13 18
13 20
13 21
13 23
13 27
13 28
14 17
14 22
14 23
14 25
14 27
14 28
14 29
14 31
14 33
14 34
14 35
14 42
14 44
14 45
14 48
14 49
15 24
15 25
15 26
15 29
15 32
15 34
15 37
15 38
15 40
15 41
15 42
15 46
15 48
15 49
16 32
16 33
16 37
16 39
16 43
16 46
16 48
16 17
16 23
16 25
16 27
16 28
16 31
17 33
17 34
17 37
17 46
17 21
17 23
17 25
17 26
17 29
17 31
18 32
18 33
18 35
18 38
18 41
18 34
18 42
18 49
18 20
18 22
18 24
18 26
18 28
18 30
19 35
19 36
19 37
19 39
19 40
19 43
19 44
19 46
19 45
19 20
19 25
19 26
19 29
19 30
19 31
20 34
20 36
20 39
20 41
20 43
20 45
20 48
20 49
20 23
20 30
20 31
21 33
21 36
21 39
21 41
21 42
21 43
21 48
21 49
21 22
21 27
21 31
22 32
22 34
22 35
22 40
22 41
22 44
22 46
22 25
22 27
22 30
22 31
23 32
23 34
23 35
23 39
23 40
23 47
23 48
23 26
23 29
23 30
24 34
24 35
24 45
24 46
24 48
24 25
24 26
24 28
24 31
25 33
25 35
25 37
25 39
25 44
25 45
25 48
25 49
25 26
25 27
25 30
26 28
26 29
26 30
26 33
26 36
26 39
26 44
26 45
26 47
26 49
27 32
27 35
27 39
27 44
27 45
27 31
28 40
28 41
28 44
28 47
28 29
29 37
29 41
29 44
29 42
29 48
29 47
30 31
30 32
30 33
30 36
30 38
30 39
30 44
30 45
30 47
30 48
31 36
31 39
31 40
31 47
31 49
32 33
32 37
32 42
32 45
32 47
32 48
32 49
33 35
33 36
33 37
33 39
33 40
33 41
33 43
33 48
34 37
34 42
34 48
34 49
35 36
35 38
35 40
35 41
35 47
35 48
36 38
36 40
36 43
36 45
36 44
36 46
36 49
37 38
37 39
37 40
37 42
37 43
37 45
38 43
38 46
38 44
39 40
39 44
39 45
39 49
40 42
40 43
40 44
40 45
40 47
41 42
41 44
41 48
42 45
42 46
42 48
42 49
43 45
43 49
44 46
44 48
44 47
44 49
45 47
45 48
45 49
46 49
47 48
47 49
48 49
