50 500
0 32
0 2
0 4
0 5
0 7
0 40
0 8
0 43
0 13
0 47
0 16
0 17
0 19
0 20
0 24
0 28
0 30
0 31
1 34
1 35
1 4
1 37
1 8
1 41
1 9
1 11
1 43
1 12
1 14
1 44
1 18
1 19
1 20
1 23
1 24
1 26
1 29
2 32
2 39
2 7
2 43
2 14
2 15
2 46
2 49
2 18
2 17
2 21
2 27
2 28
3 33
3 35
3 36
3 39
3 8
3 11
3 43
3 12
3 14
3 47
3 16
3 46
3 19
3 24
3 29
3 30
4 32
4 6
4 7
4 40
4 41
4 9
4 11
4 43
4 42
4 14
4 15
4 19
4 23
4 25
4 26
4 28
4 30
5 33
5 32
5 35
5 37
5 38
5 7
5 40
5 9
5 10
5 6
5 44
5 45
5 15
5 48
5 49
5 17
5 19
5 18
5 29
5 30
6 7
6 8
6 10
6 11
6 12
6 14
6 15
6 16
6 19
6 24
6 27
6 28
6 29
6 30
6 32
6 34
6 35
6 36
6 37
6 39
6 40
6 41
6 43
6 47
6 48
7 8
7 9
7 10
7 13
7 14
7 17
7 20
7 23
7 24
7 25
7 29
7 30
7 33
7 37
7 38
7 39
7 42
7 43
7 45
7 46
8 33
8 36
8 35
8 38
8 11
8 12
8 14
8 47
8 25
8 28
8 29
8 31
9 32
9 34
9 36
9 38
9 41
9 10
9 11
9 44
9 13
9 48
9 49
9 16
9 22
9 24
9 26
9 28
10 41
10 11
10 44
10 46
10 15
10 16
10 18
10 20
10 25
11 13
11 17
11 18
11 20
11 23
11 25
11 26
11 29
11 32
11 34
11 35
11 36
11 37
11 38
11 39
11 41
11 43
11 46
11 48
11 49
12 34
12 33
12 38
12 40
12 42
12 16
12 21
12 22
12 23
12 24
12 26
12 30
13 33
13 39
13 40
13 43
13 14
13 47
13 46
13 49
13 18
13 16
13 48
13 19
13 23
13 31
14 15
14 16
14 22
14 23
14 24
14 26
14 27
14 29
14 30
14 32
14 33
14 34
14 36
14 37
14 45
15 38
15 40
15 41
15 45
15 16
15 17
15 18
15 48
15 20
15 21
15 24
15 25
15 26
15 28
15 29
16 17
16 23
16 26
16 28
16 29
16 30
16 34
16 37
16 38
16 39
16 40
16 41
16 44
16 45
16 46
16 47
16 48
17 33
17 32
17 34
17 38
17 37
17 41
17 48
17 19
17 20
17 21
17 22
17 25
17 28
17 29
18 32
18 34
18 44
18 46
18 48
18 49
18 42
18 19
18 28
18 29
18 31
19 21
19 22
19 24
19 26
19 31
19 34
19 35
19 37
19 39
19 40
19 43
19 46
19 48
19 49
20 33
20 32
20 37
20 39
20 44
20 48
20 25
20 26
20 27
20 30
20 31
21 32
21 38
21 42
21 43
21 45
21 46
21 47
21 48
21 25
21 29
21 31
22 32
22 35
22 38
22 39
22 45
22 46
22 48
22 26
22 27
22 28
22 30
23 24
23 25
23 27
23 28
23 30
23 32
23 33
23 34
23 36
23 37
23 39
23 41
23 43
23 45
23 47
23 48
24 33
24 35
24 34
24 36
24 41
24 29
24 30
24 31
25 32
25 34
25 36
25 37
25 41
25 43
25 42
25 46
25 49
25 26
25 30
26 29
26 30
26 31
26 35
26 36
26 37
26 39
26 40
26 41
26 42
26 44
26 49
27 35
27 36
27 39
27 41
27 44
27 45
27 46
27 29
28 33
28 34
28 38
28 41
28 44
28 45
28 30
29 32
29 33
29 38
29 40
29 45
29 46
29 48
30 33
30 35
30 36
30 37
30 38
30 42
30 43
30 44
30 46
30 48
30 49
31 32
31 35
31 37
31 40
31 42
31 43
31 47
32 33
32 34
32 39
32 41
32 43
32 46
32 47
33 38
33 37
33 44
33 48
33 49
34 40
34 44
34 46
34 45
34 47
34 49
35 37
35 38
35 41
36 37
36 39
36 40
36 44
36 48
36 49
37 39
37 40
37 41
37 42
37 44
37 47
37 49
38 44
38 48
38 49
39 40
39 41
39 43
39 45
39 49
40 43
40 45
40 49
41 43
41 47
41 48
41 49
42 43
42 45
42 48
42 49
43 44
43 45
43 47
43 48
44 45
44 46
44 49
46 47
46 49
47 48
