50 700
0 2
0 4
0 7
0 9
0 10
0 12
0 13
0 15
0 16
0 17
0 19
0 21
0 22
0 23
0 24
0 25
0 29
0 30
0 31
0 35
0 36
0 37
0 38
0 39
0 40
0 41
0 42
0 43
0 45
0 48
0 49
1 3
1 5
1 7
1 8
1 9
1 10
1 11
1 12
1 15
1 19
1 22
1 23
1 27
1 28
1 31
1 32
1 35
1 36
1 39
1 41
1 42
1 44
1 46
1 48
2 3
2 6
2 7
2 10
2 11
2 14
2 15
2 18
2 19
2 20
2 21
2 22
2 23
2 25
2 26
2 28
2 29
2 30
2 32
2 33
2 35
2 37
2 39
2 43
2 45
2 46
2 48
3 4
3 5
3 8
3 9
3 11
3 13
3 17
3 18
3 19
3 20
3 21
3 25
3 26
3 28
3 29
3 30
3 31
3 32
3 34
3 35
3 36
3 42
3 44
3 45
3 46
3 47
3 48
4 6
4 7
4 10
4 12
4 14
4 15
4 16
4 18
4 20
4 22
4 24
4 26
4 28
4 31
4 32
4 34
4 37
4 39
4 41
4 42
4 45
4 47
4 48
4 49
5 8
5 9
5 11
5 12
5 16
5 17
5 18
5 20
5 21
5 25
5 26
5 27
5 29
5 32
5 33
5 34
5 37
5 40
5 42
5 43
5 45
5 46
6 7
6 8
6 9
6 10
6 11
6 16
6 18
6 20
6 23
6 26
6 27
6 29
6 30
6 31
6 34
6 35
6 36
6 37
6 38
6 39
6 40
6 41
6 43
6 44
6 45
6 46
6 47
6 49
7 10
7 11
7 12
7 13
7 15
7 16
7 17
7 18
7 20
7 23
7 24
7 27
7 30
7 31
7 34
7 35
7 36
7 38
7 40
7 41
7 42
7 44
7 45
7 47
7 49
8 9
8 10
8 12
8 13
8 14
8 15
8 19
8 20
8 22
8 25
8 26
8 27
8 29
8 30
8 34
8 36
8 37
8 39
8 40
8 41
8 42
8 43
8 45
8 46
8 47
8 48
9 11
9 12
9 14
9 15
9 16
9 18
9 21
9 22
9 23
9 25
9 27
9 28
9 29
9 30
9 31
9 32
9 34
9 35
9 36
9 37
9 39
9 41
9 42
9 46
10 12
10 14
10 16
10 17
10 19
10 20
10 22
10 23
10 24
10 25
10 26
10 28
10 29
10 30
10 32
10 33
10 34
10 35
10 36
10 38
10 39
10 40
10 41
10 43
10 44
10 46
10 47
11 13
11 14
11 15
11 16
11 17
11 18
11 19
11 22
11 23
11 24
11 27
11 28
11 29
11 30
11 31
11 32
11 33
11 35
11 36
11 37
11 39
11 40
11 43
11 44
11 45
11 46
11 47
11 49
12 13
12 14
12 15
12 16
12 17
12 18
12 19
12 20
12 22
12 24
12 25
12 27
12 28
12 31
12 32
12 33
12 35
12 37
12 39
12 45
12 46
12 48
12 49
13 14
13 16
13 17
13 18
13 19
13 27
13 30
13 31
13 36
13 37
13 40
13 42
13 43
13 44
13 45
13 46
13 48
13 49
14 16
14 17
14 18
14 19
14 22
14 23
14 25
14 26
14 27
14 28
14 31
14 32
14 33
14 34
14 36
14 38
14 40
14 41
14 42
14 43
14 45
14 47
15 16
15 19
15 20
15 23
15 24
15 25
15 26
15 27
15 28
15 29
15 31
15 32
15 33
15 34
15 35
15 36
15 37
15 39
15 40
15 46
15 47
15 48
16 17
16 21
16 23
16 24
16 25
16 27
16 28
16 30
16 31
16 33
16 38
16 43
16 44
16 46
16 47
17 22
17 24
17 29
17 36
17 37
17 38
17 39
17 43
17 44
17 45
17 46
17 47
17 48
18 19
18 20
18 22
18 24
18 25
18 26
18 27
18 28
18 29
18 30
18 31
18 32
18 34
18 35
18 37
18 38
18 39
18 43
18 46
18 47
18 48
19 20
19 23
19 24
19 25
19 26
19 27
19 28
19 32
19 33
19 34
19 36
19 37
19 41
19 43
19 44
19 46
19 49
20 21
20 23
20 25
20 27
20 29
20 30
20 31
20 32
20 34
20 35
20 36
20 40
20 41
20 42
20 46
20 48
21 22
21 23
21 25
21 28
21 29
21 30
21 32
21 33
21 35
21 36
21 37
21 39
21 40
21 43
21 47
21 48
21 49
22 23
22 24
22 25
22 29
22 30
22 31
22 32
22 33
22 35
22 38
22 44
22 45
22 46
22 49
23 24
23 25
23 28
23 30
23 34
23 35
23 36
23 39
23 40
23 42
23 46
23 48
23 49
24 26
24 29
24 30
24 32
24 35
24 37
24 38
24 40
24 42
24 45
24 47
24 49
25 26
25 27
25 29
25 30
25 32
25 33
25 34
25 37
25 38
25 39
25 41
25 44
25 45
25 46
25 47
25 49
26 31
26 35
26 36
26 37
26 38
26 39
26 40
26 41
26 43
26 44
26 45
26 46
26 49
27 28
27 33
27 34
27 35
27 36
27 37
27 40
27 41
27 42
27 43
27 46
27 49
28 29
28 33
28 34
28 35
28 36
28 40
28 44
28 47
28 49
29 33
29 36
29 37
29 41
29 43
29 46
29 47
29 48
30 31
30 32
30 33
30 35
30 36
30 37
30 38
30 40
30 43
30 45
30 46
31 33
31 34
31 39
31 40
31 42
31 43
31 45
31 46
31 47
31 48
32 33
32 34
32 37
32 38
32 39
32 41
32 43
32 44
32 46
32 47
33 35
33 36
33 37
33 38
33 39
33 40
33 42
33 44
33 48
33 49
34 35
34 37
34 39
34 42
34 44
34 47
34 49
35 36
35 37
35 38
35 39
35 40
35 42
35 45
35 47
36 37
36 38
36 40
36 41
36 42
36 44
36 45
36 48
37 40
37 43
37 44
37 46
37 47
37 48
38 39
38 42
38 43
38 46
38 48
38 49
39 40
39 41
39 44
39 45
39 47
39 49
40 41
40 44
40 45
40 49
41 44
41 45
42 43
42 44
42 45
42 46
42 48
42 49
43 44
43 45
43 47
43 48
44 47
44 49
45 47
45 48
45 49
46 48
47 48
47 49
