50 700
0 4
0 6
0 7
0 8
0 10
0 11
0 15
0 17
0 18
0 20
0 21
0 22
0 24
0 25
0 27
0 30
0 31
0 32
0 33
0 39
0 40
0 41
0 42
0 43
0 44
0 45
0 47
1 2
1 4
1 5
1 6
1 8
1 10
1 11
1 12
1 14
1 15
1 17
1 18
1 19
1 20
1 23
1 24
1 26
1 27
1 30
1 31
1 32
1 35
1 36
1 40
1 44
1 45
1 46
1 49
2 4
2 7
2 10
2 11
2 12
2 15
2 16
2 18
2 19
2 21
2 22
2 23
2 24
2 25
2 29
2 30
2 31
2 33
2 34
2 35
2 36
2 37
2 38
2 41
2 42
2 43
2 45
2 47
2 49
3 4
3 5
3 7
3 10
3 12
3 13
3 15
3 17
3 19
3 21
3 23
3 24
3 27
3 29
3 31
3 33
3 34
3 38
3 39
3 40
3 43
3 44
3 45
3 47
3 48
4 7
4 8
4 10
4 11
4 15
4 16
4 19
4 20
4 21
4 22
4 24
4 25
4 27
4 28
4 30
4 31
4 33
4 34
4 36
4 37
4 38
4 40
4 42
4 43
4 49
5 7
5 8
5 10
5 12
5 13
5 14
5 18
5 20
5 21
5 22
5 23
5 27
5 31
5 35
5 36
5 39
5 40
5 42
5 43
5 45
5 46
5 47
5 49
6 8
6 9
6 11
6 12
6 13
6 16
6 17
6 19
6 20
6 22
6 26
6 32
6 34
6 35
6 36
6 37
6 40
6 45
6 46
6 49
7 8
7 10
7 12
7 13
7 14
7 15
7 16
7 17
7 18
7 20
7 24
7 28
7 30
7 32
7 34
7 35
7 36
7 37
7 38
7 41
7 42
7 44
7 45
7 46
7 47
7 48
7 49
8 10
8 11
8 12
8 13
8 17
8 19
8 22
8 24
8 25
8 26
8 27
8 28
8 29
8 30
8 32
8 36
8 38
8 39
8 40
8 42
8 43
8 45
8 46
8 48
9 10
9 14
9 15
9 17
9 18
9 19
9 21
9 22
9 24
9 25
9 26
9 29
9 30
9 31
9 33
9 34
9 35
9 36
9 37
9 39
9 41
9 42
9 43
9 44
9 45
9 47
9 48
10 12
10 13
10 14
10 17
10 19
10 23
10 24
10 26
10 28
10 31
10 38
10 39
10 40
10 42
10 44
11 14
11 15
11 16
11 17
11 18
11 20
11 22
11 24
11 25
11 27
11 29
11 32
11 33
11 34
11 35
11 36
11 37
11 38
11 41
11 42
11 43
11 44
11 45
11 47
12 13
12 14
12 15
12 20
12 22
12 23
12 24
12 26
12 28
12 29
12 30
12 31
12 34
12 37
12 38
12 40
12 45
12 46
12 47
12 49
13 14
13 17
13 18
13 19
13 20
13 24
13 25
13 26
13 27
13 28
13 30
13 34
13 36
13 38
13 39
13 40
13 42
13 44
13 45
13 46
13 47
13 48
14 16
14 17
14 18
14 19
14 20
14 21
14 22
14 24
14 25
14 26
14 27
14 29
14 30
14 32
14 33
14 35
14 36
14 37
14 38
14 44
14 45
14 48
15 17
15 18
15 19
15 20
15 22
15 23
15 25
15 29
15 30
15 32
15 36
15 37
15 40
15 41
15 43
15 45
15 46
15 47
15 48
15 49
16 17
16 18
16 19
16 21
16 23
16 24
16 25
16 27
16 28
16 29
16 30
16 35
16 36
16 37
16 38
16 39
16 40
16 43
16 46
16 49
17 19
17 20
17 21
17 22
17 23
17 24
17 25
17 27
17 29
17 30
17 31
17 33
17 34
17 37
17 38
17 39
17 43
17 44
17 45
17 47
17 48
18 19
18 21
18 23
18 24
18 25
18 30
18 31
18 32
18 33
18 34
18 35
18 38
18 41
18 42
18 43
18 44
18 48
18 49
19 23
19 24
19 25
19 27
19 28
19 29
19 30
19 31
19 32
19 34
19 35
19 36
19 39
19 40
19 42
19 44
19 45
19 46
19 47
19 48
19 49
20 21
20 26
20 27
20 28
20 29
20 31
20 32
20 34
20 35
20 40
20 44
20 45
20 46
21 22
21 23
21 24
21 29
21 33
21 37
21 38
21 39
21 41
21 42
21 43
21 46
21 47
22 23
22 24
22 25
22 26
22 27
22 28
22 29
22 30
22 31
22 32
22 33
22 34
22 35
22 36
22 38
22 39
22 41
22 43
22 44
22 47
22 49
23 26
23 27
23 28
23 29
23 30
23 31
23 33
23 34
23 36
23 37
23 40
23 43
23 44
23 45
23 46
23 48
23 49
24 25
24 26
24 28
24 29
24 32
24 34
24 36
24 37
24 38
24 39
24 43
24 44
24 45
24 47
24 48
24 49
25 27
25 29
25 30
25 31
25 32
25 34
25 36
25 40
25 42
25 45
25 48
26 29
26 31
26 32
26 34
26 36
26 37
26 38
26 40
26 44
26 47
26 48
27 30
27 34
27 35
27 36
27 38
27 40
27 45
27 48
27 49
28 34
28 36
28 37
28 39
28 40
28 42
28 43
28 44
28 45
28 46
29 31
29 32
29 35
29 36
29 37
29 38
29 40
29 41
29 43
29 44
29 45
29 46
29 47
29 48
29 49
30 31
30 32
30 33
30 34
30 35
30 36
30 37
30 39
30 40
30 42
30 45
30 47
30 48
31 34
31 37
31 38
31 41
31 44
31 45
32 33
32 34
32 36
32 39
32 40
32 43
32 44
32 46
32 47
32 48
33 34
33 35
33 37
33 40
33 41
33 43
33 44
33 48
34 35
34 36
34 37
34 41
34 42
34 46
34 47
35 36
35 37
35 38
35 39
35 43
35 44
35 46
35 48
36 37
36 42
36 43
36 45
36 46
36 47
36 48
37 38
37 39
37 40
37 42
37 44
37 45
37 46
37 47
37 48
37 49
38 40
38 43
38 44
38 45
38 47
38 49
39 42
39 43
39 45
39 46
39 47
39 48
40 42
40 43
40 44
40 49
41 45
41 46
41 48
41 49
42 43
42 44
42 46
42 49
43 44
43 49
44 45
44 46
44 47
44 48
45 46
45 47
45 48
46 47
46 49
47 49
48 49
