800 100
4 648
9 535
11 783
12 67
21 40
24 389
27 144
29 584
29 564
42 60
53 160
61 781
61 149
68 247
80 292
84 792
84 743
86 269
88 574
88 695
95 402
95 658
97 743
98 550
101 586
106 712
108 184
120 187
123 528
130 334
132 589
133 469
135 171
141 358
143 192
143 265
146 700
147 342
151 227
153 351
159 714
170 426
175 785
179 785
182 292
195 749
196 677
206 639
208 508
213 530
222 392
227 744
227 523
235 607
237 539
251 405
255 387
267 686
282 552
282 616
284 291
289 652
290 501
301 305
301 517
301 437
314 765
320 346
320 326
331 470
339 562
353 371
363 441
384 726
385 696
386 441
391 775
392 687
398 670
401 659
409 454
413 437
422 614
435 591
437 593
442 513
448 763
465 630
477 609
478 693
479 662
493 673
500 631
501 645
507 657
551 613
580 625
621 746
684 686
742 793
