800 2000
0 37
0 683
0 463
0 656
0 564
0 247
1 145
1 322
1 763
2 354
2 227
2 700
2 519
2 298
2 686
2 284
3 136
3 616
3 581
3 680
4 396
4 367
4 690
4 666
4 379
4 60
5 418
5 131
5 359
5 553
5 766
5 699
5 574
6 40
6 240
6 505
6 271
7 442
7 724
7 108
8 323
8 504
8 508
8 240
8 659
8 411
8 88
8 187
8 92
9 547
9 378
9 91
9 351
9 127
10 721
10 405
10 677
11 258
11 556
11 94
12 669
12 102
12 202
12 721
12 535
12 733
13 25
13 428
13 20
14 630
14 109
14 550
15 592
15 650
15 738
15 343
16 98
16 176
16 280
16 378
16 443
16 734
17 600
17 234
17 131
17 467
18 737
18 362
18 793
19 126
20 742
20 262
20 406
20 59
20 159
21 184
21 537
21 533
21 308
21 237
22 673
23 716
23 45
23 190
23 543
24 197
24 393
24 150
24 151
24 758
24 411
24 638
25 323
25 484
25 75
25 80
25 790
25 606
26 714
26 235
26 750
26 62
26 542
27 552
27 452
27 728
28 368
28 36
28 772
29 612
29 582
29 535
29 414
29 143
30 770
30 201
30 45
30 403
30 405
30 376
30 249
31 90
31 680
31 175
31 656
31 178
31 308
31 474
31 732
32 129
32 271
32 432
32 690
32 724
32 249
32 442
33 544
33 459
33 327
34 164
34 92
34 622
34 471
35 328
35 221
35 46
36 796
36 766
36 703
37 217
37 450
37 331
37 790
38 227
38 775
38 186
38 460
38 659
38 630
38 474
39 466
39 676
39 565
40 482
40 484
40 581
40 773
40 520
40 622
40 177
40 658
40 634
40 635
40 636
40 93
41 387
41 427
41 78
41 528
41 409
41 58
42 480
42 761
42 284
42 117
42 502
43 78
44 704
44 474
44 691
44 86
45 269
46 171
46 182
47 439
47 298
47 326
47 402
48 641
48 674
48 681
48 367
49 348
49 588
50 115
50 778
50 99
50 400
51 185
51 402
51 764
51 236
51 613
52 129
52 669
53 64
53 690
53 626
53 590
53 287
54 531
54 171
54 341
55 130
55 773
56 528
56 749
56 204
56 661
57 443
57 117
57 638
58 488
58 268
58 213
58 789
58 93
59 753
59 346
59 550
60 633
60 562
60 746
60 747
61 723
61 613
62 91
62 82
62 670
63 272
63 242
63 607
63 271
64 128
64 117
64 278
64 601
64 732
64 318
65 523
65 681
65 682
65 435
66 710
66 138
66 507
66 186
66 795
66 252
67 299
67 332
67 525
67 301
67 527
67 338
67 504
67 698
68 539
68 511
69 384
69 707
69 743
69 200
69 263
69 778
70 552
70 463
71 722
71 314
71 541
71 349
71 446
72 672
72 226
72 781
72 634
73 280
73 650
73 219
73 189
73 510
74 393
74 367
75 454
75 600
75 493
75 440
75 540
76 172
76 741
76 663
77 706
77 100
77 361
77 268
77 302
77 474
78 648
79 337
79 709
79 246
79 207
80 450
80 651
80 751
80 177
80 274
81 261
81 526
81 304
81 306
81 378
81 477
82 593
82 154
83 787
83 377
83 747
83 349
84 376
84 293
84 684
84 274
84 756
84 248
84 797
85 344
85 713
85 418
85 717
85 783
86 226
86 519
86 104
86 683
86 562
86 285
86 286
87 200
87 744
87 655
88 329
88 92
88 687
88 247
89 175
89 209
89 658
89 211
89 244
89 727
90 391
90 418
90 108
91 292
91 586
91 109
91 789
92 547
92 742
92 459
92 460
92 174
92 663
92 569
93 250
93 292
93 245
94 372
94 261
94 614
94 263
95 455
95 359
95 394
95 588
95 560
95 219
96 784
96 729
96 491
96 548
96 293
97 417
97 146
97 180
97 237
98 234
98 459
98 621
98 625
98 637
99 576
99 771
99 710
99 166
99 171
99 531
100 163
100 371
100 666
100 284
100 703
101 135
101 554
101 620
101 752
101 760
101 600
101 639
102 488
102 552
102 458
102 140
102 633
103 264
103 487
103 701
103 599
103 167
104 402
104 363
104 407
105 452
105 262
105 168
105 530
105 541
105 126
106 386
106 302
106 142
106 750
106 369
106 692
107 642
107 762
107 701
107 350
108 583
108 620
108 333
108 305
108 465
108 115
108 444
109 333
109 763
110 321
110 314
110 372
110 118
110 378
111 345
111 137
111 180
111 575
111 207
112 624
112 749
112 131
112 317
113 369
113 250
113 754
113 502
114 233
114 733
114 375
115 416
115 261
115 713
115 751
115 240
115 536
115 250
116 434
116 203
116 292
116 319
117 747
117 618
117 309
118 320
118 748
118 270
118 505
118 794
119 737
119 485
119 525
119 673
119 317
120 765
121 737
121 628
122 384
122 276
122 588
122 255
123 185
123 746
123 699
123 165
123 374
124 657
125 242
125 711
125 662
125 367
126 419
126 233
126 751
127 609
127 647
127 460
127 687
127 497
127 601
127 703
128 491
128 366
128 335
128 369
128 447
129 481
129 513
129 426
129 686
129 762
130 512
130 337
130 148
130 198
131 673
131 771
131 662
131 215
131 412
131 351
132 433
132 196
132 327
133 291
133 797
133 335
133 687
133 563
133 596
133 796
133 445
133 286
134 160
134 644
134 387
134 260
134 776
135 464
136 568
136 305
136 615
137 417
137 513
137 359
137 713
137 530
137 504
138 640
138 556
138 783
138 784
138 275
138 567
138 763
138 381
139 406
139 790
140 391
140 453
140 245
140 143
141 739
141 349
141 575
142 747
142 764
142 146
143 356
143 773
143 625
143 242
144 322
144 243
144 759
145 169
145 421
146 672
146 641
146 423
146 779
146 780
146 237
147 420
147 426
147 298
147 463
147 436
147 477
148 584
148 523
148 373
148 245
148 472
148 286
149 697
149 767
149 388
149 541
149 591
150 235
150 517
150 712
151 550
151 454
151 711
151 308
151 798
152 672
152 274
153 770
153 484
153 433
153 564
153 604
153 479
154 674
154 498
154 318
155 432
155 578
155 180
155 253
156 584
156 473
156 741
157 290
157 562
157 253
158 584
158 761
158 575
158 511
159 163
159 358
159 426
159 500
159 535
159 252
160 606
160 781
160 518
161 477
161 649
161 714
161 413
162 647
162 244
162 559
163 713
164 167
164 728
164 696
164 602
164 220
165 660
166 572
167 385
167 717
167 175
167 753
167 627
167 600
168 737
168 398
168 273
168 406
168 732
168 607
169 300
169 758
169 695
169 343
170 689
170 426
170 778
170 295
171 704
171 558
171 536
171 636
171 287
172 173
173 509
174 642
174 359
174 745
174 332
174 749
174 687
175 514
175 595
175 726
176 730
176 312
176 546
176 543
177 592
177 349
177 755
178 324
178 679
178 493
178 626
178 307
178 697
179 652
179 197
179 694
179 767
180 690
181 760
182 384
182 505
182 623
183 768
183 418
183 456
183 468
183 663
183 442
184 522
184 669
184 463
185 388
185 650
185 716
185 503
185 696
186 192
186 663
186 615
187 793
187 354
187 408
187 287
188 409
188 794
188 331
188 457
189 595
189 724
189 513
190 795
190 387
190 623
190 566
191 362
191 739
191 276
192 755
192 559
192 661
192 359
193 709
193 431
193 691
193 564
193 565
193 246
193 217
194 768
194 226
194 196
194 716
194 436
194 762
194 380
195 458
195 278
195 658
196 324
196 554
196 366
196 598
197 661
198 601
198 306
199 539
199 577
199 275
199 791
200 409
200 317
200 755
201 345
202 474
202 547
202 573
202 599
203 384
203 609
203 358
203 492
203 565
203 316
205 671
205 753
205 435
205 694
205 495
206 249
206 627
206 753
207 299
208 401
208 791
209 448
209 350
209 520
210 657
210 689
210 748
210 469
210 455
211 337
211 565
212 233
212 331
213 241
213 707
213 741
214 769
214 722
214 675
215 610
215 387
215 328
215 648
215 538
215 345
215 314
216 506
216 514
217 394
217 493
217 302
217 243
218 296
218 393
218 707
219 775
219 267
219 461
219 509
220 632
220 333
220 754
220 472
220 281
220 349
220 286
221 744
221 393
221 603
221 486
222 617
222 583
223 485
223 261
223 530
223 405
223 311
223 763
224 728
224 244
224 548
224 543
225 662
225 267
225 564
225 534
226 449
226 688
226 340
226 343
226 410
227 706
227 590
227 464
227 466
227 498
227 790
228 713
228 618
228 333
228 654
229 634
230 798
231 448
231 689
232 490
232 727
232 688
232 564
232 279
232 410
232 316
233 454
233 361
233 425
234 788
234 791
235 739
235 617
235 649
235 366
235 785
235 338
235 569
235 443
236 682
236 563
236 630
236 440
236 639
237 422
237 487
237 774
237 719
237 759
237 763
238 329
238 569
238 412
238 285
238 551
239 514
239 395
239 429
239 526
239 463
239 590
239 750
239 407
240 576
240 676
240 590
240 624
240 726
240 635
241 544
241 556
241 756
241 724
241 759
241 378
242 271
242 466
242 698
243 710
243 269
243 366
243 558
243 534
243 477
244 323
244 300
244 277
244 250
245 704
245 353
245 264
245 462
245 408
245 412
245 286
245 639
246 769
246 324
246 753
246 566
246 247
246 381
247 776
247 620
247 333
247 792
247 439
247 281
247 314
247 315
247 508
247 382
247 351
248 344
248 553
248 769
249 768
249 541
250 422
250 373
250 405
250 606
251 280
251 558
251 507
251 334
251 526
252 281
252 265
252 460
252 724
252 345
253 453
253 769
253 731
254 424
254 524
254 548
255 360
255 629
256 593
256 289
256 441
256 270
257 595
257 444
257 683
257 670
258 577
258 321
258 675
258 526
258 538
258 671
259 492
259 541
259 694
259 703
260 322
260 667
261 385
261 450
261 327
261 587
261 670
261 272
262 584
262 650
263 400
263 756
263 589
264 282
264 492
264 493
264 719
264 442
265 704
265 418
265 393
265 658
265 629
266 362
267 745
267 434
267 595
267 510
267 799
268 450
268 275
268 600
268 445
269 548
269 681
269 338
269 763
269 380
270 433
270 404
270 794
270 635
271 706
271 292
271 392
271 488
272 728
272 751
272 327
273 320
274 548
274 786
274 729
274 474
275 315
276 587
276 636
276 772
277 444
277 523
277 430
278 776
278 303
278 690
278 508
279 643
279 416
280 509
280 637
280 656
280 657
280 541
281 484
281 745
281 380
282 372
282 493
283 328
283 431
283 775
283 646
283 391
284 590
284 439
284 318
285 391
285 691
285 534
286 325
286 301
287 728
287 647
288 360
288 481
288 378
288 741
289 544
289 686
289 719
289 725
289 539
289 509
290 629
290 375
291 613
291 575
292 352
292 502
292 727
293 626
293 595
293 492
294 330
295 705
295 742
295 391
295 361
295 693
295 598
296 600
296 575
297 523
297 660
297 702
298 429
298 366
298 630
299 384
299 434
299 402
300 592
300 397
300 685
301 581
301 336
301 540
301 509
302 451
302 621
302 560
302 465
303 767
303 497
303 697
303 617
304 429
304 382
305 672
305 738
305 407
305 540
306 442
306 490
307 686
307 793
307 696
307 473
307 476
308 457
308 590
308 595
309 739
309 581
309 748
309 560
309 504
310 401
310 586
310 437
310 486
310 383
311 589
312 623
312 688
312 367
312 341
312 667
313 528
313 626
313 435
313 548
313 467
314 463
314 658
315 435
316 344
316 322
316 567
317 705
317 550
317 557
317 436
317 767
318 454
318 423
318 502
318 791
318 381
319 640
319 466
320 354
320 581
320 594
320 371
320 343
321 341
322 608
322 709
322 422
322 489
322 724
322 759
323 480
323 361
323 552
323 659
323 437
323 412
324 612
324 593
324 795
325 768
325 673
325 739
326 334
327 523
327 665
328 493
328 446
328 607
329 602
329 478
330 463
331 449
331 546
331 611
331 773
331 746
332 641
332 713
332 485
333 643
333 721
334 587
334 532
334 605
335 689
336 720
336 737
336 437
337 440
338 747
338 622
338 346
339 755
339 605
340 563
340 558
340 463
341 608
341 578
341 672
341 742
341 583
341 492
341 790
341 350
342 456
342 459
342 632
343 736
343 603
343 764
344 442
344 479
345 384
345 483
345 711
345 402
346 473
346 349
347 616
348 418
348 411
349 641
349 370
350 607
350 367
350 464
350 606
350 511
351 555
352 636
352 668
352 564
353 409
353 772
353 617
354 516
354 518
354 396
354 468
354 444
356 682
356 546
356 720
357 472
357 454
358 740
358 686
358 656
358 730
361 659
362 397
362 505
362 478
363 706
363 422
363 561
363 570
363 731
364 708
364 468
365 582
366 740
366 756
367 692
367 570
367 380
368 717
369 590
370 449
370 382
371 610
371 592
371 391
372 453
372 745
372 699
373 375
374 426
374 798
375 669
376 704
376 462
376 600
376 604
377 513
377 595
377 483
379 527
380 747
380 495
380 631
382 420
382 454
382 784
382 693
382 413
383 449
384 738
384 580
385 626
385 527
386 713
387 703
388 585
388 436
388 761
388 703
389 649
389 549
390 475
391 480
391 608
391 397
391 594
391 630
392 746
393 485
393 456
394 609
394 451
394 457
394 489
394 535
394 732
395 498
395 579
395 580
397 419
397 662
397 792
398 749
398 743
399 400
399 548
400 638
400 454
401 465
401 510
402 697
402 766
403 736
403 689
404 532
404 740
405 482
405 610
405 486
405 718
405 787
405 760
406 516
406 500
406 630
407 473
407 517
408 689
408 740
408 526
409 784
409 755
409 507
410 684
410 637
410 631
411 648
412 465
412 722
413 781
413 675
413 605
414 622
414 534
414 535
415 748
416 715
417 673
417 750
418 614
418 661
418 568
418 637
419 722
419 474
419 687
420 534
421 682
421 555
421 477
422 513
422 524
422 430
422 501
422 601
423 446
423 535
424 728
424 788
425 660
425 773
426 704
426 483
426 455
426 519
426 430
426 605
427 795
427 477
428 773
428 526
428 774
429 590
430 529
430 553
431 707
431 619
431 747
431 574
432 796
433 646
433 560
433 789
434 682
434 782
434 796
434 509
434 542
435 620
435 509
436 672
436 609
436 642
436 738
436 522
436 715
436 503
437 710
437 495
438 439
439 737
439 553
439 617
439 561
439 441
439 444
440 620
440 469
441 755
441 637
442 746
442 659
443 541
443 752
444 545
444 784
444 786
445 492
446 668
447 521
447 458
447 659
448 464
449 612
449 520
449 586
449 783
451 672
451 466
452 472
452 740
452 633
454 489
455 645
455 680
455 715
456 712
456 684
456 503
456 538
456 796
457 579
457 561
457 466
457 625
458 580
458 716
458 527
458 689
458 785
458 565
458 731
460 687
460 659
460 695
460 665
460 762
460 507
461 584
461 661
461 782
462 708
464 713
464 696
465 584
465 756
465 469
465 790
466 608
466 548
466 677
466 671
467 686
467 625
468 549
468 521
468 746
468 725
469 505
469 742
470 663
470 736
470 482
470 693
470 650
471 780
472 516
472 631
472 632
473 776
473 659
473 794
474 797
475 754
475 619
475 653
476 600
476 754
477 701
478 726
479 493
479 534
479 759
480 661
483 573
484 681
485 574
486 668
488 731
488 596
489 626
490 641
490 613
491 732
491 597
491 759
492 578
492 547
492 740
493 793
494 554
495 584
495 648
495 792
495 629
495 536
496 592
496 632
497 695
497 563
497 540
498 688
499 674
499 778
499 660
499 638
499 655
500 544
500 700
500 565
501 632
501 539
502 524
502 785
503 698
503 661
504 591
504 692
504 566
505 689
505 659
505 631
506 514
506 539
507 640
507 772
507 581
507 778
509 683
509 655
511 686
511 637
512 588
513 609
513 557
513 526
513 723
514 532
514 790
514 701
515 616
515 575
516 732
516 714
516 599
516 700
517 787
517 575
518 709
520 659
520 524
521 544
521 627
522 772
522 680
524 641
524 546
524 777
524 557
524 781
524 751
524 724
524 799
526 616
527 798
528 562
530 559
531 792
532 702
533 560
535 581
535 741
536 551
537 764
537 638
537 782
538 682
538 757
540 600
541 769
542 602
543 683
544 757
544 730
545 720
546 614
546 597
547 744
547 762
548 643
549 749
549 714
549 615
550 701
551 556
552 744
553 564
553 570
553 700
555 719
555 710
556 654
556 799
557 640
557 695
559 790
559 775
561 593
561 789
561 573
562 688
562 725
563 685
563 602
564 695
564 795
565 778
565 631
565 664
565 763
566 709
567 673
567 611
567 602
568 627
569 698
569 667
570 731
570 622
571 785
572 672
572 693
572 774
573 655
574 612
575 705
575 778
575 653
575 755
576 616
577 627
577 685
578 609
579 616
582 744
584 746
585 672
585 789
587 747
587 604
589 590
590 764
590 667
592 774
592 656
593 722
593 766
594 711
596 761
596 610
599 609
600 777
601 773
602 685
602 627
606 789
607 635
608 765
609 611
609 703
610 745
610 703
612 736
612 687
612 793
615 738
617 629
618 750
619 688
619 625
619 666
619 732
620 736
620 654
622 733
623 651
625 637
626 633
627 749
628 747
628 748
629 789
630 670
631 792
632 725
632 757
636 667
637 781
644 792
644 673
644 791
646 730
647 769
647 649
647 761
650 683
652 784
652 774
653 690
653 675
654 768
656 658
658 792
660 704
660 752
662 744
663 727
664 733
664 730
664 718
665 736
665 666
666 774
667 705
667 754
667 699
670 766
673 758
680 755
683 716
687 694
688 793
689 711
694 746
694 750
695 741
696 775
697 718
698 797
698 734
703 724
704 780
705 711
706 762
707 712
707 748
707 789
711 786
711 796
714 796
714 766
715 778
718 770
720 736
721 729
727 748
731 745
732 735
732 792
735 736
736 770
737 738
738 762
738 795
740 763
742 786
743 797
743 796
748 758
751 787
752 771
755 756
756 794
760 762
760 799
764 786
767 798
777 799
780 795
791 797
