800 120
4 768
6 579
13 340
23 163
26 568
26 703
30 196
30 381
37 714
38 404
42 171
44 445
45 522
55 167
62 426
69 777
71 227
77 601
85 247
86 728
91 583
94 522
94 461
95 632
98 292
108 677
110 748
112 137
113 664
117 680
117 221
120 370
120 711
125 383
126 279
128 667
130 775
131 318
135 370
135 542
140 624
142 217
161 606
168 320
169 207
183 473
186 354
194 724
195 375
199 434
201 744
205 403
222 417
226 354
232 357
243 574
249 783
249 431
251 370
255 631
258 693
258 727
265 319
267 583
288 329
293 417
297 663
301 390
303 366
309 389
315 678
318 759
319 635
321 542
326 757
340 361
341 568
343 641
343 411
344 754
345 705
346 500
352 753
356 539
361 395
362 569
377 725
387 633
395 684
397 490
397 446
405 626
405 743
420 597
427 655
430 504
433 670
436 447
441 793
464 579
473 493
483 492
490 694
502 608
504 692
514 554
518 783
545 613
554 699
568 787
585 638
596 749
641 789
653 791
688 794
692 726
707 771
715 752
735 766
748 793
