800 8000
0 704
0 68
0 516
0 359
0 9
0 137
0 174
0 463
0 564
0 601
0 575
1 514
1 643
1 784
1 786
1 282
1 419
1 40
1 424
1 552
1 681
1 685
1 572
1 318
1 575
1 65
1 67
1 74
1 208
1 611
1 743
1 748
1 376
1 634
2 512
2 715
2 716
2 431
2 693
2 22
2 312
2 217
2 666
2 188
2 765
3 192
3 4
3 613
3 455
3 168
3 297
3 489
3 493
3 336
3 433
3 315
3 126
4 577
4 421
4 775
4 425
4 428
4 176
4 691
4 119
4 117
4 151
4 761
4 154
4 59
4 766
4 511
5 704
5 743
5 43
5 235
5 462
5 143
5 537
5 686
5 694
5 503
5 153
5 444
5 253
5 254
6 387
6 167
6 647
6 521
6 266
6 235
6 12
6 523
6 526
6 702
6 728
6 497
6 120
6 409
6 795
6 317
6 318
6 415
7 168
7 424
7 585
7 648
7 777
7 173
7 749
7 497
7 594
7 564
7 343
7 440
7 154
7 251
7 28
8 288
8 454
8 168
8 232
8 170
8 424
8 479
8 651
8 334
8 751
8 432
8 752
8 782
8 308
8 246
8 730
8 411
8 668
8 509
8 383
9 672
9 485
9 773
9 552
9 733
9 683
9 205
9 14
9 207
9 653
9 211
9 538
9 409
9 378
9 283
9 604
9 573
9 351
10 128
10 771
10 650
10 268
10 793
10 542
10 159
10 168
10 47
10 303
10 318
10 66
10 596
10 600
10 347
10 351
10 740
10 101
10 744
10 233
10 365
10 759
11 263
11 328
11 459
11 76
11 270
11 78
11 526
11 337
11 558
11 371
11 435
11 757
11 87
11 697
11 124
11 287
12 545
12 450
12 737
12 740
12 101
12 135
12 453
12 770
12 523
12 621
12 49
12 402
12 371
12 658
12 278
12 311
12 188
12 189
13 129
13 289
13 35
13 68
13 389
13 419
13 779
13 204
13 46
13 16
13 50
13 116
13 602
13 150
13 729
13 410
13 350
13 735
14 97
14 312
14 417
14 707
14 325
14 774
14 103
14 200
14 329
14 472
14 617
14 589
14 685
14 783
14 209
14 243
14 629
14 248
14 218
14 731
15 514
15 524
15 785
15 282
15 667
15 156
15 415
15 289
15 39
15 553
15 555
15 684
15 51
15 563
15 691
15 443
15 703
15 706
15 90
15 349
15 236
15 249
15 383
16 519
16 664
16 416
16 289
16 166
16 300
16 563
16 699
16 317
16 194
16 322
16 721
16 214
16 598
16 348
16 481
16 484
16 233
16 747
16 496
16 761
17 289
17 449
17 483
17 132
17 356
17 705
17 663
17 553
17 490
17 780
17 335
17 474
17 242
17 497
17 244
17 277
17 23
17 186
18 289
18 514
18 291
18 645
18 709
18 232
18 360
18 362
18 235
18 584
18 205
18 493
18 652
18 305
18 114
18 625
18 276
18 214
18 54
18 125
19 196
19 775
19 415
19 201
19 463
19 688
19 721
19 381
19 341
19 789
19 408
19 156
19 61
19 287
20 225
20 67
20 771
20 389
20 773
20 327
20 201
20 361
20 750
20 111
20 591
20 656
20 306
20 761
20 150
20 54
20 438
20 598
20 790
20 796
20 318
21 514
21 389
21 358
21 615
21 298
21 81
21 82
21 339
21 369
21 379
21 721
21 726
21 755
21 603
21 251
21 284
21 350
22 135
22 776
22 777
22 652
22 781
22 783
22 793
22 283
22 35
22 421
22 40
22 426
22 433
22 306
22 315
22 189
22 583
22 600
22 219
22 352
22 619
22 124
23 133
23 134
23 263
23 518
23 781
23 526
23 421
23 681
23 45
23 559
23 699
23 703
23 319
23 720
23 722
23 85
23 725
23 227
23 232
23 366
23 369
24 514
24 787
24 33
24 37
24 549
24 302
24 438
24 442
24 699
24 60
24 447
24 63
24 709
24 458
24 332
24 207
24 720
24 593
24 470
24 471
24 347
24 606
24 490
24 364
24 374
24 120
24 509
25 385
25 775
25 524
25 143
25 655
25 790
25 668
25 28
25 156
25 161
25 675
25 297
25 171
25 574
25 448
25 449
25 460
25 723
25 215
25 237
25 507
25 252
25 510
26 35
26 259
26 677
26 203
26 364
26 791
26 718
26 47
26 48
26 432
26 752
26 179
26 659
26 759
26 728
26 409
26 155
26 316
26 125
27 33
27 130
27 135
27 554
27 299
27 238
27 559
27 566
27 344
27 730
27 443
27 63
27 223
28 392
28 656
28 658
28 150
28 155
28 286
28 288
28 676
28 678
28 704
28 322
28 199
28 471
28 101
28 741
28 231
28 615
28 743
28 367
28 757
28 502
28 632
28 126
29 407
29 610
29 547
29 580
29 581
29 550
29 295
29 457
29 460
29 270
29 366
29 783
29 177
29 178
29 308
29 117
29 501
29 375
29 571
29 315
29 381
30 65
30 260
30 101
30 485
30 328
30 648
30 695
30 300
30 175
30 601
30 177
30 628
30 757
30 86
30 406
30 345
30 381
30 158
31 136
31 152
31 156
31 544
31 673
31 422
31 302
31 431
31 52
31 443
31 59
31 328
31 201
31 587
31 461
31 717
31 592
31 339
31 734
31 110
31 375
31 511
32 353
32 420
32 535
32 631
32 168
32 247
32 362
32 744
32 237
32 144
32 721
32 690
32 211
32 697
32 724
32 215
32 601
32 218
32 219
33 322
33 356
33 357
33 712
33 106
33 108
33 76
33 399
33 592
33 720
33 434
33 728
33 151
33 573
34 577
34 323
34 38
34 326
34 168
34 360
34 423
34 520
34 522
34 743
34 433
34 533
34 246
34 471
34 601
34 316
34 189
34 638
35 263
35 270
35 402
35 786
35 152
35 539
35 39
35 554
35 435
35 56
35 185
35 442
35 719
35 731
35 350
35 94
35 610
35 105
35 503
35 376
35 639
36 288
36 642
36 739
36 388
36 713
36 395
36 717
36 558
36 559
36 80
36 496
36 274
36 656
36 749
36 469
36 727
36 504
36 474
37 64
37 448
37 324
37 740
37 712
37 536
37 744
37 687
37 598
37 599
37 410
37 381
38 611
38 762
38 263
38 137
38 442
38 496
38 371
38 500
38 373
38 723
38 280
38 633
38 346
38 251
38 156
38 765
39 129
39 260
39 644
39 277
39 281
39 283
39 156
39 423
39 551
39 313
39 569
39 698
39 574
39 458
39 78
39 479
39 97
39 623
39 752
39 372
39 628
39 761
40 772
40 522
40 142
40 660
40 669
40 670
40 289
40 41
40 303
40 691
40 577
40 455
40 588
40 717
40 468
40 730
40 602
40 475
40 739
40 103
40 629
41 705
41 611
41 453
41 510
41 552
41 587
41 172
41 46
41 686
41 687
41 625
41 83
41 629
41 726
41 94
42 448
42 357
42 229
42 520
42 744
42 426
42 43
42 714
42 176
42 627
42 437
42 440
42 186
42 763
42 639
43 267
43 533
43 285
43 554
43 300
43 559
43 309
43 310
43 312
43 318
43 708
43 327
43 716
43 224
43 609
43 613
43 363
43 364
43 496
43 115
43 635
43 766
44 288
44 261
44 584
44 73
44 233
44 361
44 140
44 616
44 777
44 655
44 337
44 114
44 756
44 597
44 407
44 729
44 699
45 138
45 398
45 407
45 410
45 284
45 305
45 50
45 692
45 711
45 463
45 208
45 336
45 210
45 85
45 470
45 102
45 105
45 123
45 502
45 507
45 508
46 193
46 609
46 739
46 769
46 456
46 585
46 618
46 589
46 527
46 786
46 275
46 788
46 54
46 407
46 694
46 603
46 735
47 644
47 326
47 455
47 584
47 712
47 765
47 302
47 399
47 623
47 474
47 689
47 307
47 244
47 180
47 373
47 782
47 571
47 221
48 387
48 637
48 550
48 524
48 109
48 429
48 271
48 79
48 657
48 277
48 310
48 217
48 93
48 638
48 671
49 577
49 226
49 136
49 137
49 458
49 747
49 621
49 696
49 207
49 592
49 671
49 688
49 373
49 438
49 407
49 534
49 630
49 639
50 549
50 677
50 201
50 457
50 652
50 174
50 432
50 210
50 148
50 436
50 316
50 602
50 56
50 538
50 124
51 636
51 738
51 771
51 389
51 360
51 574
51 776
51 203
51 109
51 365
51 304
51 335
51 589
51 531
51 468
51 719
51 722
51 756
51 188
51 254
52 225
52 67
52 580
52 197
52 167
52 519
52 331
52 621
52 782
52 593
52 178
52 532
52 117
52 664
52 91
52 636
53 768
53 513
53 773
53 774
53 267
53 780
53 530
53 792
53 154
53 428
53 684
53 302
53 438
53 55
53 703
53 709
53 472
53 88
53 732
53 351
53 234
53 363
53 503
53 253
53 126
54 256
54 263
54 787
54 533
54 313
54 333
54 724
54 216
54 346
54 603
54 605
54 97
54 121
54 106
54 111
54 624
54 755
54 633
54 124
54 765
54 639
55 647
55 526
55 156
55 292
55 425
55 556
55 560
55 439
55 698
55 322
55 199
55 332
55 461
55 80
55 209
55 465
55 596
55 222
55 360
55 110
55 753
55 498
55 628
55 120
55 506
55 638
56 774
56 391
56 276
56 278
56 406
56 280
56 682
56 430
56 580
56 202
56 77
56 78
56 462
56 212
56 217
56 478
56 607
56 351
56 486
56 364
57 656
57 279
57 796
57 417
57 291
57 168
57 307
57 61
57 62
57 323
57 68
57 459
57 206
57 208
57 219
57 605
57 221
57 93
57 737
57 748
57 370
57 757
57 118
57 375
57 383
58 256
58 535
58 69
58 645
58 104
58 73
58 232
58 299
58 457
58 270
58 303
58 562
58 307
58 182
58 471
58 248
58 475
58 94
59 352
59 225
59 610
59 131
59 551
59 585
59 282
59 719
59 625
59 598
59 408
59 313
59 250
59 92
59 253
59 510
60 386
60 391
60 775
60 137
60 398
60 783
60 660
60 533
60 429
60 437
60 314
60 702
60 596
60 471
60 348
60 477
60 734
60 93
60 98
60 226
60 492
60 628
60 503
61 384
61 387
61 647
61 654
61 786
61 408
61 665
61 161
61 550
61 553
61 179
61 570
61 700
61 64
61 708
61 75
61 340
61 341
61 90
61 605
61 606
61 490
61 491
61 108
61 367
61 755
61 245
61 118
61 507
62 256
62 704
62 578
62 774
62 648
62 169
62 651
62 398
62 729
62 341
62 125
62 286
63 288
63 97
63 258
63 548
63 293
63 103
63 359
63 73
63 681
63 491
63 364
63 564
63 181
63 309
63 533
63 789
63 731
64 256
64 140
64 780
64 655
64 274
64 402
64 661
64 789
64 153
64 673
64 419
64 298
64 430
64 308
64 719
64 467
64 606
64 352
64 739
64 752
64 763
64 764
65 387
65 645
65 655
65 786
65 404
65 533
65 412
65 669
65 549
65 73
65 460
65 335
65 463
65 724
65 87
65 475
65 358
65 115
65 244
65 756
65 127
66 521
66 266
66 275
66 660
66 798
66 289
66 418
66 427
66 313
66 187
66 449
66 577
66 198
66 71
66 199
66 464
66 337
66 341
66 351
66 96
66 487
66 367
66 115
67 546
67 516
67 677
67 779
67 428
67 684
67 654
67 657
67 372
67 536
67 153
67 542
68 644
68 777
68 271
68 528
68 784
68 149
68 533
68 664
68 286
68 544
68 289
68 553
68 432
68 696
68 323
68 590
68 464
68 209
68 81
68 734
68 491
68 765
69 322
69 229
69 551
69 73
69 237
69 78
69 239
69 271
69 303
69 698
69 700
69 415
70 130
70 610
70 770
70 421
70 510
70 618
70 632
70 334
70 750
70 145
70 179
70 148
70 595
70 502
70 375
70 472
70 473
70 762
70 222
71 257
71 230
71 550
71 680
71 797
71 107
71 300
71 141
71 369
71 401
71 757
71 214
71 472
71 729
71 637
72 774
72 267
72 652
72 653
72 793
72 288
72 551
72 554
72 685
72 559
72 306
72 705
72 195
72 715
72 208
72 219
72 220
72 228
72 359
72 748
72 365
72 111
72 751
72 511
73 385
73 287
73 389
73 584
73 140
73 632
73 207
73 529
73 372
73 437
73 564
73 376
73 702
74 192
74 288
74 576
74 164
74 165
74 230
74 231
74 640
74 701
74 739
74 684
74 401
74 211
74 148
74 249
74 93
75 509
75 643
75 389
75 294
75 486
75 265
75 330
75 203
75 395
75 525
75 112
75 274
75 84
75 345
75 538
76 161
76 449
76 769
76 261
76 614
76 103
76 104
76 551
76 714
76 460
76 720
76 369
76 116
76 599
76 601
76 90
76 283
76 287
77 391
77 139
77 672
77 673
77 168
77 696
77 441
77 574
77 576
77 720
77 598
77 87
77 343
77 346
77 484
77 614
77 104
77 744
77 618
77 235
77 499
77 116
77 507
78 640
78 577
78 102
78 136
78 415
78 300
78 652
78 494
78 654
78 786
78 403
78 116
78 149
78 437
78 283
78 125
78 255
79 256
79 448
79 514
79 163
79 738
79 743
79 619
79 396
79 302
79 239
79 399
79 462
79 788
79 181
79 730
79 507
79 414
79 191
80 382
80 643
80 771
80 518
80 649
80 777
80 663
80 283
80 419
80 676
80 298
80 434
80 564
80 459
80 721
80 468
80 475
80 352
80 611
80 739
80 752
80 376
80 638
80 767
81 577
81 503
81 132
81 196
81 647
81 713
81 600
81 589
81 495
81 368
81 719
81 244
81 183
81 280
81 729
81 635
81 767
82 225
82 195
82 261
82 775
82 265
82 568
82 777
82 378
82 498
82 626
82 117
82 245
82 151
82 789
82 346
82 668
82 669
83 772
83 645
83 742
83 522
83 397
83 401
83 402
83 214
83 440
83 284
83 94
84 128
84 448
84 512
84 131
84 420
84 516
84 644
84 585
84 139
84 109
84 620
84 495
84 402
84 245
84 728
84 249
84 668
84 253
84 413
85 256
85 196
85 186
85 780
85 525
85 621
85 719
85 241
85 372
85 341
85 118
85 696
85 790
85 218
85 763
85 637
86 648
86 147
86 421
86 552
86 305
86 568
86 700
86 188
86 324
86 326
86 714
86 235
86 750
86 625
86 242
86 755
86 244
86 120
86 506
86 251
86 254
87 646
87 647
87 395
87 142
87 657
87 407
87 279
87 152
87 291
87 436
87 315
87 699
87 191
87 459
87 717
87 611
87 103
87 250
87 766
88 673
88 198
88 294
88 391
88 679
88 202
88 586
88 556
88 687
88 728
88 689
88 402
88 243
88 148
88 371
88 151
88 531
88 540
88 765
89 128
89 704
89 578
89 227
89 610
89 739
89 297
89 170
89 714
89 460
89 791
89 274
89 789
89 151
89 473
89 539
89 636
89 126
90 97
90 322
90 605
90 198
90 203
90 238
90 506
90 435
90 180
90 786
90 374
90 567
90 630
90 253
90 218
91 611
91 261
91 263
91 169
91 202
91 234
91 556
91 727
91 526
91 466
91 595
91 149
91 183
91 248
91 765
92 160
92 289
92 514
92 608
92 673
92 486
92 778
92 651
92 108
92 717
92 398
92 592
92 722
92 437
92 662
92 666
92 569
92 410
92 735
93 225
93 185
93 196
93 796
93 550
93 743
93 296
93 233
93 377
93 441
93 653
93 398
93 625
93 536
93 379
94 672
94 196
94 739
94 550
94 168
94 638
94 236
94 559
94 752
94 113
94 401
94 342
94 796
94 286
94 223
95 288
95 193
95 674
95 387
95 706
95 485
95 617
95 713
95 331
95 460
95 556
95 142
95 719
95 178
95 210
95 180
95 211
95 437
95 759
95 184
95 733
96 770
96 389
96 138
96 651
96 654
96 668
96 553
96 170
96 683
96 430
96 690
96 436
96 443
96 193
96 582
96 201
96 458
96 339
96 212
96 730
96 359
96 745
96 238
96 116
96 506
96 124
97 449
97 453
97 199
97 647
97 203
97 491
97 781
97 590
97 336
97 464
97 469
97 630
97 665
98 323
98 645
98 553
98 202
98 235
98 586
98 173
98 622
98 271
98 307
98 634
98 217
98 474
98 189
99 353
99 770
99 230
99 743
99 264
99 169
99 568
99 778
99 797
99 302
99 143
99 304
99 657
99 210
99 147
99 660
99 783
99 472
99 217
99 315
99 221
100 128
100 228
100 229
100 548
100 519
100 551
100 682
100 493
100 398
100 303
100 495
100 113
100 537
100 693
100 120
100 409
100 252
100 540
100 638
101 224
101 609
101 324
101 549
101 262
101 383
101 740
101 361
101 236
101 206
101 431
101 462
101 308
101 665
101 122
101 509
101 159
102 772
102 392
102 397
102 398
102 272
102 533
102 661
102 280
102 666
102 163
102 170
102 557
102 560
102 691
102 188
102 196
102 330
102 460
102 722
102 725
102 356
102 752
102 115
102 765
103 609
103 293
103 359
103 551
103 458
103 235
103 652
103 176
103 336
103 401
103 624
103 689
103 565
103 409
103 731
103 478
104 278
104 666
104 158
104 799
104 162
104 676
104 168
104 702
104 455
104 461
104 727
104 742
104 491
104 747
104 238
104 750
104 112
104 496
104 116
104 503
104 506
105 128
105 391
105 399
105 529
105 281
105 285
105 672
105 418
105 548
105 167
105 316
105 574
105 717
105 590
105 465
105 224
105 228
105 489
105 370
105 371
105 505
106 736
106 546
106 549
106 169
106 361
106 267
106 727
106 527
106 210
106 370
106 340
106 761
106 214
106 729
106 670
107 258
107 292
107 453
107 296
107 455
107 202
107 298
107 681
107 782
107 657
107 786
107 308
107 799
107 474
107 476
107 637
107 190
107 703
108 259
108 260
108 774
108 785
108 146
108 164
108 558
108 183
108 696
108 314
108 195
108 711
108 715
108 339
108 375
108 609
108 743
108 631
108 509
109 544
109 576
109 737
109 582
109 489
109 266
109 747
109 428
109 461
109 206
109 527
109 781
109 242
109 658
109 248
109 284
110 545
110 356
110 677
110 264
110 204
110 748
110 176
110 442
110 443
111 739
111 132
111 134
111 360
111 680
111 715
111 716
111 688
111 119
111 184
111 662
111 793
111 124
111 286
112 162
112 132
112 551
112 604
112 238
112 639
112 785
112 787
112 181
112 344
112 187
112 508
112 415
113 394
113 401
113 411
113 161
113 556
113 691
113 313
113 704
113 209
113 338
113 466
113 468
113 599
113 604
113 224
113 225
113 236
113 751
113 369
113 502
113 120
113 122
114 385
114 417
114 485
114 646
114 710
114 682
114 268
114 187
114 496
114 369
114 561
114 500
114 787
114 438
114 695
114 760
114 123
114 382
115 195
115 515
115 297
115 746
115 683
115 777
115 782
115 528
115 501
115 118
115 151
115 693
115 249
115 412
115 670
116 417
116 449
116 419
116 643
116 421
116 518
116 646
116 490
116 650
116 206
116 338
116 729
116 540
116 575
117 577
117 354
117 583
117 777
117 362
117 554
117 715
117 558
117 495
117 306
117 186
117 735
118 225
118 385
118 450
118 483
118 377
118 427
118 587
118 525
118 558
118 271
118 210
118 724
118 666
118 536
118 122
118 603
118 764
119 170
119 511
119 543
119 237
119 445
119 650
119 750
119 751
119 404
119 310
119 349
119 253
119 572
119 319
120 385
120 194
120 737
120 421
120 391
120 567
120 582
120 170
120 429
120 175
120 245
120 630
120 635
120 188
121 640
121 418
121 358
121 746
121 206
121 240
121 180
121 277
121 533
121 598
121 758
121 251
121 158
121 383
122 129
122 514
122 675
122 583
122 615
122 361
122 616
122 363
122 505
122 209
122 465
122 372
122 721
122 281
122 795
123 778
123 655
123 656
123 282
123 543
123 545
123 163
123 170
123 299
123 441
123 707
123 197
123 454
123 342
123 736
123 614
123 744
123 241
123 754
123 506
124 516
124 261
124 262
124 265
124 786
124 796
124 543
124 290
124 434
124 696
124 441
124 190
124 193
124 709
124 721
124 210
124 221
124 354
124 759
124 492
124 247
124 760
125 131
125 132
125 259
125 390
125 515
125 679
125 218
125 713
125 365
125 367
125 398
125 659
125 244
125 597
125 630
125 761
125 543
126 193
126 541
126 132
126 230
126 313
126 296
126 233
126 202
126 441
126 456
126 683
126 595
126 726
126 439
126 445
126 286
126 287
127 768
127 706
127 676
127 519
127 712
127 489
127 307
127 436
127 149
127 693
127 697
127 188
127 351
128 544
128 449
128 131
128 611
128 198
128 712
128 138
128 780
128 365
128 146
128 440
128 187
128 574
129 611
129 133
129 631
129 314
129 620
129 591
129 211
129 379
129 247
129 601
129 283
129 732
129 730
130 230
130 583
130 172
130 463
130 304
130 305
130 306
130 790
130 729
131 258
131 446
131 612
131 645
131 392
131 745
131 172
131 780
131 368
131 689
131 627
131 182
131 250
131 413
131 799
132 455
132 392
132 713
132 242
132 243
132 272
132 278
132 373
132 569
132 185
132 761
132 767
133 258
133 386
133 389
133 137
133 138
133 527
133 151
133 412
133 293
133 679
133 174
133 559
133 560
133 180
133 439
133 574
133 333
133 718
133 336
133 209
133 222
133 358
133 622
133 497
133 242
133 370
134 705
134 675
134 260
134 165
134 645
134 712
134 234
134 330
134 269
134 621
134 303
134 336
134 594
134 754
134 664
134 506
134 284
135 515
135 390
135 648
135 394
135 778
135 272
135 528
135 660
135 292
135 179
135 192
135 195
135 723
135 340
135 469
135 734
135 356
135 617
135 492
135 381
136 515
136 784
136 407
136 799
136 417
136 163
136 430
136 570
136 704
136 194
136 199
136 713
136 469
136 603
136 356
136 613
136 367
136 241
136 371
136 508
137 385
137 515
137 519
137 647
137 782
137 532
137 293
137 423
137 298
137 687
137 195
137 453
137 458
137 603
137 228
137 740
137 750
137 248
138 546
138 390
138 295
138 517
138 549
138 203
138 588
138 333
138 653
138 178
138 243
138 307
138 724
138 634
139 578
139 452
139 422
139 454
139 701
139 744
139 266
139 776
139 462
139 590
139 723
139 724
139 756
139 151
139 316
139 189
140 280
140 376
140 166
140 263
140 552
140 201
140 425
140 776
140 686
140 751
140 306
140 184
140 697
140 411
140 510
141 259
141 198
141 711
141 617
141 330
141 618
141 335
141 400
141 783
141 379
141 628
141 629
141 793
141 760
141 281
141 187
141 509
141 510
141 319
142 641
142 483
142 678
142 199
142 361
142 267
142 589
142 340
142 534
142 286
142 221
142 190
143 481
143 354
143 185
143 228
143 610
143 270
143 207
143 463
143 274
143 629
143 152
143 283
143 316
144 673
144 642
144 484
144 421
144 583
144 615
144 553
144 394
144 650
144 172
144 680
144 778
144 367
144 788
144 374
144 342
144 694
145 795
145 257
145 513
145 546
145 325
145 551
145 647
145 713
145 330
145 302
145 403
145 595
145 342
145 502
145 216
145 249
145 662
145 763
145 702
146 769
146 676
146 567
146 680
146 685
146 315
146 786
146 403
146 244
146 470
146 215
146 630
146 758
146 379
146 476
146 637
146 763
147 265
147 363
147 338
147 767
147 793
147 249
147 540
147 253
147 318
147 543
148 777
148 530
148 536
148 155
148 434
148 436
148 565
148 313
148 196
148 328
148 587
148 462
148 207
148 338
148 482
148 231
148 365
148 634
148 382
149 516
149 517
149 396
149 272
149 279
149 545
149 426
149 683
149 328
149 330
149 458
149 335
149 591
149 596
149 727
149 232
149 493
149 374
149 378
150 769
150 296
150 680
150 236
150 396
150 335
150 435
150 153
150 251
150 763
151 779
151 529
151 418
151 546
151 699
151 194
151 584
151 723
151 341
151 342
151 598
151 738
151 230
151 236
151 498
152 260
152 394
152 524
152 271
152 534
152 407
152 793
152 666
152 413
152 414
152 287
152 173
152 429
152 452
152 714
152 590
152 474
152 348
152 354
152 359
152 747
152 242
152 371
152 372
152 628
153 519
153 524
153 780
153 535
153 672
153 161
153 557
153 570
153 317
153 706
153 198
153 335
153 338
153 473
153 740
153 744
153 375
153 764
154 512
154 649
154 400
154 280
154 283
154 797
154 300
154 301
154 556
154 320
154 322
154 455
154 331
154 361
154 490
154 491
154 496
154 756
154 246
154 505
154 507
154 382
155 291
155 164
155 516
155 663
155 409
155 171
155 366
155 591
155 338
155 244
155 308
155 373
155 470
155 345
155 379
155 500
156 388
156 392
156 782
156 657
156 164
156 171
156 180
156 570
156 701
156 447
156 706
156 453
156 338
156 723
156 468
156 485
156 234
156 364
156 373
156 375
157 321
157 642
157 673
157 391
157 171
157 619
157 752
157 658
157 276
157 376
157 218
157 188
157 286
158 264
158 780
158 271
158 656
158 171
158 449
158 712
158 201
158 593
158 599
158 475
158 481
158 483
158 741
158 360
158 616
158 370
158 757
158 374
159 514
159 387
159 517
159 265
159 650
159 398
159 277
159 288
159 428
159 175
159 569
159 447
159 577
159 329
159 337
159 468
159 218
159 615
159 491
159 380
160 224
160 385
160 419
160 549
160 614
160 391
160 584
160 745
160 778
160 523
160 715
160 431
160 184
160 188
160 733
160 734
160 351
161 514
161 515
161 772
161 780
161 273
161 532
161 533
161 663
161 548
161 690
161 564
161 698
161 198
161 459
161 718
161 465
161 599
161 230
161 494
161 374
161 765
162 483
162 296
162 504
162 746
162 172
162 756
162 789
162 727
162 440
162 281
162 667
162 799
163 580
163 708
163 518
163 205
163 494
163 271
163 442
163 464
163 526
163 589
163 565
163 375
163 601
163 282
163 380
163 541
164 548
164 644
164 645
164 393
164 234
164 204
164 365
164 522
164 588
164 433
164 621
164 752
164 503
164 441
164 474
164 670
165 257
165 260
165 325
165 775
165 360
165 553
165 459
165 681
165 756
165 566
165 598
165 568
165 758
165 637
166 637
166 201
166 397
166 493
166 304
166 528
166 595
166 374
166 503
166 252
166 349
167 552
167 299
167 755
167 437
167 600
167 633
167 574
167 223
168 578
168 202
168 458
168 179
168 799
168 341
168 214
168 541
168 735
169 643
169 261
169 742
169 521
169 238
169 463
169 783
169 657
169 658
169 689
169 405
169 222
170 652
170 780
170 557
170 685
170 432
170 309
170 310
170 567
170 566
170 190
170 578
170 715
170 206
170 471
170 483
170 487
170 753
170 754
170 374
171 269
171 402
171 542
171 286
171 417
171 421
171 677
171 308
171 697
171 699
171 717
171 731
171 735
171 608
171 484
171 622
171 382
172 388
172 390
172 525
172 533
172 278
172 406
172 538
172 287
172 288
172 544
172 429
172 176
172 692
172 443
172 318
172 319
172 602
172 633
172 255
173 772
173 389
173 274
173 663
173 792
173 283
173 668
173 798
173 673
173 579
173 324
173 199
173 464
173 468
173 724
173 728
173 736
173 227
173 617
173 618
173 495
173 496
174 512
174 450
174 577
174 525
174 691
174 789
174 407
174 218
174 283
174 605
174 766
174 763
175 352
175 387
175 420
175 357
175 554
175 239
175 208
175 303
175 529
175 656
175 760
175 789
175 246
175 668
176 394
176 277
176 412
176 799
176 291
176 549
176 299
176 685
176 177
176 321
176 719
176 217
176 734
176 492
176 750
176 373
176 374
177 385
177 263
177 671
177 548
177 677
177 425
177 681
177 683
177 686
177 690
177 185
177 320
177 583
177 330
177 592
177 354
177 227
177 356
177 488
177 504
177 767
178 608
178 419
178 503
178 200
178 203
178 492
178 690
178 659
178 181
178 309
178 215
178 532
178 629
178 754
178 571
178 767
179 610
179 196
179 229
179 233
179 263
179 324
179 486
179 346
179 526
179 649
179 654
179 379
179 348
179 447
180 385
180 274
180 288
180 290
180 293
180 426
180 299
180 317
180 706
180 207
180 208
180 475
180 611
180 614
180 504
180 250
180 507
181 353
181 546
181 259
181 355
181 293
181 358
181 645
181 584
181 395
181 624
181 690
181 500
181 759
181 760
182 263
182 265
182 654
182 400
182 784
182 541
182 286
182 294
182 424
182 438
182 697
182 189
182 701
182 453
182 583
182 717
182 208
182 466
182 726
182 603
182 348
182 245
182 374
182 253
183 354
183 710
183 458
183 332
183 428
183 495
183 526
183 632
183 275
183 212
183 628
183 688
183 184
183 793
183 191
184 417
184 439
184 291
184 643
184 638
184 396
184 653
184 431
184 625
184 721
184 596
184 730
184 603
184 287
185 521
185 656
185 401
185 277
185 410
185 291
185 550
185 423
185 678
185 305
185 564
185 703
185 450
185 453
185 332
185 720
185 341
185 222
185 355
185 740
185 741
185 755
185 501
185 378
186 736
186 359
186 488
186 491
186 749
186 367
186 720
186 188
186 595
186 316
186 725
186 409
186 220
186 446
187 768
187 200
187 415
187 682
187 267
187 427
187 555
187 399
187 305
187 379
187 780
187 566
187 279
187 347
187 382
187 383
188 448
188 446
188 408
188 614
188 328
188 458
188 395
188 396
188 562
188 310
188 414
189 353
189 357
189 616
189 396
189 206
189 399
189 527
189 273
189 735
189 244
189 628
189 760
189 379
189 700
189 511
190 449
190 738
190 291
190 483
190 584
190 585
190 748
190 759
190 207
190 558
190 592
190 598
190 375
190 349
191 641
191 386
191 517
191 777
191 396
191 399
191 787
191 302
191 431
191 576
191 704
191 712
191 721
191 466
191 339
191 735
191 483
191 360
191 238
191 500
191 252
191 637
192 513
192 388
192 522
192 276
192 795
192 671
192 289
192 422
192 552
192 567
192 193
192 196
192 458
192 586
192 480
192 360
192 488
192 239
192 625
193 732
193 197
193 613
193 615
193 201
193 286
193 431
193 591
193 241
193 687
193 659
193 784
193 373
193 413
194 384
194 416
194 706
194 679
194 328
194 504
194 775
194 461
194 557
194 431
194 400
194 401
194 623
194 690
194 341
195 640
195 641
195 769
195 390
195 392
195 518
195 531
195 671
195 678
195 431
195 581
195 202
195 598
195 354
195 362
195 619
195 636
195 255
196 390
196 526
196 673
196 674
196 547
196 678
196 554
196 435
196 447
196 325
196 604
196 236
196 371
196 628
197 707
197 796
197 733
197 394
197 332
197 501
197 442
197 668
197 477
198 578
198 676
198 517
198 762
198 600
198 334
198 623
198 687
198 538
198 565
198 790
198 733
199 416
199 610
199 297
199 490
199 695
199 333
199 464
199 621
199 403
199 629
199 310
199 789
199 761
199 282
200 770
200 262
200 391
200 521
200 394
200 528
200 536
200 798
200 417
200 420
200 422
200 429
200 568
200 473
200 604
200 236
200 497
200 631
200 510
201 487
201 614
201 394
201 714
201 757
201 442
202 770
202 259
202 413
202 557
202 443
202 575
202 586
202 477
202 606
202 741
202 358
202 369
202 755
202 247
202 250
202 253
203 273
203 551
203 315
203 319
203 578
203 204
203 205
203 717
203 344
203 729
203 739
203 615
203 753
203 498
203 499
203 627
203 246
203 630
203 383
204 388
204 295
204 457
204 588
204 365
204 304
204 505
204 781
204 659
204 212
204 246
204 504
204 313
204 282
204 251
204 765
205 517
205 777
205 555
205 735
205 603
205 475
205 733
205 415
206 679
206 296
206 328
206 746
206 626
206 339
206 722
206 793
206 503
206 795
206 766
207 258
207 260
207 644
207 778
207 400
207 401
207 790
207 540
207 413
207 691
207 694
207 446
207 320
207 720
207 468
207 342
207 602
207 357
207 369
207 506
207 507
208 515
208 389
208 645
208 526
208 542
208 414
208 678
208 551
208 683
208 440
208 579
208 708
208 325
208 717
208 224
208 751
208 760
209 320
209 513
209 581
209 614
209 456
209 239
209 303
209 467
209 790
209 377
209 603
209 763
210 325
210 523
210 268
210 781
210 433
210 658
210 277
210 629
210 474
210 670
211 484
211 389
211 485
211 741
211 328
211 329
211 425
211 648
211 652
211 780
211 507
211 758
211 247
211 475
211 317
212 288
212 227
212 323
212 324
212 519
212 714
212 623
212 496
212 465
212 657
212 276
212 405
212 374
212 377
213 546
213 324
213 389
213 517
213 295
213 393
213 490
213 427
213 617
213 619
213 727
213 725
213 566
213 567
213 696
213 346
213 539
213 316
213 701
213 222
214 386
214 776
214 406
214 791
214 798
214 554
214 685
214 312
214 313
214 571
214 573
214 470
214 344
214 732
214 348
214 612
215 579
215 683
215 747
215 734
215 462
215 561
215 788
215 246
215 696
215 506
215 572
215 606
215 607
216 483
216 732
216 261
216 775
216 392
216 784
216 338
216 499
216 244
216 792
216 254
216 566
216 634
216 378
216 348
216 222
216 479
217 416
217 289
217 228
217 294
217 448
217 430
217 782
217 273
217 787
217 727
217 314
218 644
218 283
218 668
218 303
218 694
218 575
218 715
218 723
218 596
218 602
218 626
218 501
218 374
218 376
219 517
219 518
219 647
219 457
219 430
219 432
219 242
219 786
219 276
219 316
219 252
219 540
220 227
220 423
220 590
220 339
220 372
220 501
220 628
220 249
220 636
220 574
221 769
221 644
221 453
221 710
221 504
221 233
221 585
221 299
221 441
221 523
221 683
221 748
221 658
221 380
221 574
222 515
222 396
222 275
222 405
222 283
222 799
222 558
222 459
222 715
222 335
222 228
222 356
222 234
222 240
222 753
222 506
222 765
223 352
223 641
223 322
223 674
223 644
223 325
223 742
223 431
223 592
223 671
223 792
223 405
223 280
223 698
223 445
223 607
224 270
224 274
224 405
224 280
224 669
224 291
224 300
224 446
224 448
224 337
224 464
224 721
224 736
224 355
224 487
224 758
224 248
225 449
225 610
225 707
225 324
225 317
225 584
225 458
225 683
225 748
225 333
225 749
225 379
225 626
226 416
226 608
226 770
226 422
226 521
226 523
226 719
226 432
226 659
226 724
226 759
226 666
226 639
227 481
227 567
227 585
227 590
227 688
227 562
227 252
227 507
227 253
227 445
228 676
228 441
228 552
228 667
228 531
228 440
228 762
228 475
228 604
228 541
229 641
229 520
229 776
229 780
229 662
229 409
229 671
229 419
229 559
229 435
229 692
229 592
229 720
229 488
229 745
229 237
229 241
229 629
229 759
230 776
230 779
230 655
230 656
230 284
230 429
230 689
230 447
230 577
230 722
230 339
230 349
230 358
230 359
230 743
230 744
230 365
230 753
230 248
231 578
231 770
231 549
231 422
231 358
231 647
231 523
231 716
231 498
231 693
231 756
231 632
231 475
231 510
232 419
232 613
232 235
232 750
232 474
232 371
232 563
232 602
232 694
232 726
232 755
232 348
233 385
233 267
233 525
233 270
233 534
233 795
233 412
233 686
233 320
233 449
233 581
233 456
233 712
233 599
233 378
234 288
234 705
234 355
234 324
234 484
234 328
234 582
234 362
234 744
234 273
234 786
234 634
235 320
235 321
235 259
235 553
235 493
235 718
235 721
235 467
235 723
235 311
235 636
236 258
236 514
236 516
236 531
236 560
236 309
236 330
236 716
236 726
236 601
236 476
236 742
236 622
236 370
236 510
237 737
237 259
237 387
237 261
237 517
237 708
237 298
237 459
237 791
237 397
237 656
237 402
237 598
237 346
237 571
237 478
238 642
238 394
238 663
238 540
238 287
238 415
238 549
238 554
238 430
238 322
238 452
238 716
238 720
238 470
238 609
238 745
238 362
238 492
238 494
238 499
238 633
238 382
239 354
239 259
239 541
239 262
239 395
239 366
239 687
239 798
239 788
239 405
239 631
239 317
239 574
239 543
240 419
240 324
240 261
240 615
240 794
240 377
240 522
240 715
240 589
240 303
240 304
240 432
240 495
240 528
240 596
240 689
240 440
240 538
240 667
241 288
241 257
241 605
241 301
241 589
241 271
241 336
241 399
241 464
241 244
241 245
241 279
241 372
241 374
241 506
241 477
242 614
242 423
242 663
242 676
242 332
242 756
242 799
242 310
242 470
242 445
242 383
243 642
243 357
243 327
243 346
243 303
243 367
243 690
243 339
243 371
243 404
243 499
243 311
243 596
243 282
243 598
243 414
243 543
244 356
244 453
244 599
244 635
244 797
244 781
244 271
244 507
244 761
244 478
245 519
245 404
245 788
245 287
245 421
245 430
245 691
245 312
245 701
245 702
245 705
245 580
245 342
245 353
245 484
245 638
245 767
246 477
246 449
246 354
246 358
246 617
246 492
246 524
246 370
246 434
246 627
246 698
246 349
247 704
247 548
247 776
247 265
247 298
247 586
247 274
247 532
247 633
247 506
247 671
248 267
248 783
248 420
248 549
248 691
248 324
248 593
248 727
248 605
248 734
248 479
248 359
248 620
248 251
248 637
249 642
249 646
249 269
249 796
249 427
249 684
249 302
249 305
249 435
249 566
249 312
249 446
249 592
249 349
249 368
249 506
249 638
250 418
250 450
250 421
250 647
250 360
250 584
250 299
250 427
250 491
250 655
250 735
251 643
251 645
251 265
251 395
251 396
251 665
251 410
251 549
251 565
251 573
251 329
251 590
251 340
251 598
251 738
251 756
251 511
252 608
252 673
252 471
252 611
252 390
252 317
252 447
252 783
252 372
252 628
252 278
252 407
252 634
252 285
253 514
253 695
253 459
253 523
253 715
253 792
253 468
253 501
253 534
254 321
254 546
254 579
254 294
254 615
254 631
254 646
254 462
254 431
254 735
254 534
254 409
254 447
255 323
255 324
255 796
255 715
255 588
255 654
255 785
255 788
255 310
255 472
255 793
255 476
255 574
256 448
256 643
256 708
256 421
256 682
256 371
256 407
256 381
257 398
257 789
257 408
257 793
257 284
257 676
257 685
257 558
257 306
257 695
257 311
257 570
257 447
257 711
257 595
257 481
257 624
257 497
257 639
258 769
258 422
258 312
258 449
258 324
258 713
258 458
258 587
258 590
258 598
258 735
258 739
258 364
258 372
258 764
258 381
259 573
259 637
259 358
259 519
259 399
259 490
259 558
259 697
259 787
259 634
259 345
259 510
260 672
260 577
260 737
260 562
260 340
260 341
260 469
260 439
260 345
260 662
260 379
260 763
261 640
261 509
261 778
261 268
261 277
261 407
261 704
261 456
261 589
261 595
261 341
261 348
261 765
262 450
262 613
262 637
262 709
262 555
262 366
262 593
262 409
262 540
262 574
263 512
263 398
263 783
263 528
263 402
263 793
263 289
263 681
263 308
263 570
263 578
263 710
263 712
263 463
263 337
263 593
263 489
263 752
263 763
264 544
264 325
264 389
264 558
264 528
264 696
264 503
264 664
264 731
265 518
265 776
265 525
265 660
265 288
265 427
265 433
265 570
265 590
265 745
265 619
265 759
265 493
265 624
266 384
266 355
266 292
266 386
266 774
266 716
266 336
266 753
266 659
266 500
266 564
266 790
266 345
266 346
266 636
266 543
267 417
267 732
267 299
267 459
267 586
267 591
267 688
267 596
267 345
267 476
267 477
268 418
268 546
268 550
268 552
268 395
268 493
268 561
268 660
268 501
268 721
268 761
269 417
269 296
269 409
269 623
269 724
269 375
269 414
270 654
270 661
270 279
270 539
270 668
270 419
270 552
270 427
270 567
270 313
270 570
270 616
270 618
270 492
270 369
270 628
270 382
271 396
271 781
271 400
271 416
271 546
271 422
271 466
271 607
271 484
271 615
271 745
271 499
271 383
272 709
272 330
272 394
272 458
272 791
272 721
272 307
272 308
272 438
272 502
272 536
272 601
272 475
272 796
272 350
273 645
273 390
273 664
273 283
273 414
273 426
273 566
273 441
273 572
273 444
273 449
273 327
273 476
273 611
273 750
273 752
273 766
273 511
274 782
274 664
274 409
274 420
274 296
274 568
274 699
274 702
274 447
274 332
274 717
274 599
274 351
274 354
274 482
274 765
275 640
275 514
275 642
275 650
275 780
275 527
275 532
275 534
275 418
275 295
275 298
275 428
275 684
275 696
275 468
275 745
275 618
275 367
275 370
275 754
275 383
276 668
276 386
276 482
276 700
276 705
276 709
276 296
276 520
276 299
276 334
276 798
276 725
276 444
276 478
277 576
277 358
277 383
277 491
277 588
277 791
277 531
277 533
277 601
277 789
277 760
277 797
278 545
278 705
278 420
278 504
278 298
278 554
278 366
278 431
278 336
278 433
278 760
278 341
278 380
278 541
279 390
279 391
279 530
279 403
279 666
279 673
279 550
279 679
279 553
279 430
279 564
279 336
279 595
279 470
279 606
279 764
279 381
280 290
280 482
280 484
280 415
280 301
280 604
280 728
280 304
280 529
280 721
280 602
280 758
280 476
281 480
281 450
281 762
281 771
281 583
281 329
281 522
281 649
281 713
281 311
281 441
281 347
282 737
282 584
282 361
282 458
282 652
282 655
282 657
282 500
282 660
282 663
282 568
282 666
282 605
283 641
283 532
283 660
283 407
283 791
283 540
283 420
283 676
283 432
283 307
283 445
283 320
283 579
283 588
283 724
283 618
283 370
284 518
284 552
284 587
284 306
284 468
284 797
285 486
285 776
285 553
285 492
285 301
285 334
285 463
285 748
285 305
285 630
285 665
285 572
286 768
286 385
286 514
286 649
286 653
286 526
286 401
286 665
286 668
286 684
286 563
286 710
286 715
286 464
286 593
286 614
286 743
286 367
286 760
286 635
287 401
287 417
287 435
287 571
287 316
287 718
287 725
287 470
287 740
287 619
287 623
287 373
288 532
288 289
288 417
288 554
288 699
288 700
288 470
288 373
288 374
289 523
289 524
289 651
289 530
289 663
289 408
289 664
289 305
289 562
289 318
289 702
289 346
289 602
289 353
289 487
289 499
289 627
289 508
289 509
290 421
290 741
290 522
290 619
290 650
290 714
290 401
290 789
290 345
290 666
290 637
291 641
291 391
291 538
291 540
291 544
291 296
291 554
291 436
291 312
291 440
291 341
291 727
291 361
292 478
292 297
292 298
292 331
292 653
292 527
292 746
292 465
292 466
292 782
292 758
292 318
292 375
293 583
293 585
293 733
293 776
293 621
293 527
293 559
293 529
293 605
294 517
294 518
294 487
294 711
294 362
294 427
294 461
294 618
294 335
294 716
294 305
294 660
294 437
294 764
294 511
295 320
295 612
295 361
295 759
295 493
295 526
295 749
295 432
295 783
295 500
295 443
295 375
295 539
295 313
295 411
295 572
296 419
296 423
296 679
296 436
296 692
296 581
296 587
296 588
296 348
296 733
296 742
296 630
297 577
297 613
297 582
297 487
297 646
297 441
297 332
297 473
297 655
297 530
297 660
297 543
298 388
298 460
298 430
298 587
298 728
298 403
298 310
298 668
299 768
299 645
299 774
299 416
299 688
299 310
299 447
299 320
299 705
299 595
299 340
299 469
299 478
299 350
299 367
299 374
300 578
300 495
300 564
300 601
300 315
300 733
301 323
301 483
301 390
301 515
301 677
301 588
301 365
301 433
301 562
301 666
301 407
301 475
301 317
301 542
302 643
302 485
302 583
302 775
302 362
302 664
302 463
302 752
302 765
302 510
303 518
303 779
303 527
303 535
303 665
303 538
303 312
303 578
303 338
303 593
303 595
303 738
303 487
303 757
303 638
304 675
304 485
304 392
304 559
304 400
304 692
304 629
304 694
304 756
304 505
304 476
304 702
305 645
305 785
305 538
305 556
305 434
305 322
305 588
305 335
305 592
305 601
305 349
305 613
306 386
306 417
306 329
306 523
306 365
306 779
306 498
306 412
307 641
307 483
307 484
307 708
307 588
307 346
307 366
307 786
307 308
307 406
307 797
307 731
308 388
308 645
308 646
308 777
308 394
308 534
308 674
308 548
308 552
308 684
308 563
308 311
308 322
308 458
308 476
308 497
309 480
309 770
309 460
309 696
309 463
309 671
309 767
309 533
309 568
309 603
309 508
310 736
310 356
310 651
310 655
310 468
310 342
310 343
311 640
311 705
311 706
311 737
311 709
311 361
311 617
311 473
311 620
311 561
311 467
311 724
311 343
311 408
311 539
312 640
312 387
312 644
312 658
312 545
312 686
312 451
312 330
312 587
312 594
312 346
312 476
312 478
312 479
312 484
312 629
312 765
313 651
313 796
313 685
313 687
313 704
313 588
313 595
313 358
313 744
313 617
313 750
313 376
313 634
313 636
314 480
314 641
314 732
314 552
314 776
314 508
314 654
314 592
314 563
314 534
314 797
314 414
314 575
315 608
315 449
315 674
315 581
315 440
315 733
315 553
315 365
315 530
315 376
315 729
316 512
316 646
316 794
316 678
316 567
316 699
316 445
316 464
316 720
316 473
316 359
316 617
317 398
317 786
317 788
317 325
317 581
317 710
317 711
317 335
317 606
317 367
317 370
317 375
317 639
318 672
318 503
318 485
318 358
318 683
318 726
318 439
318 729
318 797
319 610
319 387
319 487
319 331
319 684
319 432
319 433
319 465
319 339
319 597
319 625
319 661
319 747
319 539
319 637
319 607
320 768
320 582
320 616
320 592
320 596
320 373
320 730
320 664
320 505
320 348
320 698
320 607
321 641
321 356
321 635
321 716
321 759
321 403
321 469
321 439
321 537
321 475
322 425
322 681
322 557
322 699
322 576
322 704
322 710
322 717
322 724
322 349
322 355
322 616
322 371
322 502
323 513
323 740
323 486
323 647
323 447
323 683
323 557
323 527
323 591
323 433
323 665
323 762
323 508
323 606
324 384
324 779
324 783
324 656
324 420
324 572
324 601
324 482
324 741
324 359
324 746
325 353
325 358
325 586
325 714
325 429
325 494
325 403
325 465
325 593
325 597
325 788
325 665
326 421
326 614
326 455
326 588
326 397
326 525
326 368
326 786
326 407
326 758
326 378
326 478
327 647
327 403
327 534
327 681
327 554
327 556
327 691
327 567
327 439
327 702
327 584
327 588
327 605
327 363
327 622
327 498
327 376
327 636
328 645
328 391
328 648
328 782
328 545
328 433
328 692
328 696
328 453
328 457
328 461
328 595
328 598
328 473
328 729
328 730
328 735
328 481
328 749
328 503
328 378
328 508
329 448
329 387
329 388
329 453
329 611
329 383
329 424
329 683
329 720
329 666
329 669
329 606
330 449
330 678
330 568
330 369
330 400
330 593
330 752
330 787
330 508
330 540
330 350
331 352
331 423
331 777
331 365
331 493
331 735
331 438
332 450
332 553
332 568
332 600
332 655
332 720
332 784
332 404
332 502
332 596
332 698
333 449
333 739
333 708
333 495
333 594
333 786
333 727
333 348
333 701
333 702
333 607
334 669
334 522
334 651
334 682
334 780
334 718
334 530
334 467
334 340
334 535
334 634
334 764
335 509
335 423
335 360
335 339
335 535
335 351
336 391
336 526
336 668
336 692
336 437
336 440
336 704
336 450
336 453
336 597
336 728
336 731
336 478
336 607
336 364
336 752
336 371
337 578
337 683
337 717
337 463
337 751
337 469
337 730
337 731
337 764
338 529
338 785
338 674
338 549
338 551
338 574
338 703
338 576
338 450
338 581
338 596
338 472
338 742
338 499
338 763
339 768
339 518
339 391
339 780
339 420
339 439
339 451
339 711
339 341
339 599
339 484
339 627
340 453
340 774
340 552
340 524
340 624
340 529
340 443
340 374
340 375
340 441
341 532
341 797
341 416
341 683
341 695
341 569
341 450
341 581
341 713
341 719
341 345
341 601
341 607
341 608
341 612
341 357
342 471
342 356
342 425
342 479
342 427
342 746
342 783
342 501
342 725
342 447
343 385
343 418
343 355
343 605
343 641
343 550
343 623
343 573
343 703
344 668
344 674
344 707
344 389
344 454
344 479
344 747
344 493
344 783
344 729
344 667
344 351
345 388
345 414
345 579
345 552
345 426
345 490
345 493
345 563
345 696
345 409
345 378
346 414
346 674
346 439
346 440
346 448
346 452
346 708
346 455
346 585
346 478
346 493
347 673
347 546
347 455
347 616
347 457
347 744
347 401
347 562
347 792
347 410
347 573
348 515
348 651
348 780
348 671
348 422
348 689
348 562
348 694
348 459
348 761
349 768
349 510
349 659
349 562
349 696
349 576
349 583
349 463
349 469
349 600
349 732
349 479
349 482
349 493
349 751
349 382
350 517
350 519
350 522
350 397
350 400
350 797
350 416
350 680
350 561
350 565
350 451
350 488
350 365
350 495
350 499
350 764
350 509
351 656
351 784
351 536
351 794
351 669
351 430
351 562
351 569
351 581
351 713
351 586
351 716
352 577
352 611
352 357
352 774
352 520
352 745
352 497
352 637
352 446
353 385
353 356
353 515
353 544
353 740
353 361
353 714
353 765
353 778
353 401
353 572
353 638
354 522
354 395
354 782
354 527
354 401
354 797
354 560
354 584
354 473
354 474
354 742
354 359
354 748
354 633
355 503
355 453
355 799
355 698
355 607
356 404
356 664
356 700
356 601
356 478
356 609
356 358
356 626
356 636
356 381
357 640
357 672
357 589
357 464
357 688
357 468
357 787
357 631
357 446
358 773
358 519
358 524
358 787
358 426
358 693
358 575
358 459
358 586
358 716
358 478
358 627
358 372
359 402
359 787
359 660
359 536
359 543
359 674
359 420
359 423
359 430
359 571
359 445
359 459
359 589
359 723
359 597
359 629
359 636
360 537
360 566
360 442
360 573
360 461
360 593
360 722
360 472
360 728
360 606
360 368
360 507
361 485
361 581
361 466
361 596
361 438
361 598
361 698
361 379
362 579
362 774
362 424
362 649
362 624
362 596
362 598
362 540
362 509
362 606
362 543
363 515
363 420
363 488
363 779
363 435
363 502
363 443
363 763
363 543
364 417
364 449
364 484
364 516
364 455
364 590
364 784
364 506
364 405
365 399
365 409
365 423
365 560
365 461
365 472
365 736
365 611
365 754
366 385
366 643
366 457
366 497
366 370
366 403
366 561
366 699
366 537
366 382
367 769
367 648
367 792
367 690
367 450
367 455
367 459
367 494
367 500
367 630
367 505
367 508
367 511
368 768
368 772
368 645
368 649
368 399
368 537
368 668
368 415
368 546
368 555
368 432
368 562
368 695
368 697
368 698
368 457
368 493
368 759
369 774
369 647
369 649
369 394
369 778
369 661
369 790
369 678
369 574
369 709
369 596
369 731
369 500
370 771
370 518
370 650
370 788
370 533
370 792
370 541
370 417
370 699
370 591
370 757
370 761
371 652
371 405
371 433
371 690
371 718
371 593
371 490
371 748
371 378
372 480
372 520
372 646
372 523
372 747
372 767
373 768
373 770
373 515
373 654
373 405
373 539
373 412
373 672
373 578
373 583
373 713
373 458
373 471
373 633
374 640
374 535
374 408
374 416
374 576
374 577
374 377
374 634
374 765
375 529
375 537
375 669
375 671
375 417
375 421
375 690
375 437
375 693
375 442
375 572
375 575
375 450
375 597
375 628
376 547
376 613
376 494
376 559
376 593
376 699
376 639
377 513
377 418
377 514
377 578
377 632
377 748
377 494
377 559
377 718
377 598
377 729
377 667
378 600
378 650
378 430
378 463
378 681
378 433
378 730
378 703
379 645
379 788
379 537
379 419
379 423
379 434
379 710
379 723
379 739
379 491
379 621
379 751
379 629
379 506
380 544
380 481
380 746
380 399
380 403
380 726
380 408
380 409
380 474
380 507
380 638
381 386
381 484
381 621
381 430
381 687
381 402
381 498
381 596
381 438
381 408
382 545
382 577
382 454
382 711
382 490
382 684
382 592
382 787
382 471
382 664
383 644
383 517
383 584
383 428
383 459
383 557
383 586
383 567
383 536
384 459
384 554
384 525
384 715
384 746
384 689
385 439
385 632
385 651
385 465
385 691
385 729
385 572
386 548
386 454
386 423
386 780
386 782
386 529
386 657
386 658
386 535
386 659
386 569
386 722
387 794
387 545
387 550
387 601
387 607
387 482
387 483
387 742
387 745
387 748
387 757
388 769
388 579
388 676
388 679
388 458
388 521
388 792
389 399
389 658
389 791
389 538
389 683
389 685
389 438
389 707
389 586
389 500
389 634
390 449
390 741
390 599
390 457
390 556
390 431
390 557
390 533
390 413
391 647
391 392
391 409
391 412
391 669
391 679
391 688
391 438
391 584
391 618
392 522
392 778
392 784
392 530
392 799
392 675
392 598
392 607
392 611
392 745
392 506
392 634
392 511
393 650
393 682
393 748
393 557
393 431
393 786
393 659
393 629
393 411
393 670
394 440
394 727
394 404
394 437
394 529
394 533
394 726
394 797
394 479
395 480
395 515
395 517
395 488
395 648
395 396
395 749
395 432
395 404
395 661
395 571
395 479
396 516
396 733
396 650
396 766
396 463
396 655
396 438
396 598
397 645
397 742
397 426
397 721
397 753
397 470
397 730
397 447
398 632
398 653
398 654
398 720
398 562
398 658
398 629
398 440
399 418
399 701
399 585
399 626
399 630
399 567
399 730
400 581
400 748
400 442
400 405
400 629
401 513
401 539
401 439
401 466
401 601
401 476
401 743
401 634
402 448
402 454
402 423
402 686
402 561
402 533
402 794
402 415
403 517
403 651
403 794
403 418
403 689
403 567
403 699
403 457
403 588
403 480
403 610
403 628
404 780
404 409
404 671
404 691
404 442
404 576
404 710
404 740
404 619
404 622
404 751
404 631
404 635
404 509
404 638
405 577
405 706
405 739
405 776
405 618
405 689
405 438
405 793
405 634
406 480
406 769
406 773
406 796
406 520
406 651
406 749
406 655
406 533
406 438
406 665
406 700
406 445
406 447
407 650
407 662
407 558
407 686
407 705
407 582
407 595
407 470
407 599
407 475
407 481
407 484
407 752
407 501
408 640
408 482
408 580
409 641
409 770
409 418
409 678
409 691
409 442
409 698
409 576
409 462
409 495
409 510
410 636
410 610
410 452
410 708
410 424
410 425
410 681
410 749
410 781
410 731
410 415
411 453
411 581
411 487
411 702
411 561
411 758
411 606
412 610
412 580
412 455
412 425
412 653
412 495
412 559
412 531
412 502
412 593
412 755
412 757
413 454
413 776
413 778
413 525
413 751
413 638
414 527
414 550
414 678
414 428
414 684
414 688
414 571
414 446
414 705
414 455
414 592
414 472
414 473
414 605
414 737
414 612
414 742
414 751
414 759
414 761
415 521
415 654
415 537
415 679
415 436
415 564
415 698
415 451
415 613
415 505
415 639
416 513
416 642
416 783
416 675
416 555
416 561
416 566
416 694
416 579
416 453
416 732
416 615
416 748
416 626
416 628
417 431
417 561
417 449
417 717
417 477
417 739
418 524
418 540
418 423
418 555
418 437
418 697
418 699
418 588
418 722
418 477
418 483
419 425
419 494
419 496
419 624
419 759
419 538
419 444
419 575
420 542
420 425
420 569
420 577
420 708
420 733
420 620
420 755
420 502
420 630
421 671
421 548
421 475
421 746
421 494
421 626
421 766
422 451
422 688
422 625
422 787
422 500
422 761
422 539
422 731
423 775
423 528
423 792
423 793
423 538
423 677
423 442
423 571
423 710
423 722
423 595
423 734
423 480
423 747
424 736
424 738
424 771
424 774
424 649
424 719
424 566
425 655
425 681
425 559
425 568
425 444
425 578
425 456
425 592
425 603
425 625
425 760
426 608
426 617
426 652
426 665
426 534
426 572
426 703
427 673
427 582
427 552
427 695
427 589
427 569
427 568
427 731
428 512
428 769
428 709
428 695
428 559
428 693
428 539
429 641
429 675
429 719
429 688
429 435
429 788
429 661
429 697
429 475
429 477
430 642
430 542
430 556
430 558
430 431
430 449
430 710
430 739
431 512
431 770
431 540
431 569
431 577
431 454
431 723
431 468
431 492
431 504
432 769
432 527
432 533
432 445
432 705
432 580
432 714
432 611
432 744
433 710
433 716
433 592
433 626
433 667
433 637
433 670
434 576
434 603
434 742
434 794
434 569
434 602
434 637
434 572
435 779
435 569
435 688
435 781
435 695
436 614
436 678
436 650
436 711
436 469
436 596
436 536
436 757
436 539
436 444
437 611
437 732
437 486
437 492
437 511
437 495
437 718
437 787
437 789
438 526
438 672
438 692
438 579
438 708
438 583
438 460
439 577
439 652
439 623
439 465
439 531
439 662
439 571
439 476
440 642
440 649
440 786
440 543
440 556
440 447
440 584
440 630
441 784
441 675
441 550
441 701
441 703
441 590
441 594
441 468
441 602
441 619
441 624
442 796
442 683
442 558
442 573
442 576
442 713
442 718
442 605
442 620
442 755
443 769
443 676
443 677
443 518
443 444
444 480
444 788
444 727
444 477
445 770
445 765
445 664
445 691
445 572
445 662
445 605
446 609
446 555
446 747
446 596
446 727
446 536
446 475
447 644
447 520
447 522
447 658
447 691
447 710
447 598
447 731
448 480
448 546
448 708
448 587
448 618
448 496
448 561
448 499
448 731
449 785
449 571
449 613
449 621
450 641
450 515
450 528
450 669
450 673
450 695
450 577
450 600
450 735
450 759
451 680
451 561
451 722
451 537
451 538
452 641
452 488
452 650
452 715
452 590
452 654
452 750
452 595
452 468
452 630
452 542
452 671
453 772
453 691
453 717
453 733
453 613
453 498
453 507
454 705
454 578
454 739
454 711
454 714
454 717
454 527
455 774
455 780
455 793
455 539
455 566
455 697
455 579
455 714
455 459
455 593
455 611
455 742
455 503
455 506
456 512
456 544
456 708
456 491
456 649
456 557
456 499
456 534
456 668
456 765
457 614
457 569
458 517
458 778
458 528
458 657
458 786
458 788
458 675
458 689
458 569
458 464
458 596
459 790
459 668
459 669
459 697
459 576
459 582
459 472
459 602
459 508
460 641
460 743
460 543
460 530
460 626
460 759
461 488
461 555
461 639
461 654
461 688
461 751
461 627
461 468
461 501
461 753
461 792
461 474
462 609
462 478
462 520
462 646
462 681
462 709
462 654
462 721
462 498
462 792
462 735
463 771
463 783
463 660
463 534
463 666
463 551
463 685
463 693
463 717
463 607
463 746
463 752
463 625
463 753
464 513
464 574
464 615
464 638
464 674
464 590
464 592
464 634
465 747
465 525
465 783
465 562
465 726
466 770
466 709
466 519
466 766
466 596
466 662
466 702
467 576
467 768
467 595
467 799
468 640
468 516
468 555
468 712
468 719
468 480
468 737
468 483
468 741
468 497
468 760
469 648
469 654
469 725
469 700
470 582
470 717
470 529
470 506
470 601
470 474
470 541
471 768
471 773
471 775
471 530
471 664
471 552
471 587
471 715
471 731
471 488
471 744
471 623
472 675
472 520
472 494
472 528
472 592
472 607
472 754
472 665
472 765
473 518
473 524
473 529
473 534
473 690
473 595
473 598
473 726
473 601
473 736
473 616
473 501
474 484
474 515
474 518
474 646
474 770
475 643
475 524
475 553
475 492
475 496
475 504
476 672
476 610
476 617
476 780
476 560
476 628
476 697
476 570
476 758
477 545
477 583
477 553
477 508
477 653
477 506
477 627
477 630
477 701
477 799
478 522
478 529
478 725
478 703
479 480
479 482
479 643
479 675
479 521
479 589
479 535
479 507
480 514
480 794
480 522
480 557
480 593
480 533
480 507
480 761
481 611
481 670
481 494
481 752
481 753
481 692
481 565
481 701
482 541
482 581
482 487
482 710
482 521
482 711
482 782
482 623
482 720
482 636
483 651
483 670
483 557
483 567
483 581
483 593
483 597
483 748
483 760
483 639
484 517
484 566
484 697
484 700
484 718
484 725
484 746
485 704
485 743
485 776
485 779
485 667
485 625
485 628
485 752
485 726
485 539
486 704
486 771
486 651
486 493
486 558
486 589
486 531
486 534
486 691
487 544
487 675
487 646
487 772
487 490
487 697
487 788
487 571
487 509
488 705
488 549
488 550
488 742
488 713
488 781
488 666
488 697
489 768
489 769
489 676
489 710
489 650
489 555
489 628
489 667
489 731
489 511
490 515
490 672
490 554
490 689
490 574
490 576
490 706
490 587
490 717
490 753
490 755
490 638
491 795
491 764
491 652
491 653
491 594
491 791
491 763
492 546
492 603
492 713
492 559
492 602
492 671
493 706
493 585
493 680
493 696
493 752
494 676
494 705
494 618
494 742
494 589
494 501
494 670
495 642
495 643
495 517
495 780
495 539
495 676
495 599
495 628
495 509
496 521
496 780
496 529
496 500
496 570
496 663
496 568
497 736
497 547
497 516
497 773
497 623
497 696
497 632
497 796
497 607
498 549
498 645
498 679
498 651
498 639
499 768
499 515
499 555
499 562
499 594
499 659
500 608
500 610
500 521
500 711
500 524
500 620
500 571
500 765
501 777
501 781
501 687
501 567
501 571
501 576
501 616
501 621
501 758
502 615
502 774
502 591
502 566
502 694
502 606
503 652
503 654
503 785
503 535
503 555
503 686
503 692
503 697
503 712
503 588
503 610
504 646
504 554
504 524
505 518
505 653
505 782
505 535
505 548
505 676
505 677
505 679
505 681
505 554
505 692
505 568
505 576
505 733
505 622
505 754
506 535
506 696
506 594
506 729
506 613
507 524
507 661
507 678
507 583
507 745
507 756
507 630
507 758
507 765
508 517
508 581
508 715
508 750
508 721
508 537
509 673
509 615
509 645
509 535
510 711
510 652
510 625
510 763
511 610
511 679
511 635
511 526
511 559
511 590
511 693
512 690
512 692
512 767
513 518
513 521
513 746
513 587
513 622
513 718
513 733
513 766
514 769
514 778
514 782
514 558
514 701
514 592
514 606
515 771
515 649
515 784
515 665
515 675
515 701
515 634
516 576
516 776
516 586
516 527
516 750
516 792
516 536
516 697
516 766
517 539
517 569
517 573
517 585
517 748
518 599
518 523
518 759
518 572
519 631
519 565
520 773
520 775
520 778
520 750
520 782
520 657
520 535
520 757
520 730
521 545
521 639
521 783
521 567
522 777
522 779
522 652
522 659
522 535
522 709
522 614
523 577
523 740
523 581
523 616
523 652
523 702
524 769
524 787
524 533
524 790
524 536
524 540
524 793
524 554
524 566
524 593
524 723
524 732
524 607
524 735
524 623
524 752
524 628
524 634
525 580
525 644
525 682
525 727
525 720
525 745
525 787
525 695
525 542
525 575
526 772
526 652
526 666
526 669
526 683
526 582
526 585
526 738
526 619
527 652
527 658
527 661
527 693
527 698
527 579
527 585
527 589
527 730
527 740
527 634
528 774
528 590
528 755
528 798
529 643
529 650
529 534
529 570
529 581
529 736
529 738
530 567
530 747
530 716
530 728
530 594
530 662
530 536
531 768
531 677
531 638
531 780
531 750
531 687
531 671
531 597
531 698
531 572
531 575
532 717
532 633
532 630
532 753
532 537
532 764
532 798
533 659
533 662
533 791
533 537
533 542
533 798
533 799
533 676
533 699
533 596
534 678
534 685
534 537
534 562
535 768
535 659
535 796
535 671
535 609
535 756
535 766
536 578
536 557
536 718
536 592
536 593
536 756
537 778
537 657
537 659
537 798
537 576
537 704
537 718
537 734
537 637
538 680
538 588
538 683
538 563
538 767
539 648
539 784
539 657
539 665
539 540
539 555
539 576
539 730
539 731
539 743
539 752
540 542
540 673
540 558
540 705
540 706
540 594
540 606
540 743
540 621
541 567
541 614
541 741
541 560
541 633
541 665
541 784
541 789
541 566
541 699
541 637
542 592
542 724
542 757
542 789
543 768
543 777
543 799
543 679
543 571
543 721
543 596
543 743
543 745
544 747
544 623
544 719
544 657
544 658
544 755
544 728
544 633
544 602
544 797
545 548
545 574
545 660
545 692
545 634
545 604
546 580
546 550
546 718
546 628
546 764
546 767
547 706
547 580
547 584
547 620
547 717
547 752
547 626
547 724
547 730
547 767
548 727
548 781
548 782
548 751
548 690
549 581
549 623
549 561
549 627
549 691
549 692
550 652
550 787
550 666
550 669
550 678
550 571
550 583
550 746
550 751
550 624
551 773
551 718
551 605
552 661
552 586
552 597
552 737
552 738
552 763
553 773
553 777
553 781
553 671
553 799
553 556
553 567
553 706
553 712
553 585
553 612
553 614
554 643
554 778
554 784
554 657
554 785
554 660
554 677
554 698
554 599
554 745
554 746
554 765
554 766
555 769
555 619
555 717
555 658
555 690
556 769
556 659
556 790
556 564
556 695
556 569
556 699
556 703
556 590
556 592
556 600
556 738
556 765
557 655
557 666
557 693
557 710
557 583
557 584
557 735
557 624
558 772
558 778
558 665
558 676
558 686
558 691
558 724
558 725
559 776
559 672
559 689
559 574
559 575
559 704
560 611
560 779
560 724
561 740
561 583
561 745
561 746
561 587
561 778
561 797
562 673
562 620
562 607
562 780
563 736
563 645
563 606
563 619
563 702
563 622
563 592
564 642
564 773
564 647
564 593
564 602
564 570
564 636
564 734
565 584
565 775
565 592
565 729
565 762
566 787
566 674
566 680
566 700
566 732
566 614
566 621
566 759
567 769
567 714
567 588
567 620
567 763
568 675
568 570
568 754
569 584
569 612
569 776
569 777
569 795
570 676
570 678
570 586
570 745
570 776
570 572
570 604
571 660
571 703
571 579
571 720
571 608
572 796
572 593
572 595
572 600
572 631
572 633
573 772
573 746
573 656
573 666
573 789
573 797
574 672
574 676
574 702
574 633
575 751
575 731
576 645
576 653
576 688
576 707
576 723
576 606
576 623
577 642
577 770
577 687
577 702
577 581
577 588
577 757
578 640
578 656
578 660
578 671
578 684
578 696
578 700
578 702
578 595
578 613
578 753
578 759
579 772
579 584
579 783
579 693
579 799
580 704
580 741
580 754
580 628
580 725
580 666
580 606
581 769
581 790
581 694
581 603
581 605
581 746
582 710
582 584
582 597
582 665
583 770
583 657
583 798
583 681
583 615
584 700
584 598
585 647
585 793
585 667
585 796
585 797
585 694
585 716
585 729
585 601
586 616
586 714
586 590
586 783
586 659
586 660
587 671
587 665
587 598
587 790
587 797
587 638
588 645
588 785
588 685
589 679
589 652
589 699
589 605
590 642
590 644
590 770
590 655
590 795
590 799
590 727
590 609
590 633
591 618
591 621
591 659
591 722
591 755
591 765
592 656
592 799
592 687
592 705
592 736
592 757
592 637
593 644
593 789
593 664
593 705
593 616
593 632
593 624
593 633
594 706
594 739
594 614
594 653
594 786
595 688
595 621
595 760
596 771
596 722
596 743
596 629
597 645
597 765
597 724
597 664
597 702
598 649
598 658
598 693
598 620
598 622
599 755
599 758
600 717
600 780
600 670
600 604
601 656
601 608
601 744
602 666
602 639
603 776
603 623
603 689
603 729
603 796
604 609
604 773
604 671
605 736
605 746
606 740
606 607
607 785
607 663
607 792
607 669
607 671
607 689
607 722
607 723
607 610
607 761
608 770
608 742
608 615
608 717
608 722
609 619
609 620
609 747
609 782
610 640
610 774
610 795
610 670
610 703
610 710
610 726
611 775
611 779
611 792
611 669
611 672
611 691
611 718
611 620
611 763
612 648
612 692
613 745
613 758
614 779
614 652
614 726
614 739
614 616
614 621
614 754
615 676
615 735
615 792
616 646
616 716
616 751
617 775
617 713
618 644
618 647
618 713
618 664
619 669
619 780
619 718
619 633
619 663
619 730
620 772
620 719
620 624
620 731
620 763
621 676
621 733
622 672
622 626
622 728
622 669
623 778
623 781
623 710
623 720
623 732
623 739
623 627
623 639
624 713
624 725
624 666
625 708
625 744
626 646
626 743
626 746
626 654
626 687
626 732
627 738
627 658
628 722
629 658
629 663
629 789
630 679
630 709
630 651
630 730
632 680
632 683
632 662
633 649
633 651
633 654
633 671
633 676
633 728
633 732
633 751
633 752
634 764
634 794
634 689
634 700
634 745
634 746
635 671
635 690
636 787
636 727
636 698
636 763
636 703
637 651
637 792
637 742
637 745
637 750
638 641
638 645
638 777
638 654
638 677
638 709
638 711
638 726
638 743
638 762
639 768
639 696
639 749
639 725
639 766
640 644
640 775
640 658
640 787
640 789
640 671
640 714
640 760
641 681
641 767
641 694
641 700
642 719
642 724
642 792
642 731
643 773
643 647
643 717
643 718
643 666
644 775
644 653
644 671
644 667
645 706
645 744
646 736
646 678
646 747
646 756
646 763
647 778
647 655
647 693
647 709
647 717
648 779
648 758
649 684
649 653
649 785
649 726
650 706
650 752
650 786
650 799
650 731
651 657
651 684
651 714
651 722
651 739
651 742
651 745
652 666
652 674
652 733
652 744
652 763
653 676
653 747
653 687
653 778
654 772
654 655
654 746
654 753
654 760
655 705
655 718
656 713
656 755
656 666
657 683
657 724
658 670
658 798
658 691
658 696
658 737
659 673
659 766
660 705
660 778
661 740
661 713
661 689
661 754
661 755
662 783
663 770
663 684
663 686
663 735
663 792
664 697
664 764
665 777
665 794
666 781
666 671
666 676
666 754
667 787
668 724
669 687
669 700
670 742
670 716
670 754
670 785
670 730
670 798
671 700
671 729
671 736
672 784
672 787
674 680
674 775
675 739
675 682
675 718
675 720
675 734
676 768
676 715
676 733
677 709
677 684
677 719
677 693
678 712
678 755
678 797
679 712
681 773
681 784
681 799
681 766
682 751
683 791
683 705
683 760
683 764
684 711
684 766
684 753
684 786
684 698
685 768
685 796
685 779
685 753
685 694
685 764
686 755
687 707
687 728
687 784
688 794
688 699
689 764
689 719
690 748
690 767
691 707
691 708
691 710
691 716
692 754
692 792
692 725
692 760
693 704
693 776
693 759
693 799
693 726
694 780
695 714
695 762
696 776
696 795
697 752
698 749
698 762
699 723
700 755
701 767
702 784
702 720
702 754
703 768
703 770
703 743
703 750
704 731
704 743
704 757
705 706
705 749
706 707
706 710
706 744
707 749
708 713
709 726
709 788
711 784
712 742
712 754
713 770
713 791
713 717
713 736
715 724
715 793
715 794
716 773
716 776
717 799
717 730
717 741
717 752
718 738
719 749
719 731
720 769
720 747
721 725
721 757
721 758
721 767
722 746
723 738
723 759
723 782
724 784
724 794
725 785
726 779
728 760
728 790
728 763
729 771
729 775
729 783
730 780
730 742
731 745
732 778
732 752
733 737
733 758
734 787
735 750
736 768
736 793
738 790
740 788
741 742
742 753
744 791
744 750
744 762
745 787
745 790
749 796
750 793
751 775
751 791
751 766
753 770
754 766
754 798
755 769
755 778
756 785
758 796
758 784
759 789
762 783
763 778
764 788
767 771
768 783
769 783
770 782
770 794
773 791
774 776
774 793
774 796
775 779
775 789
777 796
778 780
778 798
779 797
782 789
783 789
784 789
785 794
787 793
791 795
792 796
793 794
