800 80
1 223
2 765
8 9
23 232
25 289
25 647
36 624
37 309
38 378
39 210
41 157
46 137
60 539
68 547
75 443
77 609
79 572
91 228
94 451
98 704
98 110
99 560
103 685
104 204
112 640
120 699
138 182
142 638
148 797
168 738
171 333
178 615
192 698
205 288
205 740
206 618
213 316
228 252
228 780
237 630
241 762
251 650
258 482
272 443
290 469
311 325
323 660
329 464
341 737
346 628
355 622
374 746
383 686
387 531
388 566
389 688
390 407
415 790
425 450
433 787
450 660
453 479
459 644
483 621
489 714
492 628
503 693
509 552
524 730
525 677
526 579
530 713
533 772
542 674
596 724
621 709
626 756
634 702
649 760
734 758
