800 8000
0 449
0 386
0 674
0 104
0 43
0 366
0 401
0 274
0 19
0 84
0 562
0 789
0 759
0 536
0 60
1 288
1 353
1 737
1 777
1 619
1 205
1 429
1 751
1 752
1 82
1 563
1 597
1 22
1 567
1 760
1 473
1 59
1 284
1 540
1 382
1 703
2 225
2 36
2 775
2 41
2 561
2 210
2 244
2 181
2 470
2 628
2 757
2 665
2 602
2 795
2 604
2 447
3 641
3 678
3 615
3 456
3 11
3 702
3 559
3 499
3 755
3 568
3 474
3 476
3 31
3 94
3 127
4 640
4 196
4 69
4 38
4 361
4 447
4 457
4 716
4 302
4 622
4 563
4 501
4 406
4 567
4 250
4 797
4 287
5 224
5 707
5 132
5 293
5 484
5 71
5 773
5 681
5 10
5 718
5 785
5 469
5 438
5 507
5 701
6 293
6 710
6 170
6 458
6 268
6 111
6 15
6 273
6 178
6 347
6 372
6 660
6 787
6 251
6 700
6 446
6 415
7 160
7 769
7 546
7 68
7 356
7 614
7 73
7 457
7 268
7 334
7 311
7 20
7 596
7 789
7 215
7 25
7 314
7 28
7 285
8 577
8 259
8 67
8 455
8 733
8 649
8 779
8 172
8 442
8 657
8 381
8 53
8 597
8 154
8 379
8 125
8 350
9 256
9 132
9 388
9 404
9 789
9 409
9 154
9 665
9 667
9 157
9 161
9 545
9 546
9 164
9 427
9 304
9 177
9 436
9 309
9 318
9 574
9 193
9 459
9 204
9 594
9 475
9 103
9 359
9 758
9 253
10 736
10 289
10 450
10 137
10 650
10 428
10 685
10 716
10 687
10 720
10 241
10 787
10 148
10 436
10 60
10 414
10 575
11 516
11 392
11 267
11 142
11 654
11 786
11 531
11 787
11 22
11 536
11 794
11 30
11 181
11 56
11 314
11 190
11 575
11 711
11 200
11 467
11 600
11 226
11 765
12 129
12 417
12 482
12 641
12 772
12 773
12 264
12 332
12 460
12 588
12 527
12 147
12 407
12 281
12 250
13 544
13 768
13 195
13 503
13 37
13 676
13 265
13 362
13 203
13 78
13 144
13 561
13 242
13 499
13 22
13 343
13 185
13 666
13 731
13 444
13 159
14 545
14 581
14 390
14 102
14 557
14 142
14 238
14 575
14 592
14 655
14 563
14 596
14 754
14 471
14 152
14 699
14 479
15 772
15 775
15 778
15 402
15 790
15 408
15 152
15 548
15 549
15 683
15 428
15 177
15 693
15 55
15 59
15 705
15 333
15 590
15 207
15 338
15 467
15 722
15 602
15 739
15 249
15 488
15 490
15 373
15 377
15 764
16 389
16 529
16 22
16 541
16 163
16 421
16 175
16 49
16 565
16 449
16 323
16 196
16 715
16 209
16 345
16 218
16 351
16 482
16 486
16 487
16 489
16 237
16 752
16 629
16 119
16 765
17 480
17 736
17 66
17 227
17 706
17 567
17 104
17 239
17 80
17 399
17 466
17 562
17 277
17 439
17 153
17 539
17 284
17 669
18 266
18 651
18 532
18 151
18 792
18 161
18 39
18 423
18 43
18 172
18 691
18 319
18 321
18 327
18 711
18 715
18 333
18 211
18 473
18 91
18 735
18 736
18 354
18 491
18 126
19 263
19 782
19 275
19 789
19 535
19 24
19 28
19 550
19 41
19 53
19 190
19 196
19 462
19 722
19 601
19 605
19 607
19 225
19 741
19 492
19 369
19 629
19 250
20 321
20 609
20 705
20 326
20 295
20 169
20 297
20 447
20 584
20 109
20 623
20 671
20 689
20 767
20 244
20 216
20 27
20 252
20 351
21 636
21 676
21 517
21 581
21 169
21 361
21 585
21 172
21 237
21 653
21 175
21 112
21 778
21 82
21 599
21 444
21 412
21 61
21 734
22 516
22 268
22 654
22 534
22 26
22 677
22 550
22 167
22 296
22 426
22 561
22 434
22 563
22 182
22 443
22 320
22 193
22 322
22 196
22 714
22 466
22 600
22 350
22 97
22 101
22 749
22 247
23 512
23 385
23 259
23 648
23 526
23 784
23 529
23 151
23 542
23 291
23 692
23 56
23 195
23 73
23 82
23 467
23 468
23 341
23 724
23 346
23 730
23 226
23 612
23 485
23 362
23 497
23 759
23 248
23 122
23 764
23 767
24 450
24 762
24 582
24 327
24 391
24 552
24 174
24 175
24 782
24 338
24 627
24 501
24 182
24 87
24 406
24 665
24 755
24 667
25 544
25 296
25 233
25 424
25 267
25 712
25 776
25 622
25 719
25 337
25 626
25 566
25 247
25 790
25 315
25 668
26 129
26 524
26 525
26 280
26 550
26 295
26 42
26 688
26 180
26 311
26 56
26 570
26 454
26 717
26 334
26 728
26 601
26 478
26 751
26 115
26 763
27 742
27 40
27 585
27 685
27 721
27 467
27 116
27 123
27 605
28 192
28 350
28 586
28 203
28 45
28 527
28 464
28 467
28 563
28 660
28 794
28 190
28 223
29 770
29 774
29 263
29 265
29 528
29 539
29 159
29 672
29 433
29 436
29 442
29 210
29 594
29 474
29 225
29 103
29 107
29 621
29 625
29 114
29 244
29 375
29 125
30 641
30 705
30 579
30 612
30 709
30 770
30 103
30 140
30 395
30 334
30 303
30 556
30 750
30 755
30 756
30 406
30 56
30 571
30 284
30 191
31 769
31 227
31 357
31 423
31 415
31 607
31 624
31 760
31 341
31 405
31 215
31 758
31 183
31 443
31 188
31 540
31 572
31 223
32 224
32 419
32 484
32 739
32 134
32 773
32 521
32 203
32 396
32 333
32 780
32 86
32 761
32 506
32 605
33 416
33 257
33 512
33 646
33 776
33 250
33 508
33 239
33 625
33 404
33 570
33 246
33 376
33 58
33 124
33 253
34 416
34 75
34 332
34 237
34 750
34 559
34 50
34 52
34 54
34 343
34 189
35 322
35 359
35 201
35 553
35 459
35 239
35 655
35 530
35 691
35 564
35 181
35 504
35 697
35 348
35 542
36 514
36 770
36 517
36 520
36 659
36 797
36 420
36 38
36 42
36 429
36 46
36 564
36 310
36 442
36 575
36 448
36 70
36 328
36 202
36 330
36 336
36 603
36 363
36 761
36 123
37 408
37 284
37 291
37 43
37 51
37 699
37 573
37 62
37 449
37 194
37 195
37 450
37 204
37 461
37 720
37 596
37 600
37 216
37 732
37 225
37 103
37 490
37 238
37 753
37 758
37 377
38 262
38 392
38 784
38 412
38 160
38 50
38 439
38 716
38 339
38 596
38 597
38 723
38 87
38 343
38 724
38 91
38 348
38 223
38 231
38 497
38 754
38 116
38 629
38 504
38 506
39 448
39 65
39 98
39 291
39 577
39 641
39 202
39 267
39 558
39 623
39 718
39 242
39 147
39 309
39 502
40 523
40 786
40 658
40 147
40 278
40 174
40 180
40 56
40 442
40 698
40 573
40 449
40 711
40 201
40 596
40 88
40 601
40 730
40 220
40 377
40 127
41 648
41 649
41 525
41 654
41 411
41 300
41 436
41 309
41 182
41 696
41 569
41 316
41 320
41 452
41 199
41 711
41 201
41 77
41 721
41 727
41 729
41 736
41 486
41 233
41 746
41 498
41 243
42 545
42 261
42 389
42 612
42 456
42 613
42 298
42 331
42 333
42 365
42 398
42 496
42 657
42 718
42 659
42 246
42 278
43 641
43 514
43 769
43 773
43 266
43 141
43 275
43 283
43 547
43 424
43 691
43 185
43 570
43 590
43 718
43 217
43 479
43 621
43 766
44 643
44 771
44 526
44 274
44 403
44 411
44 156
44 291
44 552
44 685
44 190
44 191
44 708
44 585
44 74
44 330
44 208
44 344
44 604
44 95
44 105
44 634
45 259
45 616
45 425
45 397
45 559
45 720
45 209
45 767
45 252
45 308
45 118
45 470
45 532
45 281
45 565
45 694
45 415
46 795
46 195
46 260
46 101
46 776
46 361
46 267
46 687
46 435
46 436
46 564
46 502
46 56
46 155
46 734
46 639
47 642
47 265
47 652
47 780
47 148
47 405
47 539
47 169
47 57
47 443
47 574
47 318
47 579
47 196
47 78
47 721
47 594
47 233
47 109
47 751
47 113
47 245
47 373
47 633
47 381
48 128
48 67
48 646
48 511
48 174
48 241
48 315
48 593
48 180
48 757
48 246
48 55
48 216
48 506
48 187
48 540
48 701
48 222
48 351
49 397
49 401
49 788
49 664
49 794
49 541
49 671
49 305
49 565
49 315
49 317
49 71
49 327
49 714
49 209
49 337
49 211
49 223
49 232
49 236
49 506
50 769
50 130
50 259
50 775
50 521
50 522
50 790
50 286
50 546
50 428
50 558
50 180
50 694
50 183
50 322
50 711
50 592
50 735
50 226
50 358
50 361
50 362
50 745
50 381
50 254
51 194
51 518
51 647
51 140
51 173
51 396
51 240
51 657
51 52
51 277
51 475
51 727
51 793
51 187
51 476
51 605
51 414
52 609
52 738
52 292
52 229
52 359
52 423
52 427
52 172
52 397
52 335
52 340
52 789
52 284
52 382
53 162
53 164
53 260
53 134
53 295
53 549
53 170
53 746
53 428
53 525
53 174
53 557
53 530
53 179
53 786
53 633
53 668
53 61
54 392
54 394
54 790
54 279
54 792
54 287
54 172
54 556
54 59
54 318
54 319
54 63
54 195
54 579
54 723
54 470
54 96
54 480
54 233
54 749
54 753
55 577
55 769
55 419
55 644
55 359
55 168
55 554
55 395
55 115
55 84
55 661
55 310
55 663
55 632
55 506
55 669
55 510
56 514
56 143
56 530
56 658
56 150
56 669
56 169
56 690
56 572
56 62
56 67
56 70
56 328
56 206
56 467
56 598
56 218
56 349
56 93
56 738
56 618
56 621
56 751
56 119
57 647
57 522
57 527
57 665
57 795
57 288
57 161
57 163
57 676
57 433
57 700
57 75
57 334
57 88
57 89
57 247
57 606
57 360
57 752
57 759
57 761
58 320
58 736
58 131
58 516
58 645
58 710
58 207
58 336
58 720
58 530
58 691
58 566
58 120
58 569
58 634
58 763
58 572
58 573
58 62
59 417
59 164
59 168
59 650
59 778
59 430
59 111
59 339
59 699
59 796
60 257
60 386
60 259
60 272
60 671
60 161
60 561
60 308
60 700
60 194
60 583
60 77
60 80
60 468
60 615
60 110
60 627
60 119
60 632
60 254
61 544
61 67
61 196
61 101
61 707
61 762
61 74
61 271
61 759
61 378
61 156
62 640
62 129
62 140
62 656
62 402
62 660
62 536
62 539
62 158
62 162
62 676
62 178
62 309
62 311
62 699
62 452
62 459
62 466
62 89
62 347
62 222
62 736
62 625
62 371
63 654
63 782
63 790
63 664
63 538
63 544
63 420
63 548
63 681
63 557
63 176
63 433
63 688
63 196
63 594
63 598
63 473
63 734
63 607
63 362
63 107
63 108
63 494
63 379
63 252
63 638
64 768
64 258
64 676
64 357
64 695
64 139
64 235
64 109
64 110
64 301
64 364
64 463
64 558
64 654
64 276
64 406
64 215
64 534
64 349
64 318
64 735
65 290
65 700
65 233
65 522
65 107
65 617
65 493
65 304
65 336
65 400
65 753
65 88
65 540
65 733
65 511
66 288
66 795
66 418
66 771
66 456
66 733
66 747
66 461
66 238
66 590
66 664
66 145
66 113
66 699
66 408
66 698
66 635
66 93
67 248
67 481
67 771
67 232
67 456
67 680
67 204
67 173
67 494
67 696
67 244
67 628
67 543
68 289
68 514
68 132
68 389
68 484
68 710
68 237
68 685
68 749
68 592
68 561
68 469
68 473
68 570
69 513
69 773
69 267
69 397
69 145
69 659
69 277
69 791
69 792
69 543
69 437
69 193
69 450
69 323
69 455
69 460
69 721
69 350
69 738
69 103
69 744
69 618
69 753
69 251
69 126
70 647
70 141
70 405
70 285
70 688
70 572
70 317
70 574
70 452
70 580
70 589
70 721
70 732
70 93
70 482
70 483
70 739
70 110
70 753
70 755
71 267
71 781
71 656
71 401
71 657
71 284
71 546
71 548
71 426
71 179
71 697
71 318
71 449
71 194
71 200
71 75
71 211
71 218
71 220
71 606
71 610
71 102
71 251
72 128
72 131
72 228
72 357
72 548
72 391
72 136
72 139
72 238
72 79
72 240
72 81
72 178
72 563
72 596
72 763
72 316
72 95
73 132
73 134
73 280
73 294
73 422
73 169
73 682
73 556
73 173
73 697
73 317
73 719
73 343
73 728
73 89
73 602
73 612
73 748
73 240
73 244
73 510
74 132
74 231
74 295
74 714
74 301
74 719
74 432
74 656
74 531
74 212
74 468
74 627
74 568
74 89
74 346
75 185
75 452
75 637
75 104
75 562
75 212
75 693
75 310
75 219
75 156
75 189
75 671
76 226
76 420
76 233
76 653
76 302
76 654
76 464
76 717
76 242
76 530
76 767
76 469
76 440
76 124
76 543
77 96
77 418
77 579
77 708
77 199
77 663
77 746
77 653
77 696
77 116
77 284
77 86
77 310
77 662
77 697
77 443
78 740
78 551
78 300
78 238
78 501
78 278
78 667
78 380
79 674
79 484
79 772
79 742
79 552
79 490
79 648
79 429
79 653
79 782
79 434
79 690
79 597
79 406
79 503
79 534
79 505
79 732
79 222
80 135
80 264
80 392
80 398
80 275
80 405
80 666
80 159
80 160
80 673
80 420
80 300
80 561
80 306
80 328
80 468
80 222
80 231
80 107
80 110
80 368
80 752
80 626
80 249
80 507
80 126
81 134
81 84
81 181
81 406
81 441
81 282
81 347
81 766
82 258
82 290
82 677
82 678
82 268
82 205
82 696
82 367
82 370
82 532
82 568
82 153
83 672
83 289
83 418
83 546
83 196
83 609
83 486
83 553
83 747
83 697
83 503
83 472
83 601
83 733
83 446
84 163
84 228
84 579
84 486
84 582
84 701
84 428
84 110
84 751
84 146
84 433
84 692
84 213
84 474
84 283
84 381
84 350
84 767
85 193
85 769
85 261
85 133
85 488
85 426
85 235
85 461
85 302
85 271
85 656
85 693
85 343
85 412
85 735
86 651
86 402
86 791
86 152
86 157
86 672
86 166
86 294
86 303
86 437
86 311
86 324
86 714
86 460
86 461
86 335
86 719
86 338
86 90
86 483
86 362
86 108
86 749
86 367
87 259
87 643
87 391
87 521
87 794
87 667
87 412
87 541
87 291
87 682
87 688
87 445
87 327
87 585
87 596
87 219
87 350
87 737
87 739
87 110
87 622
87 251
88 139
88 525
88 526
88 278
88 541
88 159
88 291
88 185
88 199
88 459
88 461
88 213
88 469
88 216
88 91
88 220
88 100
88 104
88 368
88 246
88 378
88 254
89 644
89 133
89 262
89 528
89 407
89 664
89 538
89 674
89 422
89 552
89 562
89 187
89 453
89 585
89 713
89 726
89 600
89 475
89 742
89 492
89 625
90 196
90 235
90 395
90 460
90 783
90 337
90 724
90 662
90 536
90 793
90 762
90 667
90 188
90 637
90 158
90 799
91 700
91 132
91 552
91 137
91 650
91 300
91 305
91 689
91 596
91 309
91 475
91 380
91 572
91 575
92 641
92 393
92 266
92 522
92 143
92 786
92 540
92 289
92 165
92 296
92 170
92 564
92 316
92 702
92 584
92 457
92 463
92 351
92 487
92 620
92 622
92 497
92 626
92 758
92 766
93 771
93 776
93 145
93 657
93 150
93 547
93 677
93 423
93 169
93 300
93 179
93 316
93 583
93 459
93 206
93 722
93 598
93 230
93 614
93 631
94 128
94 264
94 520
94 142
94 273
94 414
94 674
94 679
94 699
94 702
94 194
94 585
94 334
94 210
94 726
94 728
94 735
94 610
94 632
94 123
94 636
94 127
95 265
95 526
95 401
95 409
95 412
95 799
95 673
95 419
95 431
95 570
95 187
95 202
95 461
95 718
95 593
95 220
95 481
95 740
95 744
95 747
95 621
95 751
95 369
95 371
95 250
96 647
96 400
96 785
96 404
96 151
96 154
96 290
96 419
96 553
96 301
96 565
96 440
96 572
96 446
96 707
96 199
96 472
96 348
96 733
96 359
96 498
96 374
96 509
97 228
97 422
97 313
97 199
97 584
97 744
97 556
97 786
97 371
97 595
97 437
97 407
97 217
97 762
97 572
98 611
98 325
98 742
98 638
98 748
98 526
98 146
98 691
98 244
98 725
98 310
98 759
98 185
98 154
98 123
98 637
98 350
98 383
99 544
99 739
99 764
99 294
99 326
99 582
99 648
99 656
99 274
99 179
99 309
99 246
99 151
99 310
99 572
99 703
100 321
100 388
100 485
100 774
100 584
100 777
100 473
100 684
100 526
100 720
100 210
100 500
100 661
100 630
100 724
100 185
100 797
100 254
100 735
101 132
101 390
101 264
101 142
101 403
101 541
101 414
101 416
101 293
101 549
101 174
101 563
101 695
101 313
101 449
101 211
101 602
101 226
101 228
101 744
101 490
101 235
101 108
101 637
102 481
102 130
102 770
102 135
102 651
102 204
102 268
102 378
102 588
102 754
102 499
102 341
102 342
102 405
102 154
102 350
103 131
103 156
103 286
103 289
103 420
103 686
103 687
103 567
103 575
103 195
103 583
103 214
103 602
103 736
103 488
103 491
103 370
104 260
104 767
104 280
104 409
104 424
104 173
104 303
104 561
104 307
104 435
104 567
104 452
104 457
104 589
104 730
104 477
104 490
104 235
104 368
104 634
104 127
105 161
105 609
105 613
105 519
105 168
105 553
105 600
105 798
105 401
105 246
105 310
105 502
105 153
105 474
105 414
105 287
106 648
106 521
106 396
106 272
106 531
106 416
106 677
106 297
106 554
106 182
106 694
106 696
106 443
106 707
106 326
106 331
106 462
106 599
106 215
106 730
106 347
106 224
106 611
106 755
106 116
106 511
107 768
107 517
107 521
107 651
107 408
107 152
107 540
107 544
107 546
107 291
107 169
107 555
107 711
107 204
107 207
107 335
107 594
107 213
107 470
107 217
107 359
107 108
107 627
107 502
108 128
108 641
108 515
108 136
108 526
108 149
108 155
108 543
108 420
108 188
108 572
108 322
108 202
108 718
108 719
108 227
108 612
108 626
108 762
108 637
109 477
109 514
109 196
109 165
109 676
109 651
109 396
109 537
109 112
109 433
109 497
109 565
109 214
109 441
109 253
109 542
110 771
110 521
110 271
110 404
110 674
110 425
110 556
110 431
110 435
110 460
110 717
110 334
110 720
110 226
110 482
110 356
110 359
110 235
110 250
110 126
111 390
111 266
111 399
111 786
111 665
111 414
111 551
111 296
111 174
111 687
111 310
111 707
111 200
111 330
111 338
111 734
111 113
111 370
111 502
111 504
112 641
112 140
112 530
112 413
112 415
112 167
112 172
112 432
112 436
112 452
112 453
112 711
112 211
112 213
112 343
112 347
112 742
112 365
112 622
112 245
112 757
112 504
113 258
113 391
113 519
113 651
113 536
113 423
113 680
113 566
113 312
113 697
113 195
113 712
113 332
113 205
113 723
113 605
113 736
113 369
113 250
113 383
114 514
114 738
114 133
114 137
114 650
114 619
114 462
114 303
114 590
114 787
114 148
114 790
114 728
114 730
114 570
114 444
115 513
115 650
115 139
115 148
115 673
115 432
115 306
115 182
115 698
115 704
115 326
115 331
115 204
115 207
115 337
115 474
115 603
115 734
115 351
115 486
115 757
115 247
115 507
115 509
116 640
116 386
116 774
116 649
116 525
116 782
116 282
116 286
116 298
116 556
116 704
116 321
116 197
116 330
116 715
116 460
116 229
116 622
116 499
116 117
116 502
117 541
117 390
117 423
117 299
117 523
117 543
117 402
117 278
117 599
117 120
117 157
117 511
118 636
118 773
118 263
118 522
118 401
118 287
118 418
118 163
118 676
118 294
118 167
118 182
118 567
118 439
118 186
118 444
118 581
118 201
118 334
118 466
118 608
118 360
118 488
118 502
118 124
119 770
119 259
119 387
119 392
119 779
119 275
119 408
119 794
119 552
119 304
119 569
119 444
119 324
119 453
119 471
119 727
119 215
119 609
119 356
119 622
119 245
119 630
120 512
120 485
120 294
120 637
120 200
120 745
120 174
120 686
120 658
120 411
120 698
120 123
120 413
120 415
121 256
121 193
121 280
121 611
121 536
121 746
121 511
121 752
121 274
121 723
121 727
121 376
121 731
121 540
121 317
121 383
122 128
122 772
122 390
122 652
122 786
122 675
122 431
122 308
122 310
122 566
122 702
122 708
122 711
122 205
122 463
122 209
122 599
122 728
122 353
122 612
122 754
122 507
122 125
122 126
123 700
123 133
123 293
123 548
123 425
123 362
123 489
123 332
123 749
123 273
123 433
123 403
123 789
123 507
123 250
123 444
124 129
124 257
124 166
124 520
124 744
124 394
124 236
124 365
124 303
124 492
124 434
125 603
125 136
125 685
125 238
125 207
125 175
125 474
125 526
125 594
125 595
125 658
125 690
125 695
125 347
125 414
126 192
126 449
126 672
126 195
126 293
126 154
126 701
126 777
126 235
126 236
126 396
126 747
126 145
126 659
126 605
126 479
127 482
127 452
127 677
127 614
127 679
127 585
127 759
127 575
127 755
127 246
127 502
127 216
127 633
127 474
127 159
128 260
128 647
128 136
128 265
128 650
128 786
128 409
128 672
128 290
128 170
128 185
128 698
128 193
128 720
128 339
128 732
128 229
128 245
129 135
129 650
129 144
129 786
129 147
129 277
129 537
129 542
129 422
129 423
129 554
129 686
129 441
129 316
129 319
129 581
129 588
129 468
129 216
129 601
129 350
129 351
129 616
129 368
130 513
130 134
130 653
130 142
130 408
130 284
130 419
130 171
130 445
130 579
130 198
130 586
130 459
130 591
130 595
130 604
130 613
130 749
130 373
130 509
130 767
131 636
131 354
131 482
131 133
131 169
131 170
131 377
131 775
131 791
131 150
131 310
131 534
131 185
131 662
131 604
132 511
132 147
132 407
132 791
132 296
132 691
132 696
132 578
132 580
132 454
132 737
132 483
132 237
132 366
132 248
132 767
133 161
133 419
133 389
133 567
133 599
133 232
133 615
133 646
133 173
133 304
133 177
133 497
133 788
133 343
133 155
133 252
134 259
134 776
134 522
134 141
134 269
134 398
134 660
134 151
134 794
134 412
134 162
134 674
134 551
134 688
134 321
134 578
134 739
134 746
134 623
134 254
135 161
135 483
135 260
135 646
135 168
135 137
135 585
135 650
135 556
135 333
135 271
135 402
135 789
135 503
135 632
135 378
135 380
135 159
136 384
136 228
136 649
136 765
136 282
136 632
136 728
136 530
136 371
136 405
136 343
136 248
136 345
136 154
136 220
137 641
137 138
137 267
137 780
137 548
137 431
137 312
137 191
137 577
137 332
137 338
137 730
137 221
137 746
137 369
137 625
137 505
137 634
138 352
138 226
138 259
138 324
138 322
138 355
138 360
138 456
138 459
138 334
138 399
138 657
138 347
138 434
138 535
138 474
138 283
138 700
138 797
138 542
139 376
139 294
139 456
139 552
139 204
139 556
139 696
139 463
139 527
139 687
139 717
139 372
139 407
139 443
139 189
139 223
140 644
140 276
140 533
140 165
140 558
140 175
140 562
140 193
140 330
140 720
140 337
140 474
140 355
140 358
140 751
140 761
140 252
140 382
141 352
141 514
141 674
141 233
141 617
141 267
141 300
141 524
141 410
141 442
141 557
141 785
141 212
141 438
141 378
141 476
141 284
141 575
142 768
142 257
142 258
142 261
142 661
142 665
142 794
142 292
142 296
142 301
142 315
142 701
142 591
142 339
142 227
142 485
142 360
142 488
142 238
142 625
143 385
143 641
143 163
143 732
143 453
143 582
143 775
143 168
143 750
143 207
143 273
143 530
143 657
143 212
143 437
143 219
144 194
144 266
144 202
144 682
144 622
144 686
144 368
144 241
144 594
144 467
144 472
144 540
144 733
145 450
145 579
145 198
145 551
145 713
145 458
145 778
145 236
145 428
145 433
145 146
145 594
145 534
145 636
145 287
146 388
146 393
146 528
146 273
146 663
146 536
146 410
146 546
146 297
146 682
146 199
146 599
146 605
146 352
146 484
146 230
146 232
146 492
146 372
146 634
147 480
147 390
147 489
147 234
147 266
147 173
147 240
147 304
147 533
147 278
147 446
148 394
148 405
148 790
148 542
148 287
148 679
148 426
148 684
148 301
148 183
148 701
148 327
148 585
148 714
148 715
148 460
148 603
148 736
148 623
148 508
149 448
149 704
149 613
149 167
149 648
149 523
149 333
149 524
149 591
149 702
149 747
149 501
149 375
149 793
149 507
149 382
150 227
150 391
150 266
150 650
150 304
150 433
150 381
150 212
150 311
150 537
150 219
150 221
150 543
151 387
151 261
151 517
151 525
151 281
151 161
151 680
151 686
151 709
151 592
151 593
151 215
151 604
151 479
151 361
151 236
151 625
151 508
152 160
152 193
152 228
152 645
152 550
152 459
152 333
152 304
152 656
152 347
152 703
152 634
152 187
152 316
152 349
152 159
153 704
153 163
153 357
153 389
153 231
153 171
153 427
153 494
153 686
153 594
153 500
153 597
153 628
153 635
153 668
153 701
153 254
153 735
154 390
154 265
154 521
154 525
154 780
154 783
154 413
154 291
154 164
154 551
154 681
154 687
154 306
154 317
154 573
154 575
154 703
154 705
154 585
154 332
154 460
154 462
154 343
154 362
154 376
155 609
155 738
155 710
155 487
155 584
155 680
155 797
155 299
155 589
155 750
155 272
155 690
155 531
155 694
155 344
155 381
156 288
156 387
156 196
156 229
156 419
156 488
156 169
156 362
156 522
156 701
156 529
156 381
156 762
156 219
156 510
157 517
157 424
157 329
157 426
157 492
157 461
157 590
157 305
157 435
157 501
157 602
157 725
157 250
157 285
158 355
158 262
158 677
158 742
158 393
158 425
158 719
158 498
158 179
158 564
158 218
158 443
158 572
158 573
159 261
159 265
159 524
159 397
159 655
159 780
159 275
159 531
159 161
159 677
159 678
159 301
159 304
159 179
159 185
159 199
159 340
159 597
159 216
159 611
159 240
159 631
160 161
160 720
160 618
160 524
160 781
160 368
160 593
160 211
160 371
160 624
160 627
160 658
160 690
160 572
160 477
161 386
161 519
161 783
161 535
161 570
161 447
161 320
161 454
161 330
161 474
161 606
161 484
161 630
161 631
162 480
162 668
162 259
162 676
162 389
162 711
162 456
162 680
162 681
162 670
162 589
162 465
162 501
162 343
162 412
162 189
163 390
163 784
163 282
163 422
163 682
163 301
163 319
163 577
163 330
163 338
163 478
163 734
163 352
163 364
163 759
163 382
164 762
164 486
164 487
164 621
164 238
164 593
164 407
164 441
164 253
164 191
165 608
165 700
165 535
165 229
165 390
165 454
165 330
165 271
165 208
165 431
165 242
165 211
165 307
165 403
165 465
165 475
165 411
165 415
166 353
166 417
166 227
166 583
166 587
166 588
166 237
166 302
166 624
166 755
166 244
166 756
166 472
166 285
166 222
167 262
167 362
167 620
167 303
167 404
167 309
167 249
167 378
167 597
167 190
168 523
168 495
168 593
168 688
168 799
168 213
168 310
168 538
168 509
168 731
168 763
169 385
169 787
169 280
169 536
169 550
169 558
169 690
169 328
169 585
169 206
169 212
169 472
169 346
169 229
169 488
169 234
169 242
169 498
169 245
169 248
169 507
169 638
170 256
170 263
170 201
170 233
170 681
170 556
170 750
170 303
170 566
170 439
170 248
170 345
170 575
171 512
171 577
171 609
171 294
171 678
171 361
171 713
171 587
171 364
171 589
171 686
171 368
171 723
171 382
171 319
172 386
172 393
172 269
172 766
172 531
172 290
172 556
172 560
172 304
172 307
172 313
172 705
172 589
172 738
172 488
172 235
172 495
172 760
172 376
172 382
173 454
173 457
173 744
173 556
173 402
173 339
173 466
173 247
173 381
174 326
174 199
174 200
174 440
174 619
174 657
174 178
174 531
174 308
174 343
174 665
174 765
175 407
175 609
175 578
175 618
175 685
175 756
175 661
175 348
175 377
175 220
175 606
176 773
176 230
176 200
176 447
176 681
176 555
176 559
176 442
176 687
176 214
176 438
176 282
176 348
176 287
177 512
177 193
177 679
177 552
177 394
177 396
177 558
177 368
177 788
177 796
177 510
177 287
178 352
178 353
178 195
178 414
178 638
178 206
178 400
178 497
178 498
178 499
178 665
178 756
178 409
178 765
178 799
179 264
179 649
179 399
179 658
179 791
179 409
179 544
179 683
179 308
179 692
179 693
179 572
179 189
179 583
179 471
179 727
179 352
179 741
179 630
179 631
179 379
180 512
180 386
180 393
180 266
180 521
180 650
180 399
180 536
180 413
180 415
180 546
180 293
180 422
180 296
180 432
180 691
180 446
180 204
180 215
180 478
180 234
180 491
180 750
180 501
180 254
180 639
181 544
181 385
181 451
181 330
181 235
181 655
181 661
181 471
181 730
181 347
182 675
182 535
182 582
182 267
182 568
182 588
182 682
182 683
182 760
182 374
182 730
182 444
182 189
183 700
183 196
183 581
183 582
183 779
183 780
183 749
183 623
183 562
183 570
183 668
183 541
184 530
184 407
184 666
184 542
184 416
184 548
184 294
184 298
184 301
184 430
184 322
184 328
184 341
184 472
184 732
184 481
184 615
184 234
184 364
184 492
184 500
184 246
184 511
185 515
185 263
185 647
185 266
185 530
185 408
185 285
185 676
185 423
185 575
185 449
185 197
185 582
185 588
185 719
185 340
185 596
185 214
185 501
185 763
185 765
186 712
186 776
186 298
186 492
186 493
186 212
186 500
186 692
186 569
186 348
186 541
186 414
187 248
187 358
187 680
187 361
187 235
187 751
187 242
187 596
187 477
188 768
188 353
188 676
188 677
188 488
188 779
188 209
188 308
188 757
188 503
188 537
188 220
189 736
189 707
189 679
189 715
189 338
189 564
189 728
189 218
189 476
189 220
189 477
189 638
190 736
190 257
190 705
190 770
190 415
190 204
190 752
190 735
190 535
190 346
190 539
190 223
191 514
191 264
191 266
191 653
191 402
191 533
191 538
191 422
191 679
191 430
191 324
191 714
191 332
191 597
191 598
191 471
191 236
191 499
191 506
192 547
192 197
192 489
192 521
192 522
192 334
192 526
192 560
192 657
192 723
192 629
192 219
192 255
193 774
193 657
193 402
193 664
193 667
193 798
193 422
193 688
193 690
193 567
193 695
193 576
193 456
193 351
193 624
193 753
193 242
193 634
193 379
194 226
194 610
194 324
194 669
194 552
194 553
194 479
194 675
194 556
194 629
194 662
194 314
194 477
194 351
195 516
195 645
195 773
195 405
195 789
195 799
195 547
195 297
195 429
195 430
195 431
195 571
195 327
195 207
195 337
195 722
195 607
195 747
195 243
195 251
195 252
196 768
196 386
196 650
196 525
196 410
196 572
196 711
196 205
196 589
196 596
196 602
196 477
196 746
197 512
197 291
197 707
197 249
197 201
197 660
197 504
197 603
198 482
198 453
198 360
198 456
198 267
198 523
198 338
198 401
198 343
198 793
198 474
198 605
198 375
199 405
199 662
199 539
199 673
199 295
199 208
199 209
199 596
199 729
199 607
199 737
199 762
199 614
199 360
199 490
199 631
199 378
200 289
200 609
200 681
200 300
200 555
200 716
200 309
200 695
200 281
200 541
200 638
200 447
201 321
201 421
201 361
201 424
201 553
201 302
201 559
201 649
201 650
201 440
201 729
201 379
201 799
202 404
202 533
202 663
202 540
202 414
202 696
202 700
202 454
202 328
202 593
202 223
202 362
202 500
202 628
202 629
202 248
202 763
202 380
203 737
203 573
203 400
203 369
203 402
203 211
203 374
203 632
203 413
203 766
204 260
204 525
204 551
204 297
204 700
204 704
204 457
204 596
204 478
204 488
204 234
204 244
204 247
204 378
204 380
205 517
205 654
205 272
205 402
205 275
205 276
205 277
205 409
205 666
205 797
205 704
205 323
205 586
205 597
205 726
205 363
205 240
205 504
205 511
206 320
206 512
206 738
206 644
206 390
206 518
206 362
206 797
206 366
206 718
206 307
206 690
206 602
206 661
206 311
206 442
206 415
207 641
207 772
207 394
207 270
207 408
207 542
207 547
207 550
207 428
207 561
207 442
207 315
207 344
207 346
207 753
208 608
208 513
208 323
208 228
208 356
208 328
208 547
208 236
208 460
208 493
208 211
208 246
208 761
208 347
208 799
209 679
209 265
209 554
209 681
209 588
209 275
209 471
209 795
209 285
209 446
209 479
210 312
210 709
210 518
210 359
210 361
210 425
210 363
210 556
210 791
210 731
210 280
210 282
210 315
210 412
210 543
211 259
211 483
211 454
211 680
211 620
211 621
211 306
211 562
211 597
211 602
212 256
212 769
212 258
212 322
212 515
212 573
212 770
212 712
212 362
212 587
212 560
212 783
212 438
212 509
213 259
213 452
213 325
213 392
213 727
213 717
213 336
213 799
213 758
213 247
213 698
213 410
213 479
214 331
214 460
214 593
214 306
214 694
214 315
214 220
214 383
215 324
215 567
215 358
215 582
215 297
215 776
215 268
215 782
215 304
215 786
215 470
215 505
215 411
215 285
216 388
216 652
216 668
216 291
216 679
216 302
216 563
216 693
216 441
216 319
216 459
216 339
216 472
216 217
216 610
216 761
216 378
217 636
217 353
217 444
217 772
217 542
217 606
217 652
217 434
217 599
217 218
217 252
217 541
217 318
218 296
218 329
218 584
218 600
218 556
218 652
218 759
218 720
218 755
218 694
218 695
218 378
218 700
219 449
219 258
219 700
219 548
219 325
219 426
219 237
219 334
219 494
219 592
219 242
219 690
219 565
219 345
220 320
220 417
220 581
220 234
220 330
220 331
220 722
220 790
221 481
221 322
221 673
221 484
221 676
221 423
221 638
221 270
221 528
221 241
221 532
221 373
221 469
221 534
221 444
221 542
222 643
222 261
222 267
222 405
222 280
222 413
222 696
222 315
222 444
222 702
222 593
222 719
222 605
222 350
222 479
222 741
222 366
222 494
223 283
223 543
223 421
223 295
223 558
223 563
223 691
223 439
223 320
223 707
223 586
223 587
223 596
223 227
223 611
223 748
223 507
224 288
224 417
224 229
224 358
224 390
224 423
224 454
224 523
224 550
224 746
224 335
224 432
224 786
224 536
224 475
225 229
225 325
225 645
225 746
225 367
225 592
225 720
225 339
225 403
225 724
225 664
225 569
225 283
226 642
226 779
226 661
226 664
226 410
226 667
226 682
226 427
226 557
226 448
226 732
226 606
226 737
226 361
226 629
226 504
226 634
226 636
227 609
227 482
227 677
227 358
227 232
227 583
227 619
227 717
227 718
227 369
227 534
227 697
227 474
227 348
228 771
228 653
228 400
228 786
228 413
228 550
228 430
228 437
228 568
228 705
228 711
228 592
228 602
228 750
228 754
228 755
229 414
229 676
229 297
229 300
229 318
229 702
229 710
229 583
229 478
229 610
229 738
229 232
229 378
229 495
229 497
229 630
229 506
230 389
230 391
230 656
230 657
230 791
230 438
230 573
230 321
230 332
230 336
230 337
230 339
230 598
230 472
230 346
230 739
230 613
230 615
230 235
230 364
231 418
231 260
231 558
231 625
231 628
231 662
231 311
231 765
231 574
232 672
232 289
232 344
232 518
232 549
232 613
232 713
232 460
232 557
232 691
232 722
232 312
232 251
232 573
232 255
233 389
233 264
233 522
233 277
233 671
233 673
233 421
233 549
233 707
233 478
233 487
233 624
233 756
233 245
233 759
233 504
234 384
234 610
234 344
234 548
234 293
234 326
234 491
234 301
234 716
234 749
234 464
234 371
234 499
234 348
234 604
235 780
235 656
235 531
235 279
235 798
235 551
235 320
235 453
235 709
235 456
235 716
235 594
235 595
235 342
235 603
235 488
235 761
235 251
236 737
236 583
236 616
236 745
236 427
236 749
236 783
236 304
236 343
236 312
236 473
237 288
237 291
237 387
237 648
237 521
237 585
237 679
237 492
237 712
237 561
237 466
237 791
237 282
237 606
238 395
238 526
238 795
238 548
238 295
238 692
238 438
238 448
238 325
238 458
238 462
238 469
238 615
238 239
239 700
239 579
239 675
239 264
239 490
239 522
239 303
239 273
239 406
239 636
239 510
240 773
240 518
240 426
240 333
240 526
240 272
240 375
240 701
241 512
241 513
241 546
241 260
241 389
241 614
241 519
241 646
241 744
241 426
241 748
241 754
241 435
241 564
241 278
241 351
242 386
242 422
242 392
242 393
242 267
242 397
242 554
242 719
242 347
242 466
242 376
242 777
243 421
243 743
243 616
243 556
243 505
243 728
243 374
243 279
243 504
243 313
243 382
244 257
244 579
244 582
244 648
244 330
244 522
244 620
244 669
244 271
244 499
244 728
244 569
245 291
245 774
245 455
245 487
245 265
245 332
245 648
245 716
245 592
245 759
245 723
245 440
246 516
246 773
246 398
246 544
246 549
246 552
246 680
246 582
246 585
246 730
246 612
246 614
246 360
247 512
247 668
247 291
247 583
247 362
247 270
247 524
247 627
247 469
247 659
247 540
247 733
248 512
248 640
248 644
248 773
248 777
248 287
248 675
248 690
248 715
248 463
248 729
248 354
248 738
248 748
248 753
248 499
248 250
248 252
249 388
249 293
249 359
249 425
249 298
249 454
249 458
249 684
249 562
249 371
249 726
249 567
249 408
249 505
249 444
249 383
250 534
250 417
250 418
250 429
250 302
250 431
250 454
250 333
250 461
250 725
250 477
250 478
250 486
250 635
250 490
250 629
251 647
251 406
251 662
251 284
251 296
251 694
251 705
251 583
251 461
251 594
251 726
251 363
251 491
251 619
251 623
252 546
252 376
252 674
252 773
252 366
252 748
252 760
252 629
252 439
252 605
252 606
253 646
253 615
253 647
253 650
253 427
253 491
253 334
253 523
253 683
253 687
253 372
253 792
254 770
254 676
254 476
254 588
254 684
254 731
254 730
254 538
254 379
254 797
254 574
255 448
255 762
255 764
255 646
255 616
255 776
255 398
255 590
255 561
255 466
255 756
255 791
255 602
255 507
255 540
255 381
256 353
256 676
256 264
256 488
256 684
256 301
256 657
256 594
256 403
256 437
256 753
257 260
257 261
257 478
257 391
257 574
257 712
257 632
257 696
257 529
257 665
257 750
257 754
257 568
257 345
257 315
258 640
258 385
258 388
258 780
258 402
258 790
258 546
258 553
258 683
258 688
258 691
258 439
258 579
258 721
258 731
258 498
259 515
259 390
259 531
259 544
259 674
259 679
259 680
259 426
259 703
259 359
259 381
259 383
260 322
260 448
260 481
260 609
260 454
260 360
260 586
260 613
260 711
260 736
260 794
260 603
261 706
261 742
261 455
261 615
261 616
261 746
261 367
261 751
261 498
261 468
261 696
261 666
261 603
261 669
262 520
262 524
262 406
262 793
262 669
262 799
262 419
262 295
262 680
262 428
262 308
262 443
262 447
262 600
262 484
262 747
262 748
262 501
262 374
262 376
263 544
263 609
263 740
263 421
263 453
263 521
263 331
263 586
263 621
263 597
263 375
264 645
264 390
264 775
264 395
264 401
264 412
264 298
264 439
264 319
264 589
264 480
264 354
264 490
264 746
265 388
265 397
265 665
265 539
265 290
265 299
265 576
265 709
265 456
265 337
265 465
265 595
265 599
265 481
265 738
265 743
265 624
265 499
266 641
266 710
266 313
266 456
266 425
266 300
266 566
266 314
266 765
267 772
267 518
267 269
267 661
267 662
267 407
267 794
267 411
267 284
267 668
267 422
267 426
267 683
267 443
267 445
267 720
267 345
267 476
267 733
267 607
267 360
267 623
267 630
268 453
268 390
268 487
268 681
268 590
268 464
268 703
268 499
268 530
268 602
268 540
268 733
268 287
269 736
269 705
269 483
269 392
269 301
269 718
269 719
269 783
269 467
269 468
269 499
269 563
270 738
270 419
270 452
270 357
270 581
270 643
270 681
270 427
270 524
270 779
270 496
270 273
270 369
270 592
270 690
270 788
270 699
270 319
271 637
271 646
271 680
271 712
271 759
271 460
271 337
271 372
271 500
271 472
271 729
271 413
272 386
272 637
272 669
272 359
272 487
272 302
272 397
272 755
272 596
272 694
272 535
272 376
272 380
272 573
273 704
273 520
273 779
273 431
273 724
273 694
273 728
273 412
273 383
274 610
274 669
274 520
274 460
274 404
274 468
274 636
274 317
275 407
275 672
275 471
275 768
275 649
275 685
275 623
275 304
275 595
275 533
275 758
275 666
275 283
275 508
276 321
276 513
276 362
276 394
276 688
276 533
276 312
276 507
276 572
276 574
277 793
277 282
277 544
277 417
277 434
277 703
277 319
277 578
277 334
277 591
277 467
277 726
277 348
277 733
277 357
277 615
277 372
277 758
277 379
277 511
278 661
278 280
278 665
278 301
278 302
278 429
278 304
278 462
278 611
278 747
278 492
278 370
278 754
278 755
278 374
279 448
279 512
279 513
279 514
279 518
279 648
279 718
279 658
279 308
279 566
279 318
279 415
280 525
280 399
280 534
280 287
280 290
280 429
280 702
280 457
280 722
280 607
280 481
280 496
280 765
280 383
281 483
281 292
281 547
281 663
281 490
281 586
281 797
281 785
281 338
281 756
281 661
281 664
281 285
281 703
282 641
282 519
282 394
282 522
282 537
282 542
282 417
282 686
282 568
282 701
282 579
282 477
282 358
282 487
282 753
282 508
283 614
283 457
283 364
283 556
283 587
283 745
283 561
283 382
284 672
284 297
284 686
284 562
284 311
284 324
284 327
284 602
284 483
284 359
284 753
284 383
285 577
285 770
285 741
285 328
285 392
285 430
285 686
285 432
285 665
285 630
286 353
286 770
286 774
286 457
286 555
286 543
286 748
286 368
286 703
286 370
286 628
286 503
286 600
286 473
286 794
286 383
287 646
287 393
287 521
287 662
287 792
287 293
287 567
287 591
287 728
287 732
287 745
288 416
288 544
288 704
288 523
288 401
288 690
288 697
288 664
288 349
288 734
289 390
289 651
289 400
289 406
289 798
289 543
289 291
289 688
289 691
289 564
289 572
289 464
289 594
289 727
289 346
289 484
290 577
290 673
290 581
290 472
290 715
290 781
290 686
290 560
290 307
290 402
290 435
290 603
290 671
291 519
291 524
291 415
291 437
291 310
291 325
291 337
291 725
291 726
291 474
291 737
291 361
291 747
292 736
292 385
292 668
292 674
292 700
292 740
292 606
292 330
292 525
292 366
292 531
292 312
292 538
292 635
292 348
292 382
292 351
293 580
293 360
293 457
293 549
293 710
293 742
293 430
293 304
293 466
293 533
293 790
293 567
294 581
294 542
294 332
294 626
294 787
294 437
294 469
294 730
294 380
295 771
295 415
295 332
295 493
295 623
295 560
295 671
295 687
295 627
295 340
295 760
295 539
296 541
296 358
296 422
296 744
296 426
296 556
296 557
296 431
296 533
296 536
296 317
296 639
297 769
297 324
297 453
297 611
297 360
297 681
297 778
297 433
297 405
297 374
297 662
297 757
297 607
298 642
298 581
298 744
298 589
298 592
298 497
298 789
298 637
299 611
299 522
299 713
299 748
299 622
299 400
299 756
299 661
299 506
299 318
299 383
300 518
300 655
300 660
300 407
300 673
300 419
300 314
300 324
300 584
300 729
300 475
300 481
300 359
300 749
300 495
300 370
300 508
300 639
301 385
301 386
301 772
301 399
301 401
301 692
301 320
301 598
301 604
301 741
301 742
301 632
302 640
302 738
302 739
302 478
302 644
302 424
302 734
302 494
302 350
303 449
303 481
303 612
303 421
303 645
303 551
303 395
303 366
303 592
303 723
303 661
304 513
304 647
304 526
304 655
304 419
304 420
304 431
304 314
304 724
304 367
304 760
305 609
305 322
305 396
305 718
305 533
305 534
305 408
305 725
305 317
305 734
306 672
306 417
306 449
306 359
306 555
306 558
306 607
306 433
306 496
306 627
306 757
306 698
306 319
307 419
307 466
307 373
307 310
307 763
307 414
307 511
308 515
308 644
308 781
308 663
308 695
308 701
308 591
308 337
308 466
308 743
308 491
308 749
308 505
308 637
309 352
309 481
309 453
309 742
309 748
309 775
309 686
309 497
309 402
309 791
309 607
310 419
310 561
310 314
310 572
310 709
310 593
310 721
310 596
310 347
310 628
311 416
311 519
311 794
311 508
311 760
311 792
311 723
311 372
311 693
311 664
311 507
311 765
312 422
312 519
312 551
312 583
312 685
312 686
312 495
312 714
312 594
312 631
312 377
312 507
313 738
313 740
313 745
314 770
314 398
314 667
314 798
314 421
314 690
314 712
314 586
314 459
314 716
314 613
314 757
314 760
314 633
314 638
315 779
315 795
315 797
315 799
315 551
315 433
315 568
315 318
315 595
315 599
315 348
315 605
315 479
315 490
315 625
316 668
316 673
316 580
316 517
316 581
316 715
316 686
316 496
316 786
316 436
316 532
316 697
316 571
316 702
316 511
317 352
317 544
317 705
317 521
317 619
317 746
317 593
317 659
317 374
317 408
317 573
317 670
318 545
318 452
318 714
318 685
318 696
318 370
318 665
318 406
319 512
319 640
319 772
319 660
319 671
319 416
319 677
319 426
319 554
319 564
319 565
319 574
319 711
319 475
319 363
319 380
320 672
320 455
320 618
320 460
320 717
320 502
320 630
320 411
321 515
321 643
321 772
321 656
321 370
321 437
321 794
321 667
321 572
321 382
322 389
322 662
322 796
322 544
322 423
322 691
322 440
322 589
322 748
322 759
322 376
322 763
323 358
323 487
323 712
323 556
323 558
323 688
323 403
323 468
323 374
323 476
323 638
324 397
324 791
324 541
324 670
324 415
324 682
324 583
324 716
324 333
324 720
324 472
324 608
324 491
324 364
324 373
325 768
325 420
325 679
325 552
325 395
325 368
325 369
325 403
325 343
325 697
325 764
326 580
326 708
326 646
326 391
326 364
326 621
326 685
326 434
326 532
326 787
326 792
326 761
327 710
327 631
327 588
327 493
327 653
327 791
327 402
327 466
327 529
327 505
327 534
327 383
328 386
328 770
328 709
328 440
328 574
328 331
328 363
328 364
328 752
328 753
328 538
329 544
329 609
329 541
329 484
329 740
329 425
329 555
329 587
329 431
329 720
329 626
329 374
329 571
329 702
330 640
330 525
330 412
330 416
330 421
330 555
330 720
330 596
330 471
330 727
330 481
330 749
330 750
330 498
330 635
331 514
331 619
331 750
331 751
331 497
331 690
331 692
331 535
331 378
331 606
332 544
332 545
332 648
332 742
332 622
332 752
332 339
332 662
332 664
332 667
333 784
333 787
333 663
333 795
333 551
333 686
333 701
333 344
333 345
333 743
333 492
333 494
333 368
333 761
333 378
334 482
334 578
334 422
334 345
334 391
334 381
335 736
335 644
335 582
335 631
335 778
335 460
335 718
335 626
335 756
335 406
335 767
336 385
336 643
336 527
336 794
336 668
336 672
336 549
336 679
336 686
336 688
336 708
336 457
336 464
336 729
336 360
336 499
336 758
337 513
337 609
337 441
337 760
337 575
338 509
338 613
338 669
338 362
338 466
338 571
338 380
339 513
339 514
339 772
339 550
339 617
339 588
339 530
339 403
339 762
339 702
340 700
340 646
340 774
340 479
340 779
340 506
340 476
340 447
341 674
341 547
341 389
341 455
341 780
341 431
341 657
341 594
341 793
341 601
341 347
341 702
342 643
342 485
342 391
342 551
342 473
342 559
342 435
342 438
342 439
342 345
342 476
343 402
343 404
343 695
343 570
343 704
343 577
343 725
343 350
343 480
343 742
343 495
344 736
344 738
344 523
344 493
344 559
344 434
344 439
344 345
344 348
344 415
345 376
345 581
345 680
345 561
345 735
346 480
346 641
346 451
346 704
346 769
346 551
346 638
346 620
346 365
346 397
346 398
346 558
346 717
346 719
347 779
347 407
347 418
347 427
347 560
347 691
347 585
347 714
347 459
347 358
347 755
347 632
347 507
348 512
348 482
348 452
348 453
348 679
348 745
348 402
348 569
348 763
349 706
349 677
349 454
349 616
349 429
349 781
349 760
349 601
349 763
349 799
350 406
350 537
350 667
350 701
350 454
350 456
350 461
350 727
350 612
350 359
350 488
350 505
351 576
351 421
351 471
351 363
351 691
351 753
351 407
351 607
352 488
352 520
352 778
352 633
353 545
353 708
353 743
353 461
353 462
353 367
353 696
353 507
353 765
353 511
354 768
354 417
354 739
354 459
354 779
354 685
354 558
354 497
354 725
354 374
354 789
354 797
354 702
354 607
355 795
355 764
355 709
355 519
355 606
355 592
355 498
355 564
355 475
355 794
355 508
355 414
355 639
356 385
356 578
356 612
356 521
356 649
356 588
356 787
357 419
357 771
357 485
357 678
357 391
357 551
357 584
357 585
357 742
357 718
357 601
357 530
357 438
357 407
357 571
358 397
358 663
358 408
358 539
358 546
358 548
358 439
358 724
358 471
358 611
358 486
358 616
358 382
359 768
359 521
359 663
359 671
359 554
359 450
359 581
359 709
359 490
359 629
359 762
359 507
360 523
360 652
360 665
360 410
360 794
360 688
360 581
360 455
360 584
360 713
360 724
360 478
360 504
360 500
360 503
360 635
361 609
361 521
361 606
361 639
361 470
361 725
361 726
361 573
361 542
361 543
362 535
362 414
362 422
362 551
362 678
362 435
362 572
362 577
362 464
362 468
362 600
362 614
362 746
363 770
363 764
363 553
363 458
363 395
363 396
363 430
363 620
363 685
363 776
363 504
363 572
363 478
364 385
364 650
364 493
364 766
364 495
364 623
364 688
364 720
364 790
364 471
364 445
364 382
365 736
365 611
365 484
365 796
365 423
365 685
365 783
365 785
365 726
365 507
366 480
366 546
366 557
366 798
366 658
366 757
366 639
367 580
367 518
367 741
367 424
367 393
367 574
367 459
367 524
367 713
367 774
367 780
367 625
367 446
368 544
368 708
368 510
368 549
368 600
368 432
368 657
368 694
368 793
368 762
369 391
369 712
369 622
369 564
369 437
369 501
369 441
369 506
369 795
370 451
370 740
370 585
370 638
370 717
370 433
370 722
371 449
371 580
371 552
371 399
371 728
371 468
371 597
371 471
371 504
371 635
372 774
372 653
372 399
372 543
372 548
372 424
372 552
372 689
372 565
372 566
372 581
372 582
372 588
372 607
372 490
372 382
373 555
373 656
373 722
373 405
374 448
374 453
374 490
374 589
374 682
374 596
374 696
375 426
375 462
375 592
375 689
375 690
375 754
375 756
375 504
376 385
376 422
376 685
376 399
376 592
376 596
376 469
376 602
376 763
377 482
377 644
377 393
377 555
377 721
377 735
377 499
377 595
377 663
377 796
377 639
378 762
378 458
378 429
378 464
378 494
378 553
378 559
379 707
379 420
379 521
379 492
379 664
379 607
379 766
379 435
379 469
379 439
379 627
379 698
379 541
380 518
380 531
380 793
380 540
380 414
380 543
380 417
380 560
380 693
380 568
380 699
380 591
380 610
380 619
380 499
380 765
381 518
381 652
381 427
381 444
381 596
381 725
381 735
381 501
381 629
381 765
381 382
382 640
382 527
382 404
382 419
382 555
382 694
382 459
382 726
382 742
382 616
382 745
382 621
382 504
382 761
383 644
383 645
383 776
383 522
383 793
383 414
383 685
383 561
383 568
383 594
383 608
383 764
383 510
384 579
384 484
384 425
384 456
384 429
384 494
384 654
384 565
384 731
384 796
385 416
385 771
385 458
385 747
385 689
385 502
385 541
385 670
386 524
386 783
386 401
386 660
386 536
386 794
386 688
386 690
386 691
386 439
386 571
386 584
386 461
386 731
386 604
386 610
386 508
386 639
387 615
387 655
387 689
387 437
387 564
387 664
387 506
387 637
388 419
388 420
388 642
388 681
388 524
388 397
388 461
388 728
388 751
388 411
389 772
389 524
389 527
389 795
389 423
389 430
389 469
389 485
389 749
389 624
389 499
390 514
390 516
390 520
390 777
390 789
390 681
390 446
390 702
390 580
390 453
390 713
390 594
390 604
390 617
390 745
390 623
390 503
391 646
391 519
391 521
391 535
391 793
391 429
391 687
391 720
391 725
391 735
391 742
391 493
392 608
392 547
392 424
392 617
392 765
392 791
392 433
392 560
392 659
392 729
392 505
392 506
393 515
393 612
393 478
393 645
393 447
393 458
393 606
393 557
393 526
393 722
393 598
393 786
394 548
394 554
394 747
394 524
394 527
394 474
394 406
394 507
394 511
395 503
395 420
395 745
395 714
395 474
395 593
395 634
395 694
395 412
395 573
396 512
396 484
396 493
396 685
396 756
396 725
396 600
396 506
396 636
397 480
397 418
397 522
397 746
397 460
397 628
397 757
397 633
397 795
398 736
398 707
398 555
398 623
398 787
398 436
398 692
398 667
399 668
399 424
399 459
399 557
399 655
399 530
399 499
399 793
399 604
399 606
400 675
400 768
400 710
400 775
400 680
400 425
400 493
400 465
400 561
400 722
400 731
400 735
401 416
401 512
401 668
401 618
401 619
401 590
401 495
401 718
401 409
401 540
402 775
402 777
402 427
402 695
402 720
402 593
402 728
402 484
402 612
402 614
402 625
402 755
402 504
403 449
403 548
403 485
403 549
403 585
403 647
403 652
403 674
403 678
403 564
403 732
404 580
404 781
404 782
404 464
404 625
404 627
404 500
404 406
404 602
404 415
405 424
405 782
405 655
405 703
405 728
405 794
406 422
406 710
406 525
406 693
406 788
406 476
407 667
407 415
407 691
407 452
407 714
407 468
407 475
407 614
407 622
407 767
408 773
408 775
408 649
408 544
408 696
408 581
408 710
408 585
408 595
408 474
408 732
408 478
408 608
408 610
408 743
408 488
408 491
408 763
409 737
409 610
409 515
409 739
409 554
409 683
409 620
409 735
409 756
409 759
409 760
409 665
410 706
410 426
410 429
410 561
410 627
410 436
410 788
410 506
410 509
411 768
411 519
411 586
411 619
412 515
412 791
412 546
412 429
412 570
412 572
412 587
412 603
412 742
412 494
412 754
412 504
413 481
413 762
413 710
413 424
413 586
413 590
413 752
413 753
413 631
414 668
414 432
414 695
414 590
414 637
414 766
415 513
415 527
415 784
415 668
415 544
415 676
415 555
415 693
415 695
415 707
415 472
415 728
415 475
415 604
415 614
415 745
415 760
415 628
415 765
416 608
416 423
416 778
416 664
416 563
416 629
416 637
417 545
417 706
417 707
417 585
417 428
417 751
417 496
417 734
417 735
418 645
418 520
418 686
418 502
419 642
419 772
419 648
419 662
419 543
419 799
419 560
419 575
419 709
419 475
419 611
419 618
419 499
420 673
420 546
420 738
420 498
420 660
420 636
421 612
421 507
421 475
421 796
422 649
422 529
422 785
422 799
422 435
422 711
422 723
422 751
422 625
423 642
423 523
423 533
423 534
423 798
423 680
423 558
423 567
423 595
423 470
423 614
423 629
424 642
424 783
424 551
424 689
424 579
424 714
424 459
424 592
424 472
424 731
424 492
424 756
425 484
425 567
425 570
425 476
426 796
426 545
426 704
426 577
426 593
426 594
426 502
426 506
427 517
427 524
427 653
427 546
427 438
427 441
427 588
427 717
427 615
427 750
427 498
427 630
428 674
428 494
428 534
428 629
428 726
428 476
428 479
429 524
429 784
429 665
429 544
429 709
429 720
429 606
429 608
429 630
429 635
430 451
430 487
430 553
430 615
430 646
430 575
430 683
430 748
430 660
430 538
431 740
431 486
431 582
431 616
431 648
431 627
431 726
431 536
432 546
432 446
432 777
432 746
432 596
432 732
432 575
433 653
433 788
433 680
433 683
433 712
433 460
433 591
433 600
433 730
433 490
433 755
433 756
434 480
434 645
434 550
434 489
434 586
434 681
434 537
434 593
435 795
435 612
435 715
435 700
436 643
436 707
436 517
436 784
436 632
436 542
436 639
437 451
437 514
437 615
437 591
437 721
437 661
437 538
438 452
438 645
438 740
438 586
438 494
438 590
438 500
438 661
438 793
438 796
438 765
438 606
439 547
439 700
439 772
439 543
439 689
439 469
439 602
439 638
440 711
440 528
440 786
440 790
440 697
440 635
440 479
441 673
441 682
441 632
441 574
441 479
442 450
442 739
442 453
442 669
442 527
442 788
442 534
442 695
442 696
443 449
443 577
443 447
443 780
443 466
443 786
443 799
443 538
444 451
444 548
444 567
444 664
444 626
445 610
445 646
445 711
445 713
445 458
445 747
445 497
445 531
445 794
445 636
445 797
446 578
446 706
446 484
446 738
446 566
446 726
446 605
447 449
447 579
447 454
447 681
447 684
447 625
447 721
447 469
448 673
448 605
448 748
448 671
448 625
448 753
448 786
448 541
449 644
449 524
449 787
449 584
449 466
449 594
449 728
449 745
449 494
449 752
449 638
450 579
450 612
450 489
450 493
450 690
450 468
450 597
450 761
450 540
451 612
451 759
451 599
451 760
452 513
452 792
452 795
452 674
452 679
452 553
452 555
452 690
452 566
452 579
452 483
452 741
452 502
453 512
453 705
453 567
453 523
453 568
453 477
453 799
454 772
454 536
454 692
454 565
454 722
454 598
454 606
454 613
454 758
454 631
454 635
455 484
455 772
455 458
455 554
455 585
455 650
455 713
455 720
455 721
455 472
455 796
455 510
456 772
456 648
456 651
456 660
456 790
456 666
456 672
456 696
456 745
456 492
456 496
457 672
457 547
457 638
457 460
457 684
457 749
457 534
457 603
457 797
457 763
458 579
458 548
458 708
458 775
458 523
458 779
458 623
458 654
458 598
458 731
458 575
459 519
459 781
459 680
459 701
459 576
459 597
459 728
459 744
459 493
459 622
459 758
460 776
460 784
460 661
460 791
460 794
460 674
460 556
460 716
460 602
460 730
460 735
460 487
460 489
460 744
460 633
461 677
461 562
461 718
461 464
461 603
461 604
461 612
461 498
461 499
461 758
461 635
461 510
462 552
462 649
462 560
462 688
463 549
463 550
463 652
463 784
463 689
463 601
464 520
464 652
464 540
464 677
464 687
464 565
464 707
464 717
464 593
464 726
464 480
464 630
464 632
465 708
465 524
465 719
465 752
465 498
465 726
465 634
466 512
466 660
466 538
466 544
466 550
466 562
466 711
466 592
466 471
466 606
466 736
466 609
466 490
466 620
467 608
467 640
467 476
467 521
467 635
467 555
467 526
467 663
467 683
467 725
467 735
468 535
468 700
468 732
468 524
468 494
468 751
468 762
469 774
469 527
469 553
469 565
469 698
469 576
469 704
469 589
469 595
469 724
469 738
469 615
470 738
470 517
470 490
470 524
470 493
470 495
470 785
470 628
470 632
470 574
471 579
471 520
471 648
471 554
471 563
471 735
471 732
471 701
472 773
472 775
472 543
472 677
472 689
472 690
472 564
472 703
472 577
472 595
472 597
472 480
472 483
473 776
473 670
473 689
473 696
473 636
473 797
474 517
474 521
474 574
474 589
474 601
474 629
474 759
475 673
475 567
475 771
475 624
475 692
475 694
475 726
475 606
476 738
476 504
476 489
476 490
476 589
476 501
476 694
476 479
477 573
477 517
477 613
477 589
477 532
477 667
478 520
478 713
478 690
478 723
479 658
479 541
479 543
479 799
479 694
479 701
479 582
479 486
479 742
480 550
480 679
480 488
480 745
480 687
480 596
480 693
480 667
481 768
481 616
481 554
481 680
481 781
481 635
481 540
482 736
482 682
482 657
482 687
482 564
482 789
482 630
482 790
483 611
483 713
483 492
483 790
483 669
483 638
484 574
484 720
484 568
484 697
485 547
485 554
485 524
485 749
485 657
485 690
485 724
486 645
486 677
486 712
486 714
486 745
486 727
486 796
486 670
487 674
487 644
487 680
487 593
487 691
487 722
487 664
488 514
488 653
488 782
488 537
488 792
488 795
488 719
488 594
488 614
488 760
488 509
489 512
489 640
489 544
489 545
489 563
489 722
489 726
489 738
489 612
489 741
489 615
489 748
489 493
489 751
489 498
489 501
490 517
490 773
490 650
490 779
490 787
490 790
490 693
490 593
490 495
491 681
491 495
491 591
491 561
491 719
491 532
491 628
491 735
491 570
491 796
491 639
492 777
492 780
492 660
492 665
492 538
492 712
492 598
492 500
492 504
492 637
493 728
493 764
494 650
494 664
494 547
494 679
494 558
494 572
494 495
494 761
495 706
495 547
495 678
495 651
495 691
495 534
495 598
496 544
496 673
496 646
496 649
496 791
496 570
496 573
497 786
497 629
498 769
498 774
498 780
498 795
498 550
498 556
498 562
498 700
498 581
498 627
498 634
499 640
499 665
499 688
499 727
499 740
500 737
500 706
500 647
500 716
500 601
500 688
500 597
500 628
500 603
500 692
500 698
501 620
501 530
501 660
501 665
501 726
501 703
502 519
502 637
503 606
503 680
503 670
503 701
503 702
503 530
503 507
503 637
504 517
504 660
504 789
504 791
504 795
504 545
504 546
504 562
504 691
504 703
505 640
505 579
505 589
505 656
505 600
506 768
506 643
506 774
506 658
506 672
506 679
506 686
506 688
506 696
506 574
506 713
506 726
506 731
506 752
507 650
507 682
507 569
507 583
507 584
507 605
507 736
507 611
508 640
508 736
508 615
508 745
508 778
508 750
509 682
509 776
509 655
509 662
509 759
509 792
509 700
510 643
510 772
510 709
510 582
510 584
510 680
510 786
510 659
510 726
511 740
511 710
511 600
511 727
511 663
511 699
512 783
512 692
512 696
512 585
512 594
512 605
513 599
513 646
513 708
513 744
513 772
513 776
513 622
513 624
513 760
514 653
514 690
514 571
514 700
514 704
514 582
514 716
514 596
514 613
514 746
514 763
515 549
515 521
515 649
515 714
515 536
515 799
516 613
516 709
516 616
516 745
516 622
516 689
516 564
517 640
517 787
517 673
517 707
517 719
517 724
517 624
517 629
518 653
518 530
518 658
518 659
518 796
518 670
518 550
518 705
518 578
518 579
518 589
518 606
518 621
518 634
519 577
519 673
519 749
519 798
520 594
520 595
520 786
521 524
521 526
521 683
521 686
521 695
521 583
521 737
521 739
522 772
522 647
522 568
522 584
522 716
522 737
522 738
522 631
523 646
523 776
523 657
523 535
523 563
523 581
523 600
523 627
523 762
524 532
524 666
524 735
524 612
525 547
525 710
525 585
525 782
525 603
525 732
526 776
526 554
526 650
526 759
526 764
527 737
527 610
527 612
527 560
527 692
528 583
528 553
528 749
528 558
528 532
528 667
529 640
529 599
529 616
529 631
529 712
529 574
530 672
530 573
530 595
530 606
530 753
531 640
531 610
531 646
531 685
531 750
531 564
531 757
532 706
532 744
532 686
532 781
532 564
532 534
533 712
533 781
533 607
533 593
533 692
533 633
533 668
533 798
534 658
534 535
534 696
534 700
534 701
534 703
534 585
534 589
534 728
534 764
535 611
535 556
535 702
535 596
535 603
536 648
536 663
536 793
536 538
536 670
536 582
536 751
536 755
537 643
537 739
537 574
537 784
537 629
537 758
537 730
537 763
538 580
538 553
538 600
538 682
538 765
538 780
538 597
538 663
539 644
539 614
539 650
539 797
539 557
539 781
539 691
540 642
540 663
540 541
540 549
540 588
540 720
540 726
540 761
540 631
540 760
541 590
541 782
541 574
542 657
542 785
542 545
542 691
542 566
542 569
542 573
542 578
542 583
542 585
542 597
542 617
543 783
543 661
543 790
543 675
543 551
543 556
543 605
543 767
544 653
544 670
544 676
544 556
544 743
545 559
545 789
545 602
546 707
546 632
546 703
547 774
547 551
547 561
547 697
547 570
547 571
547 622
548 643
548 793
548 797
548 714
548 598
548 605
548 617
548 629
548 636
550 769
550 582
550 678
550 655
550 785
551 693
551 725
551 737
551 750
552 738
552 612
552 778
552 621
552 655
552 724
552 699
553 736
553 651
553 759
553 630
553 692
553 671
554 584
554 616
554 683
554 775
554 656
554 593
554 730
555 773
555 795
555 570
555 703
555 584
555 726
555 604
555 751
556 707
556 583
556 725
556 603
556 737
556 611
556 743
557 650
557 622
557 784
557 785
557 596
557 597
557 797
558 615
558 719
558 565
558 697
558 637
558 702
559 646
559 631
559 759
559 779
559 566
559 630
560 613
560 779
560 625
560 723
560 628
560 566
560 725
560 788
560 762
560 671
561 699
561 703
561 725
561 601
562 609
562 672
562 614
562 663
563 642
563 615
563 776
563 716
563 766
564 670
564 798
564 706
564 713
564 715
564 716
564 728
564 622
565 745
565 627
565 723
566 613
566 648
566 759
566 693
566 725
566 731
566 732
566 637
567 575
567 735
567 666
567 701
568 578
568 751
568 698
569 679
569 722
569 694
570 585
570 687
570 624
570 760
571 642
571 678
571 649
571 732
571 740
571 687
572 647
572 777
572 782
572 679
572 721
572 740
572 619
573 660
573 791
573 687
573 592
573 598
573 620
573 759
574 658
574 668
574 693
574 696
574 575
574 729
574 738
575 781
575 664
575 670
575 692
575 594
575 762
576 586
576 745
576 756
577 786
577 666
577 796
577 669
577 686
577 692
577 717
577 613
577 743
577 627
578 704
578 673
578 621
578 761
579 782
579 655
579 712
579 604
579 754
580 742
580 774
580 716
580 658
580 596
580 789
581 794
582 796
582 797
582 688
582 606
582 752
582 763
583 661
583 732
583 620
583 754
583 634
584 652
584 786
584 795
584 669
584 689
584 693
584 606
584 747
585 781
585 793
585 702
585 625
585 631
586 741
586 776
586 797
586 620
586 756
586 761
586 670
587 620
587 604
587 763
587 655
587 760
588 611
588 772
588 780
588 590
589 770
589 672
589 686
589 688
589 605
589 742
589 620
590 608
590 641
590 705
590 678
590 755
590 793
590 796
591 612
591 697
592 647
592 797
592 680
592 686
592 687
592 701
592 618
592 619
592 628
592 634
593 774
593 675
593 735
593 629
593 636
594 783
594 656
594 795
594 696
594 717
594 723
595 703
596 797
596 724
596 600
596 610
596 634
597 786
597 659
597 603
597 632
598 676
598 712
598 746
598 716
598 639
598 777
598 726
599 704
599 673
599 678
599 698
599 734
600 677
600 692
600 702
600 703
600 727
601 622
601 654
601 724
601 753
601 633
601 798
602 678
602 733
602 736
602 614
602 743
603 755
603 666
604 620
604 653
604 724
604 632
604 637
605 640
605 778
605 700
605 719
605 721
605 747
606 768
606 769
606 643
606 771
606 651
606 696
606 714
606 725
606 618
606 747
606 763
607 773
607 774
607 728
607 729
607 736
607 739
607 625
607 761
607 635
608 640
608 779
608 656
608 792
608 699
609 681
609 693
610 733
610 777
610 688
611 739
611 743
611 616
611 624
612 797
612 703
613 712
613 782
614 749
615 771
615 677
615 691
615 698
615 618
616 715
616 685
616 782
617 769
617 717
617 693
617 630
617 789
617 635
617 637
617 799
618 712
618 689
618 794
618 635
618 636
618 639
619 673
619 738
619 682
619 658
619 753
619 787
619 790
619 761
619 671
620 704
620 742
620 701
620 683
620 696
621 796
622 786
622 681
622 700
622 701
622 729
622 737
622 739
622 637
623 776
624 718
624 725
625 688
625 708
625 739
625 742
626 691
626 634
627 793
627 699
628 786
629 642
629 702
629 727
629 742
630 646
630 703
631 675
631 680
631 789
631 759
632 773
632 646
632 799
632 690
632 698
632 702
632 727
632 766
633 691
633 724
633 788
634 698
634 798
635 713
635 655
635 719
635 730
636 655
636 752
636 754
637 643
637 644
637 656
637 785
637 683
637 704
637 714
637 728
637 639
638 775
638 759
638 658
638 690
638 698
639 752
639 759
640 649
640 778
640 672
640 685
640 693
641 747
641 724
641 730
642 700
642 657
643 775
643 648
643 733
643 786
644 673
644 713
644 718
644 787
645 676
645 749
645 730
645 763
645 701
646 769
646 672
646 712
646 744
646 755
647 672
647 676
647 654
647 726
648 659
648 706
648 708
648 714
648 765
649 654
649 750
650 663
650 682
650 695
650 698
650 713
650 741
651 704
651 709
651 713
651 655
651 759
652 722
653 781
653 753
653 786
654 692
654 762
654 764
655 656
655 675
655 691
655 753
655 760
656 674
656 679
656 680
656 663
657 779
657 661
657 662
657 790
657 688
658 669
658 682
658 747
658 728
658 798
659 773
659 717
660 725
660 731
661 683
662 709
662 747
662 759
663 732
664 794
664 669
664 673
664 724
664 727
664 753
664 764
665 768
665 783
665 679
665 703
665 712
666 682
666 747
666 686
666 696
667 728
667 750
667 692
667 756
668 739
668 793
669 791
669 729
670 689
671 737
672 778
672 686
672 688
673 790
673 795
673 683
675 743
675 681
675 696
675 691
676 731
677 708
677 790
677 794
678 772
678 744
678 713
678 796
678 734
679 690
680 774
680 792
680 717
680 754
681 785
681 689
681 733
681 738
682 748
683 783
683 696
684 740
684 690
684 722
684 760
685 765
685 708
685 722
685 730
685 738
685 764
686 727
687 784
688 733
689 738
689 772
689 746
689 785
690 708
690 752
691 775
691 783
691 748
691 765
692 703
693 773
693 787
694 704
695 799
696 797
696 738
697 706
698 713
698 792
699 736
699 768
699 714
700 746
701 703
701 705
701 745
703 704
704 799
704 718
704 734
705 782
706 772
707 742
708 719
709 752
709 730
710 720
710 763
711 715
711 717
711 757
712 760
713 719
714 753
716 752
717 776
718 754
719 778
719 732
719 744
719 753
719 762
720 775
720 762
720 767
721 786
722 789
723 785
725 784
726 775
727 780
727 754
728 790
728 729
728 740
729 768
729 757
730 765
731 746
732 777
732 792
733 771
733 743
733 786
734 781
735 762
737 743
737 776
739 770
739 773
739 784
739 745
740 787
741 769
741 773
741 784
741 754
744 798
745 796
746 774
746 781
746 795
747 752
748 769
749 795
749 763
750 778
750 789
751 789
752 785
754 772
754 787
755 780
755 786
758 769
758 775
758 799
758 791
761 797
762 799
763 773
767 774
767 779
768 772
768 779
769 793
770 792
772 799
773 779
773 788
773 791
774 780
774 793
775 783
777 781
778 780
780 783
782 786
783 789
786 789
787 798
789 798
792 796
795 796
