800 140
1 636
2 575
3 146
3 204
5 591
6 661
7 665
11 441
16 535
17 190
18 72
21 462
22 514
30 265
31 583
39 502
41 96
42 423
51 351
54 74
60 584
62 489
67 690
68 204
70 106
76 639
79 126
80 287
83 317
84 459
85 444
86 376
86 349
89 736
90 709
91 470
93 317
94 576
96 618
97 466
99 529
99 754
125 412
126 564
127 494
129 658
132 554
132 221
138 597
139 768
148 605
149 472
149 568
149 421
152 224
153 455
155 526
159 294
165 509
168 195
175 291
183 512
188 307
194 684
200 481
205 421
208 235
213 579
214 682
219 306
221 630
222 484
231 315
234 289
242 515
244 261
245 606
250 506
254 547
262 496
263 409
272 719
275 633
277 512
279 331
286 592
287 455
288 635
289 341
299 665
299 342
312 362
314 354
319 774
323 553
330 445
335 671
336 739
337 607
346 723
349 360
355 689
375 391
377 675
386 752
387 786
389 606
390 549
403 551
411 528
431 666
444 626
451 773
455 498
463 497
469 586
489 689
489 570
499 651
523 704
531 771
538 762
540 720
548 553
548 549
551 559
563 624
564 573
565 597
567 760
568 763
599 696
627 629
631 696
634 683
671 749
698 733
747 776
757 782
782 788
