800 8000
0 160
0 97
0 512
0 227
0 578
0 644
0 70
0 599
0 72
0 329
0 680
0 710
0 44
0 77
0 500
0 150
0 503
0 56
0 281
0 347
0 223
1 134
1 520
1 393
1 396
1 527
1 273
1 534
1 285
1 418
1 45
1 48
1 64
1 712
1 471
1 600
1 105
1 751
1 497
1 757
1 374
1 504
1 252
2 356
2 710
2 233
2 393
2 142
2 175
2 560
2 53
2 54
2 215
2 728
2 249
2 795
3 643
3 516
3 266
3 395
3 397
3 785
3 280
3 284
3 671
3 681
3 426
3 684
3 48
3 689
3 53
3 56
3 698
3 571
3 69
3 715
3 461
3 342
3 348
3 354
3 360
3 113
3 243
3 374
3 383
4 512
4 322
4 451
4 484
4 133
4 573
4 612
4 521
4 715
4 14
4 570
4 693
4 183
4 568
4 569
4 314
4 219
4 349
4 318
5 481
5 259
5 551
5 138
5 108
5 655
5 208
5 306
5 499
5 563
5 185
5 506
5 476
5 477
5 670
6 674
6 644
6 133
6 134
6 421
6 422
6 453
6 551
6 649
6 683
6 744
6 464
6 529
6 179
6 84
6 598
6 568
6 27
6 476
6 671
7 609
7 226
7 262
7 134
7 777
7 714
7 670
7 237
7 463
7 370
7 723
7 117
7 151
7 382
8 356
8 741
8 294
8 167
8 743
8 489
8 619
8 702
8 272
8 49
8 305
8 22
8 311
8 344
8 665
8 282
8 668
8 381
8 638
8 223
9 641
9 132
9 516
9 70
9 708
9 764
9 393
9 173
9 238
9 508
9 688
9 782
9 82
9 242
9 84
9 724
9 246
9 408
9 284
9 798
10 226
10 389
10 326
10 391
10 744
10 169
10 77
10 78
10 111
10 304
10 209
10 114
10 561
10 695
10 664
10 26
10 543
11 161
11 353
11 641
11 580
11 519
11 648
11 711
11 528
11 786
11 181
11 182
11 695
11 539
11 25
11 315
11 700
12 385
12 418
12 293
12 229
12 359
12 139
12 664
12 688
12 369
12 785
12 83
12 212
12 243
12 376
12 348
12 541
12 447
13 134
13 523
13 274
13 408
13 31
13 416
13 675
13 549
13 680
13 432
13 564
13 55
13 573
13 191
13 707
13 196
13 587
13 76
13 599
13 755
13 247
13 124
13 637
14 418
14 483
14 612
14 454
14 263
14 361
14 460
14 589
14 748
14 343
14 220
14 222
15 646
15 135
15 329
15 362
15 718
15 434
15 339
15 371
15 468
15 690
15 63
16 384
16 387
16 199
16 423
16 169
16 718
16 432
16 624
16 754
16 309
16 598
16 88
16 569
17 481
17 482
17 641
17 324
17 518
17 104
17 233
17 441
17 715
17 752
17 657
17 210
17 307
17 402
17 598
17 279
17 185
17 794
17 191
18 608
18 258
18 451
18 229
18 294
18 776
18 331
18 236
18 462
18 622
18 464
18 784
18 212
18 245
18 570
18 508
18 446
18 223
19 788
19 22
19 32
19 288
19 550
19 554
19 47
19 305
19 565
19 185
19 444
19 198
19 329
19 715
19 335
19 82
19 222
19 96
19 122
19 238
19 623
19 756
19 503
19 506
19 253
20 133
20 140
20 654
20 404
20 661
20 792
20 539
20 294
20 189
20 194
20 68
20 71
20 460
20 725
20 599
20 601
20 603
20 97
20 356
20 231
20 750
20 624
20 376
20 377
21 64
21 416
21 676
21 393
21 74
21 203
21 76
21 717
21 47
21 601
21 211
21 275
21 563
21 535
21 377
21 380
21 574
22 195
22 327
22 504
22 42
22 330
22 251
22 240
22 497
22 242
22 624
22 757
22 471
22 472
22 123
22 541
22 94
23 448
23 768
23 581
23 678
23 297
23 362
23 522
23 649
23 176
23 433
23 528
23 244
23 407
23 252
23 701
23 222
23 351
24 481
24 98
24 231
24 103
24 41
24 232
24 330
24 616
24 333
24 462
24 175
24 48
24 685
25 390
25 660
25 280
25 26
25 155
25 157
25 31
25 546
25 173
25 687
25 177
25 50
25 188
25 576
25 75
25 91
25 93
25 484
25 238
25 369
25 377
25 250
26 391
26 265
26 140
26 150
26 670
26 36
26 553
26 563
26 319
26 705
26 580
26 454
26 582
26 587
26 721
26 603
26 477
26 739
26 105
26 747
26 110
26 758
27 226
27 67
27 259
27 646
27 555
27 76
27 110
27 52
27 534
27 151
27 728
27 153
27 378
27 59
27 733
27 95
28 130
28 423
28 136
28 297
28 330
28 360
28 487
28 618
28 142
28 527
28 336
28 620
28 309
28 758
28 711
29 320
29 385
29 509
29 535
29 389
29 138
29 556
29 526
29 783
29 497
29 754
29 372
29 150
29 438
29 120
29 540
29 93
29 510
29 607
30 512
30 395
30 526
30 401
30 402
30 278
30 665
30 540
30 304
30 306
30 180
30 182
30 74
30 331
30 714
30 339
30 475
30 605
30 481
30 372
30 247
30 636
31 773
31 647
31 780
31 529
31 660
31 410
31 414
31 34
31 548
31 172
31 433
31 312
31 57
31 192
31 199
31 200
31 463
31 210
31 469
31 342
31 216
31 601
31 479
31 352
31 231
31 743
31 240
31 762
31 124
31 382
31 127
32 609
32 643
32 228
32 681
32 142
32 782
32 144
32 51
32 628
32 374
32 152
32 601
32 379
32 732
32 190
32 319
33 163
33 195
33 580
33 359
33 328
33 701
33 744
33 745
33 176
33 432
33 657
33 752
33 666
33 541
34 578
34 163
34 738
34 261
34 518
34 649
34 651
34 543
34 780
34 271
34 529
34 438
34 758
34 154
34 571
34 669
35 262
35 582
35 504
35 73
35 520
35 331
35 75
35 536
35 687
35 754
35 563
35 659
35 787
35 375
35 344
35 571
35 413
36 512
36 58
36 516
36 230
36 535
36 488
36 218
36 587
36 364
36 430
36 48
36 81
36 497
36 371
36 214
36 119
36 342
37 224
37 162
37 770
37 132
37 228
37 102
37 327
37 742
37 73
37 331
37 780
37 401
37 181
37 249
37 634
37 475
37 540
38 131
38 401
38 405
38 533
38 662
38 164
38 168
38 424
38 425
38 172
38 302
38 558
38 686
38 57
38 199
38 208
38 722
38 340
38 88
38 352
38 361
38 111
38 625
38 628
38 120
38 509
38 510
39 195
39 102
39 297
39 42
39 205
39 434
39 179
39 406
39 216
39 441
39 796
39 477
39 222
39 63
40 384
40 769
40 398
40 533
40 158
40 288
40 296
40 552
40 45
40 301
40 181
40 579
40 76
40 80
40 342
40 475
40 348
40 92
40 221
40 479
40 97
40 753
40 371
40 762
40 253
40 767
41 642
41 292
41 73
41 523
41 76
41 302
41 398
41 81
41 754
41 758
41 698
41 795
41 541
41 478
41 216
42 256
42 387
42 272
42 787
42 277
42 150
42 408
42 542
42 311
42 696
42 316
42 65
42 193
42 582
42 328
42 461
42 334
42 722
42 346
42 93
42 223
42 359
42 367
42 117
42 639
43 382
43 67
43 612
43 552
43 619
43 715
43 338
43 371
43 52
43 252
43 86
43 277
43 788
43 763
43 220
43 157
43 94
44 709
44 615
44 296
44 631
44 106
44 267
44 170
44 492
44 302
44 744
44 745
44 113
44 782
44 499
44 791
44 213
44 405
44 599
44 630
44 572
45 258
45 771
45 266
45 779
45 268
45 271
45 657
45 785
45 277
45 534
45 152
45 154
45 413
45 414
45 674
45 426
45 428
45 58
45 577
45 195
45 583
45 74
45 720
45 608
45 738
45 616
45 624
45 372
45 636
46 193
46 68
46 710
46 263
46 650
46 543
46 607
46 399
46 431
46 401
46 498
46 591
46 594
46 729
46 155
46 796
46 191
47 161
47 642
47 695
47 172
47 653
47 174
47 688
47 369
47 723
47 181
47 503
47 188
47 797
47 703
48 96
48 159
48 259
48 353
48 451
48 186
48 504
48 330
48 600
48 776
48 174
48 341
48 405
48 375
48 57
48 58
48 95
49 257
49 388
49 527
49 657
49 659
49 667
49 798
49 161
49 426
49 443
49 187
49 188
49 702
49 581
49 200
49 76
49 591
49 719
49 345
49 352
49 744
49 628
49 127
50 418
50 738
50 774
50 167
50 327
50 360
50 479
50 777
50 543
50 556
50 684
50 601
50 82
50 147
50 469
50 476
50 188
50 93
50 158
50 255
51 259
51 195
51 357
51 359
51 330
51 235
51 140
51 237
51 650
51 654
51 401
51 338
51 435
51 734
52 645
52 532
52 406
52 154
52 164
52 424
52 564
52 311
52 442
52 456
52 461
52 719
52 592
52 466
52 343
52 477
52 484
52 612
52 230
52 487
52 616
52 110
52 113
52 121
53 640
53 131
53 645
53 765
53 266
53 522
53 784
53 536
53 158
53 294
53 187
53 446
53 192
53 193
53 320
53 92
53 225
53 482
53 364
53 125
53 763
53 637
54 129
54 356
54 229
54 358
54 327
54 72
54 296
54 266
54 394
54 585
54 740
54 560
54 402
54 307
54 498
54 723
54 313
54 188
54 125
55 672
55 481
55 483
55 260
55 581
55 137
55 203
55 141
55 527
55 653
55 113
55 342
55 279
55 664
55 281
55 283
55 733
56 257
56 548
56 613
56 281
56 391
56 345
56 377
56 363
56 684
56 747
56 430
56 690
56 148
56 629
56 312
56 153
56 570
56 190
56 383
57 133
57 263
57 399
57 148
57 676
57 564
57 567
57 570
57 700
57 703
57 706
57 75
57 720
57 602
57 358
57 104
57 360
57 749
57 754
57 632
57 126
58 228
58 388
58 167
58 710
58 742
58 236
58 430
58 113
58 561
58 83
58 311
58 505
58 220
58 702
59 512
59 133
59 645
59 775
59 268
59 784
59 534
59 151
59 408
59 413
59 292
59 426
59 452
59 328
59 74
59 75
59 586
59 463
59 606
59 620
59 113
59 127
60 391
60 788
60 280
60 157
60 542
60 671
60 555
60 433
60 434
60 562
60 576
60 450
60 332
60 593
60 466
60 85
60 736
60 229
60 489
60 111
60 624
60 117
61 644
61 782
61 662
61 793
61 156
61 415
61 799
61 173
61 430
61 307
61 692
61 317
61 203
61 83
61 724
61 599
61 600
61 88
61 476
61 734
61 736
61 353
61 486
61 497
61 499
61 252
61 254
62 384
62 162
62 675
62 100
62 706
62 383
62 424
62 337
62 244
62 469
62 118
62 438
62 152
62 507
62 287
63 450
63 227
63 643
63 421
63 646
63 327
63 139
63 365
63 494
63 633
63 754
63 243
63 340
63 531
63 503
63 185
63 637
64 161
64 289
64 450
64 296
64 552
64 713
64 670
64 759
64 791
64 766
64 528
64 790
64 599
64 440
64 121
64 540
64 573
64 572
64 799
65 224
65 162
65 66
65 546
65 293
65 326
65 674
65 415
65 456
65 759
65 749
65 402
65 83
65 499
65 150
65 470
65 383
66 128
66 770
66 262
66 775
66 527
66 531
66 406
66 436
66 313
66 569
66 443
66 195
66 68
66 459
66 77
66 333
66 339
66 85
66 344
66 89
66 482
66 615
66 110
66 504
66 638
67 512
67 419
67 452
67 261
67 517
67 552
67 138
67 398
67 462
67 655
67 275
67 499
67 531
67 214
67 152
67 253
68 257
68 613
68 774
68 459
68 304
68 593
68 274
68 659
68 180
68 181
68 379
68 252
69 384
69 139
69 651
69 793
69 415
69 165
69 296
69 426
69 683
69 178
69 566
69 440
69 313
69 319
69 576
69 455
69 77
69 466
69 725
69 470
69 607
69 482
69 228
69 620
69 501
69 639
70 398
70 413
70 554
70 172
70 558
70 313
70 193
70 579
70 326
70 457
70 464
70 341
70 342
70 87
70 475
70 478
70 95
70 484
70 236
70 237
70 365
70 750
70 368
70 496
70 114
70 244
71 355
71 260
71 166
71 230
71 456
71 361
71 649
71 681
71 396
71 401
71 689
71 439
71 88
71 124
72 195
72 391
72 423
72 712
72 682
72 398
72 494
72 688
72 752
72 595
72 532
72 596
72 374
72 538
72 699
72 798
72 319
73 130
73 264
73 138
73 273
73 535
73 537
73 552
73 681
73 300
73 430
73 438
73 455
73 202
73 75
73 205
73 612
73 246
73 376
73 763
73 380
74 129
74 135
74 147
74 410
74 418
74 679
74 170
74 688
74 702
74 579
74 735
74 608
74 741
74 230
74 105
74 619
74 113
74 372
74 245
74 639
75 121
75 161
75 292
75 383
75 104
75 298
75 617
75 82
75 468
75 405
75 730
75 344
75 603
75 349
75 606
76 646
76 657
76 794
76 542
76 799
76 164
76 560
76 307
76 311
76 576
76 200
76 731
76 220
76 733
76 496
76 252
76 381
77 389
77 518
77 266
77 154
77 667
77 798
77 291
77 293
77 306
77 692
77 572
77 316
77 320
77 579
77 455
77 207
77 216
77 222
77 736
77 741
77 747
77 246
77 251
77 381
78 160
78 513
78 514
78 292
78 581
78 137
78 685
78 114
78 308
78 341
78 404
78 500
78 730
78 414
79 256
79 706
79 260
79 580
79 613
79 648
79 649
79 155
79 780
79 783
79 657
79 626
79 629
79 537
79 347
79 412
79 669
80 646
80 678
80 748
80 464
80 721
80 306
80 403
80 724
80 757
80 214
80 343
80 502
80 570
80 668
80 701
81 96
81 577
81 610
81 483
81 706
81 231
81 585
81 652
81 621
81 207
81 145
81 436
81 665
81 283
81 124
81 669
81 510
81 287
82 198
82 136
82 232
82 362
82 523
82 670
82 777
82 208
82 369
82 213
82 730
82 410
82 542
83 454
83 552
83 681
83 395
83 459
83 716
83 720
83 210
83 723
83 667
83 540
83 381
84 577
84 290
84 163
84 420
84 293
84 168
84 201
84 107
84 649
84 590
84 209
84 499
84 213
84 246
84 89
84 412
84 735
85 224
85 353
85 742
85 652
85 688
85 145
85 723
85 284
85 375
85 441
85 507
85 799
86 773
86 135
86 136
86 147
86 403
86 278
86 539
86 414
86 170
86 683
86 301
86 316
86 456
86 585
86 459
86 474
86 219
86 604
86 350
86 226
86 616
86 110
86 501
86 246
86 631
86 762
87 312
87 773
87 486
87 559
87 124
87 210
87 502
87 759
87 152
87 475
87 284
87 93
87 572
87 479
88 384
88 265
88 291
88 421
88 169
88 562
88 697
88 442
88 316
88 326
88 725
88 346
88 93
88 99
88 101
88 494
88 115
88 371
88 374
88 123
89 544
89 225
89 385
89 483
89 514
89 712
89 521
89 465
89 497
89 147
89 627
89 438
89 792
89 152
89 507
89 573
90 153
90 290
90 355
90 357
90 582
90 706
90 424
90 297
90 586
90 618
90 556
90 650
90 712
90 466
90 566
90 793
90 121
90 283
90 189
90 702
90 575
91 226
91 133
91 232
91 140
91 620
91 569
91 272
91 442
91 146
91 116
91 189
91 119
91 314
91 219
91 667
91 157
91 571
91 543
92 640
92 132
92 262
92 776
92 778
92 524
92 404
92 285
92 547
92 304
92 432
92 593
92 219
92 731
92 608
92 226
92 242
92 506
92 631
92 762
93 147
93 148
93 531
93 278
93 284
93 796
93 432
93 439
93 696
93 452
93 453
93 725
93 473
93 730
93 731
93 233
93 619
93 499
93 121
94 448
94 514
94 233
94 394
94 797
94 783
94 336
94 798
94 506
94 243
94 538
94 629
94 759
94 378
94 700
94 733
94 190
94 127
95 644
95 394
95 542
95 547
95 293
95 295
95 683
95 558
95 304
95 434
95 575
95 322
95 706
95 707
95 329
95 337
95 473
95 485
95 749
95 367
95 505
95 127
96 384
96 450
96 414
96 100
96 631
96 200
96 107
96 459
96 207
96 176
96 116
96 245
96 719
96 567
96 756
96 347
96 253
96 286
97 128
97 263
97 521
97 272
97 529
97 785
97 411
97 162
97 431
97 180
97 187
97 571
97 585
97 590
97 592
97 210
97 342
97 473
97 218
97 734
97 351
97 607
97 615
97 748
97 495
97 632
97 383
98 417
98 312
98 227
98 675
98 584
98 457
98 797
98 140
98 556
98 686
98 207
98 431
98 305
98 624
98 719
98 661
98 444
98 509
99 481
99 769
99 517
99 295
99 200
99 317
99 329
99 522
99 332
99 461
99 555
99 685
99 779
99 337
99 467
99 309
99 118
99 187
99 125
99 287
100 770
100 611
100 390
100 422
100 647
100 137
100 266
100 490
100 396
100 680
100 711
100 712
100 783
100 370
100 597
100 506
100 444
100 190
100 511
101 672
101 673
101 484
101 487
101 777
101 234
101 330
101 236
101 664
101 238
101 623
101 560
101 478
102 672
102 195
102 414
102 389
102 710
102 458
102 395
102 727
102 238
102 303
102 304
102 623
102 178
102 118
102 630
102 504
102 476
102 382
103 259
103 262
103 135
103 651
103 141
103 781
103 154
103 413
103 419
103 420
103 428
103 692
103 567
103 439
103 316
103 572
103 607
103 224
103 480
103 357
103 110
103 113
103 115
103 505
104 192
104 353
104 354
104 323
104 390
104 647
104 461
104 471
104 313
104 602
104 124
105 640
105 257
105 641
105 647
105 650
105 148
105 281
105 414
105 547
105 557
105 182
105 315
105 188
105 711
105 332
105 470
105 472
105 344
105 602
105 605
105 740
105 359
105 367
105 368
105 754
105 766
106 352
106 290
106 312
106 326
106 201
106 393
106 556
106 208
106 529
106 467
106 152
106 281
106 702
107 583
107 345
107 201
107 520
107 744
107 751
107 145
107 721
107 342
107 793
107 600
107 121
107 314
107 412
107 543
108 705
108 706
108 676
108 198
108 281
108 552
108 710
108 650
108 743
108 719
108 690
108 244
108 502
108 311
108 472
108 185
108 220
109 585
109 154
109 693
109 557
109 583
110 417
110 418
110 535
110 705
110 635
110 426
110 139
110 652
110 464
110 243
110 563
110 503
110 217
110 349
110 254
111 128
111 774
111 401
111 405
111 152
111 538
111 156
111 298
111 301
111 305
111 306
111 190
111 587
111 205
111 731
111 224
111 611
111 230
111 235
111 365
111 367
111 374
111 249
112 288
112 225
112 449
112 480
112 676
112 669
112 678
112 396
112 366
112 462
112 336
112 689
112 242
112 339
112 340
112 181
112 342
112 218
112 157
112 799
113 257
113 389
113 646
113 145
113 404
113 277
113 406
113 282
113 538
113 671
113 553
113 429
113 184
113 447
113 210
113 595
113 212
113 358
113 233
113 617
113 246
113 504
113 767
114 268
114 781
114 782
114 536
114 160
114 417
114 684
114 175
114 687
114 182
114 443
114 576
114 324
114 453
114 455
114 708
114 338
114 477
114 362
114 237
114 499
115 264
115 521
115 787
115 407
115 293
115 551
115 299
115 174
115 430
115 434
115 446
115 331
115 460
115 206
115 462
115 208
115 342
115 229
115 750
115 627
115 636
115 637
116 289
116 319
116 517
116 487
116 797
116 491
116 300
116 396
116 720
116 339
116 628
116 469
116 250
116 412
116 157
116 191
117 224
117 324
117 229
117 423
117 204
117 206
117 142
117 304
117 531
117 724
118 796
118 428
118 691
118 181
118 186
118 191
118 577
118 198
118 456
118 591
118 213
118 356
118 483
118 740
118 234
118 630
118 124
118 125
118 383
119 576
119 161
119 130
119 669
119 138
119 300
119 346
119 788
119 630
119 279
119 314
119 796
119 221
119 763
120 224
120 129
120 261
120 295
120 328
120 581
120 584
120 267
120 491
120 648
120 462
120 558
120 733
120 784
120 438
120 567
120 409
120 315
120 252
121 395
121 524
121 141
121 424
121 684
121 301
121 306
121 190
121 321
121 199
121 462
121 208
121 347
121 220
121 229
121 746
121 244
121 125
122 323
122 637
122 773
122 711
122 733
122 521
122 171
122 619
122 686
122 559
122 241
122 633
122 628
122 755
122 182
122 632
122 153
122 506
122 763
122 573
123 260
123 644
123 135
123 393
123 787
123 428
123 685
123 558
123 176
123 432
123 307
123 184
123 442
123 698
123 346
123 348
123 221
123 231
123 491
123 626
123 631
123 635
123 254
124 514
124 144
124 422
124 692
124 699
124 703
124 324
124 712
124 716
124 461
124 463
124 470
124 367
124 504
124 125
125 769
125 131
125 407
125 667
125 799
125 294
125 425
125 426
125 559
125 314
125 455
125 463
125 208
125 357
125 498
125 627
125 501
125 507
125 380
126 161
126 226
126 133
126 422
126 423
126 649
126 140
126 686
126 495
126 720
126 798
126 146
126 307
126 402
126 725
126 214
126 346
126 508
126 350
126 159
127 577
127 292
127 229
127 300
127 314
127 462
127 303
127 656
127 498
127 695
127 504
127 633
127 218
128 785
128 658
128 532
128 288
128 553
128 170
128 435
128 183
128 584
128 215
128 343
128 732
128 479
128 234
128 747
128 368
128 624
128 248
128 636
129 576
129 672
129 312
129 230
129 614
129 710
129 651
129 205
129 798
129 145
129 437
129 572
129 157
129 670
130 384
130 782
130 143
130 786
130 276
130 660
130 414
130 681
130 305
130 440
130 319
130 202
130 590
130 210
130 603
130 347
130 354
130 613
130 358
130 511
131 509
131 387
131 582
131 614
131 489
131 205
131 333
131 782
131 304
131 369
131 561
131 506
131 636
131 446
132 546
132 708
132 759
132 173
132 750
132 207
132 528
132 781
132 533
132 439
132 443
132 221
132 319
133 517
133 646
133 139
133 784
133 532
133 157
133 672
133 417
133 555
133 573
133 199
133 207
133 721
133 348
133 479
133 625
133 380
134 266
134 780
134 270
134 781
134 274
134 279
134 282
134 671
134 558
134 180
134 311
134 603
134 742
134 748
134 240
134 501
134 761
134 381
135 292
135 635
135 489
135 176
135 211
135 404
135 629
135 150
135 286
135 703
136 353
136 518
136 458
136 236
136 396
136 142
136 607
136 684
136 371
136 435
136 722
136 183
136 504
136 250
136 543
137 248
137 771
137 388
137 599
137 678
137 232
137 329
137 679
137 396
137 173
137 463
137 655
137 152
137 793
137 156
137 606
138 262
138 650
138 269
138 654
138 660
138 670
138 672
138 545
138 552
138 699
138 188
138 323
138 456
138 597
138 745
138 502
138 635
139 770
139 142
139 403
139 414
139 671
139 291
139 682
139 685
139 561
139 434
139 331
139 591
139 597
139 605
139 735
139 738
139 356
139 364
139 378
139 241
139 369
139 757
139 634
139 509
140 324
140 453
140 581
140 645
140 186
140 680
140 554
140 172
140 314
140 590
140 239
140 336
140 684
140 692
140 787
141 352
141 354
141 503
141 676
141 293
141 518
141 695
141 266
141 522
141 333
141 621
141 592
141 147
141 440
141 602
141 219
141 511
142 519
142 269
142 144
142 408
142 539
142 547
142 678
142 177
142 702
142 208
142 725
142 344
142 475
142 229
142 233
142 625
142 245
142 505
142 636
143 417
143 483
143 484
143 547
143 518
143 550
143 645
143 649
143 749
143 367
143 784
143 402
143 470
143 631
143 409
143 381
143 766
144 257
144 226
144 547
144 764
144 709
144 454
144 679
144 797
144 592
144 210
144 788
144 284
144 598
144 791
144 408
144 381
144 766
144 287
145 514
145 642
145 167
145 638
145 207
145 624
145 305
145 308
145 406
145 792
145 478
146 736
146 449
146 452
146 485
146 645
146 519
146 360
146 297
146 522
146 638
146 525
146 432
146 405
146 504
147 387
147 392
147 656
147 784
147 798
147 287
147 170
147 171
147 561
147 700
147 189
147 587
147 218
147 733
147 353
147 740
147 496
148 480
148 439
148 264
148 617
148 648
148 680
148 304
148 624
148 689
148 724
148 533
148 406
148 215
148 730
148 478
149 768
149 641
149 527
149 789
149 283
149 161
149 425
149 173
149 558
149 181
149 191
149 707
149 709
149 338
149 341
149 605
149 483
149 230
149 496
149 499
149 500
149 501
149 503
149 252
150 769
150 579
150 611
150 391
150 169
150 235
150 330
150 394
150 489
150 648
150 560
150 629
150 151
150 697
150 413
151 289
151 162
151 322
151 354
151 421
151 296
151 600
151 285
152 651
152 788
152 157
152 679
152 428
152 567
152 698
152 328
152 458
152 718
152 734
152 738
152 244
152 376
153 160
153 280
153 482
153 706
153 164
153 709
153 391
153 679
153 769
153 458
153 205
153 270
153 531
153 534
153 631
153 700
154 514
154 293
154 427
154 619
154 176
154 397
154 594
154 379
154 623
154 683
154 718
154 751
154 784
154 251
154 573
155 256
155 387
155 389
155 517
155 264
155 277
155 408
155 664
155 665
155 794
155 160
155 297
155 572
155 189
155 580
155 458
155 590
155 596
155 474
155 475
155 224
155 737
155 363
155 381
155 255
156 672
156 226
156 197
156 775
156 393
156 238
156 528
156 558
156 561
156 211
156 564
156 724
156 283
157 641
157 518
157 394
157 522
157 783
157 528
157 539
157 176
157 318
157 577
157 196
157 586
157 358
157 362
157 491
157 622
158 771
158 522
158 526
158 799
158 547
158 168
158 172
158 557
158 691
158 188
158 587
158 593
158 212
158 598
158 601
158 348
158 746
158 749
158 239
158 247
158 255
159 407
159 439
159 545
159 259
159 323
159 580
159 676
159 769
159 778
159 203
159 555
159 173
159 719
159 592
159 657
159 215
159 314
160 164
160 644
160 519
160 682
160 588
160 652
160 239
160 751
160 315
160 242
160 307
160 402
160 403
160 564
160 476
160 381
161 526
161 528
161 658
161 283
161 677
161 429
161 686
161 687
161 319
161 209
161 473
161 729
161 504
161 511
162 414
162 548
162 675
162 676
162 744
162 266
162 174
162 497
162 243
162 500
162 761
162 603
162 540
162 763
163 419
163 196
163 453
163 644
163 200
163 364
163 492
163 462
163 463
163 655
163 633
163 687
163 753
163 501
163 279
163 632
163 441
164 512
164 263
164 458
164 522
164 554
164 494
164 620
164 632
164 688
164 243
164 212
164 216
164 795
164 253
164 318
164 575
165 772
165 390
165 487
165 648
165 652
165 271
165 623
165 241
165 274
165 752
165 785
165 283
165 252
165 511
166 354
166 293
166 408
166 487
166 741
166 650
166 171
166 749
166 206
166 628
166 598
166 727
166 184
166 346
166 476
166 605
167 259
167 517
167 545
167 683
167 566
167 184
167 708
167 719
167 723
167 599
167 730
167 477
167 349
167 735
167 482
167 616
167 361
167 495
167 246
167 636
167 765
168 449
168 643
168 574
168 425
168 617
168 523
168 791
168 626
168 244
168 663
168 664
168 762
168 539
169 512
169 404
169 413
169 286
169 418
169 683
169 443
169 444
169 454
169 201
169 586
169 471
169 350
169 735
169 484
169 617
169 495
169 374
170 439
170 356
170 581
170 553
170 715
170 462
170 335
170 272
170 400
170 495
170 467
170 343
170 412
170 382
170 479
171 355
171 709
171 488
171 711
171 650
171 336
171 400
171 596
171 218
171 539
171 573
171 318
171 703
172 513
172 646
172 271
172 272
172 280
172 667
172 413
172 420
172 181
172 699
172 706
172 330
172 207
172 732
172 605
172 221
172 486
172 232
172 236
173 249
173 358
173 486
173 517
173 361
173 364
173 333
173 409
173 430
173 650
173 708
173 747
173 244
173 507
174 524
174 657
174 533
174 419
174 426
174 688
174 182
174 442
174 315
174 706
174 581
174 203
174 205
174 466
174 607
174 233
174 623
174 373
174 379
175 772
175 394
175 790
175 282
175 543
175 420
175 676
175 306
175 564
175 696
175 315
175 460
175 342
175 470
175 728
175 474
175 486
175 362
175 239
175 631
175 249
176 645
176 262
176 266
176 399
176 655
176 535
176 546
176 295
176 573
176 703
176 453
176 581
176 709
176 710
176 464
176 217
176 479
176 223
176 616
176 635
176 626
176 250
177 471
177 579
177 739
177 772
177 669
177 519
177 702
177 239
177 633
177 594
177 660
177 407
177 539
177 311
177 571
178 578
178 484
178 228
178 456
178 581
178 523
178 783
178 368
178 753
178 565
178 632
178 634
178 798
179 261
179 295
179 391
179 585
179 709
179 765
179 239
179 336
179 783
179 722
179 435
179 564
179 665
179 411
179 285
179 223
180 384
180 776
180 781
180 538
180 692
180 319
180 321
180 451
180 199
180 204
180 588
180 467
180 596
180 605
180 734
180 483
180 362
180 751
180 253
180 254
181 387
181 775
181 431
181 442
181 445
181 574
181 449
181 589
181 467
181 469
181 473
181 237
181 624
181 760
181 636
181 255
182 642
182 520
182 394
182 659
182 533
182 543
182 416
182 420
182 428
182 199
182 204
182 205
182 335
182 731
182 608
182 737
182 485
182 231
182 489
182 365
182 623
182 753
183 578
183 675
183 327
183 488
183 521
183 670
183 300
183 712
183 783
183 368
183 212
183 534
183 407
183 377
183 764
183 669
183 574
183 511
184 640
184 641
184 769
184 260
184 523
184 396
184 406
184 664
184 289
184 422
184 569
184 702
184 709
184 590
184 247
184 476
184 483
184 493
184 631
184 504
184 379
185 519
185 265
185 783
185 401
185 790
185 664
185 793
185 542
185 294
185 424
185 443
185 336
185 337
185 215
185 358
185 614
185 615
185 373
185 247
186 706
186 647
186 555
186 219
186 496
186 594
186 756
186 245
186 726
186 761
186 187
186 511
187 384
187 386
187 519
187 779
187 396
187 782
187 792
187 677
187 433
187 445
187 318
187 325
187 328
187 342
187 471
187 353
187 358
187 616
187 497
187 378
187 763
188 256
188 392
188 651
188 533
188 280
188 707
188 202
188 333
188 468
188 600
188 221
188 230
188 624
188 502
188 503
189 736
189 545
189 609
189 771
189 521
189 759
189 493
189 251
189 283
189 469
189 790
189 727
189 472
189 345
189 447
190 458
190 684
190 240
190 271
190 735
190 436
190 309
190 731
190 703
191 386
191 651
191 524
191 270
191 654
191 280
191 545
191 674
191 552
191 684
191 301
191 588
191 719
191 215
191 731
191 735
191 352
191 355
191 231
191 233
191 632
192 288
192 289
192 326
192 393
192 235
192 766
192 335
192 782
192 466
192 691
192 500
192 279
192 569
192 542
193 324
193 550
193 678
193 521
193 651
193 236
193 782
193 273
193 210
193 466
193 279
193 412
193 797
193 447
194 769
194 744
194 297
194 234
194 568
194 618
194 780
194 654
194 791
194 275
194 693
194 502
194 247
194 344
194 409
194 411
194 701
195 266
195 394
195 523
195 524
195 530
195 297
195 685
195 310
195 197
195 582
195 728
195 346
195 475
195 223
195 738
195 367
195 752
195 631
195 377
195 765
196 737
196 386
196 772
196 425
196 366
196 367
196 272
196 399
196 717
196 720
196 787
196 246
196 376
196 793
196 443
196 383
197 389
197 262
197 488
197 335
197 625
197 402
197 724
197 597
197 663
197 571
197 570
197 475
197 765
197 511
198 320
198 353
198 414
198 551
198 680
198 638
198 397
198 623
198 369
198 242
198 593
198 600
198 795
198 220
198 509
198 254
199 261
199 710
199 537
199 633
199 403
199 789
199 662
199 667
199 285
200 673
200 359
200 392
200 329
200 332
200 558
200 729
200 601
201 579
201 394
201 301
201 460
201 462
201 765
201 497
201 536
201 252
201 221
202 388
202 773
202 742
202 551
202 362
202 491
202 617
202 461
202 430
202 752
202 561
202 530
202 406
202 535
202 410
202 763
202 220
202 509
203 353
203 514
203 259
203 292
203 451
203 452
203 548
203 584
203 233
203 431
203 623
203 497
204 353
204 578
204 230
204 459
204 365
204 274
204 310
204 472
204 532
204 729
204 251
204 788
204 731
204 223
205 256
205 471
205 503
205 400
205 622
205 438
205 534
206 672
206 258
206 226
206 708
206 701
206 616
206 396
206 620
206 430
206 782
206 369
206 563
206 472
206 539
206 381
207 385
207 641
207 654
207 273
207 670
207 799
207 552
207 432
207 564
207 310
207 571
207 699
207 320
207 578
207 238
207 366
207 628
208 546
208 706
208 235
208 589
208 621
208 760
208 401
208 466
208 341
208 689
208 248
208 443
208 606
209 322
209 386
209 387
209 514
209 546
209 669
209 393
209 508
209 750
209 721
209 753
209 630
209 635
209 476
209 285
209 382
210 388
210 261
210 650
210 662
210 670
210 673
210 468
210 470
210 360
210 492
210 499
210 249
210 506
210 381
211 296
211 425
211 777
211 557
211 271
211 591
211 563
211 436
211 445
212 353
212 322
212 419
212 451
212 705
212 300
212 524
212 752
212 241
212 625
212 691
212 761
212 251
212 383
213 352
213 795
213 327
213 794
213 298
213 618
213 333
213 749
213 780
213 691
213 693
213 311
213 698
213 697
213 314
213 251
213 446
214 323
214 324
214 295
214 516
214 521
214 707
214 299
214 491
214 651
214 734
214 239
214 624
214 752
214 691
214 376
214 796
215 676
215 581
215 294
215 422
215 773
215 569
215 726
215 727
215 443
216 355
216 739
216 616
216 266
216 394
216 236
216 301
216 271
216 240
216 461
216 522
216 653
216 686
216 714
217 516
217 772
217 774
217 615
217 265
217 234
217 686
217 751
217 247
217 282
217 668
217 798
218 353
218 641
218 612
218 676
218 700
218 265
218 719
218 304
218 434
218 593
218 754
218 664
218 506
218 507
218 572
219 384
219 513
219 514
219 392
219 667
219 285
219 292
219 305
219 437
219 699
219 587
219 594
219 472
219 489
219 362
219 369
219 497
220 312
220 613
220 678
220 425
220 234
220 267
220 655
220 781
220 499
220 535
220 280
220 251
221 526
221 784
221 786
221 404
221 795
221 544
221 674
221 562
221 311
221 327
221 736
221 231
221 233
221 625
221 245
222 672
222 742
222 648
222 361
222 556
222 655
222 664
222 500
222 245
222 408
222 315
222 701
222 607
223 771
223 644
223 270
223 539
223 412
223 423
223 301
223 325
223 468
223 596
223 472
223 483
223 616
223 489
223 239
223 624
223 753
223 754
224 448
224 280
224 514
224 641
224 261
224 517
224 707
224 234
224 459
224 368
224 245
224 538
224 799
225 320
225 609
225 226
225 482
225 741
225 518
225 295
225 646
225 362
225 684
225 461
225 273
225 625
225 787
225 442
225 445
225 766
226 517
226 518
226 525
226 789
226 411
226 552
226 555
226 685
226 445
226 599
226 470
226 509
227 391
227 775
227 489
227 461
227 525
227 723
227 502
227 790
227 313
227 733
228 515
228 389
228 421
228 457
228 587
228 271
228 661
228 697
228 349
228 286
229 523
229 406
229 415
229 549
229 301
229 310
229 316
229 333
229 607
229 355
229 623
229 245
229 764
229 509
230 258
230 514
230 642
230 393
230 272
230 658
230 789
230 538
230 550
230 454
230 328
230 719
230 337
230 348
230 362
230 493
230 502
230 375
230 253
231 577
231 535
231 394
231 395
231 632
231 653
231 431
231 723
231 309
231 246
231 313
231 372
231 254
232 256
232 515
232 472
232 616
232 682
232 235
232 493
232 667
232 623
232 746
232 783
232 533
232 508
232 766
233 645
233 262
233 393
233 274
233 401
233 403
233 787
233 668
233 285
233 547
233 675
233 691
233 698
233 316
233 317
233 334
233 336
233 724
233 730
233 620
233 751
233 756
234 323
234 546
234 742
234 391
234 615
234 425
234 683
234 300
234 620
234 782
234 564
234 309
234 250
234 730
235 657
235 788
235 406
235 549
235 433
235 438
235 694
235 324
235 584
235 726
235 345
235 351
235 364
235 494
235 622
235 371
235 501
235 630
236 578
236 376
236 421
236 487
236 567
236 583
236 660
236 246
236 247
236 793
236 383
237 257
237 321
237 706
237 357
237 744
237 773
237 426
237 715
237 784
237 694
237 726
237 377
237 603
237 284
237 797
238 387
238 274
238 786
238 409
238 665
238 666
238 542
238 300
238 440
238 314
238 705
238 581
238 584
238 590
238 472
238 606
238 745
238 252
238 628
238 508
239 677
239 716
239 367
239 657
239 735
239 598
239 632
239 346
240 772
240 646
240 274
240 535
240 409
240 426
240 303
240 447
240 325
240 456
240 596
240 347
240 348
240 620
240 626
240 376
240 254
241 482
241 551
241 456
241 361
241 458
241 621
241 686
241 783
241 496
241 275
241 473
241 764
242 512
242 446
242 294
242 363
242 300
242 429
242 728
242 505
242 250
242 253
242 318
243 384
243 772
243 273
243 278
243 406
243 791
243 289
243 682
243 314
243 574
243 456
243 584
243 330
243 607
243 616
243 364
243 502
243 764
244 768
244 523
244 784
244 279
244 796
244 291
244 684
244 705
244 586
244 344
244 477
244 500
244 763
244 767
245 263
245 391
245 776
245 660
245 533
245 664
245 538
245 414
245 302
245 313
245 697
245 458
245 359
245 367
245 371
245 378
246 407
246 609
246 482
246 355
246 325
246 264
246 424
246 498
246 311
246 537
247 672
247 385
247 382
247 741
247 772
247 296
247 399
247 623
247 467
247 340
247 437
247 761
247 317
248 324
248 587
248 557
248 590
248 434
248 722
248 568
248 698
248 767
249 481
249 612
249 708
249 649
249 618
249 664
249 304
249 625
249 406
249 568
249 345
249 603
249 539
250 417
250 673
250 487
250 377
250 712
250 620
250 367
250 496
250 596
250 795
250 669
250 383
251 646
251 651
251 526
251 656
251 279
251 539
251 285
251 428
251 561
251 333
251 590
251 474
251 730
251 354
251 617
251 490
252 400
252 276
252 534
252 429
252 695
252 577
252 600
252 741
252 486
252 614
252 623
252 627
253 480
253 514
253 361
253 334
253 623
253 756
253 603
253 541
253 798
254 295
254 488
254 521
254 427
254 550
254 776
254 559
254 528
254 778
254 563
254 535
254 698
254 763
255 736
255 642
255 676
255 421
255 334
255 465
255 275
255 371
255 436
255 498
255 793
255 505
255 316
256 608
256 325
256 357
256 360
256 713
256 268
256 364
256 368
256 461
256 559
256 627
256 728
257 610
257 357
257 390
257 455
257 403
257 315
258 771
258 388
258 391
258 267
258 541
258 286
258 415
258 546
258 425
258 436
258 310
258 439
258 699
258 453
258 329
258 588
258 724
258 726
258 352
258 353
258 745
258 365
258 766
258 511
259 357
259 383
259 479
259 511
259 663
259 774
259 433
259 310
259 503
259 569
259 348
259 318
260 548
260 616
260 649
260 555
260 656
260 657
260 690
260 693
260 412
260 414
260 604
261 451
261 264
261 456
261 519
261 521
261 745
261 333
261 304
261 433
261 405
261 565
261 630
261 381
261 735
262 677
262 265
262 367
262 787
262 349
262 572
263 773
263 776
263 531
263 662
263 293
263 424
263 427
263 428
263 559
263 314
263 454
263 343
263 731
263 481
263 609
263 509
264 485
264 456
264 587
264 335
264 655
264 466
264 690
264 662
264 755
264 732
265 472
265 550
265 585
265 776
265 467
265 692
265 725
265 788
265 789
265 765
265 510
265 767
266 650
266 537
266 538
266 539
266 670
266 290
266 431
266 311
266 442
266 316
266 612
266 756
267 673
267 706
267 764
267 677
267 647
267 617
267 683
267 269
267 476
267 540
267 446
267 639
268 546
268 420
268 390
268 714
268 302
268 589
268 336
268 657
268 275
268 309
268 342
268 380
268 382
269 290
269 390
269 583
269 296
269 457
269 714
269 429
269 774
269 777
269 305
269 402
269 779
269 501
269 664
269 478
270 544
270 421
270 517
270 488
270 329
270 555
270 432
270 793
270 696
270 475
270 637
271 672
271 536
271 523
271 333
271 620
271 716
271 747
271 409
271 479
272 527
272 528
272 659
272 283
272 682
272 306
272 314
272 701
272 707
272 580
272 358
272 623
272 496
272 626
272 632
272 510
273 450
273 421
273 515
273 546
273 548
273 365
273 495
273 465
273 593
273 436
273 277
273 467
273 440
273 730
273 506
274 640
274 764
274 526
274 531
274 798
274 551
274 681
274 298
274 304
274 310
274 587
274 591
274 719
274 343
274 731
274 759
274 375
274 507
274 636
275 780
275 539
275 677
275 295
275 320
275 577
275 578
275 583
275 586
275 590
275 341
275 600
275 476
275 363
275 751
275 762
275 507
275 637
276 416
276 705
276 290
276 771
276 550
276 646
276 776
276 713
276 759
276 429
276 752
276 465
276 434
276 789
276 790
276 471
276 440
277 640
277 332
277 399
277 464
277 403
277 500
277 729
278 324
278 613
278 710
278 561
278 564
278 595
278 627
278 788
278 799
278 346
278 603
278 607
279 770
279 520
279 522
279 653
279 545
279 676
279 316
279 705
279 582
279 584
279 604
279 610
279 614
279 503
279 637
280 356
280 327
280 621
280 305
280 660
280 597
280 694
280 311
280 757
280 792
280 476
280 701
281 382
281 510
281 521
281 682
281 780
281 691
281 404
281 474
281 636
281 286
282 577
282 391
282 360
282 599
282 556
282 560
282 751
282 788
282 662
282 375
282 600
282 542
283 774
283 655
283 657
283 558
283 310
283 695
283 575
283 584
283 348
283 605
283 606
283 614
283 743
283 748
283 368
284 547
284 581
284 614
284 360
284 458
284 616
284 492
284 557
284 401
284 659
284 309
285 513
285 516
285 485
285 774
285 329
285 777
285 696
285 788
285 380
286 769
286 611
286 377
286 363
286 670
286 777
286 624
286 341
286 598
286 378
286 318
286 543
287 449
287 610
287 708
287 773
287 358
287 391
287 650
287 555
287 653
287 766
287 591
287 752
287 534
287 697
287 603
287 412
288 514
288 523
288 668
288 291
288 574
288 702
288 322
288 453
288 331
288 342
288 603
288 354
288 356
288 357
288 489
288 621
288 634
288 639
289 321
289 418
289 546
289 680
289 777
289 568
289 632
289 304
289 438
290 449
290 292
290 631
290 488
290 734
290 528
290 498
290 435
290 661
290 503
290 690
290 796
290 382
290 415
291 608
291 708
291 681
291 618
291 395
291 460
291 526
291 720
291 401
291 725
291 763
291 542
292 417
292 418
292 423
292 365
292 494
292 337
292 533
292 503
292 441
293 404
293 538
293 411
293 798
293 684
293 309
293 707
293 466
293 734
293 368
293 369
293 496
293 503
293 378
294 577
294 612
294 329
294 489
294 683
294 777
294 467
294 760
294 348
294 383
295 672
295 419
295 745
295 620
295 622
295 752
295 531
295 374
295 633
295 758
295 794
296 647
296 521
296 528
296 657
296 429
296 433
296 561
296 336
296 348
296 355
296 612
296 753
296 509
297 353
297 449
297 483
297 362
297 555
297 314
297 618
297 750
297 778
297 474
297 472
297 671
298 643
298 400
298 424
298 565
298 440
298 446
298 321
298 453
298 711
298 714
298 334
298 590
298 592
298 471
298 605
298 626
298 381
298 637
298 382
299 355
299 773
299 599
299 744
299 394
299 692
299 374
299 762
299 350
300 650
300 778
300 657
300 786
300 660
300 694
300 316
300 317
300 320
300 449
300 582
300 328
300 329
300 718
300 719
300 344
300 474
300 349
301 416
301 312
301 646
301 520
301 491
301 649
301 753
301 434
301 757
302 581
302 710
302 616
302 601
302 688
302 309
302 693
302 569
302 698
302 444
303 545
303 548
303 543
303 429
303 657
303 406
303 662
303 760
303 314
303 475
304 322
304 609
304 604
304 717
304 657
304 340
304 317
305 775
305 520
305 787
305 415
305 547
305 553
305 452
305 708
305 468
305 732
305 606
305 610
305 613
305 763
305 764
305 381
306 512
306 546
306 355
306 329
306 618
306 332
306 531
306 340
306 559
306 722
306 788
306 795
307 674
307 542
307 617
307 713
307 428
307 688
307 699
307 311
307 761
307 474
307 796
307 479
308 483
308 548
308 487
308 488
308 504
308 461
308 728
308 368
308 657
308 753
308 406
308 791
308 408
308 635
308 381
309 640
309 526
309 403
309 534
309 414
309 671
309 798
309 437
309 567
309 327
309 600
309 741
309 492
309 755
309 504
309 509
310 776
310 656
310 403
310 787
310 420
310 680
310 683
310 697
310 320
310 448
310 713
310 587
310 600
310 498
310 626
310 765
310 766
310 767
311 522
311 780
311 789
311 797
311 675
311 572
311 576
311 326
311 583
311 713
311 333
311 464
311 720
311 356
311 616
311 366
311 757
311 502
311 508
311 766
312 451
312 705
312 389
312 739
312 648
312 553
312 651
312 466
312 409
312 378
312 798
313 673
313 454
313 585
313 491
313 716
313 654
313 399
313 694
313 381
314 647
314 538
314 667
314 670
314 415
314 544
314 687
314 442
314 581
314 714
314 593
314 731
314 607
314 352
314 742
314 360
314 361
314 623
314 369
315 608
315 388
315 613
315 677
315 542
315 592
315 465
315 688
315 722
315 798
315 796
316 396
316 783
316 667
316 438
316 322
316 466
316 340
316 599
316 356
316 615
316 379
316 506
316 507
316 508
317 439
317 389
317 358
317 683
317 667
317 784
317 726
317 539
317 444
318 513
318 770
318 411
318 670
318 691
318 565
318 693
318 439
318 607
318 613
318 751
318 377
318 636
318 511
319 762
319 742
319 774
319 650
319 621
319 474
319 658
319 595
319 376
319 793
319 732
320 512
320 455
320 647
320 587
320 368
320 591
320 498
320 624
320 759
321 773
321 394
321 534
321 538
321 674
321 551
321 707
321 582
321 328
321 332
321 588
321 593
321 339
321 605
321 357
321 746
321 491
322 608
322 641
322 503
322 356
322 391
322 424
322 615
322 493
322 338
322 437
322 598
322 605
323 708
323 695
323 333
323 334
323 718
323 402
323 434
323 436
323 375
323 793
323 638
324 700
324 485
324 423
324 589
324 750
325 673
325 674
325 446
325 393
325 426
325 670
325 657
325 466
325 671
325 340
325 755
325 726
325 790
325 701
325 350
326 641
326 771
326 708
326 408
326 472
326 614
326 622
326 719
326 689
326 594
326 659
326 660
326 502
326 603
327 451
327 516
327 618
327 430
327 699
328 736
328 741
328 536
328 686
328 753
328 338
328 531
328 786
328 375
329 384
329 786
329 538
329 545
329 713
329 337
329 757
329 765
329 383
330 770
330 387
330 794
330 670
330 798
330 680
330 682
330 683
330 557
330 562
330 566
330 568
330 443
330 447
330 602
330 616
330 745
330 747
330 493
330 371
331 478
331 359
331 616
331 491
331 670
331 655
331 337
331 370
331 405
331 433
331 345
331 572
331 447
332 393
332 394
332 428
332 520
332 714
332 721
332 531
332 696
332 794
332 701
333 658
333 411
333 427
333 570
333 442
333 709
333 585
333 717
333 739
333 489
333 493
333 501
334 416
334 578
334 618
334 365
334 722
334 373
334 469
334 439
334 661
334 473
334 761
335 357
335 782
335 505
335 506
335 797
335 730
336 386
336 446
336 583
336 714
336 400
336 570
336 691
336 724
336 631
336 474
337 779
337 667
337 412
337 678
337 697
337 570
337 447
337 711
337 716
337 481
337 359
337 381
337 382
337 383
338 640
338 449
338 414
338 487
338 583
338 647
338 777
338 596
338 409
338 507
338 348
338 382
339 355
339 382
339 414
339 446
339 645
339 616
339 710
339 556
339 786
339 371
339 348
339 381
340 544
340 451
340 732
340 567
340 392
340 615
340 616
340 587
340 651
340 680
340 721
340 629
340 345
341 512
341 514
341 644
341 682
341 459
341 575
341 799
341 759
341 376
341 447
342 644
342 403
342 532
342 663
342 566
342 695
342 443
342 457
342 722
342 355
342 742
342 745
342 369
342 757
342 635
343 544
343 354
343 608
343 522
343 364
343 653
343 746
343 474
343 443
343 605
344 793
344 794
344 541
344 797
344 422
344 577
344 579
344 582
344 463
344 355
344 490
344 364
344 366
344 374
344 375
345 778
345 653
345 790
345 665
345 547
345 677
345 681
345 683
345 684
345 433
345 564
345 449
345 471
345 481
345 758
345 375
345 766
346 737
346 549
346 519
346 631
346 564
346 533
346 534
346 693
346 445
346 511
347 451
347 678
347 359
347 424
347 466
347 372
347 404
347 596
347 375
347 729
347 790
347 639
348 616
348 774
348 398
348 463
348 787
348 631
349 352
349 417
349 357
349 679
349 776
349 376
349 443
349 702
350 382
350 603
350 677
350 519
350 554
350 588
350 557
350 617
350 559
350 651
350 411
350 469
350 692
350 570
350 379
351 707
351 644
351 423
351 361
351 716
351 397
351 526
351 497
351 721
351 722
351 753
351 474
352 542
352 521
352 490
352 747
352 431
352 784
352 691
352 564
352 793
352 478
353 534
353 667
353 669
353 675
353 680
353 436
353 437
353 457
353 715
353 724
353 360
353 751
353 631
353 639
354 739
354 567
354 645
354 648
354 362
354 556
354 368
354 372
354 539
354 570
354 607
355 512
355 394
355 651
355 778
355 658
355 660
355 413
355 426
355 687
355 588
355 614
355 360
355 498
356 515
356 661
356 672
356 425
356 439
356 699
356 445
356 705
356 709
356 490
357 386
357 772
357 401
357 531
357 671
357 685
357 564
357 439
357 440
357 446
357 500
357 375
357 636
358 387
358 413
358 416
358 431
358 559
358 439
358 702
358 452
358 583
358 590
358 476
358 743
358 617
358 496
358 506
359 480
359 385
359 579
359 641
359 517
359 736
359 456
359 366
359 497
359 469
359 639
360 649
360 650
360 421
360 557
360 715
360 588
360 461
360 469
360 726
360 489
361 545
361 482
361 510
361 552
361 647
361 543
361 399
361 590
361 666
362 386
362 669
362 392
362 719
362 571
363 738
363 772
363 717
363 751
363 436
363 787
363 789
363 663
363 765
364 513
364 393
364 671
364 437
364 586
364 591
364 725
364 367
364 504
364 377
364 764
364 382
365 704
365 768
365 547
365 615
365 432
365 526
365 687
365 660
365 759
365 637
366 611
366 424
366 777
366 367
366 469
366 375
367 650
367 413
367 565
367 575
367 719
367 469
367 601
367 607
367 616
367 745
367 750
367 635
367 380
367 510
368 384
368 420
368 675
368 676
368 714
368 688
368 736
368 793
369 636
369 611
369 582
369 456
369 617
369 401
369 533
369 444
369 571
370 455
370 584
370 474
370 721
370 760
370 378
370 415
371 769
371 411
371 558
371 448
371 580
371 464
371 471
371 600
371 731
371 501
371 759
371 629
372 516
372 741
372 614
372 455
372 623
372 786
372 755
372 532
372 437
372 757
372 631
372 539
372 474
372 447
373 707
373 581
373 677
373 742
373 521
373 492
373 433
373 756
373 438
373 445
374 642
374 485
374 732
374 681
374 741
374 696
374 442
374 763
374 444
375 610
375 390
375 465
375 601
375 786
375 793
376 514
376 706
376 701
376 395
376 571
377 416
377 578
377 621
377 432
378 732
378 550
378 647
378 520
378 638
378 653
378 694
378 631
378 729
378 636
378 797
379 738
379 710
379 679
379 574
379 399
379 756
379 405
379 473
380 773
380 647
380 521
380 746
380 428
380 749
380 464
380 466
380 660
381 791
381 794
381 539
381 669
381 708
381 709
381 467
381 721
381 629
381 382
382 773
382 520
382 779
382 796
382 671
382 419
382 681
382 434
382 593
382 742
382 502
383 654
383 711
383 457
383 717
383 719
383 596
383 476
384 739
384 423
384 650
384 720
384 597
384 629
384 763
385 546
385 392
385 455
385 777
385 655
385 433
385 753
385 697
385 566
385 606
386 544
386 672
386 548
386 488
386 511
386 746
386 589
386 398
386 560
386 442
387 642
387 646
387 782
387 690
387 566
387 439
387 703
387 452
387 708
387 596
387 732
387 479
388 416
388 417
388 515
388 485
388 523
388 651
388 525
388 558
388 783
388 787
388 566
388 575
389 512
389 646
389 647
389 528
389 656
389 532
389 666
389 556
389 564
389 570
389 704
389 707
389 710
389 614
389 753
389 504
389 633
390 544
390 581
390 551
390 616
390 394
390 680
390 658
390 531
390 628
390 787
390 698
390 763
390 476
391 640
391 538
391 795
391 679
391 688
391 563
391 693
391 716
391 489
391 745
392 450
392 419
392 644
392 677
392 713
392 465
392 468
392 634
392 632
392 602
392 478
393 658
393 412
393 670
393 675
393 423
393 557
393 434
393 609
393 763
394 784
394 404
394 533
394 663
394 413
394 695
394 457
394 462
394 730
394 617
395 481
395 644
395 606
395 568
395 526
395 603
395 699
395 479
396 484
396 600
396 791
396 527
396 622
396 434
396 727
396 539
396 794
396 543
397 736
397 641
397 450
397 645
397 550
397 428
397 493
397 498
397 627
397 536
397 699
398 704
398 683
398 524
398 592
398 403
398 405
398 535
398 476
399 519
399 601
399 722
399 697
399 735
399 502
399 408
399 758
399 543
400 581
400 645
400 519
400 712
400 773
400 494
400 497
400 787
400 601
400 543
401 513
401 773
401 658
401 532
401 675
401 421
401 687
401 438
401 457
401 727
401 477
401 606
401 760
401 636
402 674
402 446
402 643
402 733
402 489
402 776
402 715
402 589
402 732
402 445
403 518
403 654
403 799
403 683
403 430
403 558
403 688
403 697
403 446
403 591
403 737
403 497
403 503
404 669
404 679
404 600
404 733
404 742
404 496
404 536
404 410
404 542
405 580
405 581
405 772
405 553
405 745
405 427
405 716
405 778
405 799
406 759
406 498
406 635
406 412
407 771
407 486
407 524
407 529
407 629
407 756
408 655
408 657
408 782
408 535
408 426
408 554
408 491
408 496
408 501
408 509
408 510
409 522
409 650
409 780
409 657
409 664
409 410
409 671
409 550
409 423
409 566
409 454
409 716
409 486
409 627
409 633
410 544
410 513
410 678
410 423
410 689
410 498
410 412
410 606
411 449
411 423
411 645
411 490
411 618
411 492
411 656
411 658
411 764
412 578
412 706
412 582
412 743
412 775
412 459
412 688
412 605
413 640
413 483
413 493
413 495
413 592
413 622
413 475
413 766
414 774
414 531
414 694
414 705
414 586
414 596
414 724
414 606
414 478
414 501
415 480
415 743
415 649
415 459
415 684
415 621
415 685
415 629
415 502
415 694
415 698
415 638
416 705
416 648
416 457
416 680
416 464
416 557
416 659
416 567
416 789
416 698
416 797
417 640
417 652
417 525
417 718
417 657
417 752
418 771
418 741
418 710
418 772
418 747
418 558
418 607
418 504
418 700
418 638
418 447
419 577
419 489
419 522
419 689
419 756
419 767
420 550
420 490
420 427
420 522
420 561
420 657
420 595
420 691
420 693
420 537
421 640
421 579
421 583
421 424
421 680
421 491
421 562
421 538
422 481
422 542
422 745
422 727
422 657
422 789
422 793
422 445
423 485
423 710
423 787
424 772
424 773
424 649
424 557
424 558
424 569
424 749
424 735
425 480
425 733
425 747
425 497
425 561
425 661
425 799
426 510
426 796
426 591
426 736
426 739
426 614
426 623
426 497
426 765
426 638
427 641
427 646
427 714
427 459
427 632
427 746
427 623
427 661
427 471
427 600
427 758
427 477
427 447
428 640
428 581
428 711
428 717
428 780
428 633
428 762
429 768
429 452
429 581
429 746
429 748
429 462
429 685
429 466
429 661
429 735
429 440
429 635
429 639
430 637
430 458
430 491
430 758
431 480
431 487
431 654
431 752
431 602
431 508
432 544
432 704
432 741
432 796
432 447
432 492
432 751
432 503
432 445
433 610
433 684
433 720
433 628
434 515
434 776
434 537
434 681
434 688
434 711
434 588
434 717
434 596
435 771
435 637
435 585
435 684
435 781
435 750
435 559
435 656
435 561
435 728
435 541
435 703
436 518
436 712
436 553
436 522
436 652
436 493
436 777
436 505
437 483
437 503
437 643
437 520
437 457
437 621
437 529
437 724
438 483
438 579
438 714
438 529
438 594
438 534
438 598
438 693
438 667
439 642
439 651
439 652
439 796
439 560
439 448
439 581
439 482
439 741
440 523
440 545
440 558
440 716
440 724
440 475
440 614
440 487
440 751
440 626
440 627
440 763
441 705
441 547
441 771
441 490
441 650
441 524
441 621
441 498
441 658
441 757
441 697
441 763
441 572
442 710
442 536
442 683
442 462
442 654
442 567
442 596
442 670
443 553
443 685
443 564
443 456
443 584
443 461
443 591
443 485
443 510
444 674
444 594
444 657
444 693
444 785
444 796
444 510
445 514
445 548
445 706
445 635
445 555
445 715
445 753
445 467
445 565
446 770
446 773
446 661
446 535
446 666
446 575
446 451
446 472
446 732
446 608
446 489
446 504
447 776
447 539
447 561
447 570
447 576
447 484
447 745
447 623
447 630
447 633
447 510
448 643
448 791
448 718
448 591
448 754
448 661
448 788
448 601
448 476
449 519
449 675
449 565
449 698
449 699
449 464
449 728
449 733
449 742
449 746
449 632
450 668
450 646
450 519
450 745
450 525
450 752
450 474
450 763
450 477
451 781
451 534
451 572
451 593
451 471
451 732
451 614
451 749
451 760
451 502
451 632
452 736
452 775
452 552
452 556
452 688
452 472
452 666
452 636
453 649
453 490
453 558
453 722
454 483
454 613
454 519
454 536
454 653
454 537
454 528
454 625
454 504
455 674
455 738
455 647
455 745
455 523
455 716
455 528
455 699
455 757
455 603
456 698
456 701
456 461
456 463
456 480
456 736
456 494
456 751
457 611
457 519
457 744
457 683
457 684
457 778
457 625
457 564
457 670
458 706
458 574
458 621
458 786
458 698
458 575
459 705
459 616
459 790
459 570
459 574
460 768
460 493
460 590
460 623
460 798
460 787
460 572
460 510
460 799
461 640
461 778
461 543
461 552
461 587
461 593
461 723
461 478
461 748
461 499
461 755
461 631
461 639
462 654
462 554
462 717
462 591
462 469
462 625
462 499
462 756
462 507
462 636
463 544
463 554
463 617
463 619
463 632
463 649
463 679
463 468
463 533
464 545
464 577
464 488
464 631
464 490
464 778
465 640
465 513
465 612
465 619
465 496
465 722
465 785
465 666
466 768
466 771
466 773
466 686
466 730
466 765
467 740
467 552
467 555
467 525
467 618
467 495
467 496
467 753
467 501
467 565
468 636
468 482
468 764
468 520
468 491
468 492
468 717
468 750
468 728
468 475
469 737
469 517
469 776
469 714
469 527
469 591
469 786
470 485
470 581
470 613
470 669
470 709
470 742
470 686
470 528
470 687
470 596
470 599
470 605
471 645
471 533
471 792
471 544
471 695
471 575
471 724
471 748
471 493
471 637
472 640
472 771
472 792
472 739
472 612
472 619
472 760
472 509
473 743
473 588
473 751
473 782
473 531
473 568
473 761
474 552
474 561
474 596
474 598
474 628
474 694
475 542
475 552
475 527
475 692
475 543
476 537
476 563
476 564
476 717
476 727
476 765
477 711
477 554
477 524
477 653
477 712
477 591
477 703
477 575
478 737
478 610
478 554
478 715
478 718
478 671
478 722
478 758
478 760
478 575
479 672
479 777
479 607
479 497
479 628
479 732
479 638
480 641
480 674
480 742
480 775
480 494
480 590
480 597
481 522
481 652
481 560
481 722
481 602
482 644
482 653
482 788
482 789
482 715
482 723
482 736
482 485
482 496
482 752
483 514
483 646
483 676
483 723
483 606
483 611
484 738
484 553
484 670
484 622
484 766
484 564
484 759
484 603
484 571
484 542
485 515
485 504
485 523
485 595
485 532
485 788
486 668
486 516
486 774
486 714
486 558
486 591
486 561
486 562
486 563
486 502
486 534
486 574
487 649
487 686
487 698
487 577
487 582
487 588
487 593
487 745
487 748
487 495
487 757
487 511
488 672
488 748
488 717
488 687
488 785
488 627
488 664
488 730
488 636
489 529
489 530
489 795
489 670
489 565
489 695
489 581
489 490
490 577
490 640
490 742
490 606
490 621
490 656
490 658
490 791
490 571
491 701
491 653
491 562
491 631
492 551
492 680
492 591
492 625
492 597
492 572
493 774
493 783
493 668
493 564
493 570
493 707
493 610
493 738
493 743
493 748
493 751
493 509
494 672
494 550
494 593
494 570
495 582
495 618
495 651
495 670
495 745
495 756
495 725
496 670
496 543
496 556
496 691
496 579
496 710
496 609
496 762
496 767
497 615
497 616
497 751
498 640
498 668
498 711
498 746
498 588
498 639
498 510
499 523
499 785
499 530
499 543
499 563
499 579
499 586
499 617
499 629
499 505
500 582
500 519
500 774
500 792
500 764
500 703
501 515
501 579
501 582
501 733
501 528
501 691
502 783
502 664
502 793
502 572
502 721
502 722
502 628
502 766
503 674
503 704
503 581
503 587
504 652
504 526
504 702
504 576
504 577
504 729
504 620
505 676
505 778
505 654
505 728
506 648
506 652
506 658
506 535
506 559
506 615
506 742
506 754
506 759
507 769
507 514
507 553
507 653
507 685
507 687
507 761
507 790
507 799
508 736
508 771
508 743
508 702
508 529
508 530
509 528
509 659
509 674
509 559
509 728
509 734
509 616
509 753
509 755
510 796
510 653
510 722
510 760
510 597
510 631
511 549
511 774
511 524
511 565
511 569
511 668
511 607
512 515
512 776
512 680
512 715
512 598
512 729
512 606
512 734
512 745
513 743
513 584
513 670
513 527
513 564
514 798
514 578
514 583
514 587
514 718
514 602
514 610
514 613
514 742
515 611
515 626
515 756
515 695
515 666
516 674
516 573
516 518
516 551
516 618
516 588
516 561
516 721
516 566
516 758
517 548
517 588
517 760
517 531
517 532
517 728
517 607
518 788
518 663
518 537
518 543
518 544
518 682
518 572
518 705
518 583
518 718
518 719
518 722
518 618
518 625
519 677
519 698
519 699
519 593
519 603
519 754
519 628
520 740
520 678
520 615
520 742
520 618
520 715
520 559
520 531
521 642
521 788
521 792
521 684
521 703
521 730
521 610
521 749
522 779
522 659
522 548
522 566
522 591
522 725
522 599
522 616
522 746
522 630
523 643
523 773
523 660
523 663
523 554
523 557
523 709
523 746
523 767
524 672
524 541
524 585
524 556
524 607
524 593
524 623
524 533
524 726
525 641
525 771
525 777
525 721
525 796
526 656
526 659
526 553
526 559
526 575
526 707
526 586
526 596
526 755
527 704
527 779
527 780
527 654
527 626
527 720
527 756
527 601
528 788
528 674
528 675
528 554
528 719
528 721
528 596
528 742
528 748
529 576
529 705
529 680
529 763
530 672
530 764
530 679
530 618
530 783
530 721
531 773
531 788
531 533
531 727
531 759
532 580
532 645
532 647
532 537
533 791
533 667
533 796
533 797
533 688
533 570
533 577
533 578
533 590
533 762
534 650
534 669
534 710
534 585
534 722
534 621
534 765
535 542
535 584
535 586
535 714
535 595
535 729
535 764
536 648
536 619
536 688
536 783
536 662
536 757
536 665
536 539
536 733
537 646
537 778
537 686
537 601
537 702
538 542
538 710
538 741
538 634
538 728
539 771
539 651
539 541
539 690
539 579
539 597
539 611
540 681
540 797
540 592
540 792
541 644
541 678
541 727
541 746
541 719
541 692
541 799
541 662
541 575
542 774
542 780
542 781
542 654
542 545
542 711
542 597
542 737
543 640
543 773
543 647
543 791
543 544
543 630
544 576
544 706
544 556
544 653
544 569
544 686
544 752
545 674
545 778
545 656
545 755
545 761
545 726
545 601
545 602
546 581
546 774
546 552
546 713
546 655
546 729
546 566
547 769
547 745
547 720
547 564
547 598
547 637
548 549
548 644
548 685
548 687
548 602
549 737
549 709
549 742
549 686
549 718
549 628
549 604
550 674
550 688
550 594
550 596
550 731
551 771
551 614
551 747
551 622
551 784
551 699
551 701
552 780
552 783
552 658
552 660
552 793
552 667
552 678
552 556
552 561
552 693
552 713
552 716
552 589
552 610
552 757
553 672
553 663
553 759
553 557
553 717
553 726
553 601
553 667
554 651
554 560
554 722
554 564
554 597
554 693
554 727
554 569
554 780
555 577
555 642
555 721
556 770
556 658
556 796
556 677
556 569
556 582
556 590
556 718
556 606
556 613
556 760
556 631
556 632
557 608
557 640
557 644
557 646
557 778
557 663
558 770
558 656
558 797
558 561
558 564
558 577
558 705
558 720
558 596
558 726
558 607
558 744
558 749
558 754
558 763
559 768
559 612
559 615
560 747
560 795
561 781
561 615
561 619
561 627
561 629
561 634
561 766
562 684
562 715
562 716
562 724
563 769
563 706
563 792
564 768
564 787
564 789
564 667
564 795
564 675
564 684
564 735
564 613
564 619
565 701
565 662
566 704
566 682
566 692
566 598
567 762
567 669
567 792
568 768
568 643
568 623
568 627
568 756
569 768
569 759
569 633
569 603
569 701
570 672
570 616
570 630
570 700
571 681
571 596
571 789
571 703
572 781
572 670
572 696
572 725
572 734
572 759
572 630
573 705
573 679
573 744
573 747
573 686
573 601
573 656
573 725
573 728
573 765
573 767
574 659
574 703
575 743
575 586
575 715
575 729
575 667
576 769
576 588
576 780
576 788
576 793
577 661
577 675
577 691
577 703
577 611
577 630
577 758
578 631
578 682
578 656
578 660
578 690
579 795
579 715
579 588
579 731
579 743
579 630
579 762
580 741
580 680
580 712
580 685
580 597
581 582
581 595
581 755
581 765
582 662
582 668
582 702
582 585
582 718
582 592
582 606
582 745
582 748
582 758
582 765
583 676
583 714
583 684
583 686
583 598
583 767
584 704
584 619
584 779
584 689
584 662
584 730
584 634
585 706
585 627
585 693
585 723
585 729
586 769
586 744
586 618
586 619
587 592
587 692
588 737
588 729
588 789
588 727
589 779
589 717
589 755
589 789
589 793
589 666
590 641
590 770
590 659
590 663
590 698
590 760
590 629
591 676
591 717
591 594
591 723
592 675
592 605
592 616
592 619
592 694
592 762
593 640
593 649
593 780
593 787
593 660
593 667
593 752
594 672
594 773
594 683
594 719
594 699
594 798
594 671
595 710
595 780
595 624
595 659
595 601
596 768
596 773
596 781
596 655
596 785
596 787
596 694
596 702
596 709
596 603
596 742
597 615
597 686
597 781
597 599
597 639
598 754
598 786
599 608
599 611
599 669
599 684
599 686
600 709
600 742
600 735
601 686
601 687
601 698
601 609
601 619
601 753
601 758
602 645
602 742
602 679
602 796
602 753
602 764
603 772
603 647
603 671
603 637
604 709
604 745
604 749
604 634
604 635
605 736
605 707
605 764
605 682
605 658
606 658
606 791
606 726
606 744
606 760
606 765
607 768
607 673
607 690
607 716
608 795
608 740
608 753
609 640
609 773
609 660
610 636
610 641
610 638
610 620
610 749
610 660
611 773
611 766
611 628
611 700
611 799
612 618
612 702
612 622
612 624
612 698
612 799
613 641
613 696
613 624
613 760
614 771
614 667
614 799
614 678
614 694
614 718
614 725
614 733
614 760
615 789
615 664
615 796
615 684
615 755
615 639
616 696
616 620
616 636
617 773
617 718
617 733
617 626
617 754
617 756
617 764
618 668
618 700
618 739
618 762
618 639
619 790
619 679
619 713
619 736
619 746
619 755
620 668
620 677
620 712
620 725
620 731
621 660
621 708
621 710
621 733
621 746
621 751
621 626
621 638
622 673
622 708
622 682
622 653
622 797
622 694
624 667
624 670
624 711
624 716
624 717
624 761
625 742
625 746
625 750
626 772
626 627
626 657
626 797
626 670
627 633
627 785
628 768
628 786
629 738
629 646
629 779
629 696
629 635
630 679
630 663
630 718
630 655
630 657
630 758
631 666
631 798
631 703
631 718
631 719
631 741
631 760
632 713
632 782
632 691
632 723
633 708
633 720
633 635
634 676
634 742
634 729
635 704
635 771
635 783
635 726
636 652
636 692
636 753
637 655
637 656
637 794
637 678
637 717
637 718
637 719
637 726
637 761
638 696
638 700
639 683
640 671
640 684
640 709
640 760
640 762
641 647
641 792
641 764
642 674
643 751
643 755
643 789
644 705
644 772
645 747
645 766
645 797
645 731
646 773
646 717
647 768
647 683
647 725
648 769
648 778
648 653
649 737
649 735
649 668
650 785
651 776
652 679
652 699
653 678
653 711
654 681
654 781
654 787
655 775
655 660
655 676
655 694
655 741
655 766
656 777
656 671
656 720
656 658
656 754
656 792
657 773
657 675
657 683
657 763
658 662
658 698
658 725
658 737
658 741
659 713
659 682
659 758
659 799
660 770
660 777
660 671
660 710
660 753
661 783
661 683
661 687
661 706
661 714
661 730
661 734
661 742
661 745
661 753
662 724
662 794
663 676
663 741
663 703
664 778
664 687
664 715
664 738
664 760
665 754
665 756
666 777
667 727
668 672
668 744
668 783
668 726
668 765
669 750
669 700
671 759
672 781
672 795
672 707
672 721
672 750
672 763
672 767
673 730
674 772
675 709
675 771
675 727
676 711
677 729
677 727
678 738
678 782
679 768
679 709
680 782
682 742
682 797
683 718
683 724
683 725
683 726
684 774
684 789
684 703
684 717
684 726
685 714
685 703
685 797
686 776
686 780
686 797
687 719
688 723
688 745
689 690
689 727
689 731
690 771
690 724
690 694
690 790
690 699
691 712
692 771
692 792
692 790
692 696
693 737
693 742
693 754
694 734
694 780
694 701
695 715
695 748
695 758
696 701
697 705
697 791
697 764
698 766
698 795
698 765
699 777
699 789
699 701
700 776
700 718
700 782
700 784
700 761
700 787
702 768
702 775
702 709
702 718
703 772
704 750
705 773
705 777
705 779
705 733
706 729
707 768
707 773
707 716
707 717
707 718
707 737
707 749
708 777
708 720
708 724
708 763
709 779
709 780
709 731
709 757
709 761
710 730
712 784
713 787
714 780
715 779
715 789
715 722
715 731
715 747
715 762
716 775
716 761
718 783
719 794
719 763
720 777
722 755
723 768
723 769
723 747
723 760
723 726
724 757
725 778
727 736
727 797
728 775
728 777
728 778
728 790
729 780
729 795
729 732
729 733
729 747
729 749
730 731
730 755
730 760
730 767
731 757
733 768
733 734
734 751
734 756
735 759
736 782
736 798
736 799
736 745
737 791
737 786
738 779
738 796
739 775
739 791
740 750
741 792
741 750
741 767
742 793
742 755
744 790
744 794
745 758
745 763
746 790
748 757
748 760
748 767
750 777
750 782
750 752
750 798
751 769
752 791
753 770
753 773
753 787
753 767
754 778
755 777
755 778
755 757
756 765
756 788
757 776
757 788
757 797
759 778
759 790
759 762
761 770
763 796
764 770
764 782
765 768
765 783
766 777
768 794
768 797
769 774
769 787
771 785
771 791
772 786
774 782
774 788
777 784
777 794
779 784
793 799
794 797
795 799
796 798
