800 2400
0 770
0 489
0 394
0 797
0 18
0 469
0 214
0 726
0 120
0 601
0 90
0 795
0 445
1 112
1 657
1 245
1 278
1 502
2 452
2 709
2 397
2 367
2 692
2 191
3 643
3 504
3 265
3 584
3 76
3 205
3 688
3 435
3 152
3 377
3 220
4 512
4 419
4 394
4 619
4 460
4 18
4 764
5 293
5 710
5 583
5 334
5 399
5 753
5 91
5 188
6 161
6 34
6 388
6 486
6 48
6 533
6 575
7 362
7 555
7 749
7 238
7 270
7 690
8 778
8 315
8 410
8 267
8 692
9 792
9 706
9 491
9 565
9 559
10 288
10 772
10 714
10 46
10 753
10 533
10 149
11 296
11 438
11 343
12 641
12 264
12 46
12 405
12 86
12 278
12 159
13 625
13 42
13 743
13 525
13 215
14 248
14 304
14 756
14 623
15 230
15 584
15 75
15 337
15 148
15 87
15 247
15 664
16 160
16 611
16 261
16 199
16 327
16 176
16 721
16 282
16 219
17 705
17 336
17 83
17 19
17 436
17 667
18 746
18 593
18 82
18 120
18 793
18 158
19 102
19 167
19 237
19 141
19 499
19 664
20 688
20 123
20 686
20 443
20 638
21 673
21 420
21 196
21 112
21 272
21 722
21 764
21 286
22 357
22 584
22 585
22 207
22 624
22 443
23 592
23 618
23 347
23 397
24 406
24 786
24 115
24 78
25 35
25 228
25 519
25 105
25 139
25 438
26 297
26 587
26 557
26 493
27 97
27 771
27 518
27 172
27 51
27 637
27 286
28 757
28 67
28 548
28 221
29 648
29 110
29 561
29 499
29 441
29 379
29 287
30 450
30 388
30 228
30 625
30 310
30 698
31 420
31 689
31 466
31 595
31 185
31 670
32 161
32 675
32 139
32 684
32 148
32 214
33 736
33 579
33 356
33 297
33 234
33 81
34 129
34 451
34 132
34 483
34 455
34 644
34 678
34 708
34 381
35 116
35 789
35 609
36 248
36 353
36 250
36 332
36 310
37 281
37 482
37 684
38 321
38 163
38 104
38 92
38 63
38 191
39 75
39 655
39 720
39 661
39 438
39 121
39 127
40 674
40 419
40 238
40 213
40 694
40 343
41 353
41 420
41 335
41 111
41 84
41 636
41 477
41 799
42 104
42 682
42 514
43 262
43 366
43 116
43 759
43 664
43 94
43 351
44 769
44 102
44 73
44 489
44 751
44 88
45 770
46 260
46 458
46 587
46 274
47 136
47 736
47 426
47 787
47 503
48 66
48 339
48 403
48 764
48 255
49 168
49 779
49 516
50 518
50 521
50 720
50 279
50 376
50 638
50 639
51 267
51 265
51 770
52 579
52 572
52 629
52 582
52 519
53 675
53 139
53 784
53 598
53 88
53 381
53 703
54 548
54 231
54 104
54 303
54 694
54 123
54 188
54 735
55 242
55 374
56 736
56 676
56 780
56 511
57 579
57 395
57 300
57 494
57 788
57 93
57 542
58 134
58 422
58 365
58 81
58 113
58 115
58 634
58 59
59 257
59 354
59 388
59 677
59 173
59 639
59 402
59 471
59 573
59 415
60 709
60 178
60 508
60 524
61 562
61 507
61 204
61 773
62 328
62 780
62 237
62 397
62 697
62 157
63 256
63 647
63 406
63 631
63 634
63 798
63 159
64 431
64 460
64 319
65 517
65 647
65 493
65 145
65 305
65 667
66 207
66 209
66 112
66 499
66 408
67 612
67 233
67 602
67 415
68 225
68 133
68 390
68 166
68 240
68 126
69 713
69 683
69 721
69 693
69 739
70 250
70 331
70 462
70 627
70 148
70 659
70 154
70 477
71 353
71 642
71 99
71 181
71 671
72 449
72 738
72 517
72 202
72 203
72 785
72 85
72 438
72 249
72 284
73 645
73 265
73 365
73 400
73 469
73 250
73 574
74 408
74 394
74 586
75 671
75 485
75 514
76 480
76 323
76 327
76 367
76 177
76 787
76 440
76 570
77 770
77 579
77 390
77 425
77 459
77 562
77 278
77 281
77 314
77 221
78 737
78 458
78 263
79 160
79 740
79 356
79 168
79 333
79 718
80 162
80 392
80 394
80 140
80 240
80 735
80 181
80 541
80 159
81 133
81 165
81 231
81 486
81 552
81 240
81 760
82 546
83 328
83 531
83 342
83 599
83 505
83 347
83 252
84 106
84 747
84 622
84 466
84 179
84 503
84 440
85 773
85 232
85 747
85 396
85 341
85 189
86 137
86 300
86 206
86 753
86 405
87 645
87 790
87 569
87 346
87 221
88 518
88 457
88 332
88 495
88 272
88 437
88 414
89 121
89 374
89 692
89 717
89 94
90 684
90 470
90 120
90 94
90 414
91 120
91 449
91 472
92 260
92 199
92 529
92 565
92 345
93 483
93 429
93 790
93 634
93 157
93 383
94 490
94 366
94 782
94 752
94 221
95 320
96 504
96 625
96 283
96 748
96 461
97 776
97 428
97 108
97 566
97 735
98 558
98 169
98 182
99 545
99 682
99 206
99 240
99 369
99 339
99 211
100 249
100 596
100 286
100 183
101 757
101 140
101 252
101 798
102 737
102 584
102 559
102 159
103 394
103 653
103 497
103 662
103 633
103 509
104 256
104 132
104 334
104 441
104 735
105 379
105 172
105 377
105 743
106 646
106 236
106 783
106 305
106 629
106 406
107 504
107 358
107 243
107 435
107 238
108 260
108 326
108 584
108 233
108 334
108 115
109 720
109 153
109 213
110 424
110 121
110 683
111 166
111 744
111 688
111 631
111 312
111 157
112 352
112 641
112 614
112 678
112 268
112 655
112 144
112 150
112 793
113 768
113 458
113 363
113 750
113 531
113 213
113 469
113 728
113 281
113 443
114 766
114 663
115 423
115 490
115 148
116 162
116 199
116 265
116 591
117 676
117 602
117 459
117 500
117 486
118 267
118 363
118 686
118 623
118 208
118 210
118 279
118 249
118 794
119 712
119 319
120 743
120 145
120 185
121 353
121 706
121 131
121 747
121 335
121 751
121 529
121 563
121 315
122 746
122 611
122 652
122 182
122 254
123 353
123 250
123 347
123 413
123 382
124 198
124 139
124 780
124 653
124 174
124 563
124 179
125 217
125 658
126 615
126 459
126 625
126 594
126 570
126 564
126 506
127 641
127 627
127 782
128 480
128 583
128 621
128 277
128 189
128 255
129 513
129 166
129 649
129 142
129 211
129 535
129 248
129 252
129 701
130 708
130 745
130 234
130 492
130 174
130 687
130 751
130 405
131 360
131 331
131 316
132 546
132 674
132 168
132 601
132 575
133 289
133 163
133 362
133 205
133 409
134 761
134 270
134 151
135 388
135 743
135 680
135 427
135 782
135 528
135 499
135 151
136 162
136 340
137 204
137 484
138 778
138 431
138 464
138 308
138 695
138 382
139 449
139 552
139 174
139 273
139 662
139 795
140 736
140 745
140 654
140 174
140 159
141 369
141 338
141 163
141 495
142 264
142 409
143 790
143 285
143 318
143 695
144 266
144 347
144 254
146 419
146 188
146 762
146 507
146 220
146 797
147 518
147 616
147 205
147 627
147 792
147 287
148 481
148 419
148 549
148 168
148 329
148 733
148 746
148 652
148 622
148 627
148 405
148 381
149 704
149 257
149 676
149 200
149 716
149 531
149 597
150 388
150 796
150 382
151 339
151 789
152 683
152 533
152 388
152 341
153 737
153 199
153 691
153 468
153 788
153 793
153 409
153 639
154 302
154 258
154 684
154 476
155 646
155 326
155 590
155 465
155 247
155 414
156 576
156 442
156 243
156 164
156 191
157 333
157 654
157 216
157 729
158 387
158 780
158 396
158 686
158 182
159 273
159 692
159 756
159 732
160 258
160 775
160 589
160 186
160 443
161 316
161 365
161 623
162 387
162 615
162 364
162 366
162 696
162 250
163 704
163 261
163 780
163 242
163 755
164 764
164 390
164 266
164 686
164 623
164 372
164 638
165 392
165 727
165 669
165 553
166 635
166 638
167 747
167 332
167 397
167 787
167 764
167 509
168 292
168 619
168 524
168 413
169 777
169 444
169 509
169 231
170 604
171 504
171 353
171 358
171 479
172 608
172 744
172 717
172 399
172 719
172 569
172 413
173 252
173 549
173 478
173 615
174 321
174 290
174 325
174 796
174 204
174 683
174 724
175 457
175 525
175 489
176 282
176 444
176 397
177 489
177 681
178 481
178 357
178 709
178 424
178 233
178 523
178 461
178 721
178 753
178 538
178 603
179 747
179 782
179 464
179 412
179 254
179 575
180 737
180 778
181 678
181 630
182 708
182 713
182 656
182 689
183 384
183 219
183 731
184 376
184 290
185 583
185 362
185 335
185 794
185 283
186 744
186 680
186 398
186 530
186 374
187 621
187 702
187 774
188 514
188 426
188 365
188 728
188 702
188 191
189 740
189 581
190 472
190 449
190 219
190 648
190 574
191 289
191 353
191 338
191 506
191 314
191 414
192 419
192 774
192 520
192 713
192 749
192 750
192 600
192 346
193 653
193 662
194 356
194 375
195 454
195 487
195 457
195 398
195 270
195 504
196 289
196 435
196 215
197 225
197 646
197 263
197 716
197 285
197 575
198 484
199 611
199 549
199 456
199 488
199 529
199 309
200 369
200 613
201 328
201 617
201 250
201 630
202 448
202 705
202 676
202 556
202 621
202 209
202 435
202 767
202 639
203 722
203 618
203 315
204 450
204 419
204 233
204 272
205 312
205 334
205 687
205 280
205 474
206 367
206 369
206 468
206 798
207 256
207 588
207 241
207 369
207 596
207 789
207 790
207 638
208 450
208 643
208 676
208 746
208 747
208 528
208 667
209 744
209 463
209 658
209 342
209 702
209 383
210 347
210 452
211 354
211 422
211 342
212 689
212 227
212 349
212 765
213 677
213 589
213 366
213 560
213 657
213 784
213 787
214 260
214 437
215 704
215 391
215 617
215 620
215 304
215 317
216 418
216 378
217 688
217 506
217 619
217 796
218 256
218 417
218 714
218 772
218 726
219 418
219 324
219 426
219 507
219 317
220 481
220 734
220 391
221 524
221 493
221 498
221 758
222 779
222 353
222 258
222 700
222 252
223 282
223 659
223 700
224 497
224 330
224 755
224 244
224 634
225 299
225 684
225 309
225 344
225 794
225 380
225 511
226 644
226 584
226 680
226 267
226 754
226 437
226 664
226 795
227 642
227 472
227 531
227 661
227 408
228 723
229 731
229 478
230 673
230 647
230 653
230 622
230 562
231 489
231 660
231 250
231 350
232 552
232 331
232 556
232 747
232 726
233 576
233 279
233 697
234 292
234 782
234 467
234 538
235 441
235 747
235 302
236 672
236 554
236 716
236 749
236 687
237 749
237 718
237 686
237 437
237 379
238 549
238 613
238 460
238 624
238 755
238 542
239 260
239 613
239 557
239 783
239 667
239 734
240 738
240 587
240 492
240 249
240 698
240 413
240 703
241 743
241 748
242 609
242 388
242 432
242 791
243 709
243 601
243 500
244 672
244 643
244 356
244 715
244 332
244 622
244 720
244 723
245 357
246 384
246 665
246 418
246 591
247 496
247 362
247 308
248 644
248 423
248 411
249 389
249 569
250 503
250 488
250 343
251 673
251 338
251 516
251 753
252 421
252 363
252 461
252 372
253 281
253 469
253 255
254 738
254 616
254 559
254 463
254 735
255 301
255 271
256 470
257 258
257 394
257 267
257 683
257 630
257 343
257 572
258 513
258 267
258 434
258 311
258 509
259 690
259 291
259 588
259 510
259 679
260 676
260 553
260 681
260 632
261 600
261 721
261 725
262 477
263 576
263 768
263 587
263 339
263 765
264 387
264 583
264 519
264 590
265 525
266 441
266 565
267 676
267 739
267 746
267 685
267 337
267 562
267 730
267 763
268 448
268 420
268 476
268 764
268 575
269 553
269 759
270 352
270 674
270 743
270 689
270 343
271 480
271 538
271 723
271 549
272 641
272 395
272 273
272 534
272 540
273 421
273 682
273 760
273 600
273 603
273 319
274 443
275 784
275 770
275 516
275 358
276 650
276 479
277 289
277 679
278 412
278 751
279 581
279 326
279 645
279 616
279 624
279 501
280 642
280 598
281 389
281 727
281 634
282 689
282 621
283 448
283 706
283 517
283 529
283 594
283 404
283 440
284 627
284 573
284 679
285 672
285 418
285 355
285 648
285 393
285 394
285 398
285 337
285 663
285 572
285 351
286 673
286 749
286 432
287 352
287 611
287 615
287 660
287 629
287 409
287 702
288 348
288 734
288 518
288 604
289 518
289 615
289 695
289 599
289 344
290 642
290 727
290 502
290 599
290 476
291 453
291 683
291 656
291 561
291 438
291 794
292 420
292 389
292 390
293 549
293 430
293 366
293 494
293 560
293 660
293 309
293 756
293 602
294 617
294 633
295 617
295 682
295 493
295 526
296 401
296 421
296 550
297 679
297 616
297 434
297 342
298 777
298 364
298 710
298 374
298 431
299 328
299 650
299 429
299 687
299 464
300 513
300 409
300 719
300 381
301 322
301 707
301 581
301 685
301 655
302 700
302 675
302 478
303 304
303 499
303 742
303 671
304 740
304 691
304 635
305 644
306 480
306 386
306 457
306 749
306 369
306 758
307 743
307 393
307 650
307 620
307 406
307 312
307 575
308 707
308 430
309 462
309 728
309 600
309 730
310 684
310 567
311 431
312 553
312 534
312 600
313 660
313 378
313 420
313 397
314 576
314 704
314 393
314 767
314 406
315 388
315 357
316 712
316 592
316 435
316 533
316 632
316 669
317 770
317 582
317 742
317 457
317 475
318 400
318 690
318 330
319 546
319 651
319 755
320 708
320 543
321 496
321 793
321 706
322 401
322 719
323 709
323 673
323 402
323 357
324 376
324 429
324 639
325 514
325 419
325 359
325 335
325 343
325 664
326 392
326 554
326 463
326 623
326 700
326 669
327 741
327 369
327 368
327 467
327 731
328 698
329 416
329 484
329 519
329 533
329 502
329 695
329 571
329 667
330 410
330 707
330 472
331 389
331 359
331 657
331 628
332 774
332 649
332 491
332 571
332 475
333 481
333 644
333 772
333 342
333 381
334 673
334 580
334 757
335 398
335 593
335 625
335 725
335 789
336 502
337 659
337 566
337 509
338 615
338 650
338 458
338 666
339 451
339 471
340 594
341 788
342 442
343 742
343 652
343 402
343 728
343 443
343 413
344 676
344 598
345 728
345 794
345 379
346 546
346 461
346 475
346 797
347 769
347 482
347 421
347 594
347 661
347 600
347 412
348 361
349 513
349 703
350 488
350 768
350 632
352 795
353 382
353 453
353 711
353 521
353 497
354 395
354 669
355 531
355 734
356 432
356 734
357 708
358 480
358 546
358 709
358 744
358 750
358 665
358 699
358 797
359 662
359 760
359 470
360 584
360 638
360 519
361 493
362 386
362 718
362 666
363 611
363 581
364 674
364 420
364 617
364 459
364 627
365 567
366 416
366 638
366 724
367 505
367 475
368 697
368 462
369 743
369 651
369 602
370 552
370 779
370 605
370 790
371 664
371 442
371 548
371 634
371 767
372 576
372 709
372 404
372 411
372 445
373 777
373 394
374 694
375 384
375 755
375 660
375 534
376 545
376 487
376 423
376 427
376 715
376 784
376 788
377 576
377 450
377 425
377 462
377 496
377 507
378 773
378 659
378 717
379 669
379 494
379 569
379 607
379 656
379 671
379 383
380 453
380 550
380 617
380 650
380 568
381 674
381 612
381 467
381 602
382 679
382 526
382 470
383 769
383 399
383 560
383 790
383 541
384 548
384 488
384 447
385 696
385 630
386 576
386 655
386 756
386 604
387 482
387 483
387 554
387 500
387 660
387 470
388 605
388 733
388 528
388 689
388 697
388 573
389 582
389 529
389 502
389 534
389 700
389 478
390 752
390 503
390 665
390 638
391 463
391 639
392 395
392 524
392 635
393 554
393 730
393 510
394 514
394 425
394 587
394 495
394 655
394 502
394 661
394 700
395 418
395 523
395 605
396 704
396 530
396 428
397 400
397 753
397 536
397 634
398 448
398 576
398 672
398 742
399 482
400 454
400 732
401 698
401 686
401 606
402 704
402 552
402 692
402 502
403 633
403 591
404 538
404 670
404 782
405 677
405 521
405 530
405 756
405 671
406 430
407 737
407 597
408 441
408 780
409 595
409 443
410 450
410 576
410 741
411 743
411 715
411 494
411 533
412 545
412 452
412 624
412 503
413 736
413 703
414 646
414 520
414 457
414 491
414 666
414 444
414 540
415 644
415 779
415 530
415 692
415 439
416 730
416 708
416 785
417 657
417 494
419 530
419 626
419 598
420 546
420 677
420 716
420 719
420 763
421 645
421 427
421 562
421 788
421 670
422 619
422 425
423 682
423 715
423 636
424 683
424 605
425 473
425 685
425 507
426 605
427 520
427 624
427 473
428 771
428 717
428 661
428 505
430 480
430 492
430 721
430 763
431 776
431 495
431 509
431 702
432 577
432 493
432 462
432 591
432 561
433 536
433 553
433 584
433 605
434 793
435 713
435 696
436 577
436 742
436 521
436 685
436 750
436 528
436 593
437 769
437 661
437 795
438 677
438 529
438 727
438 506
438 797
439 775
440 560
440 571
441 482
441 611
441 642
441 551
441 718
441 753
442 793
442 658
443 582
444 561
445 645
445 680
445 589
445 530
446 743
447 459
447 589
447 594
447 756
447 692
448 686
449 656
449 627
450 704
450 747
451 719
451 631
452 674
452 770
452 552
452 554
452 500
453 788
453 632
453 633
454 756
455 718
456 665
456 473
456 594
456 495
457 499
457 597
458 657
460 497
460 786
460 574
461 496
461 665
461 507
462 545
462 617
462 652
463 568
463 475
463 667
464 588
465 482
465 645
465 614
465 487
465 681
465 621
466 612
466 769
466 680
467 737
467 761
468 581
468 591
468 692
468 762
469 620
469 718
470 747
470 630
471 497
471 716
471 759
472 743
472 681
472 562
473 494
473 523
474 683
474 702
475 707
475 749
475 798
477 610
477 729
478 491
478 623
478 723
479 660
480 627
480 792
480 731
482 795
482 562
483 580
483 666
484 590
484 654
484 693
484 538
484 507
484 667
485 554
485 557
485 693
487 770
487 647
487 584
488 568
488 508
490 553
490 491
490 574
490 671
491 688
491 722
492 528
492 764
493 589
493 719
493 698
495 590
495 749
495 539
496 564
496 759
497 765
497 530
497 701
498 501
498 731
498 567
499 611
499 554
500 576
501 784
501 611
505 529
505 534
505 694
505 604
506 551
506 777
507 519
507 647
507 786
507 790
507 599
507 632
509 706
510 772
510 799
511 705
511 519
512 554
513 595
514 684
515 568
515 769
515 720
516 656
516 701
517 679
517 654
517 592
517 632
517 537
517 634
518 716
518 557
518 623
519 609
519 554
521 609
521 540
522 577
522 794
522 638
522 711
523 622
523 571
524 743
524 638
525 785
526 614
526 755
526 774
527 563
527 741
527 551
528 749
528 529
528 592
528 538
529 547
529 781
529 731
529 702
530 571
531 783
532 608
532 690
533 581
533 692
535 704
535 742
536 555
536 718
537 761
538 706
540 641
540 611
540 719
540 764
542 604
543 778
543 651
543 707
544 745
544 708
544 733
546 787
547 739
547 775
548 568
549 782
549 762
550 569
550 580
551 697
551 723
552 685
553 584
553 591
554 635
555 681
555 745
555 558
557 576
557 580
557 751
559 571
560 577
560 799
561 712
562 742
563 568
563 628
564 736
564 714
566 769
566 671
567 743
567 648
567 795
568 756
569 675
571 779
572 787
572 635
572 734
573 688
573 597
573 693
573 794
574 579
574 739
574 596
575 698
575 671
576 767
577 691
577 788
578 627
579 615
579 731
580 688
581 614
581 693
581 762
582 768
583 729
584 677
585 715
586 765
586 589
587 789
587 758
587 731
587 767
588 606
590 603
591 717
591 694
593 716
595 636
595 637
596 799
596 597
596 735
597 709
597 727
597 665
598 616
599 795
599 708
599 607
601 774
602 605
603 755
604 610
605 641
605 648
605 755
605 633
606 740
607 655
608 629
609 717
609 789
609 695
610 699
611 630
614 707
614 635
616 783
616 731
617 711
617 629
619 750
619 751
619 787
619 759
619 638
620 784
620 625
621 695
622 651
622 732
624 705
625 782
625 634
626 785
626 726
627 630
628 728
628 758
629 693
629 793
630 773
630 658
631 728
631 783
632 783
635 776
635 760
636 648
636 721
636 667
639 750
640 667
640 653
640 678
641 759
643 740
643 710
643 727
648 741
648 718
650 718
650 658
651 712
651 717
651 668
652 741
652 799
653 744
653 785
656 720
656 694
656 668
659 739
660 758
661 768
662 663
663 702
666 753
667 764
668 697
671 774
672 777
672 750
673 693
673 789
674 754
676 715
676 792
677 752
677 729
680 705
681 742
682 727
686 778
687 779
688 717
688 689
689 781
689 790
691 784
691 704
693 796
697 799
700 744
701 704
707 764
708 768
708 777
709 764
709 753
712 772
712 794
713 743
713 783
716 772
716 728
717 791
718 786
719 779
720 721
723 752
724 756
725 754
735 770
736 765
737 764
738 760
740 778
740 782
740 793
742 754
751 770
757 786
757 783
760 767
763 799
765 772
765 778
766 789
769 782
772 778
775 779
777 778
784 792
