800 2000
0 142
1 665
1 301
1 221
1 182
2 219
2 324
2 703
3 407
4 226
4 195
4 135
4 341
4 313
4 282
4 573
5 231
5 776
5 44
5 333
5 142
5 87
6 641
6 324
6 229
6 158
6 687
7 672
7 736
7 333
7 45
7 94
8 581
8 232
8 264
8 438
8 24
8 220
8 381
9 610
9 684
9 284
10 385
10 449
10 263
10 457
10 650
10 43
10 114
11 280
11 561
11 339
11 252
11 455
12 256
12 102
12 428
12 627
12 152
12 251
13 483
13 68
13 613
13 70
13 727
13 605
14 322
15 192
15 354
15 100
15 554
15 399
15 81
15 339
15 371
15 376
15 409
15 125
16 680
16 682
16 267
16 269
16 246
17 677
17 457
17 143
17 176
17 18
17 340
17 149
17 566
18 384
18 213
18 744
19 725
20 280
20 792
20 466
20 662
20 343
21 385
21 645
21 392
21 427
21 685
21 250
22 642
22 611
22 272
22 113
22 181
22 26
22 446
22 223
23 416
23 774
23 647
23 423
23 443
23 61
23 446
24 556
24 273
24 753
24 593
24 476
25 57
25 522
26 504
26 642
26 547
26 198
27 757
27 506
27 53
27 421
28 772
28 549
28 422
28 393
28 411
28 765
29 613
29 73
29 681
29 619
29 561
29 569
29 700
29 30
30 136
30 779
31 232
31 763
31 624
32 557
32 560
32 241
32 443
32 155
32 447
33 402
33 212
33 642
34 465
34 634
34 641
34 533
34 214
35 219
35 220
35 675
35 206
36 680
36 329
37 378
37 604
37 566
38 291
38 522
38 555
38 395
38 758
38 60
38 637
39 352
39 789
40 385
40 404
40 573
41 305
41 740
41 359
42 656
42 386
42 741
42 519
43 89
43 547
44 706
44 732
44 72
44 425
44 457
44 459
44 554
44 718
44 593
44 316
45 113
45 226
45 444
45 189
46 318
46 50
46 109
46 182
46 159
47 193
47 451
47 493
47 270
47 405
47 376
48 309
48 85
48 750
48 799
49 210
49 715
49 791
49 86
49 711
50 99
50 452
50 720
50 465
50 308
50 698
51 404
51 247
52 752
52 745
52 274
52 331
52 343
53 662
53 171
53 534
53 415
54 706
54 520
54 718
54 111
54 115
54 790
54 279
54 346
54 380
55 453
55 69
55 485
55 146
55 405
55 214
55 536
55 223
56 586
57 425
58 609
58 771
58 426
58 559
58 752
58 698
58 511
59 281
59 428
59 638
60 480
60 744
60 77
60 429
60 753
60 729
60 379
61 66
61 547
61 709
61 103
61 724
61 536
61 762
62 248
62 545
62 609
62 196
62 714
62 331
62 273
62 690
62 88
63 729
63 579
63 452
64 289
64 195
64 336
64 593
64 179
64 249
65 318
65 363
65 654
65 338
65 662
65 599
65 382
66 538
66 379
67 608
67 82
67 158
68 290
68 500
68 246
69 384
69 428
69 141
69 659
69 340
69 570
69 508
69 318
70 617
70 144
70 532
70 697
70 571
71 743
71 649
71 302
71 436
71 468
71 180
71 407
72 128
72 795
72 741
73 757
73 642
73 731
74 601
74 614
74 372
74 382
75 618
75 173
75 782
75 142
75 373
75 795
76 384
76 765
76 490
76 509
76 287
77 499
78 619
78 620
78 429
79 568
79 753
79 106
79 341
80 504
80 385
80 584
80 237
81 177
81 259
81 540
82 741
82 714
82 619
82 366
82 754
82 95
83 737
83 242
83 420
83 236
83 310
84 516
84 580
84 461
84 242
84 502
84 600
84 732
85 425
85 611
85 324
85 400
86 252
86 548
86 303
87 594
87 493
87 579
87 203
88 264
88 354
89 530
89 403
89 692
89 597
89 566
89 442
90 676
90 328
90 425
90 108
90 750
90 240
90 728
91 439
92 664
92 725
93 187
93 300
93 311
94 675
94 517
94 681
94 341
94 665
94 346
94 347
94 413
94 607
95 613
95 326
95 525
95 301
95 306
95 475
96 152
96 195
96 581
97 727
97 734
97 175
98 208
98 603
98 360
98 149
99 320
99 609
99 396
99 316
99 701
99 575
100 151
100 298
100 639
100 602
101 249
101 779
101 237
102 262
102 650
102 715
102 657
102 146
103 435
103 468
103 550
103 165
104 705
104 649
104 335
104 594
104 409
104 735
105 583
105 351
106 230
106 455
106 487
106 520
106 428
106 378
106 150
106 282
107 792
107 115
107 604
107 171
108 216
108 205
109 158
109 766
109 287
110 678
111 112
111 657
111 118
112 331
112 351
113 324
113 368
113 277
113 606
113 127
114 353
114 201
114 170
114 722
114 408
114 348
114 798
115 192
115 769
115 418
115 165
115 783
115 214
116 138
116 493
116 271
117 484
117 712
117 366
117 304
117 469
117 186
117 478
118 430
118 270
118 692
118 597
118 502
118 726
119 769
119 145
119 722
119 439
119 763
119 607
120 346
120 222
121 681
121 554
121 533
121 618
122 288
122 603
122 632
123 515
123 739
123 389
123 723
123 693
124 459
125 448
125 708
125 470
125 696
125 543
126 281
126 650
126 486
126 223
127 472
127 674
127 461
128 578
128 452
128 689
128 501
128 437
129 227
130 312
130 691
130 182
130 423
131 717
131 745
131 610
131 268
131 637
132 617
132 564
132 436
132 438
132 503
132 572
132 317
132 223
133 296
133 593
133 187
133 340
133 195
134 704
134 449
134 620
134 652
134 719
134 177
134 703
135 288
135 587
135 491
135 272
135 347
136 386
136 771
136 272
136 602
136 540
137 380
137 205
137 582
137 191
138 605
138 179
138 492
139 192
139 365
140 225
140 257
141 269
142 389
142 307
142 538
142 382
143 620
143 751
143 465
143 477
143 445
144 576
144 201
144 530
144 680
145 256
145 514
145 421
145 655
145 372
145 151
146 717
146 413
147 611
147 452
147 759
147 460
147 464
147 784
147 695
147 443
147 765
147 446
148 544
148 372
148 624
148 735
149 675
149 231
149 490
149 732
150 679
150 681
150 367
150 369
150 243
150 762
150 351
151 155
151 238
151 286
152 288
152 192
152 230
152 595
153 384
153 484
153 462
153 399
153 240
153 304
153 307
153 477
153 319
154 225
154 475
154 221
154 742
154 695
155 418
155 457
155 587
155 309
155 346
156 571
156 591
158 450
158 324
158 786
158 694
158 476
158 317
158 703
159 256
159 690
159 791
160 666
160 732
160 517
160 615
161 771
161 171
161 284
161 621
162 583
162 521
162 715
162 696
162 445
162 606
163 505
163 587
163 333
164 176
164 444
164 645
164 653
164 727
165 611
165 714
165 719
165 373
165 535
165 794
166 213
166 590
167 192
167 422
167 489
167 459
167 429
167 530
167 789
167 344
167 541
168 224
168 329
168 392
168 502
169 648
169 362
169 469
169 742
170 740
170 231
170 747
170 397
170 410
170 253
171 709
171 306
172 232
172 341
172 677
173 392
173 395
173 556
173 667
173 285
174 210
174 404
174 775
175 267
175 734
176 522
176 428
176 538
176 701
177 723
177 308
177 479
178 241
178 356
178 215
179 588
179 240
179 368
179 725
180 576
180 714
180 731
181 742
181 373
181 535
182 528
182 373
182 605
183 745
183 698
183 348
184 389
184 525
184 752
184 307
184 600
184 221
184 191
185 449
185 513
185 745
185 365
185 216
185 186
186 563
186 566
186 305
187 280
187 569
188 248
188 330
188 518
189 549
189 490
189 523
189 330
189 463
189 210
189 725
189 539
190 769
190 194
190 230
191 673
191 419
191 677
191 296
191 690
192 640
192 742
192 368
192 719
192 281
192 346
192 219
193 681
193 585
193 194
193 235
194 632
194 373
195 555
195 469
196 632
196 621
197 729
198 312
198 568
198 516
198 322
199 768
200 397
200 351
201 233
201 330
201 683
201 308
201 245
202 514
202 556
202 246
203 264
203 308
204 364
204 477
205 322
205 453
205 425
205 559
205 728
205 473
205 731
206 555
206 410
207 249
207 729
207 228
207 532
207 693
208 233
208 617
208 368
208 250
208 607
209 365
209 231
210 258
210 336
210 213
210 604
211 793
211 684
211 548
211 566
211 471
212 551
212 778
212 687
212 724
212 502
212 639
213 610
213 420
213 467
214 778
214 363
214 653
214 347
214 511
215 580
215 712
215 401
215 754
215 785
215 437
215 701
216 523
216 355
216 263
217 257
217 562
217 788
217 343
218 480
218 257
218 602
218 473
218 469
219 384
219 578
219 237
219 594
219 569
220 384
220 301
220 560
220 729
220 763
220 637
221 741
221 655
221 753
221 722
221 404
221 405
222 513
222 616
222 785
222 306
222 764
223 582
223 363
223 590
223 465
223 721
223 565
223 698
223 346
224 475
224 548
225 256
225 617
225 649
225 749
225 687
225 726
225 254
226 651
226 620
226 719
226 338
226 766
227 774
228 674
228 634
228 643
228 270
229 482
230 673
230 711
230 504
231 422
231 619
231 336
231 507
232 641
232 301
232 237
232 433
232 507
233 585
233 235
233 429
233 793
233 414
234 303
234 530
234 634
234 791
234 346
234 702
234 543
235 240
235 651
235 367
236 452
236 773
236 520
236 617
236 240
236 503
236 701
237 391
237 792
238 312
238 562
239 545
239 340
239 718
239 455
240 418
240 452
240 793
240 535
240 539
241 498
241 429
241 623
242 416
242 417
242 643
242 388
242 712
242 719
243 705
243 322
243 678
243 365
243 625
243 500
243 473
244 480
244 418
244 796
244 532
244 740
245 298
245 725
245 537
245 798
245 799
246 516
246 314
247 344
248 514
248 355
248 393
248 587
250 546
250 771
250 607
250 273
250 405
250 665
250 575
251 265
251 381
251 405
252 544
252 321
253 277
253 389
253 559
254 571
254 300
254 278
255 665
255 469
255 750
256 458
256 687
258 675
258 586
258 727
258 653
258 662
258 503
259 753
259 405
260 424
260 290
260 452
260 413
260 542
261 555
261 621
261 398
262 326
262 742
262 585
262 783
262 560
262 402
262 659
262 728
263 417
263 312
263 473
264 454
264 521
264 713
264 332
265 320
265 687
265 660
265 662
265 382
266 458
266 796
266 301
266 535
268 718
268 284
268 453
268 638
269 355
269 591
270 515
270 368
270 791
270 447
271 641
271 557
271 718
272 642
272 615
272 553
272 647
272 306
273 620
274 692
274 723
274 686
275 687
275 795
275 430
275 415
276 521
276 697
276 452
276 542
277 486
277 593
277 499
277 533
277 439
277 670
278 504
278 578
278 339
279 672
280 483
280 686
280 689
280 511
281 776
281 333
281 605
282 675
282 396
282 688
282 797
283 569
283 731
283 404
283 566
284 490
284 495
284 573
285 705
285 519
285 590
285 656
285 501
285 639
286 359
286 650
286 593
286 605
286 638
287 455
287 617
287 600
287 575
289 612
289 520
289 722
289 374
289 502
290 768
290 673
291 573
292 352
293 793
293 307
293 747
293 541
293 743
294 596
294 390
295 408
295 476
295 686
295 424
296 568
296 524
296 690
296 371
296 344
297 786
297 605
298 547
298 781
298 303
298 798
299 513
299 339
299 485
300 485
300 693
300 413
300 637
301 522
301 564
301 602
301 637
302 704
302 323
302 360
302 520
302 656
302 627
303 633
304 401
304 657
305 674
305 579
305 412
306 518
306 726
306 792
307 678
307 472
307 360
307 523
307 720
307 466
307 724
308 570
308 796
309 547
309 777
309 594
309 505
309 703
310 767
311 766
311 498
311 530
311 572
311 542
312 507
313 574
313 321
313 546
313 446
314 402
314 515
314 534
315 328
315 610
315 333
316 646
316 585
316 433
316 470
317 612
317 742
317 691
317 599
318 324
318 571
318 795
319 464
319 508
319 564
320 437
320 526
320 647
321 719
322 416
322 584
323 752
323 615
324 395
324 594
325 490
326 544
326 357
326 601
326 499
326 537
328 714
328 519
329 343
330 681
330 682
330 561
330 507
330 476
330 607
331 448
331 393
331 586
331 619
331 681
332 705
332 674
332 623
333 424
333 431
333 509
334 697
334 596
334 694
335 411
335 575
336 389
336 422
336 743
337 608
337 444
338 796
339 372
340 711
340 491
340 467
341 411
342 672
342 562
342 405
342 454
343 481
343 538
343 475
344 546
344 717
345 625
345 355
345 645
345 653
346 465
347 550
347 737
348 385
348 732
349 569
350 577
350 612
351 744
351 567
352 611
352 451
352 584
352 538
353 770
353 359
353 680
353 649
353 522
353 495
353 403
353 729
354 584
354 683
354 689
354 730
355 773
355 682
355 557
355 399
356 385
356 493
356 537
356 591
357 409
357 698
357 473
359 599
359 472
359 447
360 770
360 717
360 461
360 568
361 733
362 726
362 625
362 758
363 571
364 436
364 667
365 740
365 783
367 551
368 551
368 759
370 738
370 539
370 671
371 388
371 742
371 617
371 714
371 767
372 385
372 551
372 626
372 469
372 657
372 731
373 680
373 687
373 377
374 578
374 399
375 722
375 522
375 382
375 782
376 423
376 488
376 713
376 563
377 616
377 468
378 697
378 499
379 722
379 716
379 679
380 566
381 650
381 437
381 567
381 504
382 777
382 499
383 425
383 659
383 733
384 505
384 625
385 417
385 521
385 787
385 702
386 481
386 582
388 664
388 704
389 493
389 539
390 611
390 579
390 683
390 475
390 639
391 417
391 757
391 607
392 648
392 758
393 427
393 670
394 792
394 465
395 508
396 727
397 755
398 433
399 409
399 657
399 760
399 795
400 609
400 525
400 754
400 404
401 721
401 598
402 425
402 682
402 529
402 790
403 777
403 619
403 717
403 689
403 467
405 432
405 755
406 697
406 555
406 701
406 769
408 690
408 574
409 755
409 476
410 551
410 616
410 586
410 785
410 759
410 414
411 688
411 501
411 506
412 490
412 660
412 501
412 769
413 661
414 464
414 763
414 790
415 531
415 586
416 576
416 605
417 704
417 484
417 582
417 430
417 799
418 579
419 582
419 746
419 463
419 625
419 792
419 539
420 621
420 597
420 615
421 792
421 603
422 441
424 783
424 651
425 695
425 636
426 585
427 484
427 751
427 635
427 447
428 675
428 456
428 691
428 438
429 636
429 519
429 555
429 656
429 529
429 535
431 617
431 582
431 785
432 464
433 606
434 618
434 583
435 447
435 627
435 685
435 493
436 669
437 513
439 589
439 527
441 633
442 572
443 449
443 647
443 745
443 571
444 621
446 751
447 771
447 665
448 656
448 548
449 685
450 635
450 556
451 566
451 540
451 556
452 522
452 763
453 601
453 580
454 682
454 773
455 544
455 658
455 598
455 636
456 509
456 694
456 647
457 780
457 686
457 752
457 499
458 576
458 704
458 460
458 497
458 659
458 793
458 735
459 514
459 749
460 488
461 674
461 549
461 681
462 674
462 523
463 699
463 602
463 651
464 663
465 489
465 781
465 572
467 724
467 729
468 791
469 653
471 558
472 770
472 740
472 623
472 628
474 488
474 632
475 792
476 595
477 711
478 535
479 757
479 617
480 556
481 577
481 483
481 590
481 539
482 784
482 637
483 609
483 779
483 494
484 514
484 755
485 783
486 737
487 678
487 551
488 692
488 501
488 571
490 578
490 738
491 616
492 526
493 708
493 766
494 553
494 522
496 650
496 550
497 774
498 622
499 618
499 506
499 658
499 756
500 507
501 739
501 680
501 786
501 538
503 552
503 790
505 690
506 762
508 545
508 596
508 533
509 576
509 747
510 536
510 518
511 654
511 644
512 728
512 670
513 584
514 793
516 578
516 771
516 623
517 787
517 676
518 632
518 712
519 782
519 686
520 739
520 713
520 556
520 752
521 770
522 739
524 795
525 612
525 772
525 662
525 695
527 554
527 581
528 663
531 737
531 787
531 612
531 749
532 616
532 685
532 660
534 686
534 658
535 606
535 719
535 656
535 628
536 777
536 789
536 666
537 649
538 775
538 727
538 761
539 696
540 548
540 550
540 619
540 570
541 712
541 716
541 686
542 776
542 693
542 566
542 727
542 730
544 584
545 644
545 590
545 639
546 603
546 575
547 660
549 552
550 583
551 574
552 556
554 577
554 623
556 768
557 779
557 714
558 686
560 668
561 689
561 661
561 630
562 652
562 575
563 601
564 660
564 636
564 799
568 579
568 660
570 579
571 672
573 714
575 667
576 745
577 656
579 714
579 629
580 611
580 587
580 620
581 644
581 762
583 626
583 798
584 681
587 663
588 701
589 608
589 650
591 716
591 703
592 785
592 676
592 630
593 708
593 624
593 721
594 689
594 634
596 640
596 597
597 786
599 678
600 642
601 788
602 645
602 749
602 627
602 634
602 728
603 760
604 731
605 702
605 781
605 689
606 747
608 783
609 748
609 671
610 765
614 771
614 683
616 717
621 715
621 637
621 702
624 712
624 737
626 636
626 746
627 656
628 703
628 656
629 711
631 789
631 638
632 716
633 655
633 711
634 666
635 729
635 737
635 750
636 721
636 759
636 703
638 641
638 740
638 787
641 751
641 733
642 684
644 690
644 749
646 777
647 720
650 662
652 686
652 671
654 664
654 693
654 790
655 743
655 717
655 794
655 703
658 790
658 677
661 684
661 791
662 689
664 689
664 693
666 679
667 715
668 715
668 743
670 709
670 746
670 755
671 674
673 741
675 740
677 702
678 785
679 777
681 798
681 725
682 781
682 690
682 701
686 762
687 743
687 777
688 732
689 732
690 779
691 782
693 779
694 726
694 751
695 707
696 702
696 766
701 789
702 739
703 782
705 747
709 777
710 790
712 740
712 725
713 726
713 793
717 784
719 781
719 750
719 797
721 732
722 751
722 789
722 762
726 760
727 763
730 783
730 735
732 755
742 748
748 765
753 776
753 754
754 786
759 774
759 780
774 780
774 796
785 791
794 795
794 798
