800 8000
0 128
0 11
0 532
0 24
0 25
0 155
0 31
0 417
0 34
0 547
0 305
0 439
0 184
0 444
0 76
0 716
0 78
0 599
0 216
0 605
0 611
0 240
0 113
0 507
1 267
1 270
1 657
1 417
1 162
1 552
1 426
1 431
1 308
1 438
1 446
1 321
1 323
1 708
1 326
1 333
1 82
1 601
1 221
1 481
1 623
1 497
1 242
1 639
2 141
2 525
2 17
2 25
2 666
2 28
2 165
2 298
2 173
2 437
2 695
2 567
2 444
2 584
2 74
2 723
2 601
2 737
2 612
2 486
2 233
2 748
2 381
3 420
3 101
3 516
3 423
3 104
3 168
3 644
3 747
3 108
3 759
3 526
3 399
3 527
3 722
3 439
3 796
3 731
3 700
3 767
4 129
4 65
4 99
4 385
4 69
4 387
4 39
4 552
4 739
4 106
4 671
4 209
4 722
4 181
4 565
4 538
4 636
4 734
4 191
5 260
5 138
5 141
5 785
5 19
5 531
5 405
5 24
5 26
5 543
5 419
5 680
5 43
5 178
5 575
5 704
5 726
5 353
5 101
5 490
5 109
5 248
5 126
6 704
6 610
6 387
6 260
6 710
6 615
6 648
6 297
6 426
6 491
6 680
6 777
6 206
6 116
6 533
6 88
6 57
6 444
6 670
6 255
7 192
7 736
7 259
7 260
7 484
7 762
7 391
7 232
7 683
7 781
7 143
7 569
7 113
7 531
7 536
7 473
7 122
7 287
8 64
8 673
8 162
8 292
8 600
8 365
8 526
8 432
8 497
8 210
8 531
8 116
8 245
8 278
8 343
8 561
8 656
8 666
8 190
9 66
9 450
9 700
9 389
9 453
9 72
9 489
9 109
9 493
9 557
9 798
9 403
9 439
9 697
9 540
9 157
9 638
10 288
10 612
10 326
10 231
10 663
10 774
10 170
10 776
10 271
10 703
10 19
10 756
10 469
10 533
10 597
10 152
10 348
10 511
11 192
11 515
11 458
11 689
11 268
11 621
11 176
11 624
11 626
11 243
11 275
11 405
11 499
11 30
11 564
11 630
11 506
11 219
11 62
12 192
12 130
12 578
12 231
12 135
12 680
12 266
12 426
12 174
12 270
12 656
12 687
12 598
12 471
12 252
12 477
13 162
13 515
13 610
13 281
13 218
13 777
13 299
13 173
13 461
13 210
13 565
13 215
13 153
13 58
14 770
14 19
14 791
14 153
14 666
14 793
14 548
14 422
14 551
14 555
14 578
14 584
14 334
14 84
14 597
14 86
14 725
14 472
14 224
14 355
14 739
14 618
14 114
14 242
14 506
14 764
15 768
15 355
15 100
15 319
15 535
15 263
15 327
15 606
15 743
15 172
15 529
15 690
15 20
15 244
15 570
15 254
15 58
15 219
15 541
15 222
15 159
16 642
16 292
16 389
16 296
16 555
16 108
16 396
16 335
16 431
16 115
16 211
16 601
16 508
16 447
17 768
17 527
17 789
17 157
17 159
17 560
17 449
17 578
17 705
17 327
17 207
17 606
17 375
17 740
17 366
17 754
17 116
17 373
17 119
17 504
17 382
18 97
18 167
18 104
18 423
18 210
18 370
18 20
18 602
18 690
18 441
18 282
18 29
18 127
19 96
19 129
19 418
19 35
19 79
19 591
19 468
19 597
19 757
19 728
19 697
19 762
20 768
20 166
20 488
20 105
20 42
20 139
20 203
20 173
20 430
20 525
20 595
20 602
20 22
20 407
20 282
20 767
21 772
21 521
21 785
21 794
21 542
21 288
21 552
21 323
21 327
21 455
21 74
21 591
21 212
21 214
21 471
21 91
21 348
21 95
21 354
21 483
21 740
21 106
21 363
21 491
21 619
21 111
21 637
22 129
22 141
22 398
22 532
22 23
22 542
22 798
22 40
22 305
22 63
22 195
22 80
22 594
22 92
22 96
22 737
22 100
22 231
22 618
22 620
22 241
22 378
22 508
22 125
23 133
23 137
23 402
23 787
23 668
23 671
23 288
23 167
23 556
23 45
23 301
23 56
23 700
23 69
23 453
23 457
23 202
23 723
23 88
23 604
23 485
23 614
23 747
23 111
24 266
24 534
24 794
24 283
24 284
24 156
24 673
24 674
24 568
24 190
24 66
24 325
24 709
24 459
24 722
24 342
24 733
24 737
24 740
24 613
24 103
24 617
24 369
24 626
24 633
25 160
25 706
25 70
25 711
25 139
25 140
25 141
25 46
25 557
25 684
25 81
25 113
25 563
25 756
25 86
25 631
25 696
25 377
25 415
26 194
26 258
26 422
26 551
26 201
26 649
26 430
26 335
26 400
26 145
26 500
26 374
26 311
26 152
27 258
27 389
27 521
27 266
27 528
27 672
27 677
27 297
27 447
27 193
27 592
27 85
27 344
27 729
27 362
27 124
27 253
27 250
27 379
27 380
27 765
27 255
28 393
28 276
28 277
28 406
28 159
28 290
28 418
28 39
28 44
28 565
28 316
28 192
28 325
28 71
28 73
28 211
28 597
28 740
28 746
28 628
28 376
29 545
29 36
29 517
29 567
29 236
29 748
29 78
29 696
29 176
29 307
29 402
29 309
29 246
29 278
29 373
29 564
29 662
29 723
29 60
29 126
30 418
30 354
30 486
30 487
30 488
30 711
30 427
30 299
30 492
30 655
30 592
30 177
30 529
30 724
30 761
30 601
30 604
31 651
31 653
31 670
31 550
31 551
31 172
31 688
31 563
31 75
31 461
31 590
31 592
31 210
31 726
31 347
31 735
31 479
31 103
31 105
31 243
31 119
32 636
32 450
32 323
32 770
32 165
32 582
32 774
32 234
32 490
32 204
32 332
32 719
32 434
32 757
32 310
32 470
32 88
32 316
33 770
33 67
33 764
33 261
33 454
33 200
33 392
33 106
33 331
33 300
33 621
33 684
33 307
33 244
33 85
33 533
33 183
33 440
33 659
33 758
33 220
34 768
34 389
34 326
34 74
34 78
34 304
34 177
34 564
34 214
34 343
34 598
34 569
34 314
34 603
34 445
35 550
35 231
35 263
35 233
35 362
35 487
35 268
35 744
35 366
35 599
35 120
35 154
35 92
35 126
36 101
36 40
36 426
36 203
36 652
36 174
36 561
36 498
36 211
36 243
36 277
36 405
36 723
36 785
36 121
36 349
36 575
37 352
37 547
37 166
37 583
37 268
37 269
37 461
37 622
37 176
37 671
37 50
37 434
37 340
37 213
37 693
37 782
37 312
37 667
37 572
37 319
38 258
38 527
38 277
38 408
38 792
38 280
38 413
38 159
38 170
38 300
38 303
38 564
38 574
38 191
38 320
38 204
38 100
38 356
38 617
38 493
38 497
38 116
39 270
39 530
39 279
39 664
39 152
39 422
39 42
39 556
39 567
39 314
39 698
39 699
39 578
39 457
39 81
39 600
39 91
39 92
39 230
39 489
39 495
39 506
40 128
40 321
40 674
40 356
40 388
40 740
40 392
40 304
40 243
40 661
40 662
40 56
40 510
41 256
41 225
41 323
41 739
41 422
41 295
41 678
41 425
41 139
41 80
41 497
41 498
41 721
41 565
41 438
41 571
41 410
41 475
41 540
41 733
41 670
42 96
42 417
42 194
42 355
42 708
42 744
42 137
42 745
42 459
42 108
42 332
42 685
42 239
42 657
42 785
42 340
42 214
42 761
42 572
43 260
43 772
43 781
43 528
43 146
43 277
43 667
43 795
43 158
43 544
43 417
43 420
43 678
43 687
43 432
43 691
43 55
43 442
43 588
43 463
43 84
43 596
43 613
43 498
44 516
44 550
44 646
44 776
44 430
44 465
44 402
44 690
44 692
44 754
44 342
44 183
44 665
44 91
44 94
45 706
45 100
45 745
45 203
45 269
45 398
45 143
45 305
45 50
45 690
45 213
45 694
45 441
45 346
46 544
46 344
46 217
46 361
46 473
46 335
46 111
46 399
46 442
46 529
46 601
46 690
46 753
46 280
46 410
46 669
46 286
47 641
47 226
47 485
47 392
47 73
47 586
47 333
47 77
47 305
47 275
47 435
47 723
47 761
47 506
47 509
48 344
48 165
48 773
48 647
48 743
48 297
48 393
48 600
48 683
48 747
48 144
48 496
48 147
48 52
48 468
48 312
48 603
48 667
49 323
49 677
49 647
49 362
49 490
49 428
49 554
49 111
49 751
49 786
49 405
49 280
49 153
49 90
49 507
49 668
49 222
50 544
50 289
50 130
50 67
50 162
50 232
50 73
50 458
50 585
50 649
50 734
50 781
50 144
50 85
50 634
50 411
50 699
50 574
51 707
51 101
51 517
51 712
51 744
51 139
51 108
51 653
51 561
51 633
51 116
51 150
51 470
51 313
51 93
51 254
52 259
52 387
52 649
52 140
52 783
52 408
52 415
52 428
52 314
52 196
52 708
52 72
52 458
52 77
52 78
52 206
52 212
52 478
52 482
52 365
52 751
52 626
52 372
52 251
53 350
53 449
53 737
53 420
53 389
53 744
53 586
53 107
53 139
53 600
53 683
53 778
53 336
53 783
53 178
53 62
53 410
53 94
54 640
54 643
54 70
54 742
54 424
54 364
54 238
54 526
54 432
54 689
54 719
54 786
54 628
54 501
54 187
55 130
55 674
55 708
55 229
55 742
55 137
55 141
55 463
55 176
55 114
55 403
55 564
55 277
55 150
55 796
55 126
56 737
56 535
56 567
56 775
56 105
56 522
56 364
56 239
56 271
56 665
56 90
57 545
57 642
57 131
57 260
57 165
57 295
57 611
57 796
57 173
57 334
57 781
57 368
57 400
57 274
57 147
57 306
57 247
57 794
57 252
57 381
58 512
58 646
58 648
58 265
58 152
58 543
58 289
58 291
58 292
58 553
58 567
58 190
58 327
58 341
58 597
58 481
58 739
58 615
58 488
58 239
58 254
58 509
58 382
59 354
59 230
59 775
59 332
59 365
59 206
59 496
59 381
59 212
59 405
59 216
59 313
59 221
59 511
60 514
60 131
60 579
60 261
60 358
60 298
60 458
60 172
60 590
60 657
60 690
60 403
60 659
60 722
60 630
60 283
61 513
61 132
61 775
61 522
61 665
61 794
61 412
61 669
61 798
61 418
61 164
61 550
61 178
61 309
61 580
61 467
61 85
61 342
61 471
61 219
61 617
61 375
61 377
61 508
62 513
62 258
62 195
62 609
62 770
62 518
62 360
62 329
62 367
62 80
62 308
62 404
62 567
62 344
62 217
62 314
62 91
62 668
62 447
63 263
63 274
63 666
63 160
63 674
63 164
63 548
63 424
63 170
63 298
63 564
63 437
63 440
63 191
63 320
63 69
63 723
63 616
63 365
63 239
63 755
64 515
64 265
64 650
64 534
64 165
64 553
64 426
64 428
64 183
64 695
64 186
64 571
64 318
64 574
64 196
64 584
64 76
64 460
64 343
64 87
64 351
64 353
64 482
64 99
64 103
64 235
64 374
65 777
65 522
65 399
65 537
65 165
65 300
65 181
65 186
65 576
65 194
65 68
65 455
65 723
65 214
65 726
65 349
65 352
65 480
65 736
65 244
65 505
65 124
66 97
66 162
66 773
66 327
66 615
66 137
66 618
66 204
66 557
66 270
66 271
66 495
66 401
66 591
66 624
66 570
66 501
66 599
66 90
67 99
67 291
67 423
67 522
67 75
67 141
67 575
67 753
67 466
67 116
67 180
67 470
67 502
67 793
67 91
67 127
68 326
68 489
68 332
68 588
68 591
68 371
68 308
68 344
68 89
68 379
68 124
68 445
68 414
69 385
69 386
69 153
69 154
69 283
69 426
69 688
69 74
69 716
69 467
69 595
69 87
69 216
69 602
69 737
69 100
69 612
69 102
69 489
69 749
69 252
70 130
70 387
70 134
70 553
70 409
70 748
70 398
70 430
70 462
70 687
70 786
70 341
70 216
70 698
70 542
71 163
71 421
71 454
71 649
71 638
71 619
71 269
71 173
71 79
71 494
71 753
71 373
71 471
71 185
71 444
71 478
71 479
72 160
72 769
72 260
72 484
72 296
72 73
72 203
72 360
72 110
72 175
72 527
72 81
72 528
72 86
72 246
72 438
72 508
72 126
73 387
73 260
73 388
73 645
73 651
73 546
73 676
73 551
73 684
73 557
73 686
73 561
73 434
73 180
73 316
73 704
73 706
73 323
73 207
73 219
73 614
73 361
73 114
73 372
73 630
73 635
73 252
73 381
73 511
74 387
74 260
74 139
74 143
74 671
74 421
74 176
74 565
74 695
74 312
74 704
74 452
74 586
74 75
74 206
74 87
74 89
74 225
74 361
74 623
74 500
74 254
75 645
75 271
75 80
75 336
75 210
75 400
75 528
75 532
75 661
76 387
76 136
76 529
76 673
76 297
76 170
76 556
76 321
76 196
76 591
76 343
76 475
76 478
76 223
76 612
76 487
76 104
76 107
76 753
76 504
76 126
77 644
77 142
77 658
77 788
77 280
77 668
77 167
77 427
77 434
77 311
77 698
77 447
77 89
77 93
77 222
77 485
77 491
77 237
77 239
77 504
77 126
78 640
78 654
78 786
78 797
78 303
78 562
78 312
78 188
78 713
78 458
78 463
78 723
78 470
78 350
78 99
78 741
78 108
78 366
78 762
79 100
79 261
79 582
79 637
79 265
79 461
79 174
79 685
79 718
79 535
79 281
79 730
79 573
79 606
79 607
80 162
80 259
80 707
80 741
80 771
80 327
80 200
80 542
80 746
80 621
80 174
80 304
80 720
80 756
80 342
80 534
80 189
81 162
81 390
81 377
81 489
81 587
81 172
81 664
81 689
81 274
81 338
81 563
81 693
81 694
81 787
81 472
81 602
81 668
81 798
82 195
82 516
82 580
82 613
82 295
82 520
82 393
82 298
82 555
82 463
82 595
82 436
82 596
82 310
82 343
82 762
82 478
83 133
83 168
83 650
83 721
83 506
83 564
83 342
83 407
83 568
83 90
83 475
83 796
83 478
84 545
84 228
84 327
84 360
84 233
84 392
84 428
84 714
84 144
84 273
84 474
84 595
84 279
84 729
84 122
85 128
85 513
85 780
85 781
85 785
85 146
85 149
85 159
85 547
85 298
85 557
85 186
85 571
85 461
85 596
85 733
85 749
85 240
85 504
86 89
86 417
86 355
86 356
86 676
86 711
86 236
86 780
86 465
86 753
86 147
86 785
86 437
86 280
86 250
86 798
86 799
87 768
87 655
87 405
87 282
87 167
87 427
87 562
87 582
87 332
87 342
87 88
87 731
87 93
87 739
87 741
87 358
87 614
87 747
87 492
87 369
87 116
87 117
87 761
87 765
88 517
88 262
88 392
88 402
88 151
88 791
88 416
88 419
88 429
88 431
88 693
88 695
88 583
88 458
88 720
88 345
88 730
88 489
88 106
88 363
88 636
88 126
89 407
89 194
89 711
89 136
89 654
89 367
89 725
89 342
89 603
89 445
90 258
90 519
90 138
90 398
90 654
90 528
90 275
90 659
90 281
90 542
90 163
90 292
90 676
90 296
90 684
90 686
90 700
90 447
90 191
90 582
90 328
90 712
90 609
90 354
90 99
90 228
90 744
90 491
90 368
90 247
91 642
91 772
91 765
91 146
91 153
91 166
91 681
91 434
91 693
91 316
91 452
91 456
91 340
91 468
91 735
91 608
91 609
91 229
91 618
91 626
91 253
92 644
92 657
92 275
92 532
92 535
92 541
92 288
92 161
92 563
92 564
92 574
92 454
92 711
92 331
92 339
92 733
92 94
92 734
92 737
92 228
92 487
92 362
92 748
92 249
92 511
93 257
93 482
93 357
93 390
93 199
93 649
93 666
93 756
93 440
93 634
93 315
93 509
94 577
94 700
94 454
94 137
94 638
94 172
94 460
94 525
94 622
94 753
94 530
94 340
94 799
94 570
94 507
94 542
94 127
95 395
95 653
95 403
95 792
95 155
95 418
95 677
95 687
95 182
95 573
95 194
95 323
95 453
95 582
95 458
95 339
95 596
95 214
95 352
95 353
95 611
95 364
95 492
95 626
95 247
95 637
96 131
96 420
96 573
96 550
96 710
96 328
96 393
96 712
96 732
96 796
96 718
96 112
96 626
96 760
96 380
96 189
96 671
97 131
97 483
97 773
97 262
97 583
97 584
97 201
97 398
97 306
97 498
97 405
97 735
97 215
97 665
97 730
97 573
97 287
98 704
98 290
98 358
98 422
98 136
98 201
98 552
98 652
98 237
98 590
98 495
98 529
98 370
98 147
98 755
98 310
98 183
98 598
98 636
98 158
98 415
99 513
99 259
99 393
99 781
99 655
99 657
99 531
99 404
99 278
99 667
99 156
99 679
99 425
99 564
99 186
99 699
99 703
99 474
100 516
100 776
100 396
100 781
100 272
100 274
100 278
100 664
100 794
100 158
100 670
100 417
100 313
100 706
100 196
100 197
100 719
100 466
100 597
100 352
100 245
100 247
100 762
101 515
101 410
101 541
101 158
101 287
101 685
101 318
101 575
101 707
101 327
101 203
101 331
101 464
101 596
101 600
101 729
101 106
101 497
101 754
102 449
102 164
102 262
102 582
102 200
102 680
102 554
102 712
102 778
102 144
102 245
102 662
102 471
102 377
102 765
102 350
103 191
103 320
103 509
103 768
103 701
103 456
103 139
103 428
103 491
103 238
103 111
103 592
103 671
103 114
103 723
103 150
103 345
103 477
104 514
104 390
104 141
104 533
104 278
104 406
104 679
104 684
104 179
104 308
104 309
104 320
104 321
104 606
104 480
104 483
104 360
104 488
104 108
104 374
104 253
104 510
105 135
105 522
105 408
105 281
105 157
105 675
105 432
105 306
105 573
105 330
105 332
105 593
105 339
105 342
105 229
105 360
105 374
105 119
105 507
105 638
106 705
106 643
106 605
106 519
106 675
106 175
106 623
106 337
106 467
106 412
106 411
106 124
106 541
106 222
107 577
107 769
107 519
107 265
107 523
107 461
107 110
107 207
107 525
107 307
107 309
107 375
107 440
107 317
107 703
108 357
108 423
108 169
108 363
108 332
108 685
108 759
108 625
108 308
108 761
108 150
108 406
108 313
108 539
108 604
109 161
109 130
109 707
109 614
109 135
109 169
109 202
109 172
109 428
109 621
109 716
109 243
109 180
109 692
109 506
109 221
110 386
110 143
110 148
110 279
110 408
110 795
110 290
110 313
110 314
110 451
110 325
110 204
110 206
110 612
110 491
110 492
110 371
110 630
110 635
110 638
111 132
111 711
111 233
111 427
111 147
111 276
111 213
111 278
111 693
111 724
111 507
111 317
111 731
112 323
112 356
112 772
112 422
112 395
112 621
112 303
112 175
112 368
112 728
112 723
112 148
112 660
112 439
112 152
112 702
113 128
113 778
113 785
113 789
113 664
113 541
113 798
113 551
113 685
113 691
113 566
113 571
113 709
113 710
113 210
113 596
113 729
113 734
113 617
113 372
113 758
113 503
113 760
114 651
114 288
114 164
114 685
114 302
114 568
114 312
114 331
114 336
114 337
114 339
114 467
114 481
114 230
114 749
114 116
114 378
114 255
115 289
115 194
115 451
115 197
115 198
115 613
115 301
115 569
115 798
115 306
115 276
115 729
115 345
115 667
115 509
115 731
115 319
116 649
116 796
116 160
116 162
116 694
116 194
116 593
116 214
116 602
116 225
116 356
116 360
116 744
116 747
116 365
116 749
116 367
116 750
116 254
117 576
117 771
117 132
117 230
117 488
117 588
117 237
117 569
117 720
117 783
117 500
117 181
117 628
117 217
117 510
117 735
118 769
118 217
118 459
118 524
118 715
118 238
118 623
118 656
118 688
118 277
118 312
118 185
118 123
118 412
118 637
118 415
119 640
119 227
119 732
119 389
119 773
119 264
119 328
119 139
119 142
119 334
119 655
119 273
119 370
119 594
119 695
119 409
119 378
119 220
120 231
120 205
120 142
120 751
120 177
120 594
120 147
120 693
120 757
120 473
120 762
120 446
120 319
121 576
121 259
121 167
121 712
121 395
121 779
121 365
121 526
121 558
121 528
121 782
121 309
121 342
121 183
121 470
121 158
121 159
122 609
122 514
122 422
122 520
122 425
122 314
122 205
122 302
122 397
122 336
122 716
122 662
122 154
123 130
123 195
123 324
123 357
123 420
123 678
123 520
123 553
123 707
123 269
123 749
123 719
123 592
123 529
123 275
123 277
123 662
123 411
123 285
123 702
124 128
124 390
124 586
124 543
124 270
124 271
124 272
124 654
124 531
124 563
124 191
125 513
125 517
125 650
125 144
125 529
125 667
125 539
125 155
125 413
125 543
125 678
125 296
125 430
125 692
125 566
125 568
125 316
125 209
125 471
125 352
125 364
126 192
126 737
126 739
126 486
126 271
126 402
126 211
126 659
126 762
126 279
127 129
127 385
127 454
127 542
127 553
127 715
127 314
127 301
127 781
127 784
127 691
127 788
127 471
127 792
127 601
127 218
127 187
127 316
128 646
128 396
128 280
128 538
128 297
128 563
128 446
128 706
128 711
128 473
128 349
128 225
128 486
128 620
128 758
128 504
128 378
128 379
128 767
129 384
129 266
129 276
129 796
129 157
129 427
129 436
129 444
129 318
129 193
129 586
129 720
129 731
129 479
129 613
129 742
129 231
129 365
129 503
129 250
129 252
130 262
130 383
130 392
130 650
130 680
130 143
130 239
130 703
130 340
130 698
130 506
130 255
131 414
131 547
131 424
131 272
131 336
131 340
131 727
131 696
131 158
131 479
132 194
132 290
132 323
132 516
132 677
132 651
132 174
132 272
132 342
132 757
132 409
132 475
132 316
132 731
133 642
133 645
133 407
133 156
133 542
133 416
133 293
133 423
133 551
133 300
133 195
133 324
133 579
133 458
133 466
133 730
133 483
133 739
133 363
133 621
133 760
134 609
134 261
134 488
134 233
134 459
134 685
134 402
134 755
134 374
134 184
134 475
134 798
134 479
135 385
135 451
135 229
135 709
135 615
135 201
135 396
135 461
135 208
135 524
135 556
135 748
135 635
135 733
135 287
136 642
136 644
136 266
136 277
136 150
136 794
136 540
136 286
136 671
136 159
136 551
136 555
136 558
136 719
136 351
136 224
136 611
136 622
136 750
136 628
136 761
136 253
137 160
137 261
137 583
137 695
137 490
137 301
137 334
137 366
137 496
137 720
137 281
137 220
137 191
138 160
138 289
138 450
138 323
138 167
138 297
138 426
138 458
138 682
138 144
138 407
138 568
138 633
138 284
138 446
139 529
139 152
139 281
139 284
139 156
139 414
139 286
139 673
139 548
139 560
139 182
139 448
139 449
139 582
139 339
139 212
139 631
139 237
139 242
139 629
139 765
140 642
140 536
140 280
140 154
140 165
140 550
140 684
140 309
140 697
140 576
140 323
140 452
140 453
140 716
140 207
140 723
140 349
140 350
140 373
140 252
141 547
141 678
141 313
141 615
141 647
141 491
141 399
141 560
141 783
141 531
141 282
141 508
142 440
142 231
142 695
142 299
142 300
142 782
142 367
142 272
142 719
142 275
143 707
143 548
143 740
143 199
143 359
143 586
143 494
143 529
143 625
143 754
143 277
143 470
143 566
143 250
143 380
143 735
144 480
144 705
144 323
144 648
144 777
144 525
144 368
144 402
144 212
144 278
144 342
144 624
144 570
145 641
145 258
145 522
145 524
145 399
145 536
145 792
145 413
145 420
145 565
145 699
145 710
145 711
145 329
145 714
145 204
145 462
145 223
145 488
145 752
145 498
145 506
146 451
146 420
146 580
146 458
146 619
146 714
146 410
146 209
146 275
146 244
146 379
146 659
146 184
146 571
146 378
146 606
147 344
147 675
147 197
147 485
147 332
147 269
147 622
147 273
147 178
147 401
147 528
147 684
147 470
147 729
147 541
148 643
148 774
148 267
148 655
148 276
148 794
148 156
148 672
148 298
148 556
148 303
148 308
148 706
148 581
148 198
148 209
148 466
148 724
148 602
148 730
148 732
148 609
148 738
148 741
148 753
148 506
149 640
149 417
149 549
149 645
149 709
149 296
149 584
149 616
149 684
149 685
149 749
149 766
149 373
149 374
149 725
149 378
149 509
149 606
150 781
150 784
150 273
150 530
150 277
150 790
150 684
150 568
150 451
150 334
150 207
150 208
150 247
150 731
150 486
150 503
150 380
151 257
151 419
151 611
151 517
151 295
151 777
151 234
151 522
151 523
151 461
151 494
151 463
151 464
151 625
151 690
151 720
151 437
151 438
151 183
151 605
152 449
152 483
152 229
152 485
152 199
152 359
152 425
152 645
152 590
152 747
152 272
152 565
152 661
152 789
152 797
153 160
153 772
153 453
153 486
153 645
153 677
153 702
153 430
153 465
153 658
153 468
153 630
153 156
153 285
153 572
154 289
154 194
154 418
154 611
154 631
154 554
154 441
154 473
154 505
154 524
154 750
154 781
154 786
154 439
154 281
155 259
155 228
155 579
155 392
155 330
155 267
155 562
155 275
155 594
155 724
155 472
155 510
156 259
156 777
156 662
156 426
156 172
156 182
156 196
156 580
156 710
156 200
156 461
156 217
156 734
156 607
156 486
156 359
156 233
156 235
156 630
157 384
157 259
157 394
157 526
157 167
157 300
157 173
157 179
157 692
157 694
157 699
157 454
157 213
157 598
157 728
157 741
157 358
157 635
157 381
158 737
158 654
158 659
158 729
158 756
158 214
158 760
158 732
158 767
159 610
159 452
159 421
159 646
159 266
159 797
159 244
159 793
159 791
159 186
159 477
160 450
160 674
160 249
160 359
160 203
160 172
160 233
160 489
160 520
160 272
160 525
160 671
160 532
160 647
161 407
161 456
161 776
161 759
161 508
161 399
161 496
161 561
161 653
161 275
161 309
161 790
161 311
161 568
161 537
161 506
161 639
162 643
162 521
162 271
162 273
162 410
162 291
162 422
162 167
162 424
162 561
162 690
162 437
162 712
162 333
162 206
162 464
162 720
162 601
162 477
162 352
162 230
162 618
162 491
162 366
162 757
162 382
163 224
163 417
163 709
163 742
163 523
163 575
163 781
163 410
163 210
163 627
163 340
163 722
163 604
163 479
164 477
164 385
164 769
164 611
164 383
164 328
164 779
164 398
164 494
164 400
164 177
164 405
164 567
164 347
164 284
165 260
165 396
165 657
165 295
165 428
165 301
165 192
165 324
165 584
165 608
165 746
165 494
165 622
165 752
165 253
166 481
166 578
166 355
166 579
166 744
166 235
166 556
166 715
166 238
166 240
166 246
166 438
166 505
166 572
166 446
167 642
167 516
167 391
167 274
167 402
167 538
167 422
167 556
167 187
167 191
167 204
167 735
167 480
167 483
167 360
167 761
167 505
168 258
168 387
168 389
168 514
168 771
168 528
168 658
168 295
168 304
168 433
168 698
168 579
168 716
168 719
168 726
168 217
168 734
168 480
168 737
168 482
168 361
168 767
169 416
169 544
169 356
169 420
169 677
169 678
169 328
169 776
169 331
169 238
169 558
169 671
169 277
169 502
169 215
169 637
169 447
170 675
170 260
170 676
170 358
170 617
170 427
170 505
170 178
170 498
170 629
170 535
170 249
171 705
171 355
171 484
171 516
171 772
171 679
171 712
171 779
171 654
171 369
171 402
171 468
171 602
171 660
171 698
171 538
171 189
171 798
172 770
172 262
172 792
172 415
172 548
172 178
172 333
172 462
172 207
172 595
172 472
172 231
172 373
172 246
173 772
173 517
173 788
173 560
173 433
173 566
173 333
173 598
173 343
173 216
173 355
173 624
173 369
173 500
173 245
173 766
174 271
174 783
174 657
174 675
174 552
174 299
174 301
174 305
174 441
174 185
174 699
174 714
174 467
174 472
174 476
174 222
174 225
174 355
174 232
174 618
174 619
174 628
175 389
175 335
175 463
175 562
175 467
175 181
175 760
175 570
175 700
175 606
175 607
176 673
176 259
176 611
176 517
176 644
176 616
176 748
176 623
176 625
176 306
176 311
176 370
176 565
176 182
176 723
176 378
177 248
177 323
177 707
177 740
177 551
177 265
177 492
177 627
177 565
178 642
178 770
178 268
178 524
178 407
178 548
178 423
178 426
178 186
178 193
178 593
178 228
178 613
178 503
178 638
178 383
179 672
179 612
179 198
179 519
179 296
179 330
179 394
179 521
179 733
179 240
179 210
179 338
179 435
179 627
179 690
179 312
179 474
180 578
180 542
180 776
180 462
180 432
180 657
180 340
180 566
180 598
180 761
180 446
181 482
181 259
181 645
181 646
181 674
181 677
181 522
181 364
181 239
181 304
181 370
181 401
181 664
181 505
182 608
182 417
182 707
182 230
182 750
182 337
182 243
182 661
182 219
182 765
182 254
183 407
183 615
183 360
183 616
183 363
183 333
183 441
183 208
183 272
183 697
183 276
183 340
183 184
183 766
184 646
184 393
184 521
184 782
184 273
184 405
184 536
184 280
184 294
184 298
184 426
184 433
184 564
184 445
184 194
184 461
184 598
184 219
184 619
185 224
185 352
185 738
185 776
185 619
185 717
185 336
185 210
185 658
185 280
185 250
185 575
186 290
186 514
186 642
186 650
186 299
186 236
186 367
186 369
186 278
186 567
186 217
186 478
187 704
187 228
187 408
187 599
187 232
187 551
187 613
187 395
187 617
187 621
187 462
187 463
187 465
187 773
187 310
187 216
187 604
187 414
188 641
188 611
188 772
188 325
188 567
188 582
188 744
188 429
188 238
188 590
188 242
188 276
188 628
188 471
188 792
188 506
188 219
188 606
189 647
189 712
189 493
189 399
189 689
189 786
189 501
189 602
189 476
189 798
189 671
190 546
190 611
190 196
190 262
190 297
190 490
190 779
190 798
190 630
190 634
190 697
190 252
190 414
190 543
191 515
191 408
191 798
191 292
191 686
191 586
191 720
191 345
191 737
191 615
191 745
191 747
191 758
191 637
192 650
192 786
192 277
192 672
192 556
192 719
192 601
192 346
192 350
192 482
192 612
192 742
192 748
192 503
192 250
192 511
193 709
193 584
193 298
193 492
193 333
193 205
193 749
193 528
193 723
193 758
193 664
194 519
194 524
194 274
194 532
194 660
194 542
194 296
194 429
194 317
194 451
194 196
194 324
194 203
194 333
194 352
194 358
194 363
194 240
194 371
194 631
194 380
194 506
194 252
195 608
195 577
195 386
195 769
195 581
195 682
195 331
195 664
195 209
195 404
195 408
195 479
196 257
196 645
196 392
196 521
196 402
196 658
196 281
196 412
196 291
196 298
196 697
196 573
196 703
196 460
196 594
196 469
196 510
197 705
197 739
197 648
197 621
197 717
197 240
197 562
197 404
197 406
197 410
197 603
197 637
197 351
198 290
198 490
198 366
198 686
198 373
198 757
198 344
198 764
198 255
199 573
199 484
199 516
199 328
199 265
199 648
199 511
199 460
199 462
199 786
199 531
199 340
199 564
199 415
200 641
200 269
200 784
200 403
200 539
200 673
200 554
200 555
200 563
200 713
200 330
200 466
200 339
200 474
200 479
200 483
200 739
200 615
200 742
200 366
200 756
200 630
200 505
201 512
201 386
201 640
201 357
201 550
201 231
201 424
201 773
201 619
201 236
201 656
201 209
201 625
201 785
201 732
201 446
201 607
202 448
202 419
202 420
202 712
202 393
202 783
202 755
202 660
202 247
202 762
202 540
203 705
203 357
203 711
203 345
203 616
203 363
203 742
203 746
203 530
203 310
203 249
203 606
204 517
204 487
204 519
204 267
204 463
204 210
204 562
204 625
204 660
204 699
205 352
205 641
205 770
205 228
205 452
205 358
205 456
205 297
205 209
205 274
205 661
205 379
205 445
205 222
205 383
206 262
206 399
206 661
206 279
206 538
206 289
206 675
206 555
206 560
206 439
206 567
206 699
206 324
206 592
206 338
206 478
206 223
206 227
206 488
206 635
206 503
206 506
206 507
206 638
207 449
207 322
207 263
207 392
207 521
207 459
207 631
207 759
207 433
207 471
207 760
207 219
207 510
208 613
208 678
208 488
208 426
208 267
208 429
208 560
208 497
208 530
208 688
208 406
208 470
208 474
208 694
209 768
209 386
209 519
209 530
209 683
209 432
209 561
209 435
209 439
209 440
209 320
209 583
209 459
209 721
209 468
209 601
209 352
209 226
209 612
209 488
209 490
209 246
209 380
210 258
210 268
210 530
210 659
210 661
210 669
210 544
210 545
210 438
210 566
210 319
210 450
210 326
210 589
210 732
210 492
210 367
210 495
210 625
210 501
210 375
211 512
211 576
211 355
211 520
211 265
211 745
211 619
211 684
211 346
211 562
211 245
211 761
211 348
211 600
211 729
211 282
212 646
212 401
212 277
212 537
212 793
212 320
212 451
212 455
212 584
212 712
212 468
212 724
212 727
212 476
212 358
212 614
212 746
212 506
212 383
213 736
213 259
213 740
213 296
213 520
213 778
213 336
213 719
213 786
213 596
213 567
214 512
214 388
214 774
214 263
214 268
214 396
214 792
214 668
214 669
214 414
214 672
214 797
214 799
214 680
214 554
214 428
214 701
214 323
214 452
214 740
214 498
214 634
215 395
215 270
215 525
215 656
215 661
215 666
215 417
215 683
215 564
215 695
215 443
215 452
215 330
215 337
215 346
215 615
215 622
215 508
215 382
215 383
216 224
216 353
216 547
216 609
216 743
216 297
216 331
216 780
216 593
216 443
216 598
216 631
216 316
216 221
217 771
217 534
217 536
217 408
217 415
217 678
217 438
217 711
217 464
217 607
217 482
217 748
217 632
217 633
217 507
217 254
218 323
218 739
218 709
218 359
218 712
218 394
218 364
218 240
218 596
218 603
218 541
219 262
219 392
219 659
219 535
219 413
219 542
219 422
219 297
219 707
219 326
219 458
219 588
219 336
219 594
219 596
219 735
219 491
219 748
219 750
219 756
219 375
219 377
219 636
219 509
220 352
220 481
220 514
220 422
220 487
220 265
220 460
220 462
220 687
220 751
220 347
220 252
221 288
221 416
221 259
221 516
221 705
221 390
221 733
221 333
221 623
221 412
221 509
221 511
222 257
222 514
222 645
222 649
222 784
222 786
222 791
222 795
222 293
222 311
222 568
222 316
222 332
222 736
222 353
222 739
222 485
222 632
223 258
223 419
223 484
223 485
223 359
223 424
223 615
223 330
223 562
223 657
223 602
223 379
223 573
223 731
223 287
224 416
224 668
224 516
224 297
224 300
224 717
224 271
224 688
224 781
224 500
224 761
224 311
224 348
225 388
225 446
225 710
225 263
225 521
225 685
225 783
225 498
225 277
225 504
225 761
225 605
225 254
226 517
226 679
226 713
226 267
226 717
226 654
226 624
226 785
226 659
226 404
226 438
226 566
226 408
226 698
226 282
226 763
226 509
227 518
227 396
227 655
227 279
227 412
227 545
227 293
227 678
227 424
227 682
227 683
227 558
227 311
227 314
227 703
227 452
227 716
227 589
227 471
227 613
227 750
227 631
228 544
228 580
228 297
228 303
228 304
228 655
228 538
228 501
228 691
228 718
228 799
229 512
229 257
229 664
229 667
229 296
229 689
229 441
229 316
229 448
229 704
229 450
229 706
229 328
229 729
229 476
229 352
229 610
230 259
230 394
230 396
230 783
230 667
230 797
230 543
230 415
230 673
230 684
230 429
230 697
230 316
230 336
230 596
230 607
230 231
230 747
230 240
230 505
230 250
231 353
231 292
231 325
231 581
231 770
231 265
231 783
231 308
231 692
231 699
231 479
232 389
232 521
232 788
232 407
232 797
232 425
232 431
232 433
232 307
232 318
232 452
232 328
232 715
232 350
232 352
232 623
232 627
232 253
232 509
233 354
233 293
233 739
233 458
233 755
233 244
233 437
233 471
233 787
233 762
233 540
234 323
234 292
234 421
234 262
234 535
234 616
234 555
234 634
234 763
235 258
235 613
235 520
235 297
235 329
235 490
235 555
235 271
235 241
235 469
236 704
236 742
236 363
236 493
236 401
236 370
236 467
236 244
236 497
236 793
236 731
236 254
237 353
237 769
237 391
237 298
237 238
237 462
237 591
237 653
237 439
237 411
237 764
238 535
238 359
238 271
238 687
238 465
238 751
238 247
238 350
239 577
239 387
239 287
239 642
239 773
239 329
239 522
239 492
239 652
239 434
239 626
239 437
239 537
239 606
240 260
240 263
240 776
240 394
240 531
240 277
240 412
240 550
240 680
240 684
240 302
240 689
240 309
240 568
240 441
240 317
240 318
240 576
240 331
240 460
240 342
240 473
240 732
240 605
240 621
241 576
241 643
241 377
241 521
241 428
241 364
241 459
241 589
241 653
241 529
241 657
241 721
241 281
241 446
242 417
242 709
242 294
242 680
242 265
242 458
242 460
242 334
242 622
242 593
242 467
242 316
242 346
242 669
242 671
243 352
243 292
243 446
243 295
243 677
243 710
243 302
243 334
243 591
243 625
243 790
243 762
243 252
243 318
244 640
244 516
244 773
244 454
244 391
244 710
244 746
244 527
244 529
244 735
244 596
244 472
244 541
245 651
245 657
245 286
245 288
245 552
245 301
245 693
245 712
245 589
245 462
245 718
245 464
245 605
245 734
245 736
245 355
245 371
245 755
245 246
246 736
246 481
246 452
246 390
246 528
246 434
246 563
246 595
246 437
246 631
246 792
247 471
247 581
247 645
247 519
247 776
247 554
247 638
247 748
247 307
247 788
247 693
247 375
247 382
248 641
248 764
248 293
248 328
248 553
248 619
248 623
248 690
248 339
248 785
248 379
248 540
248 670
249 291
249 535
249 358
249 624
249 434
249 307
249 371
249 284
249 373
249 467
249 632
249 725
249 634
249 731
249 350
250 676
250 262
250 550
250 616
250 646
250 711
250 268
250 717
250 765
250 499
250 567
250 570
250 349
250 478
251 550
251 681
251 746
251 777
251 526
251 527
251 720
251 751
251 564
251 799
252 658
252 405
252 409
252 285
252 286
252 433
252 458
252 714
252 334
252 337
252 478
252 483
252 377
253 608
253 323
253 263
253 327
253 685
253 719
253 369
253 792
253 787
253 279
253 696
253 409
253 700
253 670
254 586
254 524
254 750
254 336
254 278
254 701
254 510
254 767
255 291
255 325
255 552
255 429
255 270
255 494
255 400
255 593
255 659
255 721
255 341
255 791
256 769
256 514
256 653
256 623
256 272
256 436
256 340
256 662
256 607
257 318
257 262
257 551
257 744
257 777
257 620
257 495
257 760
257 278
257 632
257 730
257 506
257 351
258 768
258 273
258 789
258 534
258 285
258 555
258 439
258 450
258 327
258 712
258 744
258 618
258 752
259 261
259 517
259 780
259 666
259 314
259 704
259 705
259 583
259 594
259 339
259 595
259 473
259 749
259 629
259 510
260 764
260 646
260 655
260 784
260 402
260 275
260 791
260 797
260 547
260 420
260 294
260 299
260 690
260 712
260 588
260 591
260 341
260 470
260 351
260 607
260 616
260 508
261 513
261 395
261 533
261 661
261 287
261 292
261 300
261 436
261 567
261 311
261 575
261 717
261 462
261 466
261 467
261 344
261 607
262 768
262 344
262 385
262 547
262 710
262 298
262 272
262 760
262 538
262 671
263 649
263 765
263 404
263 532
263 278
263 306
263 445
263 711
263 713
263 589
263 598
263 355
263 742
263 489
263 365
263 635
264 323
264 454
264 326
264 361
264 778
264 528
264 592
264 799
264 793
264 731
264 542
264 447
265 519
265 269
265 782
265 783
265 402
265 668
265 309
265 314
265 447
265 324
265 737
265 741
266 736
266 388
266 740
266 294
266 646
266 649
266 511
266 749
266 655
266 347
266 501
266 342
266 597
266 506
267 736
267 739
267 423
267 360
267 712
267 501
267 413
267 734
267 511
268 387
268 677
268 424
268 776
268 462
268 785
268 660
269 643
269 488
269 427
269 601
269 626
269 435
269 725
269 279
269 441
269 541
270 672
270 353
270 515
270 741
270 717
270 526
270 749
270 374
271 648
271 776
271 778
271 655
271 784
271 672
271 431
271 436
271 314
271 699
271 446
271 601
271 370
271 372
271 377
271 636
271 383
272 325
272 357
272 552
272 624
272 593
272 657
272 792
272 601
272 381
273 741
273 710
273 302
273 657
273 665
273 473
273 283
273 797
274 517
274 390
274 779
274 529
274 530
274 404
274 543
274 294
274 680
274 567
274 441
274 574
274 321
274 466
274 346
274 484
274 485
274 744
274 619
274 503
275 385
275 515
275 391
275 297
275 685
275 379
275 627
275 469
275 661
275 541
275 799
276 675
276 582
276 487
276 779
276 428
276 308
276 690
276 604
277 785
277 534
277 286
277 692
277 447
277 451
277 452
277 593
277 723
277 346
277 602
277 604
277 491
277 500
277 634
278 537
278 410
278 690
278 571
278 453
278 458
278 719
278 595
278 470
278 727
278 738
278 360
278 381
279 288
279 705
279 768
279 611
279 456
279 366
279 466
279 596
279 726
279 283
279 799
280 521
280 652
280 282
280 539
280 568
280 573
280 706
280 583
280 328
280 594
280 482
280 612
280 360
280 624
280 765
281 646
281 782
281 790
281 680
281 684
281 685
281 704
281 324
281 580
281 727
281 609
281 354
281 621
281 504
281 634
281 383
282 648
282 793
282 672
282 433
282 563
282 314
282 326
282 466
282 599
282 479
282 608
282 351
282 362
282 364
282 369
282 764
282 509
283 288
283 547
283 580
283 582
283 645
283 709
283 568
283 331
283 301
283 621
283 720
283 371
283 634
283 285
283 671
284 387
284 764
284 684
284 335
284 659
284 725
284 407
284 604
285 389
285 777
285 782
285 797
285 416
285 556
285 444
285 322
285 582
285 715
285 718
285 347
285 740
285 362
285 627
285 374
285 507
285 502
285 510
286 450
286 486
286 617
286 362
286 364
286 683
286 463
286 718
286 746
286 338
286 692
286 409
286 509
286 319
287 583
287 645
287 299
287 743
287 792
287 601
287 442
288 503
288 621
288 781
288 752
288 530
288 788
288 639
289 512
289 385
289 611
289 292
289 552
289 777
289 430
289 496
289 559
289 564
289 533
289 687
289 782
289 412
290 513
290 652
290 796
290 428
290 429
290 690
290 439
290 696
290 442
290 698
290 590
290 724
290 469
290 616
290 752
290 629
291 608
291 740
291 711
291 745
291 703
291 755
291 534
291 759
291 636
292 354
292 674
292 429
292 534
292 574
293 312
293 612
293 741
293 456
293 746
293 632
293 592
293 465
293 629
293 662
293 407
293 377
293 442
293 635
294 706
294 709
294 358
294 710
294 392
294 584
294 649
294 301
294 719
294 372
294 499
294 565
294 471
294 626
294 543
295 650
295 778
295 657
295 666
295 794
295 540
295 555
295 686
295 694
295 321
295 341
295 599
295 480
295 484
295 357
295 490
295 500
295 376
295 379
295 764
296 515
296 518
296 540
296 422
296 427
296 313
296 446
296 327
296 718
296 598
296 725
296 483
296 374
296 377
297 780
297 658
297 531
297 664
297 443
297 573
297 586
297 598
297 600
297 477
297 486
297 743
297 618
298 406
298 538
298 422
298 681
298 307
298 565
298 704
298 588
298 721
298 339
298 732
298 631
298 505
298 383
299 516
299 520
299 395
299 396
299 399
299 527
299 529
299 651
299 793
299 414
299 416
299 418
299 545
299 557
299 315
299 319
299 329
299 461
299 467
299 341
299 611
299 361
299 501
300 610
300 740
300 678
300 329
300 771
300 587
300 589
300 432
300 624
300 501
301 384
301 521
301 399
301 542
301 684
301 430
301 577
301 465
301 468
301 725
301 729
301 732
301 363
301 621
301 634
301 507
302 640
302 542
302 329
302 330
302 650
302 681
302 590
302 404
302 432
302 441
302 475
302 478
302 415
303 421
303 391
303 452
303 518
303 525
303 750
303 625
303 791
303 442
303 415
304 769
304 357
304 422
304 616
304 617
304 654
304 718
304 784
304 535
304 570
304 443
304 735
305 513
305 486
305 391
305 489
305 682
305 523
305 460
305 442
305 734
305 402
305 314
305 380
305 574
306 513
306 323
306 452
306 548
306 609
306 614
306 457
306 615
306 588
306 746
306 783
306 689
306 440
306 731
306 637
307 358
307 742
307 617
307 339
307 347
307 316
307 799
308 546
308 515
308 485
308 396
308 590
308 377
309 517
309 652
309 415
309 681
309 453
309 341
309 726
309 471
309 348
309 752
309 501
309 502
309 763
310 421
310 680
310 713
310 505
310 560
310 697
310 372
310 630
310 409
310 347
310 508
311 795
311 485
311 559
311 720
311 690
311 725
311 475
312 705
312 605
312 581
312 521
312 745
312 558
312 402
312 501
312 342
312 755
312 573
313 384
313 768
313 642
313 516
313 395
313 652
313 397
313 654
313 402
313 791
313 410
313 424
313 427
313 431
313 582
313 461
313 466
313 472
313 736
313 485
313 487
313 492
313 755
313 760
314 645
314 655
314 785
314 790
314 798
314 683
314 697
314 335
314 730
314 349
314 614
314 617
314 757
314 635
314 637
315 762
315 644
315 669
315 525
315 656
315 371
315 532
315 437
315 438
315 567
315 696
315 345
315 724
315 667
315 726
315 766
316 643
316 645
316 780
316 542
316 671
316 550
316 556
316 436
316 440
316 443
316 322
316 473
316 348
316 740
316 744
317 480
317 641
317 739
317 548
317 775
317 458
317 428
317 626
317 790
317 536
317 730
317 734
318 779
318 397
318 535
318 664
318 408
318 410
318 792
318 691
318 572
318 324
318 580
318 709
318 721
318 729
318 742
318 359
318 746
318 629
318 637
319 640
319 637
319 646
319 525
319 495
319 752
319 477
320 388
320 516
320 773
320 364
320 460
320 686
320 432
320 465
320 759
320 377
320 794
321 418
321 454
321 393
321 619
321 334
321 399
321 430
321 474
321 526
321 782
321 565
321 786
321 761
321 346
322 450
322 612
322 485
322 678
322 523
322 460
322 496
322 626
322 563
322 660
322 534
322 695
322 793
322 415
323 385
323 783
323 666
323 412
323 675
323 687
323 701
323 742
324 387
324 454
324 487
324 715
324 717
324 731
324 373
324 343
324 728
324 700
325 579
325 485
325 393
325 522
325 653
325 466
325 499
325 787
325 503
325 345
325 794
325 476
326 614
326 635
326 655
326 400
326 568
326 669
327 708
327 613
327 773
327 492
327 687
327 754
327 629
327 471
327 351
328 663
328 795
328 430
328 692
328 571
328 450
328 716
328 592
328 748
328 368
328 370
328 765
329 738
329 580
329 421
329 711
329 616
329 368
329 527
329 537
329 665
329 723
329 473
329 636
330 485
330 773
330 712
330 523
330 746
330 525
330 765
330 721
330 531
330 761
330 605
331 352
331 354
331 359
331 393
331 682
331 684
331 688
331 658
331 788
331 473
332 394
332 784
332 675
332 432
332 575
332 576
332 726
332 346
332 611
332 741
332 490
332 370
332 501
332 383
333 384
333 771
333 534
333 791
333 536
333 540
333 442
333 572
333 710
333 457
333 717
333 592
333 339
333 347
333 480
333 483
333 488
333 756
333 377
334 613
334 391
334 345
334 371
334 507
334 639
335 453
335 747
335 399
335 506
335 435
335 597
335 661
335 407
335 765
336 773
336 522
336 678
336 691
336 596
336 468
336 341
336 728
336 611
336 500
336 630
336 376
336 507
337 483
337 780
337 497
337 627
337 340
337 438
337 442
337 347
338 768
338 737
338 388
338 363
338 780
338 429
338 367
338 493
338 433
338 494
338 496
338 531
338 658
338 723
338 726
338 756
338 669
339 452
339 455
339 457
339 589
339 463
339 685
339 657
339 374
340 642
340 645
340 773
340 526
340 400
340 535
340 665
340 411
340 412
340 571
340 745
340 621
340 369
340 630
341 448
341 739
341 613
341 424
341 361
341 489
341 366
341 784
341 754
341 692
341 665
341 380
341 414
342 640
342 513
342 418
342 420
342 681
342 559
342 347
342 357
342 491
342 749
342 507
343 544
343 514
343 549
343 518
343 586
343 659
343 437
343 694
343 757
344 709
344 427
344 558
344 529
344 687
344 373
344 791
344 568
344 667
345 384
345 391
345 649
345 660
345 668
345 416
345 672
345 678
345 555
345 683
345 430
345 568
345 707
345 589
345 731
345 485
345 491
345 625
345 376
346 768
346 550
346 647
346 399
346 434
346 662
346 700
346 670
347 705
347 774
347 519
347 679
347 588
347 373
347 662
347 412
347 572
348 512
348 636
348 769
348 645
348 582
348 398
348 559
348 594
348 724
348 472
348 441
348 699
348 765
348 798
349 512
349 641
349 772
349 797
349 703
349 402
349 436
349 374
349 408
349 475
349 413
349 606
349 479
350 448
350 647
350 713
350 461
350 718
350 719
350 754
350 534
350 757
350 793
351 646
351 519
351 655
351 401
351 659
351 795
351 672
351 674
351 562
351 707
351 594
351 598
351 601
351 375
351 631
352 517
352 773
352 526
352 797
352 670
352 543
352 423
352 720
352 728
352 609
353 417
353 390
353 648
353 683
353 428
353 493
353 685
353 792
353 692
353 725
353 438
353 788
353 476
354 768
354 654
354 531
354 666
354 796
354 674
354 681
354 557
354 561
354 570
354 705
354 579
354 596
354 599
354 729
354 734
354 505
355 451
355 611
355 458
355 367
355 402
355 528
355 767
355 507
355 447
356 706
356 388
356 548
356 359
356 425
356 459
356 713
356 778
356 654
356 779
356 724
356 569
356 411
356 637
357 677
357 775
357 362
357 397
357 462
357 684
357 689
357 531
357 718
357 735
357 607
358 392
358 789
358 410
358 549
358 688
358 436
358 704
358 712
358 744
358 746
358 373
359 636
359 672
359 420
359 446
359 581
359 606
359 745
359 778
359 750
359 436
359 629
360 641
360 518
360 788
360 539
360 797
360 542
360 425
360 704
360 725
360 613
360 364
360 629
361 448
361 450
361 739
361 486
361 460
361 430
361 556
361 584
361 402
361 530
361 500
361 440
361 575
362 774
362 649
362 405
362 417
362 545
362 428
362 430
362 695
362 589
362 471
362 472
362 613
362 363
362 502
363 520
363 407
363 796
363 429
363 573
363 726
363 747
363 494
363 372
363 630
363 760
364 668
364 647
364 488
364 747
364 653
364 754
364 538
364 786
364 758
364 604
365 519
365 660
365 664
365 544
365 675
365 676
365 553
365 687
365 432
365 564
365 583
365 719
365 467
365 490
365 622
366 484
366 517
366 743
366 553
366 781
366 658
366 438
366 408
366 533
366 762
366 411
366 605
367 659
367 787
367 538
367 544
367 420
367 421
367 554
367 572
367 456
367 462
367 593
367 747
367 628
367 375
367 767
368 512
368 514
368 550
368 711
368 539
369 576
369 484
369 615
369 521
369 750
369 655
369 624
369 785
369 658
369 533
370 390
370 422
370 678
370 790
370 472
370 475
370 700
370 446
371 455
371 424
371 714
371 620
371 667
371 591
371 688
371 531
371 372
371 508
371 606
371 543
372 775
372 425
372 491
372 727
372 471
372 726
372 573
373 386
373 779
373 552
373 692
373 695
373 567
373 570
373 718
373 472
373 614
373 745
373 624
374 419
374 740
374 394
374 651
374 494
374 558
374 562
374 408
375 641
375 418
375 451
375 479
375 554
375 434
375 662
375 409
375 668
376 577
376 613
376 709
376 431
376 591
376 596
376 664
376 474
376 475
377 512
377 659
377 662
377 408
377 419
377 681
377 558
377 703
377 591
377 472
377 728
377 619
378 517
378 679
378 682
378 792
378 635
379 515
379 579
379 743
379 719
379 529
379 530
379 657
379 727
379 700
379 670
380 480
380 675
380 676
380 457
380 617
380 786
380 406
380 408
380 693
380 634
380 757
380 605
381 548
381 485
381 778
381 494
381 760
381 530
381 632
381 382
381 447
382 454
382 669
382 733
382 555
382 524
382 751
382 689
383 439
383 418
383 452
383 612
383 558
383 432
383 560
384 388
384 420
384 504
384 555
384 505
384 496
384 591
384 434
384 654
384 690
384 719
384 726
384 440
384 539
384 700
385 417
385 546
385 500
385 788
385 502
385 600
385 475
385 668
385 731
386 704
386 645
386 684
386 562
386 689
386 785
386 504
386 637
387 514
387 523
387 403
387 536
387 544
387 569
387 455
387 741
387 497
387 635
388 775
388 587
388 607
388 434
388 630
388 633
388 413
388 415
389 795
389 737
389 769
389 773
389 518
389 554
389 749
389 718
389 403
389 724
389 735
390 774
390 530
390 787
390 565
390 573
390 588
390 590
390 741
390 748
390 494
390 751
390 750
390 500
390 635
391 642
391 789
391 406
391 538
391 410
391 799
391 700
391 702
391 574
391 713
391 586
391 731
391 618
391 747
391 750
391 751
391 632
392 518
392 775
392 535
392 793
392 686
392 564
392 579
392 716
392 603
392 610
393 544
393 578
393 709
393 774
393 522
393 461
393 718
393 624
393 625
393 441
393 411
394 514
394 771
394 554
394 556
394 442
394 500
394 755
394 633
394 700
395 480
395 609
395 674
395 705
395 599
395 607
395 431
395 561
395 536
395 602
395 413
395 702
396 544
396 550
396 637
396 669
396 719
396 635
396 413
396 799
397 548
397 764
397 459
397 620
397 684
397 466
397 695
397 442
397 444
397 573
398 642
398 552
398 649
398 744
398 621
398 593
398 788
398 599
398 728
398 505
399 525
399 682
399 700
399 446
399 448
399 457
399 465
399 473
399 617
399 490
399 756
399 759
399 761
400 514
400 772
400 742
400 616
400 654
400 623
400 496
400 671
401 577
401 617
401 713
401 590
401 624
401 735
401 759
401 569
402 516
402 650
402 780
402 427
402 692
402 707
402 728
402 498
402 501
403 480
403 608
403 772
403 581
403 583
403 750
403 687
403 767
403 635
404 646
404 528
404 664
404 796
404 431
404 435
404 696
404 570
404 715
404 468
404 471
404 733
404 606
404 743
404 750
404 503
405 777
405 619
405 429
405 529
405 597
405 406
406 424
406 551
406 460
406 650
406 655
406 696
406 743
407 737
407 743
407 663
407 588
407 655
407 433
408 645
408 781
408 657
408 786
408 542
408 694
408 453
408 592
409 551
409 427
409 651
409 557
409 702
409 540
409 572
409 534
409 729
409 666
409 603
410 768
410 415
410 560
410 563
410 701
410 706
410 584
410 730
410 615
410 741
410 501
411 795
411 609
411 547
411 420
411 453
411 485
411 708
411 523
411 617
411 779
411 496
411 689
411 569
412 768
412 423
412 551
412 618
412 558
412 657
412 752
412 564
412 789
412 537
413 579
413 549
413 557
413 753
413 532
413 666
413 796
414 673
414 488
414 713
414 555
414 759
414 607
415 648
415 548
415 677
415 550
415 557
415 459
415 464
415 607
415 487
415 629
416 483
416 549
416 677
416 504
416 639
416 720
416 628
416 757
416 538
416 447
417 562
417 697
417 576
417 711
417 457
417 478
417 488
417 627
418 783
418 786
418 790
418 665
418 538
418 540
418 794
418 550
418 689
418 697
418 483
418 499
419 684
419 653
419 791
419 720
419 501
419 669
419 638
420 513
420 775
420 520
420 778
420 524
420 781
420 539
420 552
420 558
420 438
420 705
420 716
420 728
420 605
421 642
421 645
421 523
421 539
421 568
421 697
421 702
421 703
421 579
421 456
421 594
421 605
421 608
421 482
421 614
421 626
422 769
422 520
422 553
422 682
422 475
422 481
422 637
423 643
423 790
423 733
424 727
424 685
424 657
424 628
424 476
424 638
425 426
425 745
425 750
425 671
425 498
425 627
425 690
425 725
425 790
425 793
425 732
425 607
426 515
426 679
426 488
426 520
426 620
426 654
426 437
426 757
426 670
427 775
427 526
427 530
427 552
427 428
427 694
427 722
427 723
427 476
427 605
427 755
428 644
428 519
428 655
428 530
428 675
428 681
428 572
428 447
428 733
428 478
428 743
429 481
429 482
429 555
429 575
429 435
429 500
429 571
429 507
430 519
430 437
430 701
430 452
430 466
430 723
430 484
430 495
430 509
431 450
431 676
431 583
431 536
431 775
431 777
431 779
431 469
431 629
431 570
432 673
432 582
432 561
432 467
432 597
432 727
432 603
432 669
433 704
433 673
433 456
433 712
433 492
433 702
433 744
433 602
433 793
433 635
433 510
434 450
434 774
434 635
434 528
434 751
434 498
434 628
434 629
434 541
435 515
435 657
435 677
435 686
435 453
435 582
435 583
435 588
435 589
435 466
435 603
435 609
435 483
435 616
435 495
436 541
436 550
436 648
436 494
436 597
436 632
436 602
437 513
437 643
437 523
437 783
437 664
437 669
437 541
437 677
437 554
437 560
437 734
437 607
437 481
438 772
438 518
438 527
438 529
438 530
438 667
438 795
438 551
438 730
438 603
438 743
438 758
439 579
439 739
439 587
439 652
439 639
439 496
439 747
439 532
439 780
439 542
440 598
441 770
441 651
441 524
441 779
441 794
441 699
441 590
441 483
441 627
441 506
442 773
442 776
442 779
442 527
442 531
442 661
442 548
442 680
442 691
442 567
442 450
442 453
442 711
442 755
442 511
443 472
443 746
443 494
443 469
443 598
443 444
443 607
444 611
444 745
444 716
444 755
444 664
445 452
445 454
445 551
445 648
445 776
445 747
445 778
445 690
445 541
445 767
446 646
446 526
446 536
446 569
446 699
446 475
446 742
446 495
446 504
447 778
447 670
447 679
447 680
447 684
447 700
447 579
447 708
447 457
447 601
447 480
447 482
447 752
447 497
448 608
448 737
448 515
448 646
448 523
448 587
448 526
448 650
448 561
448 734
448 751
448 724
448 780
448 543
449 512
449 708
449 775
449 492
449 462
449 598
449 635
449 702
450 768
450 794
450 584
450 458
450 481
450 612
450 486
450 505
451 513
451 609
451 676
451 456
451 523
451 779
451 468
451 787
451 731
452 705
452 714
452 699
453 518
453 663
453 490
453 747
453 473
453 462
453 524
453 564
453 533
454 641
454 779
454 531
454 533
454 502
455 740
455 749
455 719
455 470
455 532
455 597
455 725
456 580
456 762
456 714
456 690
456 692
456 629
456 538
456 732
457 482
457 513
457 607
457 591
457 783
457 565
457 473
457 477
458 788
458 533
458 539
458 554
458 582
458 462
458 613
459 645
459 776
459 652
459 654
459 655
459 663
459 692
459 466
459 723
459 604
459 509
459 767
460 777
460 533
460 669
460 684
460 564
460 472
460 482
460 743
460 626
460 504
460 638
461 528
461 541
461 693
461 577
461 584
461 715
461 718
461 604
461 752
461 756
461 636
462 546
462 552
462 501
462 761
462 634
463 471
463 535
463 518
463 560
463 499
463 691
463 666
464 513
464 482
464 535
464 775
464 713
464 524
464 780
464 659
464 691
464 664
464 795
464 476
464 669
465 704
465 617
465 619
465 537
465 558
465 594
465 651
465 659
465 629
465 637
465 542
465 735
466 776
466 526
466 551
466 553
466 686
466 563
466 578
466 709
466 731
466 737
466 631
467 768
467 584
467 592
467 594
467 726
467 600
467 608
467 742
467 491
467 629
468 587
468 569
468 531
468 476
469 613
469 522
469 620
469 747
469 527
469 687
469 531
469 700
470 525
470 591
470 592
470 501
470 722
470 798
470 702
471 520
471 511
471 654
471 558
471 695
471 702
471 723
471 600
471 740
471 487
471 747
471 493
471 494
471 495
471 627
471 756
471 764
472 519
472 657
472 798
472 689
472 479
472 486
472 630
472 507
473 772
473 662
473 543
473 547
473 596
473 725
473 490
473 506
474 641
474 642
474 778
474 619
474 684
474 563
474 666
474 733
475 514
475 565
475 697
475 579
475 582
475 593
475 598
475 745
475 499
476 642
476 485
476 701
476 522
476 682
476 719
476 624
476 726
476 570
477 518
477 678
477 649
477 684
477 759
477 777
477 791
477 689
477 598
477 567
477 696
477 604
478 774
478 650
478 654
478 655
478 560
478 690
478 585
478 606
478 612
478 496
479 682
479 560
479 531
479 538
479 571
479 732
480 768
480 516
480 489
480 589
480 775
480 629
480 762
480 571
481 577
481 740
481 585
481 760
481 666
481 565
481 726
482 772
482 655
482 532
482 692
482 695
482 699
482 717
482 598
482 739
482 616
482 490
482 505
483 771
483 544
483 676
483 567
483 697
483 725
483 765
484 544
484 515
484 511
484 565
484 534
484 569
484 797
485 644
485 647
485 521
485 536
485 674
485 691
485 712
486 618
486 525
486 537
486 590
486 502
487 541
487 546
487 704
487 590
487 720
487 598
487 734
487 496
487 761
487 633
487 765
488 651
488 655
488 528
488 795
488 684
488 689
488 562
488 566
488 586
488 592
488 495
488 627
488 760
488 508
489 762
489 632
489 592
489 594
489 595
489 629
489 692
489 694
489 725
489 668
490 644
490 648
490 656
490 784
490 552
490 704
490 706
490 499
490 501
491 512
491 774
491 792
491 683
491 743
491 749
491 753
491 498
491 499
492 535
492 722
492 534
492 570
492 508
492 573
493 522
493 683
493 525
493 715
493 563
493 601
493 731
494 643
494 777
494 788
494 537
494 690
494 700
494 725
494 639
495 609
495 706
495 773
495 711
495 621
495 604
496 590
496 694
496 664
496 794
497 640
497 577
497 642
497 704
497 520
497 743
497 774
497 750
498 608
498 769
498 524
498 713
498 747
499 673
499 610
499 772
499 549
499 774
499 528
499 560
499 561
499 720
499 694
499 696
499 636
500 640
500 777
500 667
500 670
500 799
500 559
500 565
500 589
500 619
501 785
501 566
501 693
501 703
501 714
502 548
502 611
502 620
502 600
502 540
502 734
502 607
503 772
503 650
503 658
503 536
503 538
503 703
503 599
503 604
503 606
503 608
503 738
503 621
503 752
504 548
504 613
504 557
504 528
504 750
504 691
504 756
504 794
505 526
505 786
505 792
505 793
505 555
505 736
505 748
506 794
506 795
506 668
506 576
506 618
506 637
507 675
507 584
507 745
507 654
507 790
507 508
508 644
508 531
508 663
508 798
508 558
508 574
508 610
508 739
508 749
509 684
509 655
509 726
509 727
509 569
510 736
510 522
510 733
510 776
510 686
510 695
510 539
511 668
511 613
511 745
511 622
511 596
511 725
511 630
511 539
512 640
512 738
512 582
512 617
512 529
512 722
512 666
512 533
512 535
513 611
513 647
513 682
513 590
513 723
513 568
514 712
514 745
514 734
514 798
514 626
515 544
515 674
515 559
515 560
515 577
515 592
515 607
515 762
515 639
516 765
516 796
516 551
516 552
516 578
516 603
516 732
516 761
516 637
517 773
517 776
517 765
517 721
517 603
518 580
518 614
518 755
518 793
518 796
519 769
519 651
519 654
519 673
519 674
519 692
519 572
519 582
519 592
519 747
520 557
520 685
521 709
521 742
521 778
521 562
521 638
522 640
522 646
522 779
522 781
522 658
522 659
522 672
522 558
522 755
523 651
523 663
523 545
523 679
523 555
523 694
523 699
523 584
523 605
523 753
523 630
524 782
524 656
524 629
524 661
525 547
525 616
525 621
525 688
525 633
525 699
526 719
526 629
526 761
526 789
527 553
527 725
528 662
528 792
528 546
528 548
528 626
528 638
529 668
529 799
529 684
529 689
529 717
529 602
530 704
530 794
531 791
531 795
531 547
531 694
531 696
531 579
531 588
531 741
532 614
532 551
532 719
533 547
533 576
533 746
533 561
533 786
533 763
534 676
534 556
534 561
534 759
535 770
535 539
535 545
535 609
535 630
536 768
536 780
536 657
536 659
536 543
536 675
536 685
536 702
536 728
536 749
536 753
536 631
537 576
537 601
538 673
538 706
538 774
538 697
538 734
539 768
539 669
539 651
539 784
539 602
540 609
540 770
540 741
540 616
540 647
540 649
540 664
540 670
541 584
542 728
542 614
542 617
543 648
543 717
543 575
544 578
544 642
544 563
544 598
544 760
544 795
545 644
545 585
545 747
545 729
545 694
546 737
546 694
546 599
546 666
547 673
547 613
547 708
547 555
547 558
547 688
547 759
548 643
548 698
548 710
548 721
548 728
548 739
549 578
549 550
549 733
549 562
549 596
549 601
549 763
549 700
550 691
550 719
550 615
550 616
551 777
551 782
551 670
551 725
551 622
552 581
552 712
552 743
552 605
553 608
553 759
554 768
554 741
554 625
554 798
555 572
555 703
555 710
555 734
555 741
555 632
556 773
556 584
556 752
556 565
556 758
557 709
557 733
557 720
557 595
557 723
558 771
558 656
558 667
558 799
558 716
558 748
559 770
559 615
559 778
559 780
559 749
559 627
559 568
559 726
560 687
560 634
560 754
560 667
561 590
561 564
561 629
561 724
561 755
561 700
561 639
562 788
562 564
562 709
562 587
562 720
562 593
562 725
562 616
562 633
563 690
563 785
563 760
564 647
564 568
564 702
564 707
564 718
564 614
564 638
565 796
565 673
565 739
565 613
565 760
566 657
566 689
566 599
566 600
566 697
567 775
567 659
567 792
568 641
568 570
568 708
568 710
568 720
568 625
569 581
569 744
569 728
569 697
570 576
570 640
570 706
570 581
570 740
570 648
570 795
571 625
571 755
571 664
571 697
571 702
572 622
572 714
572 790
572 731
572 799
573 709
573 679
573 622
573 728
573 781
574 649
574 778
574 748
574 691
574 603
575 579
575 751
575 761
575 598
575 789
575 698
575 635
575 637
576 644
576 645
576 585
576 759
576 593
576 630
577 748
577 756
578 646
578 713
578 740
578 654
578 596
578 791
578 763
578 734
579 653
579 658
579 662
579 589
579 592
579 753
580 609
580 647
580 590
580 592
580 595
580 629
581 794
581 702
581 594
581 693
581 763
581 698
582 650
582 584
582 712
582 728
582 738
583 772
583 784
583 628
583 605
584 778
584 704
584 720
584 723
584 725
584 599
584 767
585 691
586 681
586 746
586 777
586 669
587 709
587 746
587 693
588 631
588 616
588 646
588 655
588 690
588 606
589 645
589 679
589 681
589 619
589 629
589 758
590 738
590 660
590 638
591 682
591 796
591 799
592 783
592 665
592 668
592 676
592 710
592 756
593 768
593 739
593 629
593 691
593 666
594 738
594 695
594 632
594 652
594 598
594 765
595 719
595 798
596 656
596 784
596 798
596 672
596 712
596 723
596 601
596 755
597 714
597 748
597 623
597 659
597 631
597 692
597 702
598 642
598 718
598 599
599 660
599 792
599 666
599 677
599 695
599 712
599 725
599 740
599 743
599 634
600 772
600 741
600 647
600 715
600 777
601 720
601 609
601 742
601 618
602 605
602 618
602 639
602 662
602 722
603 616
603 683
603 690
603 693
603 604
604 768
604 645
604 797
604 679
604 711
604 718
604 741
604 620
604 625
604 753
604 637
605 781
605 667
605 795
605 707
605 711
605 636
606 780
606 684
606 689
606 613
606 741
607 771
607 772
607 682
607 686
607 721
607 611
607 618
607 759
607 639
608 768
608 707
608 658
608 671
609 771
609 767
609 791
609 678
609 693
609 696
609 707
609 639
610 644
610 744
610 683
610 623
610 667
612 772
612 780
612 755
613 683
613 704
613 633
613 634
614 638
614 649
614 681
614 688
614 689
615 640
615 682
615 712
615 622
616 769
616 645
616 652
616 783
616 661
616 790
616 669
616 745
617 677
617 733
617 653
617 750
618 771
618 699
618 733
618 752
618 762
618 636
618 639
619 757
620 778
620 684
620 654
620 696
620 790
620 637
620 639
621 644
621 781
621 661
621 666
621 622
621 626
621 756
622 704
622 675
622 679
622 683
622 702
622 665
623 677
623 728
623 694
624 740
624 688
624 629
626 652
626 653
626 683
626 720
626 630
626 763
626 764
627 684
627 754
627 734
628 715
628 794
629 672
629 688
630 799
630 707
630 720
630 742
631 697
631 661
631 758
631 636
631 669
631 790
632 770
632 720
633 643
633 773
633 711
633 651
633 717
633 751
633 689
634 657
635 648
635 712
635 785
636 774
636 652
636 781
636 688
636 690
636 729
636 734
637 772
637 701
637 718
638 773
639 674
639 783
639 767
640 774
640 723
640 793
640 669
641 685
641 698
642 646
642 776
642 780
642 656
642 748
642 750
643 682
643 690
643 696
644 704
644 743
644 688
644 723
645 694
645 695
645 722
646 770
646 775
646 662
646 664
646 673
646 694
646 760
646 761
647 770
647 778
647 656
647 657
647 788
647 791
647 690
647 696
648 737
648 769
648 750
648 782
648 759
649 745
649 747
649 761
650 683
650 783
650 722
650 790
651 729
651 789
652 796
652 728
652 725
652 757
653 700
653 682
653 715
653 788
653 694
653 698
654 771
654 782
654 715
654 733
654 761
655 771
655 699
655 710
655 716
655 724
655 737
656 721
656 754
656 698
657 792
657 793
657 703
658 773
658 775
658 691
658 670
659 745
660 727
660 755
661 772
661 785
662 768
662 693
662 758
663 723
664 775
664 780
664 784
664 670
664 693
664 713
664 715
665 793
666 787
666 728
666 757
667 785
667 791
667 793
667 718
667 750
667 764
668 772
668 759
668 751
668 763
669 672
669 704
669 743
669 759
670 722
671 688
671 753
672 773
672 752
672 691
674 774
674 722
674 723
674 799
674 693
675 788
675 796
675 698
675 700
675 720
675 738
675 759
676 763
677 706
677 678
677 685
677 720
678 771
679 719
679 699
679 731
680 736
680 771
680 715
680 701
681 752
681 701
682 703
682 766
683 782
683 730
684 698
684 755
685 772
685 780
685 791
685 714
685 721
685 729
685 744
686 761
687 750
687 691
687 795
688 773
688 794
688 796
688 720
688 730
688 733
689 772
689 705
689 709
690 791
690 704
690 754
691 781
691 720
691 732
692 724
692 767
693 784
693 795
693 797
693 722
693 748
693 751
694 786
694 797
694 696
694 720
694 754
695 712
695 722
695 758
695 766
695 767
696 717
697 707
698 776
698 764
699 789
700 796
701 705
701 785
701 703
702 798
702 714
702 728
702 754
702 765
704 780
704 737
705 769
705 724
705 752
705 760
705 765
706 782
706 792
706 793
707 772
708 722
708 767
708 794
709 739
709 749
709 757
710 763
711 772
711 776
711 729
712 772
712 785
712 745
713 723
713 762
715 766
716 744
716 791
716 795
718 738
719 770
719 729
719 734
719 736
719 744
719 760
720 794
720 795
720 764
721 776
721 786
721 732
722 757
723 789
725 781
725 791
725 799
725 756
725 758
726 736
726 778
726 752
726 793
727 752
727 755
729 779
729 780
729 784
731 780
732 742
734 783
734 784
735 738
737 774
737 738
737 755
739 769
739 758
741 767
742 768
743 783
743 796
743 797
744 764
745 790
748 797
749 795
749 774
749 779
750 764
751 764
752 796
753 778
754 772
756 770
756 758
757 770
757 796
758 773
758 759
758 797
759 774
759 785
762 778
762 780
762 783
768 785
769 782
769 799
770 785
776 788
778 780
778 794
779 782
779 786
779 788
779 791
779 797
793 794
797 798
