800 140
2 431
6 727
7 726
11 772
15 590
19 66
19 115
23 259
26 442
34 81
34 173
40 169
40 393
43 107
48 764
52 64
74 497
75 554
75 619
80 204
81 741
85 496
90 638
92 658
94 184
100 142
103 631
104 413
104 247
112 195
113 146
113 325
115 697
115 351
117 772
118 420
123 232
125 457
130 682
130 757
132 597
133 524
136 545
136 668
139 385
141 506
142 705
145 589
146 182
153 792
154 167
166 240
167 732
173 631
174 771
176 781
177 398
183 700
184 548
185 472
189 325
193 231
194 250
196 654
200 759
208 763
218 773
229 720
229 265
233 594
235 784
242 290
247 401
255 366
257 457
259 396
263 596
275 524
278 434
282 365
287 358
291 793
291 501
307 694
308 557
320 385
324 370
327 515
334 412
334 478
337 567
338 661
341 361
363 565
366 591
368 519
375 575
379 534
385 391
394 746
402 586
402 772
415 719
416 582
419 673
439 660
439 796
447 525
448 478
452 513
455 704
464 773
474 514
489 500
491 616
492 729
493 577
493 722
510 564
511 716
522 664
544 640
548 709
561 779
573 575
590 714
600 603
607 651
628 794
641 684
642 723
648 702
648 766
658 740
660 692
671 724
672 778
675 735
679 788
753 755
