800 2400
0 120
0 84
0 308
0 15
1 314
1 670
1 548
1 269
1 661
2 626
2 477
3 64
3 576
3 746
3 364
3 140
3 493
3 718
3 783
3 593
3 733
3 190
4 358
4 142
4 526
4 339
4 663
4 539
4 252
5 519
5 266
5 494
5 241
5 18
5 83
5 436
5 726
5 569
5 218
6 105
6 393
6 532
6 237
7 193
7 295
7 521
7 748
7 276
7 213
8 257
8 578
8 668
8 265
8 106
8 46
8 697
8 315
8 316
9 579
9 264
9 329
9 300
9 372
9 727
9 446
9 767
10 386
10 11
10 242
10 51
10 562
10 310
11 336
11 92
11 447
12 560
12 787
12 130
12 555
12 15
13 318
13 581
13 745
13 271
13 403
13 85
13 633
13 763
13 349
13 574
14 577
14 742
14 335
14 145
14 666
14 507
14 798
14 63
15 71
15 298
15 334
15 209
15 278
16 288
16 520
16 758
16 87
17 465
17 411
17 318
18 328
18 429
18 307
18 116
18 117
18 756
18 732
19 96
19 417
19 423
19 143
19 310
19 698
19 250
19 188
19 510
20 35
20 580
20 383
21 441
21 36
21 422
21 607
22 452
22 518
22 426
22 115
22 148
22 191
23 640
23 161
23 358
23 234
23 299
23 89
24 514
24 487
24 103
24 555
24 459
24 728
24 158
24 575
25 161
25 376
25 534
25 280
25 633
25 351
26 352
26 209
26 522
26 430
26 151
27 415
27 762
27 346
27 499
27 410
28 581
28 45
28 624
28 404
28 314
28 92
29 682
29 331
29 269
29 111
29 507
29 668
29 158
30 774
30 747
30 302
30 721
30 317
30 255
31 96
31 521
31 132
31 757
32 289
32 617
32 557
32 718
32 791
32 251
32 542
33 187
33 421
33 174
33 195
34 229
34 133
34 617
34 490
34 107
34 725
34 444
36 707
36 166
36 487
36 200
36 139
36 301
36 478
37 773
37 583
37 551
37 454
37 423
38 488
38 656
38 796
38 156
38 477
39 455
39 235
39 715
39 717
39 748
39 61
39 564
39 317
40 680
40 89
40 661
41 388
41 173
41 466
41 308
41 474
41 123
42 195
42 260
42 437
42 332
43 272
43 715
43 519
43 543
43 423
44 787
44 452
44 726
44 494
45 162
45 796
45 646
45 200
45 266
45 335
46 504
46 347
46 339
46 350
47 617
47 786
47 701
47 566
47 758
48 240
48 699
48 293
48 680
48 421
49 450
49 324
49 679
49 171
49 334
49 591
49 664
49 377
49 154
49 698
50 192
50 769
50 515
50 61
51 196
51 617
51 170
51 503
51 607
52 419
52 484
52 338
52 116
52 726
52 411
52 732
53 594
53 492
53 117
54 523
54 759
54 163
54 391
55 576
55 321
55 674
55 233
55 174
55 466
55 477
56 128
56 123
56 204
56 748
56 774
57 517
57 368
57 369
57 502
57 376
57 476
58 409
58 662
58 684
58 518
58 423
59 193
59 417
59 779
59 781
59 463
59 723
59 150
59 189
59 415
60 235
60 685
60 532
60 409
60 732
60 191
61 640
61 66
61 262
61 362
61 586
61 120
61 733
62 544
62 394
62 157
62 206
62 693
63 615
63 526
63 303
63 689
63 117
63 407
63 472
64 592
64 753
64 147
64 250
64 158
64 479
65 474
65 300
65 516
65 206
66 717
66 219
66 597
66 283
66 605
66 447
67 228
67 325
67 676
67 488
67 329
67 361
67 425
67 596
67 311
67 379
68 273
68 282
68 285
68 270
69 789
69 500
69 357
69 564
70 464
70 330
70 196
70 629
71 139
72 388
72 772
72 488
72 401
72 370
72 407
73 576
73 518
73 166
73 456
73 536
73 646
73 711
73 140
73 237
73 557
73 779
73 184
73 670
74 159
74 194
74 614
74 615
74 791
74 281
74 735
75 195
75 451
75 105
75 111
75 657
75 371
76 680
76 113
76 385
76 682
76 319
77 160
77 611
77 108
77 497
77 276
77 630
77 119
77 702
77 319
78 420
78 525
79 736
79 675
79 169
79 141
79 626
79 245
79 280
80 779
80 547
80 253
81 216
81 379
81 92
81 333
81 110
82 313
82 426
82 794
83 516
83 541
83 340
83 390
84 320
84 459
84 750
84 753
84 600
84 794
84 383
85 681
85 436
85 769
85 793
86 322
86 579
86 677
86 683
86 140
86 655
86 597
86 214
86 661
86 184
86 601
86 123
87 353
87 94
87 315
87 638
87 479
88 480
88 657
88 172
88 588
88 575
89 160
89 258
89 326
89 552
89 560
89 627
89 723
89 755
90 595
90 581
90 630
90 335
91 192
91 678
91 141
91 366
91 593
91 566
91 470
91 440
92 227
92 452
92 485
92 650
92 241
92 438
92 155
92 414
93 328
93 539
93 696
93 263
94 97
94 297
94 522
94 592
94 433
94 276
95 513
95 705
95 762
95 267
95 525
95 181
95 375
95 474
95 542
96 417
96 774
96 713
96 654
96 177
96 794
97 546
97 262
97 266
97 202
97 529
97 123
97 733
98 299
98 395
98 652
98 658
98 628
98 310
98 663
98 600
98 317
99 186
99 484
99 774
99 166
99 687
100 723
100 693
100 287
101 565
101 557
101 660
101 173
102 105
102 514
102 455
103 196
103 198
103 522
103 237
103 309
104 224
104 751
104 108
104 638
104 375
105 608
105 198
105 277
105 536
105 445
106 645
106 619
106 562
106 597
106 255
107 417
107 686
108 425
108 303
108 433
108 756
108 438
109 432
109 305
109 684
109 750
109 776
110 162
110 578
110 357
110 586
110 302
110 303
110 724
110 757
110 121
110 475
111 208
111 538
111 228
112 592
112 613
113 667
113 783
114 706
114 526
114 615
115 322
115 293
115 431
115 157
115 381
115 767
116 317
117 455
117 457
117 268
117 652
117 563
117 723
118 576
118 493
118 659
118 182
118 569
118 282
119 338
119 499
119 319
120 416
120 387
120 559
120 305
120 147
120 533
120 502
121 321
121 517
121 206
121 622
121 150
121 543
122 337
122 773
122 633
122 135
123 296
123 491
123 177
123 793
123 126
124 785
124 378
124 470
124 223
125 305
125 755
125 564
125 254
125 703
126 738
126 201
126 267
126 559
126 726
127 422
127 712
127 556
127 301
127 398
127 661
127 604
127 575
128 794
128 444
129 192
129 480
129 170
129 369
129 660
129 439
129 698
129 443
130 256
130 167
130 524
130 277
130 349
131 356
131 300
131 301
131 753
131 724
131 287
132 319
132 269
132 486
133 162
133 218
134 408
134 472
135 219
135 699
135 666
136 353
136 354
136 578
136 559
136 248
136 762
137 259
137 476
137 303
137 432
137 538
137 347
137 156
137 159
138 480
138 195
138 675
138 326
138 713
138 491
138 527
138 376
138 603
139 352
139 322
139 782
139 306
139 660
139 310
139 790
140 487
140 456
140 749
140 788
140 597
140 188
140 223
141 226
141 549
141 773
141 233
141 304
141 434
141 660
141 566
142 256
142 720
142 687
143 613
143 712
143 714
143 338
143 563
143 376
143 668
143 510
144 691
144 550
144 763
145 355
145 266
145 620
145 591
145 565
145 630
145 728
145 348
145 799
146 617
146 203
146 172
146 347
146 626
146 149
146 631
146 443
146 382
147 619
147 268
147 175
147 242
147 403
147 470
148 238
148 752
148 692
148 406
148 343
148 221
149 713
149 275
149 437
149 634
150 201
150 590
150 627
150 638
151 322
151 164
151 781
151 497
151 470
151 796
152 361
152 778
152 780
152 782
152 622
152 463
152 799
153 505
153 346
153 395
153 460
153 621
154 358
154 327
154 521
154 536
154 442
154 380
155 674
155 389
155 619
155 179
155 180
155 507
156 322
156 195
156 612
156 326
156 174
157 244
157 179
158 456
158 590
158 243
158 573
159 704
159 685
159 439
159 728
159 537
160 226
160 775
160 652
160 494
160 340
160 605
161 738
161 647
161 492
161 691
161 726
161 247
161 634
162 674
162 522
162 271
162 277
163 705
163 413
164 291
164 646
164 168
164 590
164 752
164 632
164 575
165 337
165 410
165 691
165 798
166 782
166 623
166 178
166 312
167 193
167 420
167 455
167 427
167 498
167 596
167 693
167 539
168 408
168 706
168 258
169 678
169 654
169 529
169 721
169 438
170 738
170 287
171 564
171 662
171 278
171 568
171 477
172 496
172 246
173 292
173 330
173 268
173 444
173 318
173 415
174 681
174 244
174 661
174 279
174 410
175 576
175 574
175 201
175 559
175 766
176 459
176 747
176 526
176 471
176 633
176 794
176 668
176 670
176 383
177 418
177 464
177 755
177 223
179 418
179 387
179 615
179 232
179 685
179 718
179 721
179 596
179 186
179 764
180 481
180 294
180 308
180 569
180 446
181 574
181 606
181 517
181 254
182 499
182 292
182 651
183 402
183 685
183 647
184 394
184 489
184 460
184 205
184 623
184 721
184 566
184 575
185 680
185 779
185 336
185 273
185 592
185 436
185 215
186 193
186 675
186 542
188 293
188 639
188 375
188 447
189 248
189 608
189 677
189 494
190 769
190 682
191 233
191 716
191 761
191 282
191 794
191 605
192 289
192 679
192 298
192 236
192 589
192 717
192 799
192 410
192 731
192 351
193 325
193 692
194 637
194 523
194 389
194 255
195 534
195 607
196 750
196 660
196 694
196 439
197 641
197 634
197 548
198 463
198 208
198 591
198 756
198 604
199 584
199 610
199 439
200 784
200 402
200 475
201 609
201 516
201 464
201 437
201 341
201 315
201 703
202 713
202 427
202 622
202 599
202 506
202 637
203 432
203 433
203 754
203 374
203 476
204 259
204 355
204 230
204 272
204 369
205 601
205 743
205 591
206 435
206 212
206 538
207 529
207 533
207 540
207 268
207 229
208 386
208 546
208 785
208 403
208 670
208 223
209 672
209 362
211 563
211 533
211 406
211 383
212 294
212 560
212 307
212 405
212 696
212 381
213 774
213 557
213 561
213 631
213 765
213 670
214 369
214 403
215 422
215 556
215 464
215 659
215 735
216 482
216 611
216 358
216 488
216 399
217 450
217 323
217 268
217 467
217 475
217 575
218 256
218 682
218 571
218 444
218 607
219 283
220 488
220 617
220 786
220 467
220 567
220 282
221 497
221 505
221 602
221 484
222 325
222 616
222 569
222 752
222 721
222 409
223 327
223 267
223 658
223 631
224 384
224 324
224 327
224 305
224 244
225 707
225 423
225 554
225 309
225 728
225 506
225 475
226 707
226 427
226 237
226 406
227 329
227 569
227 526
227 564
228 543
229 266
229 370
229 760
229 477
229 670
230 745
231 401
231 751
231 287
232 768
232 545
232 646
232 263
232 798
233 370
233 407
233 505
233 572
234 704
234 370
234 427
235 761
236 529
236 346
236 492
237 419
237 622
237 528
237 665
237 250
238 294
238 487
238 650
238 750
238 380
238 765
239 679
239 268
239 594
239 371
239 567
239 761
240 689
240 752
240 627
240 408
240 668
241 771
241 464
241 560
241 370
241 789
241 703
242 583
242 654
242 718
242 498
242 309
242 470
243 549
243 323
243 421
243 715
244 607
244 689
244 735
244 371
244 467
244 603
244 479
245 506
245 446
246 645
246 661
246 743
247 358
247 310
248 256
248 751
248 271
248 376
249 412
249 291
249 387
249 667
249 575
250 544
250 722
250 371
251 481
251 640
251 423
251 627
251 629
251 506
252 320
252 474
252 719
252 671
253 727
253 277
253 543
254 608
254 628
254 388
255 576
255 708
255 615
255 282
255 572
255 509
255 415
256 419
256 490
256 398
256 558
256 590
256 726
256 439
256 413
256 670
257 711
257 330
257 526
257 599
257 537
258 611
258 487
258 393
258 630
258 443
258 637
259 380
259 742
260 322
260 457
260 298
260 523
260 719
260 497
260 561
260 689
260 436
260 786
260 791
260 472
261 305
261 425
261 753
261 467
262 579
262 557
262 628
262 543
263 584
263 684
263 731
263 509
263 670
264 609
264 739
264 657
264 597
264 631
264 697
264 287
265 323
265 438
266 772
266 479
267 418
267 709
267 722
267 703
268 281
268 427
268 556
268 572
268 383
269 704
269 289
269 773
269 678
269 616
269 297
269 554
269 400
269 307
270 601
270 542
271 384
271 417
271 455
271 688
271 754
271 503
271 767
272 640
272 449
272 526
272 563
272 631
272 571
272 382
273 482
273 618
274 675
274 300
274 368
274 402
274 597
274 763
274 316
275 611
275 727
276 584
276 406
277 769
277 419
277 392
277 396
278 522
278 389
279 673
279 362
279 762
279 365
280 346
280 620
281 523
281 765
281 350
282 704
282 453
282 491
282 624
282 567
282 793
283 384
283 513
283 302
283 598
284 722
284 724
284 540
285 449
285 322
285 355
285 387
285 358
285 436
285 442
285 350
285 286
286 305
286 727
286 782
286 335
287 324
287 379
288 305
288 665
289 705
289 619
289 345
290 446
290 607
291 322
291 777
291 410
292 736
292 322
292 642
292 502
292 664
292 509
293 640
293 649
293 557
293 316
293 474
293 765
294 366
294 308
294 729
295 320
295 564
295 758
295 505
295 571
296 681
296 683
296 752
296 377
296 603
296 703
297 715
298 481
298 515
298 485
298 590
298 729
299 331
299 741
299 702
300 652
300 529
300 793
301 786
301 502
301 316
302 741
302 725
303 391
303 331
303 718
304 739
304 519
304 688
304 572
304 575
305 392
305 527
305 761
306 418
306 781
306 466
306 791
306 472
307 772
307 613
307 457
307 521
307 312
307 317
307 735
308 333
308 791
308 697
308 350
309 528
309 412
310 676
310 423
310 729
311 481
311 347
312 398
312 535
313 672
313 441
313 771
313 758
314 352
314 788
314 624
315 562
315 449
316 522
318 609
318 519
318 559
318 475
318 508
319 672
319 769
319 713
319 401
319 728
320 785
320 379
320 476
321 457
321 461
321 374
321 503
321 700
322 326
322 707
322 773
322 427
322 563
323 445
323 553
325 612
325 396
325 589
325 406
325 444
325 541
326 518
327 548
327 743
327 745
327 715
327 601
328 513
328 397
328 624
328 661
328 762
329 393
329 659
329 471
330 654
330 562
330 659
330 755
331 714
331 394
331 600
332 784
332 478
332 526
333 576
333 695
334 618
334 453
334 633
335 548
335 676
335 402
335 570
336 650
336 419
337 673
337 617
337 404
337 437
337 662
337 407
337 600
337 666
338 400
338 498
338 724
339 708
339 397
340 624
340 758
341 460
341 549
341 550
342 661
343 441
344 677
344 662
345 432
345 371
346 687
347 769
347 642
347 614
347 590
347 660
347 405
349 354
349 558
349 432
349 625
350 752
351 484
351 772
351 777
351 557
351 527
351 440
352 786
352 652
353 452
353 585
353 745
353 438
353 542
354 450
354 358
354 657
354 632
354 383
355 510
355 741
356 793
356 586
356 375
357 717
357 396
358 550
359 652
359 604
359 414
360 608
360 640
360 647
360 681
360 491
360 756
360 471
361 504
361 776
361 747
361 532
361 798
362 704
362 518
362 490
362 405
363 600
363 562
363 435
363 452
363 720
364 676
364 653
364 654
364 754
364 755
365 576
365 482
365 547
365 738
365 709
365 614
366 704
366 726
366 518
367 529
367 614
367 502
368 530
368 411
368 781
369 389
369 605
370 750
370 535
371 755
371 373
372 431
372 415
373 646
374 434
374 710
374 785
375 670
376 769
376 627
377 438
378 585
378 417
378 793
379 768
379 706
379 538
379 795
379 476
379 413
380 395
380 525
380 472
381 545
381 658
381 486
382 492
382 660
382 565
382 567
383 519
383 615
383 477
383 702
384 419
384 676
384 647
384 792
384 696
384 603
385 624
385 796
385 743
386 730
386 397
387 527
387 655
387 401
387 439
387 506
387 446
388 774
388 575
389 453
390 783
391 641
391 772
391 730
391 763
392 645
392 648
392 793
392 698
393 549
393 783
393 723
393 735
394 643
394 485
394 421
394 491
394 748
394 780
395 578
395 464
395 528
396 560
396 660
397 658
397 660
397 693
398 768
398 505
398 638
399 642
400 769
400 462
400 467
400 502
401 480
401 418
401 710
401 682
401 662
402 582
403 547
403 488
404 522
404 718
406 578
406 413
406 638
407 549
407 774
407 747
407 652
407 601
407 720
407 693
407 441
407 701
408 738
408 517
408 765
409 737
409 491
409 717
409 692
409 670
410 451
410 553
410 747
410 780
412 458
413 720
413 470
413 797
414 672
414 578
414 584
414 538
414 637
414 511
416 561
416 641
416 459
416 775
417 421
417 593
417 542
418 526
418 470
419 702
420 770
420 710
420 432
420 467
420 597
420 668
421 541
421 607
422 761
422 735
423 641
423 551
423 523
423 751
424 737
424 452
424 445
424 510
424 701
425 771
425 586
425 490
425 787
425 667
426 691
426 470
427 576
427 465
427 504
427 570
428 560
428 561
428 642
428 697
429 605
429 599
430 536
430 784
430 635
431 583
432 576
432 705
432 710
432 535
433 480
433 726
433 438
434 602
436 621
436 439
436 668
437 529
437 597
437 790
438 517
438 646
438 679
438 528
439 741
439 678
439 553
439 477
440 630
441 726
441 574
442 711
442 642
443 602
444 706
445 653
445 750
445 597
446 548
446 758
448 466
448 549
449 785
449 642
450 578
450 676
450 604
451 797
452 612
452 717
452 724
453 711
453 456
453 495
454 561
454 761
454 635
455 641
456 563
456 537
457 705
457 647
457 700
458 712
458 738
458 487
459 462
459 762
460 708
460 580
460 478
460 799
461 647
461 688
461 758
461 794
461 478
462 741
463 658
464 533
465 601
465 617
465 673
466 622
467 563
467 564
467 502
467 790
468 762
468 548
469 709
469 570
469 634
469 474
469 605
469 574
470 769
470 738
470 690
471 571
471 613
472 645
472 743
472 792
473 601
473 698
473 764
474 764
474 485
474 650
474 691
475 711
475 784
477 737
477 612
477 774
478 579
478 618
478 502
478 504
479 577
479 531
480 650
480 524
480 746
480 790
480 668
480 797
481 678
481 522
481 692
482 770
482 594
482 669
483 576
483 570
483 774
484 644
484 709
484 733
484 590
485 550
485 490
485 687
485 497
486 513
486 756
486 731
487 545
488 549
488 623
488 658
489 793
489 576
489 648
489 558
490 699
491 618
492 646
492 762
493 500
493 749
493 572
494 594
495 501
495 706
495 707
495 759
496 736
496 540
496 510
497 590
497 595
498 550
499 539
500 771
501 561
501 714
501 589
501 591
502 581
502 708
502 650
502 528
502 559
502 763
504 705
504 679
504 625
505 646
506 676
506 725
506 696
508 729
508 761
508 774
509 780
512 698
513 683
514 556
514 559
515 545
515 549
515 556
515 729
516 600
516 518
517 536
517 751
517 722
517 540
517 574
518 680
518 750
518 763
518 636
519 642
519 684
519 621
519 565
519 731
520 738
520 611
520 652
520 690
520 661
520 726
521 711
521 639
522 672
522 719
523 619
524 771
524 688
524 660
524 762
525 706
525 585
525 778
526 674
526 782
526 628
526 731
527 750
527 763
528 624
528 756
531 732
532 772
533 782
533 624
533 784
534 704
534 637
534 609
535 540
535 742
536 759
537 683
538 785
539 657
540 554
540 627
542 672
542 704
543 672
543 642
544 611
546 623
547 567
549 768
549 674
550 572
552 773
552 669
554 627
554 606
555 776
557 671
557 634
558 684
558 561
558 731
559 668
560 663
560 766
561 586
561 683
562 567
562 798
563 704
563 654
564 567
565 750
565 689
566 655
566 596
566 726
566 667
567 652
570 576
570 746
570 656
570 601
571 651
571 657
572 576
573 680
575 609
575 610
575 777
576 683
579 704
579 593
579 796
580 735
581 744
581 587
581 652
581 759
581 760
581 703
583 612
583 627
583 754
583 639
584 722
584 703
585 755
586 592
587 618
589 798
590 638
590 702
590 728
591 744
591 632
592 644
592 727
593 638
595 762
595 742
595 780
595 754
595 787
595 596
595 733
596 654
596 724
596 726
596 799
597 629
597 726
597 635
599 654
600 622
600 752
600 694
601 647
602 703
603 789
604 653
605 723
606 629
606 711
607 701
608 680
608 744
608 633
609 750
609 627
610 686
611 775
612 782
612 693
613 645
613 637
613 735
616 751
620 650
620 768
622 686
622 694
622 758
623 704
624 738
624 781
624 625
624 638
625 771
625 715
625 697
626 720
626 664
626 793
627 680
627 728
627 671
630 722
631 638
633 749
633 697
634 654
634 688
634 667
635 791
635 653
636 787
638 750
640 757
640 760
641 714
642 652
643 665
644 780
644 799
645 674
646 762
646 732
649 793
651 705
651 732
652 797
653 715
653 798
654 674
654 771
656 749
658 725
659 770
659 740
660 664
662 676
662 744
665 794
666 764
668 691
669 795
670 674
672 685
673 784
675 746
675 730
676 765
676 689
676 788
676 790
676 701
680 764
682 796
685 743
685 792
686 752
686 777
687 718
687 756
687 696
689 786
689 724
690 747
691 767
693 712
694 735
695 702
696 778
699 732
699 782
700 785
701 747
706 739
706 779
707 773
708 761
710 731
711 787
711 724
714 792
717 721
717 786
718 753
718 765
718 734
719 793
721 727
723 776
724 746
728 750
735 768
742 777
742 753
745 798
746 779
746 767
752 757
783 790
786 788
