800 2400
0 613
0 266
0 268
0 396
0 556
0 559
0 241
0 799
1 100
1 430
1 304
1 84
1 181
1 309
1 439
1 155
1 94
2 72
2 554
2 638
2 477
2 38
3 72
3 241
3 344
3 373
4 514
4 69
4 73
4 49
4 401
4 405
4 636
5 321
5 66
5 198
5 269
5 16
5 664
6 197
6 85
6 344
6 700
6 733
6 222
7 730
7 691
8 706
8 234
8 177
8 565
8 795
8 796
9 642
9 102
9 715
9 176
9 273
9 510
10 112
10 288
10 363
10 476
10 477
11 288
11 560
11 188
12 271
13 738
13 235
13 63
14 133
14 426
14 779
14 205
14 754
14 605
15 611
15 744
15 74
15 45
15 655
15 143
16 81
16 754
16 715
17 154
17 307
17 244
18 322
18 611
18 455
18 459
18 598
18 566
18 537
19 420
19 101
19 614
19 652
19 304
19 217
20 706
20 260
20 677
20 294
20 54
20 761
20 538
20 764
21 241
21 98
21 647
22 64
22 355
22 324
22 478
22 651
22 462
22 629
22 182
22 222
23 748
23 781
23 254
24 576
24 550
24 683
24 627
24 245
24 630
24 573
25 294
25 170
25 300
25 52
25 404
25 350
26 152
26 210
26 302
26 103
27 225
27 609
27 616
27 724
27 792
27 219
28 108
28 161
28 44
28 366
29 101
29 299
29 524
29 113
29 114
29 756
29 344
29 315
29 636
30 579
30 454
30 553
30 555
30 206
30 178
30 604
31 192
31 162
31 682
31 621
31 304
31 533
31 123
31 732
31 253
32 422
32 525
32 789
32 791
32 56
32 478
33 230
33 777
33 139
33 336
33 530
33 761
33 792
33 409
34 336
34 306
34 651
34 237
34 790
35 513
35 523
35 269
35 211
35 599
35 796
36 740
36 166
36 359
36 330
36 632
36 504
36 57
36 735
37 551
37 73
37 403
37 244
37 467
37 469
37 346
37 61
38 291
38 133
38 797
38 139
38 464
38 724
38 541
39 425
39 476
39 204
39 581
39 102
40 441
40 602
40 60
40 63
41 360
41 91
41 612
41 717
41 366
42 514
42 611
42 613
42 645
42 391
42 618
42 139
42 557
42 622
42 761
42 794
43 288
43 449
43 142
43 273
43 790
43 504
43 93
44 320
44 514
44 453
44 264
44 424
44 236
44 463
44 273
44 86
45 526
46 161
46 392
46 744
46 234
46 752
46 148
47 256
47 327
47 232
47 76
47 366
47 175
47 211
48 130
48 455
48 201
48 396
48 463
48 215
48 603
48 123
48 189
49 75
49 430
49 654
49 272
49 501
49 86
49 56
49 251
49 287
50 101
50 390
50 92
50 85
50 302
51 795
51 724
51 622
52 400
52 418
52 269
53 453
53 744
53 267
53 590
53 348
53 573
54 96
54 668
54 672
54 737
54 153
54 476
54 190
55 532
55 643
55 252
55 517
56 260
56 676
56 274
56 209
56 308
56 542
57 160
57 323
57 163
57 108
57 525
57 375
57 89
58 455
58 167
58 716
58 301
58 141
58 688
58 696
58 156
58 511
59 481
59 621
59 467
59 278
59 87
59 667
59 63
60 544
60 389
60 691
60 761
60 731
61 608
61 736
61 418
61 258
61 797
61 302
61 663
61 121
61 669
62 620
62 791
63 674
63 355
63 743
63 655
63 572
64 485
64 716
64 659
64 282
64 510
65 689
65 460
65 591
66 664
66 575
67 657
67 506
67 543
67 734
67 143
68 72
68 755
68 176
69 738
69 297
69 575
69 246
69 440
69 671
70 732
70 724
70 463
71 89
72 769
72 243
73 198
73 778
73 378
73 338
73 83
73 244
73 469
73 756
73 186
74 512
74 546
74 588
74 273
74 436
74 660
74 410
75 504
75 441
75 543
75 327
76 128
76 615
76 233
76 527
76 787
76 117
77 393
77 759
77 438
77 529
78 624
78 537
78 747
78 622
78 103
79 481
79 242
79 463
80 608
80 321
80 338
80 324
80 549
81 450
81 553
81 331
81 305
81 191
82 698
82 695
82 479
82 229
82 127
83 259
83 195
83 579
83 644
83 456
83 297
83 86
83 442
83 603
83 542
84 698
84 409
84 405
84 479
85 741
85 455
85 556
85 246
85 795
85 349
86 673
86 133
86 134
86 405
87 714
87 459
87 748
87 626
87 475
87 91
88 647
89 125
90 136
90 538
90 640
90 140
90 229
91 641
91 567
91 551
91 359
91 297
91 402
91 632
92 453
92 108
92 493
92 309
92 154
93 122
93 621
93 690
93 469
93 440
93 602
93 733
94 773
94 412
94 605
94 766
95 219
95 236
95 421
96 546
96 551
96 681
96 588
96 208
96 336
96 700
97 136
97 161
97 242
97 209
97 213
98 102
98 201
98 685
98 721
98 157
99 489
99 111
99 785
99 114
99 440
99 702
100 122
100 258
101 224
101 559
101 719
101 115
101 563
101 311
102 741
102 518
102 781
102 784
102 434
102 181
102 252
103 227
103 424
103 394
103 402
103 626
103 792
103 249
103 670
104 408
104 162
104 467
104 253
104 647
105 362
105 563
105 148
105 653
105 677
106 683
106 298
106 531
106 581
106 439
107 327
107 399
107 145
107 340
107 278
107 791
107 216
107 254
108 199
108 508
108 214
108 222
109 739
109 264
109 497
109 437
109 473
109 220
110 356
110 391
110 522
110 761
110 538
110 575
111 497
111 705
111 501
112 384
112 228
112 631
113 641
113 526
113 308
113 407
113 285
114 298
115 324
115 751
115 727
115 601
115 733
115 287
116 345
116 610
116 700
116 294
117 400
117 613
117 589
117 582
118 142
118 687
118 689
118 694
118 378
118 731
119 678
119 680
119 425
119 591
119 175
119 759
119 154
119 318
120 193
120 258
120 367
120 403
120 308
120 697
120 765
120 542
121 267
121 589
121 530
121 601
121 475
122 162
122 197
122 232
122 657
122 598
123 583
123 624
123 720
123 213
123 350
124 449
124 419
124 142
124 561
125 454
125 487
125 463
125 688
125 752
125 498
125 283
125 606
126 704
126 737
126 261
126 210
126 754
126 639
127 136
127 577
127 681
127 636
128 197
128 359
128 200
128 217
128 510
129 579
129 323
129 540
129 671
130 448
130 643
130 137
130 245
130 281
130 221
131 617
131 445
131 625
132 138
132 652
132 775
132 407
133 789
133 217
133 701
134 550
134 562
134 430
135 397
136 454
136 339
136 315
136 319
137 672
137 746
137 253
137 543
138 496
138 217
138 675
139 256
139 455
139 171
139 172
139 395
139 663
140 737
140 197
140 392
140 616
140 712
140 684
140 534
140 407
140 604
141 651
141 772
141 715
141 631
142 549
142 683
142 144
142 528
142 766
142 223
143 453
143 523
143 399
143 346
144 739
144 710
144 295
144 458
144 242
145 504
145 794
145 294
145 679
146 449
146 549
146 229
147 720
148 300
148 437
148 777
149 736
149 747
149 588
149 241
149 179
149 280
149 731
149 348
149 605
150 273
150 339
150 429
150 438
151 296
151 397
151 438
151 695
151 313
151 219
152 217
152 689
152 669
153 387
153 548
153 659
153 468
153 759
153 217
153 509
154 281
154 231
154 778
154 245
154 380
154 217
154 445
155 409
155 745
155 631
156 640
156 674
156 772
156 651
156 658
157 225
157 732
157 457
157 159
158 484
158 391
158 749
158 721
158 471
158 319
159 304
159 297
159 785
159 615
160 218
160 630
160 420
160 257
161 331
161 747
161 433
161 402
161 786
161 669
161 415
162 450
162 610
162 613
162 430
162 434
162 373
162 540
163 588
163 295
164 581
164 266
164 171
164 592
164 469
164 790
164 503
164 793
164 188
164 605
165 518
165 679
165 583
165 622
165 239
165 698
165 795
166 327
166 199
167 796
167 541
167 174
168 448
168 461
168 579
168 317
168 246
169 714
169 693
169 262
170 610
170 403
170 236
170 377
171 196
171 488
171 652
171 783
171 467
171 532
171 349
172 546
172 269
172 529
172 472
172 347
172 285
173 257
173 481
173 292
173 347
173 698
173 570
173 379
174 290
174 551
174 364
174 685
174 285
175 544
175 775
175 616
175 687
175 213
175 703
176 656
176 726
177 305
177 434
177 343
177 263
178 314
178 530
178 675
179 537
180 226
180 578
180 462
181 576
181 730
181 346
181 509
182 330
182 346
182 229
183 593
183 253
184 186
184 404
184 710
185 338
185 260
185 602
185 270
185 439
186 657
186 256
187 226
187 392
187 334
187 688
187 498
187 471
187 604
187 575
189 719
189 595
189 638
189 319
190 737
190 422
190 400
190 210
190 665
191 704
191 714
191 630
191 775
192 735
192 611
192 799
193 229
193 197
193 230
193 463
193 371
193 691
194 578
194 740
194 774
194 583
194 337
194 218
196 745
196 237
196 462
197 512
197 578
197 325
197 634
198 452
198 775
198 335
198 691
198 281
198 796
198 670
199 203
199 391
200 323
200 370
200 375
200 763
200 317
201 644
201 741
201 491
201 333
202 229
202 606
202 396
202 685
202 530
202 598
202 792
202 281
202 666
202 350
202 575
203 761
203 798
204 481
205 632
205 442
205 506
205 332
206 417
206 613
206 616
206 301
206 466
206 568
206 731
207 496
207 281
207 451
207 300
208 412
208 575
208 559
209 674
209 548
209 612
209 711
209 236
209 433
209 277
209 790
210 228
210 580
210 771
210 777
210 587
210 397
210 461
210 621
210 338
210 536
210 379
211 368
211 674
211 554
212 228
212 488
212 463
212 498
212 694
212 313
212 250
212 478
213 584
213 684
213 461
213 464
213 785
213 338
213 535
213 574
214 740
214 395
214 373
214 249
214 606
215 232
215 226
215 500
215 698
216 360
216 781
216 336
216 754
216 667
217 775
217 689
217 307
218 323
218 485
218 486
218 713
218 430
218 433
218 498
218 664
218 446
219 451
219 744
219 776
219 653
219 667
219 569
219 730
219 412
219 311
220 390
220 360
220 276
220 533
220 344
220 446
221 234
222 377
222 400
222 566
222 345
222 252
222 317
223 481
223 603
223 587
223 348
224 466
224 578
225 393
225 409
225 473
225 241
225 561
225 345
226 719
226 304
226 700
227 694
227 324
227 517
227 661
228 513
228 612
228 494
228 399
229 587
229 718
229 464
229 759
229 383
230 472
230 415
231 739
231 676
232 643
232 613
232 721
232 506
233 462
233 238
233 691
233 279
233 413
234 769
234 324
234 733
235 573
235 590
235 374
235 375
235 381
235 415
236 384
236 336
236 792
236 280
237 517
237 459
237 302
237 659
237 471
237 251
238 741
239 450
239 451
239 436
239 407
239 536
239 381
240 491
241 770
241 407
241 767
242 745
242 461
242 304
242 253
243 642
244 523
244 591
244 731
245 679
245 648
245 521
245 351
246 391
246 309
246 790
247 360
247 257
247 290
247 621
248 740
248 647
248 366
248 469
248 508
248 798
249 606
249 627
250 299
250 464
250 435
250 504
250 794
250 283
251 675
251 457
251 280
251 316
252 370
252 524
253 395
253 305
253 372
254 638
254 311
254 343
255 609
255 322
255 581
255 626
255 376
255 764
255 479
256 314
256 294
257 521
257 681
257 728
257 504
257 316
257 445
258 544
258 301
258 340
258 662
258 381
259 555
259 753
259 791
260 422
260 262
260 571
260 668
260 445
261 400
261 394
261 554
261 424
262 614
262 495
262 438
262 316
262 734
263 770
263 421
263 456
263 627
263 404
263 535
263 504
263 382
264 448
264 737
264 611
264 719
264 783
265 711
266 743
266 361
266 522
266 526
266 273
266 469
267 531
267 476
267 457
268 532
269 323
269 387
269 521
269 727
269 525
269 663
269 669
270 471
270 423
270 487
270 777
270 401
270 307
270 404
270 629
270 375
270 570
271 352
271 388
271 474
271 637
272 690
272 327
273 387
273 325
273 366
273 278
274 368
274 580
275 320
275 771
275 360
275 492
275 422
276 787
276 395
276 413
276 423
277 603
277 340
278 570
278 748
279 405
279 534
279 607
280 713
280 618
280 634
280 798
281 640
281 705
281 520
281 428
281 606
281 767
282 586
282 584
282 620
282 518
283 614
284 753
284 517
284 756
284 508
284 341
285 323
285 389
285 742
285 398
285 729
286 699
286 388
286 367
287 359
287 488
287 716
287 398
287 725
287 663
287 472
287 761
287 636
288 726
288 343
289 488
289 321
289 501
290 513
290 347
290 475
291 361
292 448
292 772
292 394
292 724
292 470
292 441
294 467
294 703
295 365
295 451
296 736
296 699
296 710
296 686
297 676
297 422
297 581
297 425
297 565
297 311
298 545
298 709
298 712
298 308
298 568
298 479
299 353
299 778
299 646
300 577
300 483
300 324
300 644
300 777
301 482
301 678
301 331
301 332
302 772
302 649
302 777
302 524
302 719
302 336
302 563
302 692
302 502
302 634
302 732
302 445
303 624
303 703
303 405
303 685
304 636
304 449
304 471
304 664
304 474
305 362
305 684
305 398
305 782
305 572
305 798
306 677
306 567
307 677
307 495
307 570
308 481
308 537
308 604
309 744
309 745
309 597
309 600
309 542
310 677
310 622
311 321
311 322
311 546
311 650
312 353
312 743
312 360
312 329
312 349
312 671
313 673
313 516
313 589
313 434
313 338
314 771
314 562
314 472
314 441
315 710
315 782
316 799
316 663
317 774
317 749
317 760
317 503
317 568
319 748
319 659
319 475
319 444
320 369
320 402
320 468
320 438
320 507
321 481
321 517
321 716
321 493
322 737
322 457
322 617
322 655
322 785
323 516
323 394
323 607
324 634
324 541
324 703
325 553
326 672
326 563
326 460
327 417
327 693
327 443
328 371
328 501
328 670
328 791
329 497
329 613
329 421
329 367
330 558
330 444
330 542
331 578
331 778
331 630
332 563
332 756
332 437
332 600
333 672
333 362
333 529
334 539
334 609
334 429
334 487
335 769
335 652
335 370
335 791
335 571
336 633
337 584
337 779
338 521
338 503
338 698
339 707
339 549
339 585
339 490
340 576
340 548
340 453
340 713
340 692
341 779
341 624
341 594
341 628
341 468
341 575
342 509
342 619
342 462
342 414
343 743
343 720
343 757
343 731
343 603
343 447
344 659
344 791
344 539
345 545
345 522
345 661
345 799
346 769
346 532
347 508
348 416
348 648
348 627
348 532
349 379
349 586
350 615
350 556
350 532
351 485
351 599
351 397
351 529
352 480
352 387
352 586
352 500
352 405
352 761
352 441
354 384
355 440
355 778
356 544
356 587
356 516
356 712
357 664
357 541
357 460
357 533
358 483
358 612
358 491
358 399
358 437
358 670
359 562
359 693
360 549
360 472
360 428
360 655
360 783
360 561
360 703
361 497
361 439
362 678
362 527
362 497
363 449
363 709
364 747
364 471
365 549
365 677
365 427
365 565
365 381
366 680
366 403
366 543
367 518
367 457
367 714
367 628
367 438
367 666
368 508
368 741
369 774
370 743
370 690
370 696
371 443
371 789
372 417
372 714
372 430
372 630
372 599
372 670
374 721
374 685
375 485
375 434
375 760
376 736
376 515
376 613
376 755
376 408
376 476
377 783
377 400
377 690
377 786
378 653
378 527
378 664
378 606
379 769
379 590
379 689
380 609
380 733
381 601
382 576
382 641
382 499
382 476
382 765
383 475
383 581
384 704
384 563
384 726
384 477
386 633
386 698
386 762
386 710
387 421
387 653
387 754
387 697
387 565
388 751
388 531
389 494
389 437
390 466
390 753
390 662
391 652
392 449
392 450
392 627
392 534
392 439
392 539
392 413
393 746
393 686
393 497
393 594
393 475
394 704
395 424
396 515
396 619
396 654
396 496
396 411
396 799
397 422
397 425
397 683
397 607
397 495
397 700
398 687
398 465
398 567
399 488
399 589
399 631
399 408
400 545
400 592
400 402
401 547
401 583
401 435
401 663
402 609
402 530
403 427
403 796
404 705
404 483
404 484
404 568
404 503
405 438
406 769
406 659
406 707
407 622
407 799
407 575
408 522
408 724
409 428
410 616
410 747
411 608
411 537
411 602
412 768
412 494
412 799
412 570
412 447
413 416
413 737
413 707
413 644
413 426
413 682
413 507
414 452
414 590
414 655
414 686
414 669
414 446
415 496
415 658
415 606
416 654
416 580
417 685
417 725
417 565
418 545
418 551
418 459
418 696
418 785
418 723
418 695
418 632
418 665
419 484
419 585
419 587
419 428
419 766
420 632
420 661
421 738
421 611
421 557
421 782
422 581
422 491
422 591
422 689
422 694
422 607
423 584
423 705
423 517
424 719
424 595
424 665
424 699
425 674
425 492
425 792
425 447
426 588
427 527
428 578
428 583
428 590
428 596
429 575
430 788
430 470
430 439
431 795
432 714
432 547
433 706
433 683
433 719
433 536
433 667
434 715
434 754
434 605
435 747
435 716
435 710
436 452
437 495
438 514
438 726
440 562
440 502
441 450
441 617
441 663
441 479
442 544
442 514
442 546
442 473
443 783
444 614
445 455
445 712
445 506
446 475
447 450
447 740
447 710
447 593
447 793
448 663
449 691
450 738
450 677
450 671
451 739
451 587
451 760
451 574
453 602
453 507
454 488
456 503
456 798
457 797
457 539
458 594
458 755
458 501
458 526
459 774
459 625
460 575
461 736
461 724
461 757
462 711
462 775
462 656
463 613
464 776
465 536
465 730
465 603
465 764
466 616
466 695
467 541
468 609
468 644
468 775
468 571
469 729
469 540
470 577
471 669
472 648
472 663
472 793
473 581
473 615
473 777
473 588
473 574
474 495
474 506
474 507
474 543
475 748
476 548
476 613
477 627
477 748
478 675
478 713
478 661
478 601
478 510
479 686
479 628
479 791
480 557
480 606
481 719
481 595
481 538
482 589
482 598
482 742
483 679
483 617
483 506
483 671
484 544
484 710
484 758
484 605
485 547
485 725
486 592
486 660
486 742
486 759
488 615
488 712
488 774
488 727
488 603
489 636
489 501
489 775
490 519
490 701
490 511
491 561
491 498
491 757
491 694
492 751
492 693
492 761
492 511
493 657
493 595
493 607
494 787
495 748
495 731
495 765
496 673
496 775
496 751
497 748
498 704
498 663
498 605
499 515
499 740
500 508
500 645
500 798
502 611
502 708
503 749
503 691
503 796
504 617
504 622
504 719
504 509
505 569
505 708
505 710
506 666
506 606
507 522
507 565
508 544
508 726
509 660
510 588
510 723
510 664
511 692
511 601
512 716
512 652
512 670
513 600
514 752
514 566
515 701
516 651
516 685
517 679
517 605
518 550
518 583
519 737
519 775
519 661
519 634
519 671
520 685
520 734
521 558
522 791
522 636
524 639
526 770
526 688
526 665
527 576
527 655
527 528
527 671
528 725
528 662
528 730
528 734
529 582
529 742
529 688
530 558
530 755
530 758
530 634
531 738
531 725
531 567
531 574
532 609
533 574
534 641
534 785
535 647
536 674
536 579
536 615
536 635
537 586
538 624
538 792
540 716
540 621
540 653
540 767
541 547
541 622
541 595
542 627
543 762
544 780
544 688
545 717
545 568
546 656
546 725
547 773
547 660
547 661
547 569
547 767
548 736
548 743
548 566
549 635
550 609
550 581
550 745
551 615
551 680
551 617
552 755
552 748
552 647
553 607
554 685
555 620
555 691
557 636
559 577
559 602
560 673
560 610
560 730
561 721
561 787
562 656
563 770
564 783
565 743
565 697
565 636
566 581
566 616
566 670
567 756
568 758
569 577
569 784
570 650
571 589
571 726
571 665
572 656
572 758
572 702
573 603
573 739
574 742
577 587
577 729
578 647
578 620
578 624
578 625
578 730
579 736
579 714
579 724
580 734
581 684
581 750
581 784
581 632
583 735
585 620
586 628
588 624
588 594
588 595
590 613
590 777
592 741
593 657
594 703
596 742
597 771
597 748
598 700
599 655
600 608
601 620
601 783
601 799
601 790
601 634
602 692
602 766
603 775
603 680
603 697
604 716
604 721
605 743
605 637
605 767
606 741
607 712
608 675
608 653
609 746
609 667
609 656
609 627
609 664
613 624
613 689
613 731
615 731
616 652
616 688
617 644
618 636
619 624
620 762
620 728
622 741
622 666
623 741
624 647
624 689
624 765
625 675
625 772
625 744
625 766
626 684
627 710
627 752
628 643
628 775
628 716
628 691
628 667
629 699
629 763
630 636
631 722
631 767
632 686
632 666
634 773
635 731
636 687
636 721
637 704
638 796
639 739
639 743
640 642
640 643
640 795
641 646
641 743
641 734
642 696
643 773
643 700
644 747
644 754
645 722
646 704
647 667
649 672
649 778
649 698
649 738
650 746
650 662
651 672
651 790
651 766
652 765
654 793
655 658
655 760
656 674
656 742
656 661
657 686
658 673
660 751
662 709
662 678
662 747
662 728
663 666
664 684
664 725
664 703
665 725
666 678
666 760
666 753
666 735
667 682
669 734
671 749
671 786
672 676
672 783
674 706
676 755
677 714
681 731
682 748
683 738
684 725
686 738
687 778
687 782
687 699
688 746
689 770
691 765
692 712
693 747
696 770
697 795
697 702
699 721
700 794
701 748
702 709
704 746
707 733
708 726
709 770
710 784
711 731
713 747
717 749
717 766
722 745
722 783
723 751
731 740
734 743
735 741
735 756
739 791
741 777
743 761
761 763
771 793
775 777
777 789
