800 8000
0 545
0 163
0 414
0 389
0 453
0 455
0 136
0 137
0 234
0 511
0 675
0 270
0 696
0 112
0 338
0 662
0 120
0 347
0 93
0 350
0 159
1 674
1 743
1 415
1 620
1 410
1 80
1 435
1 52
1 250
1 29
1 63
2 704
2 417
2 102
2 614
2 362
2 490
2 670
2 398
2 272
2 304
2 125
2 631
2 474
2 667
2 222
2 318
3 352
3 66
3 419
3 122
3 776
3 233
3 266
3 587
3 140
3 397
3 238
3 15
3 591
3 529
3 627
3 438
3 758
3 218
4 706
4 708
4 717
4 60
4 207
4 623
4 718
4 720
4 277
4 54
4 759
4 472
4 506
4 315
4 220
5 260
5 518
5 391
5 519
5 523
5 145
5 409
5 421
5 680
5 42
5 298
5 555
5 307
5 564
5 696
5 443
5 189
5 330
5 78
5 731
5 351
5 121
5 738
5 112
5 752
5 629
5 632
5 249
5 508
6 32
6 160
6 229
6 582
6 7
6 574
6 138
6 587
6 141
6 686
6 239
6 721
6 19
6 252
6 538
6 629
6 724
6 282
6 156
6 126
6 287
7 518
7 264
7 647
7 655
7 795
7 35
7 163
7 420
7 548
7 57
7 571
7 454
7 200
7 329
7 209
7 599
7 727
7 731
7 490
7 759
7 114
7 758
7 119
7 250
7 766
8 128
8 644
8 293
8 71
8 295
8 359
8 778
8 13
8 142
8 559
8 722
8 502
8 25
8 634
8 637
8 639
9 224
9 576
9 674
9 740
9 421
9 678
9 363
9 428
9 687
9 49
9 529
9 562
9 722
9 373
9 726
9 603
9 731
9 127
10 256
10 672
10 35
10 132
10 249
10 169
10 746
10 523
10 300
10 590
10 531
10 596
10 277
10 694
10 121
10 154
10 765
10 414
11 320
11 451
11 100
11 389
11 620
11 655
11 114
11 370
11 596
11 786
11 374
11 662
11 408
11 441
11 538
11 188
11 221
11 190
11 543
12 518
12 774
12 393
12 267
12 16
12 20
12 534
12 407
12 30
12 36
12 302
12 49
12 692
12 311
12 697
12 713
12 462
12 335
12 594
12 340
12 341
12 231
12 127
13 513
13 769
13 133
13 773
13 144
13 152
13 539
13 540
13 160
13 546
13 675
13 39
13 682
13 300
13 45
13 46
13 430
13 50
13 564
13 571
13 60
13 447
13 717
13 473
13 476
13 607
13 735
13 228
13 360
13 109
13 115
13 758
13 382
14 388
14 152
14 283
14 298
14 426
14 177
14 54
14 695
14 443
14 188
14 320
14 582
14 589
14 463
14 594
14 726
14 345
14 90
14 486
14 487
14 750
14 367
14 628
15 35
15 643
15 646
15 171
15 493
15 653
15 279
15 409
15 346
15 29
15 94
16 480
16 38
16 486
16 415
16 488
16 459
16 174
16 334
16 656
16 212
16 501
16 662
16 279
16 24
16 794
16 60
16 572
16 159
17 578
17 548
17 521
17 266
17 586
17 587
17 664
17 747
17 367
17 778
17 337
17 781
17 179
17 116
17 662
17 504
17 730
17 701
17 94
17 543
18 527
18 403
18 789
18 534
18 422
18 170
18 176
18 181
18 182
18 697
18 316
18 321
18 325
18 78
18 721
18 338
18 85
18 214
18 343
18 227
18 361
18 106
18 766
19 161
19 193
19 225
19 322
19 514
19 199
19 577
19 648
19 144
19 529
19 720
19 724
19 761
19 508
19 445
19 542
19 639
20 192
20 225
20 34
20 515
20 672
20 134
20 615
20 775
20 329
20 202
20 304
20 315
20 498
20 784
20 436
20 53
20 406
20 698
20 59
20 732
21 384
21 386
21 450
21 710
21 519
21 136
21 140
21 525
21 686
21 175
21 784
21 593
21 211
21 212
21 149
21 660
21 605
21 94
21 607
22 192
22 480
22 312
22 229
22 421
22 200
22 392
22 488
22 520
22 173
22 654
22 47
22 591
22 145
22 437
22 503
22 280
22 379
23 129
23 583
23 504
23 362
23 650
23 461
23 78
23 367
23 463
23 494
23 466
23 276
23 212
23 629
23 756
23 120
23 508
23 93
23 413
24 448
24 353
24 322
24 676
24 90
24 395
24 301
24 275
24 694
24 536
24 441
24 218
24 444
24 730
24 604
25 668
25 30
25 288
25 33
25 298
25 556
25 302
25 563
25 324
25 713
25 74
25 343
25 218
25 477
25 739
25 103
25 364
25 492
25 624
25 626
25 758
25 119
26 64
26 355
26 676
26 453
26 139
26 395
26 511
26 526
26 143
26 620
26 622
26 114
26 624
26 532
26 597
26 342
26 689
26 728
26 249
26 348
26 479
27 397
27 654
27 151
27 663
27 286
27 544
27 161
27 429
27 303
27 560
27 441
27 580
27 457
27 458
27 586
27 721
27 216
27 91
27 354
27 356
27 102
27 105
27 234
27 118
27 639
28 376
28 773
28 39
28 313
28 777
28 554
28 587
28 78
28 335
28 305
28 721
28 723
28 212
28 85
28 244
28 152
28 89
28 184
28 351
29 199
29 536
29 362
29 395
29 172
29 364
29 523
29 687
29 370
29 244
29 312
29 634
29 667
29 60
29 540
30 121
30 131
30 421
30 648
30 298
30 587
30 619
30 174
30 719
30 50
30 178
30 626
30 692
30 182
30 694
30 282
30 475
30 444
30 509
31 387
31 776
31 138
31 663
31 669
31 161
31 298
31 684
31 440
31 696
31 313
31 707
31 197
31 339
31 216
31 346
31 348
31 93
31 608
31 617
31 367
31 116
31 505
31 509
31 767
32 385
32 131
32 516
32 775
32 653
32 529
32 274
32 786
32 155
32 667
32 418
32 427
32 300
32 181
32 573
32 190
32 196
32 581
32 208
32 465
32 339
32 232
32 106
32 492
32 751
32 502
32 378
33 162
33 104
33 797
33 236
33 460
33 46
33 716
33 780
33 690
33 499
33 58
33 732
33 573
33 478
34 644
34 517
34 522
34 532
34 280
34 539
34 411
34 412
34 413
34 667
34 796
34 545
34 290
34 36
34 297
34 173
34 558
34 179
34 693
34 312
34 569
34 445
34 577
34 324
34 329
34 341
34 741
34 366
35 98
35 676
35 710
35 647
35 265
35 651
35 77
35 206
35 432
35 495
35 527
35 148
35 181
35 244
35 504
35 282
35 763
36 771
36 69
36 647
36 713
36 522
36 492
36 624
36 210
36 722
36 117
36 120
36 444
36 381
36 216
37 322
37 579
37 645
37 773
37 265
37 74
37 139
37 297
37 684
37 336
37 784
37 785
37 157
37 470
37 792
37 475
37 61
38 385
38 322
38 259
38 484
38 612
38 740
38 712
38 393
38 555
38 619
38 430
38 463
38 48
38 533
38 119
38 760
38 191
39 255
39 260
39 771
39 778
39 403
39 164
39 422
39 167
39 169
39 685
39 61
39 78
39 590
39 208
39 470
39 485
39 361
39 113
39 114
39 500
39 247
39 639
40 704
40 68
40 740
40 635
40 75
40 493
40 366
40 398
40 433
40 658
40 278
40 90
40 603
40 700
41 452
41 326
41 328
41 42
41 203
41 462
41 559
41 592
41 751
41 146
41 691
41 278
41 730
41 57
41 538
41 796
41 126
41 447
42 386
42 516
42 517
42 137
42 144
42 658
42 676
42 301
42 302
42 175
42 687
42 579
42 580
42 707
42 213
42 215
42 742
42 108
42 626
42 763
42 382
43 288
43 705
43 291
43 199
43 776
43 329
43 492
43 791
43 174
43 654
43 244
43 631
43 570
43 795
43 92
43 350
44 419
44 491
44 556
44 780
44 781
44 432
44 497
44 348
44 569
44 570
44 220
44 606
44 223
45 321
45 546
45 648
45 233
45 170
45 298
45 553
45 397
45 463
45 663
45 305
45 788
45 151
45 536
45 441
45 730
45 379
45 636
45 158
46 387
46 388
46 229
46 390
46 580
46 328
46 297
46 710
46 331
46 658
46 786
46 212
46 88
46 122
46 699
46 223
47 257
47 450
47 70
47 778
47 429
47 558
47 749
47 720
47 629
47 87
47 601
47 443
47 286
47 223
48 323
48 133
48 295
48 422
48 568
48 331
48 632
48 650
48 207
48 144
48 671
48 274
48 627
48 311
48 408
48 281
48 287
49 514
49 645
49 527
49 659
49 405
49 534
49 155
49 284
49 413
49 539
49 178
49 186
49 579
49 339
49 473
49 102
49 103
49 363
49 364
49 112
49 113
49 368
49 369
49 625
49 756
49 503
49 120
49 122
49 382
49 383
50 397
50 786
50 403
50 663
50 539
50 667
50 161
50 676
50 170
50 302
50 306
50 70
50 335
50 463
50 734
50 224
50 744
50 107
50 750
50 499
50 761
50 382
51 64
51 193
51 640
51 70
51 168
51 584
51 394
51 172
51 237
51 142
51 589
51 283
51 593
51 652
51 726
51 344
51 505
51 91
51 539
51 639
52 781
52 276
52 664
52 546
52 313
52 61
52 322
52 451
52 707
52 454
52 330
52 586
52 205
52 214
52 215
52 95
52 482
52 356
52 365
52 494
52 121
52 250
52 254
53 323
53 324
53 708
53 294
53 351
53 456
53 265
53 362
53 772
53 172
53 461
53 779
53 305
53 244
53 308
53 151
53 506
53 572
53 95
54 69
54 333
54 505
54 654
54 562
54 373
54 312
54 153
54 538
54 379
54 316
54 350
55 230
55 167
55 70
55 231
55 106
55 263
55 510
55 551
55 606
55 684
55 671
55 273
55 82
55 242
55 532
55 749
55 89
55 743
55 254
55 479
56 141
56 270
56 525
56 654
56 402
56 159
56 302
56 433
56 328
56 202
56 459
56 588
56 77
56 78
56 81
56 602
56 221
56 610
56 230
56 244
56 500
56 119
57 289
57 484
57 487
57 298
57 394
57 332
57 551
57 334
57 398
57 713
57 776
57 785
57 307
57 470
57 662
57 282
58 382
58 451
58 357
58 742
58 776
58 105
58 493
58 749
58 176
58 177
58 208
58 83
58 116
58 180
58 305
58 756
58 222
58 159
59 256
59 257
59 137
59 667
59 285
59 671
59 678
59 423
59 426
59 428
59 184
59 442
59 570
59 450
59 335
59 84
59 230
59 745
59 626
59 373
59 378
59 253
59 126
60 128
60 481
60 418
60 326
60 392
60 695
60 652
60 207
60 432
60 720
60 659
60 598
60 535
60 696
60 668
61 265
61 779
61 411
61 156
61 175
61 700
61 322
61 67
61 452
61 584
61 207
61 337
61 723
61 90
61 476
61 479
61 97
61 230
61 372
62 645
62 392
62 521
62 108
62 428
62 464
62 624
62 370
62 626
62 658
62 245
62 118
62 671
62 568
62 604
62 669
62 95
63 257
63 770
63 453
63 70
63 440
63 302
63 558
63 654
63 594
63 755
63 437
63 152
63 122
63 796
63 381
63 415
64 160
64 98
64 614
64 457
64 266
64 491
64 777
64 664
64 398
64 685
64 144
64 403
64 629
64 757
64 215
64 600
64 186
65 161
65 609
65 573
65 675
65 71
65 712
65 266
65 332
65 590
65 335
65 240
65 432
65 311
65 434
65 180
65 499
65 758
65 87
65 760
65 285
66 224
66 640
66 674
66 326
66 440
66 510
66 329
66 109
66 562
66 594
66 148
66 565
66 597
66 662
66 280
66 441
66 539
66 414
67 192
67 129
67 736
67 708
67 669
67 327
67 711
67 681
67 77
67 526
67 303
67 307
67 183
67 153
67 251
67 798
68 770
68 99
68 359
68 296
68 167
68 649
68 589
68 656
68 435
68 475
68 567
68 729
68 378
68 91
68 574
68 415
69 260
69 262
69 394
69 522
69 653
69 401
69 790
69 407
69 667
69 292
69 302
69 565
69 699
69 189
69 446
69 79
69 339
69 476
69 492
69 622
69 767
70 390
70 392
70 784
70 532
70 662
70 790
70 550
70 679
70 424
70 687
70 439
70 443
70 446
70 579
70 202
70 337
70 347
70 248
70 240
70 753
70 244
70 504
71 391
71 392
71 655
71 403
71 153
71 793
71 797
71 286
71 160
71 422
71 317
71 190
71 577
71 456
71 75
71 717
71 467
71 597
71 732
71 739
71 242
71 371
71 500
71 627
71 759
71 252
72 160
72 578
72 387
72 420
72 517
72 610
72 551
72 775
72 331
72 147
72 725
72 118
72 279
72 757
72 346
72 283
72 703
73 289
73 385
73 262
73 359
73 106
73 204
73 364
73 238
73 463
73 624
73 305
73 114
73 338
73 276
73 85
73 655
73 345
73 346
73 574
73 223
74 526
74 528
74 145
74 660
74 410
74 156
74 285
74 798
74 426
74 427
74 432
74 695
74 453
74 212
74 216
74 351
74 97
74 229
74 360
74 361
74 365
74 378
74 508
74 766
75 192
75 352
75 509
75 673
75 408
75 330
75 714
75 206
75 592
75 241
75 752
75 307
75 404
75 278
75 216
75 221
76 138
76 401
76 276
76 662
76 287
76 672
76 420
76 169
76 171
76 302
76 687
76 177
76 306
76 697
76 704
76 324
76 330
76 220
76 608
76 736
76 489
76 496
76 508
76 510
77 770
77 389
77 774
77 653
77 143
77 783
77 146
77 275
77 670
77 569
77 703
77 452
77 328
77 586
77 460
77 716
77 590
77 468
77 741
77 230
77 620
77 749
78 417
78 545
78 771
78 101
78 261
78 427
78 557
78 782
78 728
78 145
78 337
78 276
78 151
78 283
78 799
79 640
79 385
79 578
79 740
79 423
79 488
79 616
79 778
79 267
79 653
79 526
79 207
79 272
79 305
79 242
79 436
79 246
79 472
79 633
79 347
80 398
80 527
80 530
80 404
80 278
80 285
80 549
80 552
80 428
80 432
80 317
80 197
80 326
80 590
80 724
80 216
80 91
80 616
80 617
80 745
80 624
80 628
80 503
80 767
81 97
81 613
81 198
81 422
81 741
81 106
81 141
81 493
81 303
81 113
81 178
81 275
81 754
81 727
81 506
81 699
82 137
82 272
82 656
82 402
82 662
82 288
82 298
82 562
82 694
82 191
82 459
82 587
82 83
82 217
82 220
82 608
82 355
82 740
82 363
82 621
82 370
82 629
82 120
83 128
83 390
83 136
83 395
83 146
83 788
83 789
83 537
83 666
83 673
83 432
83 436
83 702
83 705
83 707
83 584
83 723
83 469
83 216
83 93
83 490
83 624
83 766
84 599
84 620
84 656
84 113
84 243
84 500
84 181
84 374
84 563
84 665
84 250
84 799
85 484
85 580
85 518
85 645
85 759
85 108
85 92
85 755
85 117
85 373
85 599
85 629
85 634
85 94
86 484
86 677
86 137
86 266
86 270
86 308
86 404
86 661
86 567
86 249
86 188
86 221
86 222
87 523
87 534
87 282
87 667
87 289
87 292
87 165
87 549
87 681
87 298
87 558
87 441
87 190
87 471
87 476
87 221
87 222
87 367
87 379
87 635
87 511
88 480
88 389
88 262
88 265
88 139
88 204
88 491
88 748
88 560
88 215
88 378
88 699
88 285
88 158
88 383
89 248
89 385
89 418
89 636
89 708
89 549
89 232
89 650
89 236
89 141
89 749
89 152
89 634
89 475
89 702
89 543
90 786
90 409
90 154
90 688
90 690
90 440
90 698
90 583
90 203
90 335
90 611
90 742
90 616
90 235
90 622
90 111
90 501
90 629
91 419
91 358
91 167
91 104
91 168
91 233
91 330
91 425
91 491
91 462
91 213
91 310
91 598
91 250
91 92
91 703
92 256
92 97
92 515
92 708
92 637
92 295
92 360
92 650
92 335
92 336
92 466
92 157
92 255
93 387
93 522
93 402
93 533
93 406
93 418
93 163
93 435
93 185
93 190
93 577
93 194
93 581
93 198
93 712
93 330
93 590
93 95
93 100
93 364
94 385
94 132
94 397
94 786
94 404
94 278
94 552
94 177
94 448
94 322
94 454
94 595
94 213
94 598
94 348
94 483
94 490
94 761
94 510
95 161
95 482
95 133
95 637
95 232
95 651
95 782
95 176
95 210
95 370
95 276
95 468
95 248
95 662
95 122
95 158
95 694
96 772
96 357
96 199
96 200
96 457
96 553
96 647
96 777
96 270
96 527
96 659
96 695
96 506
97 518
97 527
97 272
97 529
97 153
97 289
97 417
97 166
97 685
97 687
97 432
97 567
97 318
97 575
97 319
97 324
97 585
97 734
97 611
97 230
97 747
97 109
97 625
97 504
98 389
98 645
98 680
98 377
98 684
98 205
98 474
98 753
98 570
98 408
98 185
98 378
98 603
98 766
98 415
99 448
99 229
99 198
99 292
99 390
99 138
99 268
99 428
99 664
99 624
99 787
99 244
99 533
99 216
99 286
99 191
100 199
100 234
100 727
100 493
100 557
100 560
100 241
100 244
100 663
100 761
100 250
100 286
100 543
101 128
101 383
101 655
101 786
101 276
101 670
101 161
101 418
101 681
101 426
101 427
101 456
101 716
101 205
101 718
101 348
101 607
101 236
101 369
101 501
101 121
101 636
101 511
102 139
102 526
102 143
102 276
102 278
102 668
102 539
102 305
102 436
102 457
102 202
102 336
102 337
102 216
102 345
102 218
102 732
102 738
102 618
102 108
102 749
102 251
103 353
103 513
103 451
103 198
103 263
103 679
103 233
103 330
103 587
103 396
103 207
103 527
103 433
103 659
103 665
103 761
103 122
103 379
104 448
104 164
104 487
104 711
104 524
104 175
104 657
104 284
104 278
104 501
104 252
104 477
105 193
105 323
105 358
105 139
105 524
105 497
105 114
105 306
105 411
105 245
105 182
105 500
105 440
105 636
105 413
105 287
106 471
106 708
106 357
106 796
106 487
106 585
106 299
106 695
106 402
106 340
106 246
106 123
106 572
106 510
106 287
107 388
107 398
107 785
107 529
107 415
107 688
107 690
107 190
107 578
107 718
107 210
107 348
107 360
107 745
107 112
107 113
107 755
107 117
107 375
107 120
107 381
108 673
108 547
108 644
108 549
108 454
108 557
108 206
108 784
108 337
108 625
108 532
108 380
109 789
109 419
109 434
109 573
109 701
109 189
109 324
109 335
109 599
109 728
109 732
109 226
109 738
109 740
109 364
109 622
109 495
109 374
109 631
109 120
110 194
110 291
110 354
110 743
110 330
110 204
110 172
110 365
110 601
110 370
110 277
110 566
110 247
110 790
110 185
110 285
110 183
111 352
111 294
111 591
111 665
111 211
111 690
111 662
111 633
111 379
111 477
112 385
112 775
112 400
112 793
112 170
112 688
112 433
112 312
112 444
112 193
112 706
112 715
112 123
112 115
112 501
112 630
112 757
112 251
112 125
113 416
113 672
113 768
113 292
113 516
113 615
113 495
113 498
113 534
113 632
113 703
114 642
114 518
114 391
114 423
114 334
114 455
114 550
114 690
114 243
114 678
114 310
114 502
114 794
114 444
115 768
115 643
115 265
115 398
115 530
115 151
115 424
115 682
115 429
115 688
115 317
115 198
115 328
115 329
115 587
115 210
115 737
115 226
115 740
115 357
115 486
115 488
115 753
115 382
115 767
116 772
116 777
116 778
116 271
116 529
116 671
116 416
116 302
116 559
116 688
116 703
116 720
116 465
116 338
116 212
116 341
116 346
116 477
116 742
116 488
117 193
117 257
117 547
117 579
117 422
117 486
117 744
117 523
117 173
117 435
117 694
117 791
117 441
117 731
117 763
117 383
118 224
118 576
118 541
118 676
118 645
118 587
118 556
118 588
118 717
118 401
118 721
118 246
118 571
118 412
118 349
119 641
119 646
119 393
119 529
119 530
119 149
119 533
119 174
119 561
119 310
119 445
119 452
119 457
119 718
119 598
119 216
119 362
119 238
119 626
120 399
120 535
120 419
120 169
120 565
120 695
120 315
120 573
120 452
120 334
120 213
120 608
120 620
120 496
120 506
120 379
120 765
121 160
121 224
121 449
121 363
121 268
121 300
121 526
121 208
121 242
121 243
121 213
121 154
121 731
121 223
122 386
122 263
122 136
122 779
122 408
122 286
122 671
122 426
122 180
122 194
122 200
122 328
122 721
122 338
122 468
122 357
122 498
122 628
123 672
123 322
123 546
123 389
123 454
123 199
123 517
123 743
123 555
123 632
123 776
123 402
123 179
123 466
123 789
123 376
123 666
123 223
124 545
124 674
124 163
124 612
124 651
124 236
124 684
124 537
124 335
124 685
124 687
124 370
124 530
124 212
124 407
124 217
124 348
124 669
124 671
125 227
125 678
125 329
125 266
125 171
125 797
125 782
125 208
125 466
125 661
125 251
125 636
125 541
125 606
126 131
126 291
126 677
126 326
126 202
126 430
126 623
126 368
126 375
126 536
126 477
127 768
127 198
127 615
127 392
127 521
127 364
127 302
127 686
127 750
127 241
127 177
127 531
127 148
127 596
127 278
127 438
127 597
127 660
127 575
128 290
128 740
128 488
128 682
128 752
128 626
128 629
128 693
128 789
128 698
128 506
128 539
128 543
129 774
129 647
129 777
129 781
129 277
129 409
129 796
129 163
129 301
129 433
129 312
129 443
129 315
129 196
129 462
129 729
129 735
129 370
129 636
129 638
130 579
130 200
130 233
130 138
130 552
130 776
130 335
130 687
130 305
130 626
130 659
130 756
130 469
130 406
130 663
130 505
130 251
130 636
131 350
131 480
131 643
131 484
131 677
131 631
131 266
131 333
131 174
131 429
131 369
131 275
131 788
131 597
131 693
131 634
131 575
132 509
132 414
132 263
132 327
132 711
132 171
132 747
132 686
132 690
132 179
132 735
132 533
132 281
132 475
132 348
132 381
132 607
133 226
133 579
133 708
133 775
133 298
133 621
133 272
133 434
133 531
133 784
133 151
133 698
133 506
133 669
134 384
134 646
134 522
134 778
134 532
134 795
134 416
134 683
134 174
134 307
134 452
134 208
134 340
134 225
134 614
134 361
134 366
134 751
134 244
134 500
134 247
135 192
135 288
135 609
135 770
135 612
135 585
135 569
135 623
135 308
135 181
135 246
135 598
135 377
135 570
135 636
136 513
136 357
136 543
136 591
136 180
136 696
136 318
136 511
137 384
137 385
137 198
137 169
137 394
137 155
137 398
137 463
137 721
137 658
137 630
137 573
138 260
138 391
138 267
138 653
138 399
138 282
138 162
138 548
138 426
138 559
138 178
138 449
138 195
138 200
138 459
138 715
138 335
138 228
138 739
138 760
138 369
138 634
138 247
138 376
138 378
138 383
139 578
139 198
139 360
139 454
139 395
139 487
139 551
139 712
139 560
139 592
139 409
139 797
140 512
140 455
140 456
140 616
140 298
140 680
140 777
140 178
140 690
140 501
140 504
140 473
140 634
140 380
140 733
140 671
141 514
141 611
141 420
141 674
141 281
141 264
141 677
141 523
141 632
141 461
141 206
141 379
141 151
141 187
141 252
141 189
142 418
142 163
142 260
142 291
142 488
142 712
142 777
142 268
142 148
142 563
142 376
142 638
142 543
143 164
143 197
143 324
143 612
143 330
143 564
143 470
143 663
143 790
143 537
143 796
144 674
144 195
144 261
144 490
144 429
144 703
144 530
144 628
144 377
144 476
144 223
145 260
145 517
145 774
145 147
145 406
145 539
145 292
145 296
145 424
145 434
145 568
145 588
145 333
145 208
145 466
145 467
145 229
145 245
145 637
145 255
146 642
146 422
146 457
146 267
146 331
146 239
146 657
146 210
146 467
146 502
146 216
146 345
146 154
146 797
146 606
146 287
147 451
147 746
147 204
147 757
147 313
147 314
147 286
148 352
148 513
148 162
148 354
148 331
148 236
148 525
148 683
148 690
148 211
148 343
148 312
148 410
148 443
148 477
149 192
149 384
149 576
149 355
149 196
149 356
149 421
149 580
149 168
149 393
149 330
149 644
149 588
149 709
149 399
149 531
149 665
149 763
149 221
150 353
150 482
150 387
150 546
150 678
150 743
150 682
150 171
150 172
150 523
150 684
150 785
150 758
150 695
150 505
150 570
150 478
151 637
151 521
151 271
151 409
151 154
151 796
151 413
151 797
151 163
151 175
151 325
151 592
151 224
151 736
151 356
151 490
151 624
151 369
151 381
152 387
152 657
152 540
152 415
152 418
152 548
152 685
152 431
152 316
152 447
152 192
152 707
152 326
152 455
152 466
152 596
152 218
152 755
152 633
153 648
153 529
153 406
153 664
153 155
153 540
153 416
153 549
153 678
153 307
153 312
153 313
153 570
153 442
153 320
153 205
153 333
153 589
153 210
154 545
154 550
154 393
154 617
154 759
154 784
154 270
154 687
154 760
154 209
154 339
154 212
154 402
154 467
154 722
155 705
155 674
155 737
155 516
155 197
155 567
155 330
155 588
155 399
155 656
155 178
155 691
155 310
155 566
155 760
155 251
155 766
156 384
156 407
156 677
156 599
156 522
156 717
156 465
156 561
156 625
156 181
156 469
156 343
156 504
156 441
156 444
157 578
157 732
157 230
157 421
157 552
157 438
157 729
157 186
158 390
158 167
158 536
158 524
158 430
158 557
158 528
158 654
158 721
158 722
158 749
158 314
158 379
158 508
158 605
158 606
159 166
159 168
159 520
159 331
159 363
159 441
159 589
159 410
159 560
159 719
159 179
159 729
159 602
159 535
159 345
159 668
159 317
160 777
160 397
160 280
160 665
160 539
160 541
160 671
160 674
160 291
160 547
160 426
160 682
160 559
160 178
160 185
160 483
160 505
160 639
161 389
161 275
161 281
161 666
161 797
161 419
161 422
161 295
161 172
161 684
161 189
161 461
161 341
161 478
161 484
161 250
161 507
162 396
162 397
162 670
162 545
162 292
162 694
162 570
162 186
162 700
162 317
162 575
162 448
162 579
162 591
162 593
162 476
162 351
162 229
162 742
162 235
162 364
162 369
163 481
163 166
163 390
163 552
163 652
163 365
163 367
163 621
163 561
163 626
163 603
164 397
164 533
164 676
164 165
164 293
164 167
164 682
164 180
164 186
164 576
164 321
164 323
164 324
164 327
164 200
164 606
164 355
164 356
164 362
164 747
164 364
165 515
165 796
165 550
165 232
165 586
165 587
165 461
165 526
165 718
165 719
165 309
165 246
165 312
165 693
165 506
165 667
165 763
165 703
166 225
166 260
166 643
166 447
166 458
166 522
166 617
166 173
166 558
166 686
166 797
166 723
166 628
166 661
166 342
166 787
166 789
166 669
167 785
167 274
167 278
167 795
167 286
167 419
167 548
167 563
167 700
167 575
167 454
167 204
167 724
167 214
167 472
167 497
167 499
167 377
168 258
168 517
168 651
168 408
168 280
168 282
168 673
168 546
168 548
168 424
168 683
168 335
168 731
168 745
168 747
168 371
168 247
168 632
169 258
169 229
169 328
169 606
169 430
169 718
169 276
169 309
169 662
169 663
169 409
169 379
169 700
169 445
169 254
169 479
170 258
170 355
170 460
170 397
170 207
170 337
170 275
170 399
170 494
170 525
170 629
170 281
170 570
170 654
170 691
170 542
170 639
171 522
171 395
171 652
171 781
171 664
171 415
171 290
171 551
171 297
171 437
171 191
171 581
171 709
171 718
171 335
171 210
171 233
171 745
171 760
171 253
172 576
172 262
172 422
172 552
172 713
172 777
172 204
172 333
172 364
172 463
172 180
172 438
172 221
172 383
173 737
173 261
173 295
173 518
173 551
173 748
173 430
173 239
173 462
173 591
173 658
173 723
173 660
173 471
173 598
173 784
173 477
174 225
174 387
174 678
174 458
174 267
174 589
174 238
174 687
174 209
174 273
174 432
174 688
174 374
174 632
174 636
175 769
175 391
175 528
175 792
175 409
175 283
175 683
175 432
175 699
175 337
175 597
175 470
175 600
175 348
175 477
175 485
175 360
175 366
176 640
176 651
176 657
176 275
176 278
176 542
176 421
176 428
176 435
176 327
176 720
176 721
176 596
176 600
176 348
176 615
176 748
176 627
176 756
176 630
176 764
177 418
177 738
177 261
177 199
177 328
177 236
177 749
177 561
177 658
177 786
177 438
177 632
178 576
178 260
178 325
178 773
178 327
178 638
178 367
178 784
178 471
178 218
179 384
179 255
179 676
179 542
179 680
179 525
179 526
179 527
179 342
179 247
179 667
179 446
180 677
180 218
180 616
180 442
180 560
180 370
180 402
180 434
180 728
180 252
180 540
180 447
181 269
181 532
181 282
181 415
181 418
181 424
181 703
181 326
181 207
181 467
181 595
181 480
181 229
181 614
181 241
181 500
182 196
182 395
182 715
182 429
182 664
182 623
182 593
182 404
182 789
182 342
182 312
182 573
183 544
183 700
183 392
183 331
183 491
183 301
183 237
183 558
183 560
183 530
183 591
183 623
183 502
183 630
183 790
183 539
183 220
184 519
184 794
184 265
184 523
184 715
184 461
184 334
184 303
184 717
184 315
184 345
184 346
185 323
185 453
185 198
185 295
185 423
185 683
185 364
185 593
185 753
185 211
185 339
185 754
185 796
185 223
186 386
186 260
186 778
186 783
186 532
186 429
186 437
186 701
186 703
186 710
186 585
186 215
186 603
186 220
186 605
186 221
186 735
186 739
186 235
186 627
187 257
187 418
187 642
187 770
187 635
187 393
187 331
187 397
187 749
187 432
187 761
187 665
187 314
187 476
187 316
187 763
188 673
188 420
188 676
188 646
188 519
188 685
188 400
188 560
188 530
188 753
188 568
188 319
189 262
189 775
189 745
189 235
189 685
189 208
189 433
189 338
189 213
189 533
189 247
189 598
189 661
189 447
190 772
190 525
190 281
190 422
190 315
190 316
190 453
190 711
190 718
190 593
190 598
190 731
190 738
190 740
190 488
190 630
191 705
191 579
191 739
191 733
191 203
191 620
191 750
191 561
191 500
191 438
191 509
191 574
192 646
192 526
192 399
192 404
192 287
192 423
192 297
192 301
192 202
192 723
192 344
192 217
192 744
192 362
192 753
192 760
192 635
193 390
193 391
193 521
193 778
193 780
193 410
193 286
193 552
193 684
193 687
193 592
193 470
193 727
193 729
193 349
193 621
193 248
194 643
194 707
194 326
194 458
194 651
194 397
194 749
194 625
194 724
194 375
194 571
194 219
194 670
195 547
195 614
195 646
195 742
195 426
195 204
195 524
195 557
195 431
195 209
195 690
195 635
195 700
195 285
195 413
196 323
196 356
196 451
196 454
196 643
196 520
196 620
196 559
196 304
196 209
196 592
196 307
196 474
196 380
196 765
197 385
197 259
197 784
197 273
197 658
197 287
197 681
197 691
197 576
197 336
197 344
197 732
197 220
197 489
197 752
197 625
197 631
197 766
198 262
198 525
198 654
198 402
198 789
198 791
198 283
198 797
198 314
198 697
198 574
198 703
198 705
198 329
198 472
198 475
198 612
198 507
198 254
199 523
199 400
199 530
199 789
199 542
199 555
199 561
199 564
199 313
199 576
199 322
199 338
199 343
199 359
199 746
199 751
199 503
200 288
200 389
200 583
200 775
200 621
200 430
200 752
200 209
200 435
200 799
200 567
200 377
200 379
200 383
201 668
201 451
201 707
201 771
201 358
201 262
201 232
201 233
201 796
201 204
201 556
201 793
201 311
201 472
201 473
201 380
202 384
202 701
202 586
202 332
202 205
202 664
202 374
202 633
202 700
202 445
203 738
203 452
203 325
203 454
203 742
203 682
203 363
203 395
203 782
203 464
203 626
203 211
203 724
203 725
203 757
203 568
203 283
204 777
204 276
204 664
204 412
204 285
204 413
204 416
204 419
204 682
204 326
204 331
204 588
204 723
204 724
204 471
204 217
204 729
204 226
204 364
204 748
204 627
205 384
205 660
205 666
205 795
205 668
205 676
205 555
205 431
205 564
205 314
205 719
205 211
205 596
205 470
205 598
205 219
205 223
205 228
205 750
205 754
205 376
205 762
205 763
206 480
206 449
206 550
206 296
206 556
206 558
206 304
206 368
206 496
206 587
206 659
206 473
206 474
207 386
207 259
207 517
207 519
207 266
207 394
207 531
207 532
207 538
207 283
207 415
207 288
207 551
207 693
207 725
207 734
207 609
207 227
207 484
207 744
207 490
207 618
207 498
207 630
207 636
208 644
208 389
208 791
208 413
208 286
208 546
208 678
208 311
208 575
208 451
208 459
208 475
208 227
208 511
209 641
209 644
209 528
209 402
209 791
209 792
209 560
209 308
209 438
209 312
209 701
209 452
209 581
209 716
209 733
209 737
209 359
209 617
209 622
209 246
209 504
209 505
209 767
210 674
210 676
210 617
210 649
210 300
210 365
210 395
210 505
210 619
210 655
210 725
210 634
210 284
210 702
211 768
211 644
211 517
211 645
211 780
211 525
211 658
211 670
211 424
211 298
211 558
211 574
211 579
211 469
211 732
211 621
211 366
212 258
212 643
212 399
212 664
212 665
212 420
212 698
212 580
212 712
212 461
212 732
212 350
212 228
212 741
212 240
212 755
212 632
212 506
212 381
213 603
213 292
213 249
213 446
213 487
213 615
213 762
213 331
213 394
213 777
213 657
213 564
213 538
214 352
214 258
214 679
214 377
214 298
214 330
214 490
214 721
214 659
214 277
214 340
214 758
214 217
214 346
214 571
214 636
214 766
215 544
215 738
215 255
215 260
215 393
215 589
215 664
215 527
215 685
215 433
215 657
215 752
215 534
215 569
215 731
215 216
216 772
216 528
216 412
216 541
216 686
216 560
216 589
216 717
216 614
216 488
216 497
216 371
216 756
216 760
217 264
217 781
217 783
217 656
217 668
217 414
217 288
217 419
217 684
217 437
217 450
217 332
217 461
217 464
217 598
217 490
217 369
217 250
218 483
218 231
218 264
218 297
218 377
218 454
218 456
218 505
218 583
218 717
218 688
218 787
218 245
219 323
219 483
219 547
219 461
219 270
219 528
219 766
219 784
219 442
219 732
219 702
220 451
220 599
220 519
220 644
220 746
220 378
220 525
220 528
220 499
220 735
220 604
220 447
221 416
221 385
221 706
221 769
221 568
221 299
221 431
221 589
221 241
221 783
221 563
221 283
221 478
222 352
222 416
222 483
222 772
222 646
222 759
222 268
222 239
222 688
222 497
222 691
222 756
222 572
222 669
223 704
223 249
223 553
223 555
223 657
223 684
223 375
223 604
224 355
224 453
224 454
224 553
224 791
224 781
224 369
224 370
224 500
224 661
224 346
224 444
225 642
225 646
225 649
225 280
225 299
225 311
225 712
225 586
225 588
225 592
225 471
225 346
225 230
225 362
225 756
225 506
225 763
226 290
226 230
226 263
226 486
226 582
226 714
226 776
226 364
226 526
226 589
226 601
226 466
226 789
226 568
226 569
226 604
226 414
227 736
227 768
227 388
227 518
227 455
227 648
227 297
227 712
227 427
227 619
227 633
227 345
227 794
228 257
228 515
228 552
228 680
228 427
228 526
228 558
228 467
228 244
228 342
228 345
228 765
228 607
229 642
229 325
229 587
229 429
229 303
229 622
229 655
229 378
229 380
229 446
230 403
230 790
230 279
230 545
230 436
230 698
230 710
230 460
230 721
230 595
230 346
230 238
230 629
230 503
231 481
231 483
231 549
231 615
231 521
231 750
231 464
231 273
231 281
231 379
231 508
231 669
231 670
232 418
232 459
232 523
232 592
232 689
232 339
232 436
232 596
232 311
232 632
232 250
233 673
233 262
233 518
233 553
233 711
233 365
233 655
233 273
233 315
233 756
233 245
233 470
234 448
234 390
234 617
234 395
234 654
234 303
234 529
234 274
234 307
234 703
234 662
234 247
234 249
234 314
234 670
234 287
235 483
235 292
235 325
235 420
235 663
235 711
235 727
235 427
235 781
235 728
235 373
235 437
235 533
235 629
235 569
235 382
235 383
236 646
236 267
236 657
236 661
236 794
236 556
236 688
236 307
236 569
236 452
236 708
236 582
236 589
236 718
236 719
236 723
236 599
236 727
236 737
236 363
236 376
236 636
237 418
237 259
237 773
237 264
237 297
237 584
237 618
237 561
237 626
237 340
237 440
237 540
237 573
237 702
237 543
238 744
238 586
238 619
238 749
238 558
238 784
238 465
238 625
238 275
238 308
238 698
238 635
239 448
239 451
239 676
239 709
239 568
239 398
239 272
239 403
239 530
239 245
239 310
239 280
239 765
240 513
240 770
240 771
240 260
240 261
240 774
240 264
240 520
240 528
240 287
240 555
240 693
240 700
240 448
240 578
240 715
240 467
240 494
240 624
241 673
241 676
241 326
241 518
241 265
241 745
241 765
241 461
241 687
241 528
241 404
241 373
241 596
241 725
241 506
241 349
242 386
242 525
242 407
242 279
242 665
242 536
242 296
242 434
242 562
242 315
242 703
242 711
242 469
242 473
242 481
242 752
242 629
242 255
243 547
243 293
243 389
243 327
243 779
243 653
243 749
243 340
243 790
243 407
243 604
243 253
243 735
244 642
244 653
244 271
244 274
244 536
244 538
244 544
244 292
244 684
244 447
244 591
244 474
244 733
244 482
244 740
244 489
244 371
244 629
245 386
245 680
245 302
245 693
245 446
245 475
245 607
245 736
245 740
245 358
245 359
245 364
245 627
245 761
245 506
245 764
246 613
246 616
246 266
246 556
246 591
246 754
246 628
246 407
246 600
246 729
246 666
246 444
246 413
246 350
247 297
247 359
247 504
247 367
247 681
247 753
247 754
247 341
247 725
247 758
247 376
247 793
247 315
248 642
248 292
248 452
248 518
248 794
248 377
248 521
248 460
248 301
248 270
248 336
248 689
248 274
248 346
248 443
248 636
248 254
249 351
249 663
249 335
249 656
249 338
249 530
249 629
249 632
249 537
249 251
249 574
250 784
250 286
250 714
250 588
250 591
250 465
250 345
250 729
250 350
250 609
250 364
250 366
250 626
250 383
251 787
251 405
251 533
251 283
251 424
251 695
251 447
251 320
251 711
251 464
251 480
251 609
251 357
251 746
251 367
252 610
252 732
252 484
252 605
252 738
252 667
252 271
252 687
252 750
252 344
252 793
252 634
252 603
252 604
252 317
253 578
253 675
253 517
253 681
253 554
253 332
253 717
253 622
253 749
253 624
253 703
253 658
253 339
253 696
253 410
253 349
253 478
253 319
254 515
254 643
254 774
254 787
254 309
254 697
254 454
254 464
254 469
254 601
254 602
254 603
254 347
254 479
254 356
254 491
254 752
254 372
255 513
255 269
255 397
255 786
255 788
255 539
255 796
255 551
255 701
255 573
255 452
255 453
255 712
255 589
255 471
255 750
256 636
256 668
256 674
256 419
256 483
256 796
256 454
256 552
256 778
256 462
256 433
256 696
256 351
257 448
257 640
257 291
257 430
257 399
257 530
257 694
257 444
257 670
258 656
258 529
258 531
258 411
258 285
258 554
258 682
258 557
258 559
258 693
258 698
258 453
258 464
258 465
258 473
258 605
258 349
258 353
258 616
258 634
258 379
258 380
258 639
259 546
259 457
259 267
259 492
259 653
259 560
259 624
259 402
259 530
259 468
259 660
259 755
259 699
259 732
259 287
260 328
260 648
260 588
260 526
260 688
260 533
260 348
260 669
261 673
261 642
261 414
261 648
261 712
261 714
261 621
261 371
261 467
261 373
261 788
261 279
261 798
261 700
261 318
261 319
262 352
262 263
262 264
262 266
262 428
262 586
262 615
262 627
262 404
262 345
262 671
263 407
263 353
263 290
263 743
263 521
263 554
263 427
263 744
263 371
263 411
263 732
263 766
264 281
264 360
264 391
264 425
264 489
264 367
264 524
264 746
264 615
264 375
265 672
265 450
265 355
265 573
265 297
265 746
265 461
265 692
265 373
265 601
265 700
266 516
266 712
266 733
266 458
266 498
266 629
266 600
266 730
266 411
266 508
266 318
267 354
267 356
267 635
267 493
267 594
267 469
267 283
267 382
268 517
268 424
268 670
268 307
268 567
268 671
269 384
269 289
269 487
269 778
269 395
269 460
269 587
269 607
269 684
269 689
269 274
269 275
269 375
269 536
269 379
269 380
270 521
270 522
270 273
270 425
270 302
270 432
270 445
270 325
270 585
270 463
270 723
270 342
270 600
270 602
270 348
270 350
270 486
270 488
270 493
271 518
271 711
271 330
271 621
271 622
271 654
271 685
271 275
271 308
271 406
271 757
271 795
271 413
271 447
272 588
272 719
272 441
272 283
272 508
272 478
273 577
273 418
273 642
273 740
273 329
273 330
273 491
273 333
273 747
273 753
273 280
273 381
274 744
274 326
274 358
274 584
274 683
274 396
274 302
274 399
274 556
274 685
274 753
274 411
274 412
275 771
275 583
275 775
275 304
275 307
275 373
275 469
275 279
275 525
275 626
276 407
276 296
276 553
276 559
276 304
276 589
276 682
276 721
276 377
276 669
276 343
277 641
277 786
277 533
277 288
277 544
277 292
277 551
277 327
277 457
277 588
277 462
277 719
277 596
277 604
277 355
277 612
277 624
277 756
277 383
278 513
278 783
278 528
278 535
278 541
278 543
278 427
278 555
278 303
278 469
278 614
278 755
278 502
278 632
278 508
278 510
279 387
279 739
279 390
279 345
279 454
279 678
279 301
279 569
279 338
279 310
279 344
279 313
280 389
280 525
280 407
280 411
280 668
280 287
280 680
280 689
280 321
280 720
280 341
280 618
280 381
280 767
281 610
281 745
281 299
281 305
281 753
281 435
281 659
281 341
281 469
281 316
281 799
282 513
282 401
282 533
282 668
282 285
282 286
282 686
282 450
282 453
282 460
282 466
282 473
282 364
282 754
282 510
283 448
283 640
283 329
283 460
283 592
283 651
283 729
283 572
283 670
284 384
284 771
284 390
284 524
284 532
284 789
284 408
284 793
284 668
284 565
284 440
284 326
284 582
284 712
284 330
284 593
284 600
284 473
284 731
284 615
284 748
284 760
284 504
284 765
285 512
285 774
285 396
285 398
285 554
285 316
285 591
285 480
285 738
285 619
285 625
285 633
286 648
286 790
286 663
286 559
286 310
286 314
286 573
286 575
286 447
286 704
286 717
286 463
286 602
286 495
286 626
287 353
287 608
287 713
287 622
287 725
287 566
287 539
287 702
288 352
288 513
288 773
288 647
288 745
288 587
288 620
288 747
288 748
288 752
288 438
288 727
288 664
289 709
289 456
289 776
289 555
289 653
289 687
289 563
289 605
289 542
290 644
290 295
290 297
290 299
290 363
290 717
290 368
290 562
290 371
290 308
290 661
290 410
290 799
291 453
291 326
291 583
291 713
291 682
291 747
291 656
291 721
291 402
291 752
291 788
291 501
291 695
291 668
291 319
292 655
292 785
292 787
292 671
292 676
292 561
292 442
292 316
292 329
292 332
292 722
292 344
292 348
292 604
292 738
292 493
292 628
293 737
293 706
293 771
293 357
293 742
293 557
293 749
293 560
293 305
293 344
293 446
293 479
294 325
294 713
294 777
294 528
294 600
294 572
295 652
295 656
295 534
295 407
295 791
295 672
295 547
295 570
295 316
295 704
295 585
295 473
295 347
295 493
295 756
295 381
296 577
296 518
296 646
296 678
296 492
296 749
296 431
296 719
296 663
296 793
296 379
297 768
297 440
297 520
297 586
297 524
297 303
297 555
297 628
297 344
297 441
298 772
298 647
298 395
298 786
298 789
298 534
298 412
298 555
298 309
298 470
298 735
298 353
299 711
299 557
299 462
299 781
299 532
299 788
299 632
299 794
299 731
300 414
300 389
300 486
300 345
300 426
300 522
300 655
300 336
300 627
300 308
300 382
301 385
301 416
301 513
301 742
301 536
301 363
301 779
301 690
301 629
301 346
301 507
301 699
301 415
302 772
302 548
302 690
302 309
302 567
302 581
302 475
302 481
302 745
302 760
303 641
303 548
303 740
303 635
303 622
303 335
303 399
303 432
303 498
303 438
303 726
303 575
304 739
304 770
304 678
304 710
304 556
304 367
304 497
304 373
304 439
304 568
304 666
304 314
305 667
305 548
305 438
305 311
305 447
305 704
305 720
305 728
305 611
305 486
305 752
305 762
306 547
306 452
306 549
306 360
306 776
306 559
306 401
306 497
306 627
306 693
306 342
306 728
306 700
307 647
307 584
307 447
307 505
307 339
307 799
307 662
307 347
307 445
307 606
308 320
308 582
308 680
308 524
308 525
308 717
308 471
308 694
308 347
308 509
308 382
309 419
309 326
309 478
309 777
309 781
309 750
309 507
309 541
310 677
310 454
310 606
310 618
310 395
310 638
310 622
310 714
310 689
310 727
310 341
310 665
310 602
310 317
311 679
311 617
311 493
311 494
311 337
311 666
311 314
311 699
311 318
311 383
312 477
312 353
312 580
312 325
312 581
312 733
312 457
312 781
312 728
312 372
313 612
313 415
313 552
313 647
313 682
313 505
313 569
313 562
313 405
313 729
313 795
313 733
314 736
314 579
314 644
314 586
314 543
314 557
314 651
314 752
314 565
314 600
314 540
315 709
315 487
315 574
315 521
315 785
315 347
315 569
315 413
316 773
316 396
316 661
316 408
316 415
316 419
316 323
316 328
316 601
316 730
316 478
316 354
316 613
317 384
317 771
317 653
317 408
317 670
317 695
317 440
317 449
317 717
317 724
317 608
317 355
317 617
317 622
317 376
317 379
317 508
317 763
318 585
318 362
318 618
318 397
318 398
318 399
318 528
318 595
318 470
318 539
319 384
319 515
319 517
319 584
319 553
319 617
319 498
319 627
319 437
320 421
320 476
320 552
320 745
320 750
320 563
320 468
320 661
320 761
320 408
320 570
320 412
321 651
321 658
321 410
321 542
321 549
321 678
321 441
321 699
321 333
321 461
321 596
321 598
321 743
321 616
321 747
321 364
321 492
321 374
322 453
322 425
322 458
322 489
322 648
322 683
322 464
322 338
322 370
322 500
322 786
323 776
323 398
323 681
323 685
323 430
323 432
323 689
323 592
323 340
323 353
323 483
323 498
323 503
323 762
324 409
324 411
324 542
324 554
324 700
324 447
324 582
324 719
324 349
324 352
324 742
324 361
324 626
324 758
324 632
324 378
325 480
325 608
325 579
325 581
325 613
325 679
325 368
325 507
325 669
326 385
326 386
326 519
326 393
326 545
326 427
326 709
326 582
326 727
326 491
326 754
326 757
326 380
326 381
327 644
327 744
327 362
327 716
327 660
327 696
327 473
327 414
328 384
328 573
328 796
328 714
328 556
328 400
328 754
328 667
328 349
328 607
329 739
329 583
329 682
329 428
329 660
329 406
329 470
330 645
330 779
330 654
330 419
330 423
330 554
330 597
330 732
330 352
330 486
330 383
331 642
331 387
331 531
331 534
331 414
331 418
331 696
331 441
331 698
331 706
331 592
331 731
331 482
331 360
331 619
331 620
331 622
331 496
332 353
332 545
332 454
332 605
332 742
332 713
332 771
332 589
332 431
332 671
332 593
332 754
332 347
332 380
332 604
333 451
333 357
333 377
333 395
333 400
333 531
333 787
333 598
333 504
333 699
334 615
334 745
334 716
334 526
334 495
334 537
334 339
334 625
334 760
334 342
334 471
334 410
334 603
335 515
335 782
335 666
335 797
335 552
335 342
335 483
336 449
336 451
336 708
336 681
336 650
336 468
336 405
336 475
337 577
337 580
337 669
337 522
337 369
337 665
337 537
337 379
338 515
338 396
338 655
338 402
338 443
338 474
338 351
338 739
338 484
338 357
338 378
338 507
338 766
339 416
339 355
339 605
339 612
339 587
339 589
339 367
339 494
339 625
339 407
340 568
340 586
340 591
340 368
340 560
340 756
340 693
340 504
341 608
341 700
341 408
341 519
341 402
341 530
341 469
341 662
341 690
341 694
341 477
341 415
342 648
342 530
342 664
342 542
342 422
342 686
342 687
342 690
342 572
342 575
342 710
342 458
342 715
342 597
342 598
342 607
342 736
342 742
342 755
342 380
343 551
343 553
343 635
343 753
343 467
343 789
343 411
343 701
343 766
344 737
344 675
344 359
344 454
344 663
344 492
344 781
344 658
344 501
344 569
344 346
344 477
344 383
345 386
345 656
345 790
345 413
345 673
345 678
345 427
345 559
345 447
345 731
345 350
345 354
345 741
345 627
345 511
346 513
346 515
346 391
346 652
346 535
346 664
346 671
346 420
346 437
346 466
346 738
346 487
346 619
346 366
346 622
346 638
347 778
347 543
347 676
347 426
347 554
347 559
347 703
347 704
347 579
347 459
347 591
347 470
347 474
347 348
347 620
347 623
348 519
348 407
348 430
348 431
348 434
348 558
348 689
348 701
348 714
348 460
348 461
348 487
348 761
349 387
349 773
349 778
349 665
349 450
349 454
349 463
349 467
349 601
349 351
349 608
349 614
349 631
349 627
349 759
350 517
350 446
350 583
350 714
350 465
350 466
350 594
350 603
350 606
350 482
350 741
350 633
350 767
351 770
351 358
351 637
351 719
351 536
351 762
351 766
352 517
352 390
352 518
352 400
352 784
352 658
352 536
352 422
352 551
352 713
352 462
352 464
352 483
352 356
352 745
352 621
353 510
353 558
353 437
353 578
353 717
353 592
353 721
353 731
353 477
353 734
353 484
353 357
353 485
353 743
353 747
353 638
354 384
354 355
354 487
354 681
354 426
354 652
354 623
354 499
354 534
354 375
354 630
354 410
355 439
355 677
355 486
355 381
355 375
355 501
355 723
356 471
356 579
356 510
356 674
356 490
356 654
356 752
356 438
357 387
357 483
357 358
357 581
357 491
357 588
357 740
357 400
357 602
357 663
358 454
358 584
358 781
358 398
358 565
358 695
358 728
358 666
358 700
358 477
359 524
359 654
359 527
359 411
359 415
359 551
359 431
359 715
359 722
359 599
359 605
359 734
359 361
359 490
359 745
359 747
359 626
359 373
359 764
359 382
359 511
360 389
360 526
360 604
360 564
360 790
360 477
360 479
361 642
361 521
361 526
361 673
361 434
361 437
361 441
361 577
361 706
361 460
361 476
361 488
361 490
361 747
361 748
361 494
361 627
361 504
362 395
362 652
362 783
362 679
362 441
362 443
362 574
362 706
362 456
362 715
362 590
362 620
362 750
362 632
363 770
363 776
363 523
363 652
363 406
363 666
363 415
363 677
363 443
363 732
363 489
363 751
363 368
364 517
364 777
364 451
364 456
364 459
364 463
364 608
364 486
364 626
365 773
365 396
365 366
365 499
365 594
365 665
365 763
365 381
366 646
366 536
366 666
366 794
366 558
366 559
366 434
366 587
366 469
366 727
366 746
366 752
366 625
366 758
366 507
366 639
367 517
367 397
367 532
367 788
367 665
367 794
367 539
367 796
367 546
367 420
367 547
367 713
367 458
367 604
367 373
367 757
368 544
368 418
368 396
368 600
368 526
368 664
368 747
368 627
368 536
368 378
369 513
369 645
369 390
369 399
369 783
369 537
369 667
369 550
369 427
369 565
369 589
369 462
369 634
370 771
370 772
370 776
370 522
370 782
370 406
370 551
370 554
370 443
370 736
370 482
370 614
370 616
370 372
370 504
371 384
371 580
371 425
371 584
371 711
371 734
371 462
371 751
371 776
371 784
371 467
371 565
371 731
371 542
372 449
372 642
372 517
372 649
372 714
372 797
372 494
372 527
372 400
372 405
372 790
372 535
373 578
373 548
373 618
373 759
373 623
373 725
373 572
373 541
373 415
374 386
374 578
374 648
374 747
374 621
374 465
374 659
374 533
374 663
374 762
374 411
374 668
374 638
375 764
375 455
375 615
375 743
375 587
375 755
375 532
375 725
375 504
375 409
375 636
376 609
376 706
376 580
376 614
376 680
376 623
376 468
376 756
376 697
376 766
377 385
377 533
377 424
377 554
377 685
377 567
377 568
377 445
377 707
377 457
377 728
377 737
377 754
377 758
377 632
378 397
378 784
378 420
378 429
378 569
378 572
378 450
378 465
378 467
378 724
378 469
378 609
378 611
378 738
378 749
378 383
379 388
379 645
379 400
379 792
379 432
379 585
379 618
380 423
380 740
380 727
380 772
380 495
380 623
380 721
380 749
380 693
380 471
380 509
381 545
381 612
381 687
381 757
381 470
381 789
381 730
381 763
382 740
382 431
382 682
382 503
382 541
383 655
383 400
383 532
383 547
383 548
383 429
383 699
383 450
383 590
383 463
383 593
383 604
383 615
383 616
383 625
383 499
384 793
384 672
384 430
384 576
384 722
384 723
384 730
384 733
384 487
384 622
384 626
385 525
385 407
385 424
385 554
385 563
385 696
385 569
385 701
385 447
385 705
385 594
385 729
385 735
385 738
386 399
386 545
386 673
386 683
386 562
386 574
386 711
386 712
386 462
386 466
386 723
386 484
386 620
386 758
386 632
387 642
387 408
387 440
387 701
387 747
387 463
387 788
387 726
388 549
388 716
388 779
388 528
388 655
388 780
388 403
388 411
389 513
389 432
389 661
389 793
390 522
390 397
390 529
390 665
390 669
390 683
390 562
390 563
390 698
390 456
390 713
390 466
390 609
391 419
391 485
391 775
391 397
391 686
391 532
391 670
392 515
392 773
392 542
392 648
392 554
392 558
392 656
392 530
392 660
392 437
392 410
393 533
393 726
393 757
394 450
394 483
394 732
394 645
394 491
394 496
394 433
394 697
394 760
394 444
394 797
394 478
395 781
395 785
395 786
395 793
395 670
395 417
395 557
395 562
395 574
395 469
395 598
395 734
395 482
395 610
395 639
396 642
396 517
396 775
396 404
396 532
396 789
396 796
396 694
396 442
396 572
396 581
396 728
396 749
396 505
396 763
397 534
397 577
397 715
397 493
397 494
398 644
398 774
398 778
398 532
398 544
398 569
398 708
398 465
398 615
398 747
398 496
399 772
399 408
399 422
399 440
399 572
399 452
399 586
399 716
399 589
399 597
399 470
399 743
399 493
400 550
400 588
400 607
400 758
400 540
401 740
401 582
401 536
401 522
401 619
401 713
401 564
401 472
401 697
401 415
402 652
402 657
402 794
402 678
402 563
402 696
402 577
402 452
402 582
402 481
402 502
402 503
403 418
403 519
403 490
403 678
403 781
403 433
403 636
403 573
404 790
404 671
404 680
404 562
404 692
404 442
404 444
404 464
404 592
404 731
404 609
404 482
404 744
404 490
405 706
405 580
405 711
405 622
405 565
405 606
405 639
406 608
406 680
406 776
406 797
406 537
406 600
406 732
407 708
407 613
407 457
407 656
407 473
407 476
408 513
408 788
408 664
408 433
408 698
408 456
408 476
408 734
408 612
408 745
409 547
409 454
409 555
409 621
409 605
409 766
410 736
410 423
410 553
410 717
410 751
410 781
410 754
410 436
410 566
410 729
411 553
411 586
411 699
412 672
412 768
412 770
412 663
412 671
412 531
412 722
412 567
412 511
413 512
413 772
413 647
413 789
413 672
413 564
413 712
413 457
413 463
413 479
413 736
413 750
413 497
414 770
414 521
414 541
414 674
414 560
414 563
414 451
414 457
414 467
414 473
414 475
414 605
414 485
415 643
415 782
415 671
415 422
415 700
415 451
415 718
415 463
415 624
416 644
416 740
416 669
416 747
416 531
416 628
416 699
417 418
417 676
417 683
417 628
417 724
417 728
417 730
417 474
417 604
417 703
418 534
418 549
418 569
418 442
418 697
418 469
418 473
418 624
419 777
419 546
419 553
419 689
419 690
419 568
419 445
419 575
419 704
419 722
419 735
419 616
419 639
420 451
420 676
420 655
420 497
420 500
420 438
420 535
420 479
421 674
421 706
421 613
421 554
421 681
421 777
421 463
421 655
422 517
422 527
422 529
422 423
422 431
422 691
422 692
422 443
422 714
422 715
422 464
422 475
422 498
423 644
423 686
423 670
424 449
424 577
424 646
424 492
424 592
424 670
425 449
425 585
425 426
425 777
425 718
425 784
425 603
425 638
425 799
426 772
426 778
426 785
426 553
426 565
426 695
426 577
426 714
426 749
426 501
426 759
427 672
427 737
427 548
427 583
427 505
427 717
427 592
427 661
427 471
428 483
428 554
428 622
428 782
428 601
428 666
428 732
429 654
429 530
429 660
429 535
429 682
429 437
429 704
429 708
429 743
429 748
429 756
429 632
430 656
430 788
430 538
430 795
430 708
430 588
430 461
430 719
430 731
430 615
430 617
430 503
430 763
431 706
431 516
431 579
431 521
431 669
431 727
431 728
431 625
431 438
431 694
431 569
432 768
432 771
432 523
432 682
432 704
432 458
432 607
432 630
432 762
433 481
433 738
433 613
433 491
433 493
433 750
433 625
433 499
433 699
434 546
434 485
434 550
434 677
434 619
434 563
434 791
434 728
434 538
434 699
434 573
435 611
435 772
435 554
435 491
435 778
435 537
435 788
436 484
436 555
436 717
436 654
436 593
436 498
436 538
436 602
436 690
436 725
436 446
437 646
437 527
437 787
437 792
437 536
437 538
437 548
437 682
437 694
437 744
438 477
438 626
438 766
439 740
439 772
439 745
439 590
439 466
439 598
439 728
439 442
439 541
439 799
440 640
440 779
440 662
440 666
440 539
440 543
440 678
440 555
440 699
440 606
440 616
441 772
441 667
441 671
441 694
441 714
441 715
441 478
441 618
441 747
441 629
441 757
442 609
442 581
442 551
442 494
442 593
442 500
442 629
442 636
442 734
443 672
443 683
443 461
443 658
443 630
443 762
443 606
444 657
444 536
444 664
444 541
444 707
444 582
444 583
444 465
444 500
444 632
444 638
445 644
445 647
445 785
445 791
445 538
445 796
445 545
445 689
445 587
445 588
445 731
445 497
445 505
446 577
446 705
446 776
446 684
446 622
446 766
446 690
446 568
447 792
447 571
447 576
447 584
447 457
447 620
447 756
447 505
448 449
448 650
448 759
448 694
448 695
448 473
449 674
449 770
449 677
449 582
449 519
449 655
449 499
449 759
449 702
450 608
450 518
450 491
450 592
450 497
450 594
450 566
450 598
450 796
451 645
451 545
451 674
451 557
451 695
451 697
451 702
451 590
451 475
451 738
451 749
451 752
452 578
452 485
452 549
452 614
452 586
452 495
452 569
453 480
453 514
453 737
453 715
453 590
453 766
453 785
453 728
453 700
454 516
454 799
454 551
454 681
454 580
454 489
455 640
455 737
455 740
455 567
455 680
455 536
455 714
455 588
455 656
455 792
455 563
456 614
456 457
456 709
456 746
456 594
456 700
457 777
457 555
457 561
457 466
457 596
457 471
457 484
458 640
458 612
458 707
458 678
458 741
458 727
458 653
458 654
458 663
458 472
459 480
459 515
459 678
459 520
459 601
460 580
460 522
460 656
460 786
461 471
461 744
461 713
461 540
463 654
463 795
463 556
463 690
463 704
463 588
463 748
464 649
464 531
464 596
464 729
464 730
464 573
464 639
465 771
465 517
465 560
465 696
465 579
465 708
465 588
465 591
465 725
465 732
465 737
465 752
466 770
466 765
466 653
466 532
466 792
466 538
466 548
466 698
466 618
466 622
466 495
466 638
466 511
467 548
467 613
467 553
467 645
467 621
467 559
468 775
468 746
468 528
468 792
468 699
469 529
469 665
469 795
469 798
469 556
469 592
469 600
469 736
469 487
469 754
469 507
470 653
470 555
470 722
470 729
470 738
470 611
470 622
470 754
471 608
471 709
471 752
471 791
472 581
472 682
472 779
472 664
472 667
472 731
473 675
473 569
473 482
473 483
473 615
473 494
473 766
474 480
474 676
474 574
474 638
474 687
474 782
474 625
474 478
474 763
475 547
475 551
475 585
475 654
475 728
475 699
476 668
476 795
476 617
476 524
476 494
476 780
476 753
476 540
477 613
477 710
477 648
477 685
478 480
478 641
478 768
478 520
478 681
478 716
478 539
478 606
479 638
479 623
479 500
479 724
480 518
480 655
480 541
480 799
480 552
480 697
480 712
480 725
480 742
480 747
480 620
481 643
481 552
481 679
481 723
481 632
481 601
482 672
482 737
482 739
482 581
482 551
482 682
482 751
482 688
482 785
482 563
482 635
483 782
483 687
483 697
483 584
483 618
483 509
483 767
484 515
484 646
484 779
484 658
484 790
484 672
484 564
484 707
484 717
484 596
484 730
484 499
484 758
485 704
485 644
485 518
485 618
485 622
485 657
485 721
485 565
485 791
485 536
486 576
486 708
486 645
486 711
486 527
486 528
486 602
486 701
486 511
487 515
487 771
487 654
487 792
487 794
487 675
487 559
487 712
487 729
487 610
487 611
487 747
487 499
487 633
487 508
488 515
488 648
488 779
488 783
488 561
488 569
488 581
488 583
488 711
488 609
488 745
489 515
489 779
489 622
489 783
489 530
489 722
489 630
490 522
490 550
490 690
490 703
490 575
490 705
490 732
490 628
490 502
491 580
491 536
491 649
491 590
491 564
492 578
492 548
492 778
492 556
492 531
492 723
492 787
492 605
493 736
493 517
493 549
493 562
493 628
493 726
493 793
493 507
494 503
494 774
494 648
494 794
494 537
494 499
494 534
494 790
495 641
495 642
495 737
495 740
495 648
495 618
495 619
495 692
495 727
495 735
496 679
496 780
496 688
496 561
496 798
497 675
497 553
497 684
497 633
497 594
497 657
497 665
497 721
497 761
497 537
498 675
498 764
498 614
498 584
498 776
498 778
498 527
498 623
498 693
498 755
498 572
499 778
499 779
499 784
499 531
499 661
499 671
499 672
499 570
499 606
499 607
499 747
499 622
499 502
499 636
500 710
500 671
500 662
500 542
501 557
501 794
502 706
502 535
502 550
502 702
502 757
502 537
502 666
502 764
502 733
502 574
503 739
503 638
503 683
503 657
503 790
503 633
504 538
504 795
504 543
504 684
504 568
504 739
504 764
504 511
505 651
505 782
505 529
505 671
505 683
505 557
505 703
506 544
506 778
506 791
506 658
506 535
506 754
507 705
507 579
507 518
507 678
507 620
507 533
508 641
508 738
508 553
508 711
508 783
508 753
508 691
508 699
509 737
509 711
509 521
509 522
509 600
509 777
510 512
510 513
510 736
510 775
510 648
510 587
510 686
510 529
510 563
511 738
511 611
511 732
511 631
511 663
511 558
511 598
512 622
512 750
512 532
512 789
512 636
513 640
513 650
513 523
513 652
513 785
513 674
513 689
513 595
513 738
513 742
513 745
513 747
513 764
514 672
514 747
514 652
514 728
514 729
514 763
515 649
515 777
515 530
515 788
515 542
515 677
515 682
515 686
515 566
515 583
515 714
515 727
515 600
515 608
515 626
515 633
516 704
516 708
516 680
516 543
517 768
517 765
517 660
517 666
517 684
517 711
517 597
517 599
517 730
518 644
518 650
518 549
518 553
518 708
518 602
518 621
518 631
519 609
519 525
519 751
519 793
519 571
520 668
520 732
520 581
520 599
520 543
520 624
520 671
520 788
520 535
520 762
520 604
521 658
521 544
521 552
521 560
521 697
521 573
521 616
521 747
522 530
522 673
522 679
522 568
522 700
522 578
522 591
522 746
522 630
522 766
523 568
523 593
523 530
523 604
524 577
524 673
524 677
524 647
524 712
524 747
524 531
525 574
525 678
525 774
525 703
526 686
526 665
526 750
526 606
527 797
527 553
527 704
527 705
527 582
527 597
527 631
528 642
528 785
528 664
528 716
528 595
528 600
528 614
528 751
528 761
529 659
529 670
529 551
529 567
529 697
529 579
529 710
529 724
529 608
529 616
529 751
530 769
530 667
530 593
530 729
530 751
531 578
531 554
531 691
531 664
532 666
532 668
532 709
532 718
532 604
532 606
532 743
533 610
533 536
534 567
534 654
534 564
534 734
535 681
535 651
535 653
535 594
535 756
535 733
536 663
536 793
536 719
536 745
536 756
536 761
537 576
537 579
537 676
537 550
537 582
537 685
537 719
537 749
537 670
538 770
538 647
538 660
538 799
538 554
538 566
538 703
538 585
538 721
538 595
538 638
539 675
539 574
539 747
539 793
540 764
540 709
540 559
540 598
540 698
540 670
540 799
541 704
541 736
541 795
541 615
541 775
541 630
541 694
541 763
542 739
542 772
542 773
542 660
543 672
543 580
543 649
543 785
543 791
544 581
544 616
544 687
544 691
544 761
544 568
545 704
545 586
545 715
545 767
545 760
546 663
546 571
546 712
546 589
546 725
546 730
546 609
546 750
546 623
546 630
546 761
546 764
547 752
547 686
547 591
547 688
547 691
547 703
547 719
547 699
548 560
548 636
548 798
549 609
549 610
549 630
549 671
550 740
550 665
550 703
551 666
551 797
551 562
551 578
551 707
551 586
551 748
552 682
552 789
552 662
552 634
552 667
553 759
553 684
553 780
553 790
554 690
554 692
555 668
555 695
555 699
555 715
555 716
555 742
555 743
555 616
556 586
556 587
556 560
556 592
556 600
556 657
556 786
557 762
557 776
557 602
557 694
558 736
558 578
558 609
558 775
558 588
558 669
559 792
559 668
559 682
559 728
559 730
559 764
560 649
560 777
560 653
560 724
560 614
560 625
560 634
561 672
561 769
561 656
561 689
561 752
561 670
562 768
562 674
562 620
562 787
562 698
562 604
562 730
563 675
563 707
563 647
563 664
564 739
564 619
564 689
564 724
564 632
564 638
565 609
565 641
565 650
565 687
565 605
565 670
565 575
566 779
566 780
566 717
566 639
566 658
566 735
566 757
566 634
566 767
567 608
567 744
567 688
567 568
568 674
568 683
568 573
568 715
568 735
568 611
568 749
568 753
568 635
569 665
569 735
569 750
569 634
570 672
570 587
570 686
570 623
570 688
570 723
570 575
571 678
571 751
571 732
572 775
572 680
572 713
572 664
572 699
573 593
573 756
573 667
574 677
574 585
574 777
574 797
574 727
574 733
575 578
575 579
575 618
575 622
575 700
575 637
576 579
576 583
576 639
576 692
576 699
577 642
577 708
577 771
577 654
577 702
577 755
577 634
578 690
579 654
579 670
579 692
579 709
579 738
579 758
580 736
580 614
580 713
580 629
580 698
581 771
581 650
581 786
581 791
581 583
581 730
581 751
581 624
581 763
582 674
582 587
582 593
582 630
582 790
583 668
583 731
583 605
583 738
583 621
583 624
583 753
583 633
583 639
584 586
584 695
584 797
584 639
584 597
584 725
585 740
585 773
585 615
585 656
585 760
586 664
586 614
586 619
586 634
587 640
587 797
587 671
587 677
588 644
588 663
588 791
588 589
588 717
588 631
588 621
588 753
588 626
588 630
589 787
589 697
589 700
589 611
590 673
590 741
590 701
590 627
590 596
590 638
591 608
591 624
591 730
591 700
591 761
592 646
592 797
592 688
592 760
593 746
593 715
593 720
593 602
593 690
593 755
594 676
594 742
594 671
594 657
594 735
595 643
595 615
595 685
595 699
595 636
595 669
596 770
596 739
596 647
596 671
596 760
596 637
597 791
597 664
598 644
598 653
598 735
598 760
599 718
599 690
599 661
599 765
599 799
600 637
600 741
600 745
600 602
600 604
601 605
601 749
601 654
601 784
601 754
601 634
602 609
602 723
602 796
603 610
603 732
603 697
604 645
604 694
604 707
604 726
604 617
605 642
605 620
605 720
605 691
605 760
606 640
606 665
606 797
606 680
606 692
606 748
606 637
607 771
607 708
607 648
607 753
607 698
608 673
608 648
608 744
609 777
609 718
609 659
609 637
610 775
610 651
610 719
610 728
610 753
610 797
610 731
611 676
611 746
611 782
611 754
611 732
611 638
612 705
612 649
612 717
612 785
612 627
612 799
613 709
614 615
614 618
614 772
614 757
615 645
615 648
615 712
615 721
615 634
616 675
616 769
616 747
616 757
617 679
617 680
617 753
617 785
617 787
618 622
618 766
619 670
619 719
619 634
619 794
620 771
620 644
620 702
620 631
621 641
621 678
621 796
622 676
622 697
622 761
623 746
623 766
623 793
624 779
624 795
624 723
624 730
624 737
624 761
624 637
625 641
625 642
625 647
625 777
625 685
625 749
625 762
625 636
625 638
626 640
626 778
626 712
626 747
627 652
627 787
627 700
627 742
627 746
627 632
628 795
628 762
628 677
628 744
628 715
628 731
628 767
629 768
629 654
629 793
629 688
629 712
630 639
630 666
630 795
630 674
630 752
630 767
631 740
631 790
632 690
632 719
632 733
632 741
633 709
633 682
633 714
633 686
633 721
634 795
634 752
635 681
635 702
635 719
635 756
636 788
636 683
636 695
636 756
638 644
638 674
638 684
639 776
639 783
639 735
639 748
640 751
640 697
640 799
641 683
641 754
641 798
642 650
642 683
642 692
643 676
643 712
643 697
644 696
644 700
645 718
645 783
645 729
646 711
646 659
646 661
646 794
646 667
647 778
647 794
648 788
648 711
648 728
649 715
649 653
649 722
649 662
650 729
650 662
650 795
651 673
651 712
652 764
652 653
652 748
652 726
652 790
652 697
652 701
653 677
653 681
653 710
653 754
654 661
654 677
654 710
655 746
655 776
656 709
656 666
656 670
657 780
657 790
658 714
658 726
659 707
659 696
659 670
660 776
660 790
661 707
661 791
661 690
661 755
662 740
662 761
663 775
663 782
663 783
663 751
663 764
664 710
664 759
665 791
665 797
665 762
666 737
666 753
667 773
667 738
668 672
668 679
668 702
668 750
668 762
669 770
669 771
669 674
669 692
669 708
669 719
669 759
670 717
670 734
671 702
672 777
672 787
672 795
672 693
672 760
673 681
673 786
675 736
675 697
676 778
676 715
676 719
677 719
677 753
677 698
678 681
678 715
678 753
679 712
679 753
679 729
679 702
679 735
680 704
680 747
680 720
680 795
681 743
682 710
682 723
682 744
682 759
683 762
684 710
684 725
684 727
684 760
684 763
685 780
686 770
686 748
686 687
687 783
688 781
688 724
689 736
690 769
690 696
690 714
691 745
691 784
691 767
692 701
692 778
692 728
694 797
694 717
694 786
695 760
695 723
697 766
697 735
699 794
699 796
700 777
700 790
700 794
700 711
700 734
701 769
701 741
701 727
701 716
701 724
702 796
702 787
703 732
704 731
705 713
705 796
706 711
706 753
706 791
706 729
707 745
707 780
708 782
708 759
709 711
709 767
710 769
710 729
711 727
711 743
712 774
712 725
712 748
713 725
713 733
714 769
714 717
714 789
715 797
715 718
716 738
716 743
716 744
716 746
716 748
716 794
717 793
718 747
718 759
718 754
718 726
718 792
720 748
720 757
721 741
722 746
725 776
726 740
726 731
727 764
728 799
728 759
729 787
729 733
730 745
730 763
732 778
732 740
732 749
735 739
735 799
735 758
736 776
737 756
737 796
737 763
738 739
739 799
740 790
740 744
740 748
741 745
741 779
741 789
741 793
742 782
743 751
743 794
744 765
744 766
746 753
747 759
749 768
749 777
749 786
749 759
750 759
751 790
752 775
752 790
752 760
754 790
754 760
754 766
755 767
756 768
756 779
757 767
759 795
761 785
764 780
764 786
765 766
766 787
770 773
770 797
772 796
772 778
777 796
779 785
779 793
779 799
781 789
785 787
788 789
794 798
