800 80
0 641
1 554
8 443
15 741
28 118
30 62
36 63
50 430
64 102
67 705
68 520
70 527
76 473
77 389
97 698
104 585
106 146
106 414
110 237
112 518
113 187
114 248
120 134
140 670
153 785
153 302
155 331
155 557
158 695
161 648
168 338
168 406
169 624
170 438
181 475
186 798
187 401
193 300
210 476
231 603
231 643
232 516
240 752
245 542
253 469
315 687
316 520
319 343
327 678
330 770
345 786
349 354
353 450
357 588
362 540
364 557
371 592
379 451
394 425
406 712
415 549
418 745
433 795
444 770
503 543
509 732
520 689
520 530
521 622
523 602
528 778
529 575
543 594
575 737
621 765
637 732
637 655
657 733
658 714
675 767
