800 2400
0 2
0 740
0 678
0 171
0 364
0 206
0 270
0 148
0 90
1 514
1 165
1 620
1 301
1 300
1 720
1 117
2 295
2 747
2 50
2 722
2 536
3 352
3 264
3 298
3 657
3 210
3 541
4 348
4 599
5 610
5 106
5 797
5 124
5 787
5 53
5 790
5 759
5 284
5 349
5 382
6 193
6 644
6 330
6 590
6 27
6 542
7 483
7 236
7 633
7 435
7 115
7 500
7 565
7 441
7 95
7 319
8 512
8 26
8 646
8 519
8 117
8 442
9 562
9 525
9 299
9 404
9 493
10 387
10 554
10 204
10 397
10 718
10 780
10 665
11 288
11 485
11 520
11 144
11 786
11 403
11 788
11 470
11 56
11 347
12 592
12 58
12 299
12 685
12 567
13 483
13 532
13 693
13 718
14 513
14 675
14 165
14 616
14 638
14 43
14 18
14 596
14 57
14 350
15 399
15 687
15 219
15 432
15 159
16 406
16 353
16 134
16 22
16 655
17 256
17 550
17 586
17 78
17 143
17 562
17 282
18 487
18 104
18 394
18 628
18 793
18 542
19 33
19 475
19 548
19 61
19 334
20 273
20 781
20 469
20 31
21 291
21 393
21 138
21 719
21 371
21 152
21 732
21 255
22 643
22 242
22 532
22 788
22 728
22 793
23 384
23 497
23 155
23 703
24 449
24 221
25 290
25 474
25 52
25 90
25 412
25 477
26 261
26 594
26 50
26 498
26 437
27 37
27 264
27 140
27 114
27 181
27 470
27 760
27 350
28 106
28 179
28 605
28 286
28 487
29 324
29 549
29 326
29 680
29 627
29 183
30 417
30 583
30 397
30 398
30 534
30 795
31 707
31 169
31 398
31 658
31 729
32 743
32 232
32 405
32 406
32 503
32 122
32 284
33 91
33 747
33 462
33 151
33 664
33 379
33 479
34 192
34 769
34 299
34 497
34 279
34 447
35 162
35 142
35 590
35 369
35 274
35 250
35 508
35 125
35 255
36 648
36 777
36 461
36 275
36 184
36 282
36 479
37 352
37 480
37 131
37 261
37 422
37 782
38 176
38 544
38 576
38 213
38 421
39 128
39 456
39 177
39 181
39 374
39 245
40 486
40 72
40 137
40 459
40 172
40 686
40 568
40 286
41 613
41 201
41 523
41 396
41 573
41 318
41 735
42 704
42 712
42 363
42 338
42 51
42 244
42 309
42 246
42 533
42 120
42 505
43 224
43 81
43 412
43 590
44 584
44 579
44 782
44 190
44 639
45 337
45 250
45 506
46 482
46 422
46 615
46 362
46 171
46 212
46 793
46 95
47 577
47 532
48 128
48 545
48 422
48 553
48 719
48 752
48 349
49 68
49 261
49 101
49 107
49 749
49 718
49 560
49 437
49 374
49 86
50 288
50 765
50 110
50 656
50 285
51 424
51 596
51 477
52 427
52 528
52 722
52 117
52 60
52 415
53 377
53 394
53 684
54 193
54 737
54 676
54 453
54 456
54 75
54 496
54 280
54 766
55 96
55 370
55 626
55 309
55 502
55 730
56 376
56 787
56 438
57 96
57 682
57 142
57 590
57 180
57 150
57 87
57 790
57 601
57 509
58 232
58 477
58 552
58 117
59 435
59 132
60 289
60 610
60 419
60 625
60 155
61 136
61 328
61 619
61 718
61 598
62 307
62 163
62 788
62 558
62 727
63 523
63 345
63 586
63 131
63 557
64 728
64 178
64 427
64 660
64 230
65 609
65 323
65 243
65 502
65 751
66 764
66 123
66 460
66 241
66 466
66 635
66 540
67 464
67 536
67 116
68 202
68 619
68 784
68 279
68 760
68 633
68 189
69 647
70 296
70 366
70 112
70 626
70 119
70 731
70 287
71 266
71 499
71 125
72 128
72 135
72 396
72 113
72 243
72 628
72 117
72 216
73 133
73 294
73 359
73 267
73 561
73 121
74 145
74 667
74 717
74 749
75 512
75 129
75 421
75 648
75 689
75 115
75 405
75 342
75 662
76 640
76 166
76 650
76 368
76 439
76 606
77 322
77 229
77 230
77 268
77 145
77 305
77 562
77 626
77 189
77 287
78 732
78 126
78 257
79 696
79 442
79 179
80 192
80 462
80 195
80 133
80 286
81 256
81 578
81 270
81 575
83 611
83 462
83 113
83 117
83 696
83 318
84 751
84 770
84 291
84 645
84 695
85 677
85 742
85 551
85 298
85 115
85 211
86 386
86 395
86 653
86 398
86 207
86 468
86 411
87 577
87 163
87 676
87 364
87 272
87 114
87 374
87 694
87 349
88 536
88 745
88 99
88 700
89 478
89 101
89 166
89 361
89 748
89 465
89 574
90 545
90 360
90 378
90 382
92 707
92 647
92 168
92 464
92 150
92 378
92 796
92 639
93 736
93 483
93 452
93 295
93 392
93 208
94 272
94 403
94 295
95 768
95 130
95 259
95 674
95 453
95 237
95 271
95 303
95 447
96 393
96 140
96 401
96 154
96 252
96 349
96 543
97 359
97 301
97 719
97 273
97 729
97 183
97 121
97 286
98 344
98 754
98 212
98 413
98 615
99 666
99 204
99 340
100 128
100 339
100 359
101 661
101 430
102 688
102 354
102 239
103 624
103 481
103 687
104 695
104 503
104 318
104 146
105 231
105 428
105 718
105 306
105 692
105 381
106 450
106 378
106 174
107 288
107 146
107 321
108 648
108 490
108 427
108 221
108 702
109 378
109 259
109 590
110 473
110 793
110 409
110 638
110 767
111 401
111 286
111 727
112 359
112 230
112 649
112 790
112 479
113 394
113 747
113 750
113 559
113 157
114 481
114 635
114 460
114 559
114 466
114 281
115 581
115 363
115 126
116 546
116 614
116 745
116 650
116 683
116 142
116 623
116 497
116 598
116 220
117 712
117 302
117 755
117 278
117 571
118 297
118 430
119 355
119 420
119 643
119 327
119 683
119 430
119 782
119 210
119 438
119 409
119 315
119 668
120 675
120 643
120 357
120 682
120 399
121 672
121 130
121 420
121 228
121 558
121 273
121 601
121 767
122 476
122 647
123 332
123 625
123 730
123 506
123 348
123 221
123 126
124 704
124 738
125 579
125 269
125 469
125 696
125 730
125 765
126 670
126 166
127 152
127 261
127 237
128 322
128 326
128 746
128 270
128 241
128 223
129 316
129 149
129 367
130 616
130 177
130 338
130 602
131 707
131 238
132 768
132 163
132 586
132 203
132 492
132 532
132 375
133 676
133 367
133 246
133 221
133 218
133 157
134 484
134 453
134 772
134 653
134 533
134 216
134 730
134 572
135 673
135 426
135 490
135 720
135 472
135 191
136 137
136 357
136 476
136 206
137 233
137 650
137 465
137 408
137 539
138 579
138 550
138 784
138 563
138 220
139 665
139 547
139 649
139 147
139 526
140 358
140 232
140 778
140 395
140 754
141 557
141 431
141 753
141 466
141 594
141 534
141 216
142 305
142 596
142 250
142 603
143 226
143 700
143 252
143 660
144 585
144 529
144 705
144 780
145 648
145 682
145 330
145 146
145 722
146 416
146 418
146 642
146 600
146 348
147 322
147 452
148 409
148 188
148 390
148 351
149 226
149 259
149 492
149 174
149 758
149 379
150 225
150 582
150 365
150 173
150 369
150 382
151 352
151 480
151 710
151 474
151 243
151 437
151 631
151 346
151 221
152 738
152 499
152 374
152 251
152 412
152 734
153 714
153 527
154 637
154 533
154 438
154 759
155 773
155 465
155 756
155 247
155 249
155 250
156 793
156 741
157 224
157 644
157 555
157 396
157 653
157 716
157 687
158 251
158 382
159 536
159 554
159 684
159 365
159 239
159 655
159 274
159 691
159 405
159 184
160 494
161 697
161 799
161 407
162 229
162 788
162 197
162 647
163 583
163 629
163 509
164 446
164 190
165 416
165 576
165 291
165 387
165 771
165 717
165 284
165 765
165 415
166 474
166 772
167 707
167 444
167 173
167 548
167 758
168 330
168 259
169 200
169 716
169 748
169 718
169 752
169 531
169 725
169 248
169 315
169 575
170 272
170 426
170 436
171 641
172 673
172 705
172 500
172 648
173 482
173 653
173 563
173 533
173 789
174 453
174 551
174 203
174 433
174 316
174 284
174 604
175 698
175 690
175 397
176 258
176 354
176 549
176 648
176 395
176 461
176 476
177 195
177 429
178 601
178 612
179 289
180 570
180 364
181 358
181 199
181 266
181 700
182 216
182 635
182 210
182 539
182 673
183 386
183 752
183 628
183 795
184 753
184 490
184 437
185 770
185 709
185 325
185 457
185 521
185 443
185 639
186 597
186 406
186 536
186 505
186 506
186 443
186 316
187 213
187 362
187 471
187 205
187 351
188 192
188 745
188 590
188 558
188 658
188 212
188 540
189 458
189 546
189 494
190 344
190 512
190 370
191 729
191 555
191 701
191 349
192 323
192 293
192 661
192 665
192 254
193 582
193 275
193 475
193 411
194 321
194 617
194 330
194 714
194 748
194 432
194 531
194 439
194 792
195 720
196 386
196 684
196 703
197 355
197 326
197 492
197 691
197 406
197 409
198 776
198 430
198 486
199 549
199 711
199 586
199 628
199 605
199 287
200 384
200 739
200 272
200 724
200 796
201 610
201 582
201 715
201 525
201 664
201 575
202 329
202 299
202 203
202 406
202 376
202 793
203 228
203 232
203 716
203 209
203 502
203 634
204 769
204 228
204 586
204 309
204 629
204 535
204 731
205 609
205 732
205 339
205 314
205 380
206 321
206 227
206 233
206 329
206 780
206 213
206 566
206 695
207 740
207 714
207 427
207 493
207 624
207 438
207 664
207 571
207 411
207 412
208 775
208 717
208 656
208 595
208 511
209 705
209 530
209 358
209 663
210 709
210 560
210 247
211 698
211 736
211 498
212 449
212 386
212 622
212 763
213 680
213 537
214 762
214 260
214 542
215 548
215 263
215 332
215 592
215 411
215 797
216 611
216 228
216 267
216 346
217 384
217 305
217 261
217 229
218 497
218 451
218 617
218 223
219 747
219 684
219 461
219 659
219 755
219 246
220 725
220 713
220 268
221 488
221 500
222 680
222 329
222 703
222 343
222 632
222 735
223 774
223 583
223 359
223 720
223 562
223 629
223 345
224 773
224 272
224 432
224 505
224 318
225 228
225 232
225 335
225 757
225 318
226 426
226 238
226 345
226 349
227 547
227 596
228 377
228 458
228 431
228 495
228 754
229 355
229 770
229 677
229 366
229 399
229 630
229 767
230 552
230 265
230 394
231 327
232 289
232 736
232 356
232 421
232 456
232 684
232 783
232 665
232 797
233 743
233 775
233 330
233 297
233 334
233 789
233 669
234 596
234 790
234 719
235 344
235 266
235 723
235 292
235 694
236 256
236 257
236 616
236 553
236 330
237 748
237 497
237 625
237 474
238 420
238 292
238 562
238 414
239 579
239 421
240 681
240 611
240 492
240 725
241 449
241 355
241 416
241 718
241 528
241 305
241 593
242 385
242 357
242 468
242 373
242 696
243 386
243 355
243 490
243 651
243 336
243 437
243 280
243 698
243 285
243 478
244 326
244 748
244 658
244 375
244 507
245 415
245 569
245 411
245 438
246 371
247 310
247 786
247 294
248 259
248 420
248 294
248 561
248 338
248 785
248 693
249 756
250 320
250 483
250 626
250 345
250 478
251 707
251 532
251 761
251 313
251 571
252 521
252 383
253 546
253 388
253 556
254 466
254 266
255 624
255 609
255 634
256 641
256 386
256 484
256 580
256 490
256 655
256 592
256 574
257 416
257 292
257 357
257 658
257 796
258 706
258 356
258 710
258 455
258 492
258 407
259 558
259 527
259 368
259 607
259 664
260 696
260 657
260 290
260 311
261 288
261 377
261 785
261 373
261 440
261 702
262 289
262 368
262 306
262 570
262 729
262 282
263 480
263 291
263 712
263 746
263 468
263 542
264 482
264 420
264 707
264 648
264 434
264 563
264 792
265 752
265 546
265 492
265 661
266 481
266 355
267 531
267 737
268 792
268 385
268 595
269 706
269 455
269 428
269 333
269 527
269 469
269 567
269 607
270 353
270 776
271 655
271 736
271 728
271 486
272 514
272 734
272 495
273 653
273 378
273 572
274 768
274 297
274 729
275 509
275 358
275 534
276 720
276 394
276 379
276 597
276 501
277 544
277 330
277 668
277 509
277 655
278 312
278 709
278 396
278 760
279 486
279 651
279 784
279 476
279 798
280 771
280 292
280 406
280 375
281 688
281 518
282 283
282 669
283 289
283 355
283 667
283 634
283 539
283 540
284 621
284 398
284 781
284 471
284 474
284 571
285 678
285 650
285 782
285 379
286 736
286 545
286 665
287 330
287 368
287 639
288 355
289 742
289 616
289 682
290 480
290 332
291 513
291 518
291 359
291 333
291 604
291 574
292 647
292 522
292 792
292 626
292 532
292 661
292 439
293 475
293 454
294 344
294 467
294 570
295 455
295 555
295 628
295 376
296 690
296 498
296 395
296 733
297 703
298 385
298 449
298 421
298 590
299 742
299 362
299 341
299 760
299 795
300 584
300 600
300 398
301 448
301 741
301 456
301 364
301 575
301 529
301 436
301 543
302 432
302 388
302 598
303 506
303 732
303 556
303 614
304 650
304 749
304 781
304 468
304 759
304 573
305 612
305 423
305 634
306 452
306 681
306 559
306 787
306 668
307 379
307 735
308 786
308 358
309 521
309 458
309 441
310 707
310 329
310 368
310 752
310 762
310 669
312 724
312 661
312 631
312 379
312 734
313 568
313 744
313 331
313 782
314 472
314 449
314 721
314 524
315 448
315 498
315 659
316 576
317 760
317 443
317 469
317 783
318 544
318 357
318 584
318 635
318 745
318 748
318 659
318 723
318 570
318 347
318 636
318 669
319 371
319 443
319 591
320 579
320 711
320 780
320 536
320 413
321 609
321 751
321 594
321 794
322 390
322 631
322 500
322 407
323 612
323 694
324 487
324 423
324 654
324 438
324 664
325 440
325 570
325 674
326 676
326 777
326 396
326 431
326 408
326 475
326 735
327 417
327 362
328 528
328 484
329 620
329 783
329 475
330 397
330 724
330 536
331 704
331 658
332 425
332 429
332 464
332 658
332 630
333 672
333 642
333 487
333 757
334 444
334 395
335 384
335 611
336 522
336 558
336 338
336 451
337 497
337 436
337 359
338 395
338 523
338 445
338 670
339 490
339 415
340 530
340 534
340 462
340 495
341 371
341 541
341 491
342 504
342 603
342 349
343 608
343 657
343 595
343 502
343 792
343 539
344 795
345 483
345 688
345 350
346 425
346 746
346 555
346 400
346 469
346 731
347 574
348 682
348 362
348 727
349 388
349 391
349 362
349 363
349 525
350 450
350 611
350 398
350 718
350 627
351 537
351 685
352 674
352 400
352 373
352 533
352 376
352 601
352 699
352 606
353 770
353 457
353 593
353 632
353 507
354 617
354 779
354 380
354 383
355 491
355 428
356 514
357 602
358 546
358 604
359 770
359 523
359 396
359 527
359 603
360 704
360 513
360 469
360 405
360 442
361 720
361 754
361 748
362 449
362 423
362 744
362 401
362 690
363 548
363 422
363 701
363 554
363 462
363 594
363 597
364 465
365 603
365 459
365 731
366 636
366 479
367 458
367 602
368 718
369 769
369 579
369 746
369 653
369 635
370 622
371 539
372 432
372 476
372 454
373 550
373 680
373 393
373 470
373 445
373 382
374 389
374 615
374 533
374 574
375 428
375 589
375 398
375 760
375 597
375 574
376 717
376 495
376 592
376 505
376 414
376 383
377 464
377 786
377 566
377 794
378 540
379 581
379 712
379 397
379 750
380 609
380 418
380 522
380 634
381 417
381 516
381 422
381 615
381 776
381 463
381 542
382 524
382 652
383 694
383 783
384 585
384 622
384 501
384 572
385 576
385 485
386 560
386 505
387 552
387 649
387 762
387 542
388 789
388 472
388 668
389 697
389 705
389 713
389 647
390 784
390 571
390 606
391 517
392 776
392 737
392 708
393 555
393 715
393 621
393 720
394 513
394 792
394 412
395 740
395 462
395 767
396 738
396 456
396 746
396 716
396 564
397 580
397 781
397 499
397 595
397 730
398 757
398 472
399 618
399 708
400 540
400 678
401 543
402 443
402 596
402 651
402 499
403 727
404 478
405 697
406 576
406 770
406 717
407 465
407 639
408 451
408 611
408 490
408 686
408 465
408 601
408 733
409 513
409 746
409 566
409 569
409 445
409 606
410 768
410 678
410 715
410 716
410 499
410 629
411 515
411 733
411 703
412 641
412 615
412 627
413 736
413 463
413 624
413 531
413 759
414 529
414 435
415 743
415 789
415 602
416 449
416 508
417 502
417 792
417 477
417 766
418 571
418 452
419 442
419 514
419 646
420 468
421 707
421 588
422 450
422 460
422 590
422 756
423 657
423 565
423 601
423 666
423 477
423 799
424 787
424 521
424 626
424 757
426 646
426 744
426 618
427 674
427 437
427 501
427 569
428 640
428 770
429 548
429 758
430 709
431 621
431 727
431 634
432 439
432 509
432 510
433 670
434 689
434 583
434 455
435 529
435 775
437 769
437 581
438 673
438 779
438 636
438 575
439 470
439 762
440 576
440 650
440 619
440 782
440 625
441 708
442 488
442 468
443 622
443 466
443 660
444 707
444 613
444 591
444 509
445 540
445 668
446 713
446 724
446 758
447 749
447 529
447 765
447 511
448 624
448 722
448 678
449 617
449 699
449 701
450 695
450 607
451 678
451 583
451 537
452 677
452 523
452 556
452 779
452 754
452 474
452 571
453 523
453 591
454 483
454 618
454 721
454 666
455 579
455 497
456 675
457 647
457 487
459 516
459 742
459 695
460 525
461 771
461 551
461 648
461 689
461 499
461 691
461 542
462 561
462 787
463 705
463 764
463 628
464 770
464 684
464 686
464 749
464 624
465 694
466 487
467 632
467 776
468 548
468 718
469 483
469 775
470 677
470 799
471 568
471 483
472 546
472 515
472 517
472 729
472 735
473 728
473 673
473 644
474 577
474 777
477 744
477 555
477 747
477 591
477 497
478 512
478 644
478 554
478 498
478 638
479 512
479 662
480 672
480 677
480 495
481 583
481 780
481 509
482 783
482 720
482 798
482 671
483 525
484 718
484 543
485 602
487 524
487 720
487 662
488 681
488 555
488 557
488 506
488 596
488 725
488 603
489 501
490 643
490 686
491 560
491 635
491 749
492 723
492 509
493 614
493 756
493 500
493 535
494 585
494 639
495 580
495 594
496 545
496 562
496 567
497 503
497 674
497 750
497 665
498 678
498 692
498 601
499 770
499 750
499 501
499 630
499 730
500 749
501 707
501 559
501 786
501 789
502 641
502 740
502 581
502 679
502 787
503 736
503 547
503 602
503 763
506 674
506 622
506 701
508 706
508 759
509 732
509 711
511 650
511 636
512 679
512 684
512 622
512 637
513 548
514 650
516 528
516 779
516 564
517 714
518 789
519 524
521 682
522 698
523 580
524 772
524 563
525 750
525 532
525 634
527 583
527 571
528 655
528 698
528 797
529 764
530 595
530 580
531 763
533 708
533 625
534 741
534 652
536 776
536 553
536 588
537 576
537 621
537 688
538 592
538 754
538 750
539 683
539 541
540 545
540 769
540 616
541 546
541 674
541 746
541 659
541 564
543 707
543 617
544 573
544 608
545 574
546 743
546 568
546 725
546 726
547 617
547 759
547 665
549 599
549 621
549 788
549 567
549 793
550 781
550 765
551 572
552 623
553 695
556 740
556 649
556 588
556 784
557 775
557 661
558 704
558 769
558 593
558 572
559 641
559 643
559 787
560 644
560 779
560 657
561 713
561 727
562 739
562 735
563 750
563 726
563 631
563 765
565 736
565 610
565 718
570 680
570 748
571 700
572 759
573 757
574 666
575 579
575 645
575 597
575 671
577 625
578 724
578 694
579 616
579 733
579 626
580 617
581 608
582 672
584 628
584 728
586 697
586 763
587 771
587 783
587 595
587 659
587 601
587 701
588 793
589 654
590 611
590 649
590 593
592 688
592 697
594 750
595 646
595 679
595 764
596 739
598 627
599 756
599 687
600 717
601 774
601 617
601 652
601 789
602 731
603 652
604 682
604 703
606 794
607 690
607 759
607 793
610 712
611 744
611 713
612 677
613 698
615 616
615 749
615 720
615 754
616 782
618 777
618 788
621 700
621 789
621 638
621 767
623 656
626 747
626 789
627 747
627 783
627 633
627 762
629 735
629 633
629 668
630 725
631 705
632 747
632 693
632 670
633 751
633 725
635 636
636 669
637 711
639 681
640 744
640 775
642 736
642 647
643 717
644 678
645 658
645 694
646 744
646 731
648 652
648 783
652 770
653 724
653 693
654 712
654 752
655 713
660 791
662 705
662 731
662 734
663 753
663 719
665 760
667 705
670 683
671 743
671 723
673 782
675 739
677 740
677 694
677 726
678 775
678 744
678 730
679 745
682 722
682 723
683 778
684 708
685 707
686 770
689 721
692 720
692 768
694 751
695 771
697 709
697 774
697 725
698 736
698 727
698 794
700 707
700 744
702 712
702 779
704 756
705 790
710 749
711 740
711 774
712 753
714 739
714 717
717 780
718 789
719 763
722 745
723 765
725 738
725 783
733 760
733 762
737 751
742 780
747 776
748 789
752 791
768 793
770 798
778 799
782 789
