800 2400
0 10
0 493
0 494
0 657
0 406
0 279
1 421
1 101
1 431
1 274
1 754
1 119
2 520
2 210
2 101
2 654
2 167
3 137
3 267
3 525
4 480
4 768
4 642
4 76
4 630
4 790
5 64
5 418
5 453
5 775
5 522
5 205
5 80
5 181
6 795
6 515
7 426
7 399
7 177
7 409
7 61
7 286
8 705
8 99
8 644
8 461
8 337
8 18
8 788
9 88
9 687
9 110
9 542
10 131
10 616
10 332
10 239
10 368
10 369
10 757
10 184
10 377
10 318
11 114
11 268
11 781
12 385
12 551
12 653
12 654
12 625
12 503
13 96
13 455
14 424
14 113
14 584
14 292
14 548
15 422
15 711
15 233
15 458
15 43
15 555
15 756
15 634
16 64
16 240
16 675
16 96
16 751
17 64
17 386
17 415
17 110
17 702
17 575
18 615
18 169
18 775
18 779
18 44
18 702
18 112
18 180
18 372
18 638
19 217
19 306
19 637
19 525
19 369
20 263
20 298
20 301
20 49
20 215
20 281
21 32
21 599
21 432
21 369
21 503
21 57
22 229
22 231
22 427
22 766
22 791
22 798
23 380
23 477
23 510
23 103
24 417
24 261
24 106
24 622
24 467
24 665
24 541
25 674
25 610
25 68
25 341
25 92
26 128
26 322
26 500
26 765
26 175
27 545
27 643
27 462
27 272
27 400
27 464
27 696
27 92
27 797
28 449
28 642
28 295
28 583
28 589
28 142
28 688
28 786
28 181
28 661
28 664
28 476
28 287
29 312
29 76
29 302
29 774
30 501
30 667
30 111
30 157
30 63
31 160
31 129
31 517
31 551
31 557
31 719
31 176
31 722
31 377
31 127
32 99
32 357
32 454
32 296
32 107
32 239
32 442
32 639
33 35
33 484
33 195
33 519
33 170
33 524
33 716
33 496
33 596
33 662
34 67
34 325
34 773
34 295
34 425
34 111
34 657
34 498
34 254
35 644
35 677
35 746
35 683
35 562
35 564
35 124
36 56
36 148
36 140
36 285
37 736
37 446
37 214
37 135
38 737
38 677
38 106
38 398
38 664
38 511
39 322
39 548
39 487
39 265
39 682
39 268
39 663
39 508
40 359
40 542
40 263
40 268
40 782
40 783
40 734
41 401
41 425
41 415
42 388
42 549
42 202
42 561
42 563
42 725
42 87
43 421
43 491
43 407
43 472
43 91
43 188
44 225
44 388
44 625
44 530
44 404
44 468
44 278
44 724
44 220
44 221
44 542
45 778
45 539
45 646
46 552
46 193
46 506
46 361
46 399
47 184
47 290
47 51
47 155
47 254
48 65
48 577
48 610
48 677
48 358
48 663
48 74
48 560
48 369
48 659
48 662
48 535
48 350
48 799
49 231
49 777
49 717
49 146
49 671
50 257
50 393
50 685
50 111
50 788
50 437
50 764
51 553
51 364
51 141
51 208
51 498
51 157
51 349
51 127
52 423
52 232
52 394
52 144
52 372
52 633
53 297
53 636
53 740
53 247
54 391
54 777
54 428
54 560
54 406
54 279
54 63
55 674
55 263
55 265
55 686
55 84
55 765
56 354
56 738
56 491
56 720
56 83
56 629
56 504
56 506
57 320
57 625
57 71
58 714
58 146
58 763
58 574
59 480
59 299
59 516
59 525
60 583
60 296
60 457
60 242
60 115
60 760
60 347
61 514
61 541
61 782
62 279
62 263
63 755
63 680
63 216
64 610
64 516
64 328
64 304
64 786
64 409
65 739
65 327
65 265
65 237
65 366
65 242
65 630
65 411
66 464
66 74
66 666
67 294
67 73
67 314
67 218
68 544
68 200
68 658
68 275
68 696
68 412
68 319
69 593
69 553
69 322
69 350
70 608
70 538
70 413
70 607
70 519
71 328
71 201
71 522
71 209
71 82
71 756
71 442
71 605
72 618
72 625
72 469
72 663
72 474
72 667
72 223
73 577
73 688
73 725
73 214
73 342
73 315
73 188
74 132
74 140
74 249
74 380
74 797
75 134
75 647
75 620
75 595
75 85
75 505
75 730
75 575
76 485
76 705
76 675
77 420
77 514
77 396
77 763
77 319
78 758
78 151
79 547
79 548
79 466
79 116
79 437
79 125
80 608
80 775
80 333
80 176
80 282
81 97
81 292
81 683
81 84
81 408
81 572
81 222
82 517
82 710
82 781
82 278
82 540
82 287
83 769
83 357
83 743
83 263
83 339
84 449
84 138
84 589
84 155
85 610
85 739
85 740
85 133
85 744
85 305
85 636
85 542
86 439
86 419
86 393
86 210
86 180
86 759
86 761
87 584
87 777
87 779
87 660
87 184
87 314
87 187
88 646
88 645
88 257
88 407
89 161
89 171
89 464
89 624
89 150
89 316
89 731
89 220
89 639
90 171
90 380
90 119
91 283
91 449
91 339
91 187
92 208
92 564
92 271
93 162
93 613
93 428
93 236
93 241
93 467
93 276
93 632
93 250
94 484
94 293
94 649
94 524
94 396
94 146
95 358
95 241
95 468
95 406
95 634
95 700
95 191
96 636
96 644
96 263
96 266
96 508
96 497
96 117
96 473
96 444
97 610
97 132
97 520
97 307
97 245
97 471
97 349
98 399
98 736
98 475
98 753
98 367
99 258
99 579
99 452
99 136
99 180
99 437
99 732
100 229
100 616
100 617
100 786
100 308
100 571
101 386
101 310
101 311
101 696
101 219
101 350
102 720
102 666
102 539
102 173
102 318
103 236
103 484
103 300
104 578
104 228
104 360
104 147
104 180
104 211
104 755
104 185
105 385
105 580
105 650
105 397
105 623
105 119
105 415
106 551
106 620
106 365
106 559
106 790
106 251
106 285
107 636
107 484
107 517
107 662
108 128
108 194
108 612
108 517
108 316
108 156
109 512
109 281
109 544
109 542
109 672
110 192
110 322
110 657
110 249
110 635
111 677
111 542
111 618
111 459
111 241
111 116
111 186
111 700
112 640
112 267
112 139
112 300
112 304
112 538
113 130
113 580
113 358
113 184
113 283
113 604
113 159
114 266
114 573
115 590
115 370
115 643
115 246
116 755
116 244
116 308
117 515
118 122
118 775
118 191
119 171
119 590
119 658
119 500
119 788
119 408
120 704
120 260
120 680
120 237
120 238
120 528
120 441
121 295
121 619
121 267
121 750
121 149
121 793
121 728
121 441
122 608
122 420
122 392
122 648
122 209
122 308
122 730
122 378
123 146
123 435
123 468
123 294
124 132
124 681
124 625
124 692
124 724
124 797
125 288
125 281
125 186
125 794
126 584
126 706
126 638
127 448
127 436
127 699
127 317
128 679
128 273
128 180
128 792
128 732
129 706
129 456
129 364
129 754
129 536
129 190
130 546
130 147
130 380
130 693
131 167
131 137
131 592
131 370
131 500
131 447
132 521
132 142
132 367
132 307
132 535
132 476
133 577
133 676
133 308
133 309
133 539
134 692
134 558
134 774
135 670
135 685
135 230
135 303
136 512
136 162
136 453
136 549
136 263
136 583
136 362
136 621
137 453
137 496
137 756
137 533
137 728
137 379
137 669
138 545
138 795
138 703
139 754
139 698
139 435
139 214
140 738
140 616
140 648
140 587
140 235
140 622
140 750
140 626
140 756
141 352
141 228
141 744
141 201
141 595
141 150
141 183
141 475
142 517
142 393
142 633
142 796
143 770
143 326
143 170
143 335
143 595
143 533
143 191
144 688
144 425
144 635
144 789
145 680
145 554
145 727
146 392
147 444
147 198
148 567
148 454
148 524
148 599
148 702
149 448
149 420
149 623
149 529
149 628
149 252
149 605
150 421
150 615
150 554
150 664
150 154
151 584
151 585
151 490
151 493
151 210
151 566
151 734
152 331
152 330
152 283
153 677
154 240
154 752
154 362
154 584
155 256
155 580
155 398
155 176
155 602
155 284
156 194
156 495
156 532
156 405
156 628
156 543
157 775
157 296
157 400
157 274
157 276
157 532
158 225
158 427
158 527
160 704
160 593
160 578
160 654
161 345
161 242
161 683
161 448
162 195
162 486
162 301
162 625
162 371
163 259
163 612
163 775
163 464
163 630
163 566
163 766
163 671
164 331
165 764
165 509
166 420
166 203
166 460
166 589
166 335
166 690
167 256
167 455
167 215
167 634
167 283
167 318
168 368
168 282
168 245
169 568
169 210
169 518
169 768
170 553
170 396
170 496
170 337
170 626
170 656
170 793
170 606
171 424
171 621
171 656
171 340
172 647
173 321
173 612
173 687
173 690
173 659
173 723
173 476
173 765
175 563
175 550
176 491
176 211
176 468
176 567
176 668
176 605
177 352
177 515
177 357
177 326
177 306
177 722
178 248
178 364
178 750
179 320
179 655
179 561
179 439
179 312
179 378
180 225
180 321
180 579
180 429
180 749
180 638
180 351
182 610
183 707
183 331
183 430
183 752
183 503
184 636
184 244
184 572
185 385
185 354
185 324
185 587
185 430
185 244
185 666
186 696
186 410
187 675
187 650
187 335
187 210
187 634
187 671
188 708
188 453
188 197
188 588
188 537
188 411
188 414
189 579
189 549
189 206
189 431
189 368
189 270
189 409
189 638
190 521
190 751
190 691
190 569
190 191
191 541
191 675
191 678
191 776
191 376
191 219
191 477
192 547
192 619
192 691
192 473
192 474
192 381
193 342
194 385
194 355
194 419
194 294
195 329
195 629
195 743
196 549
196 711
196 555
196 494
196 752
196 468
197 480
197 517
197 615
197 744
197 690
197 595
198 742
198 298
198 558
198 504
198 345
198 250
198 508
199 795
199 642
199 563
199 605
199 461
200 675
200 654
200 309
200 600
200 699
201 517
201 645
201 519
201 263
201 369
201 721
202 443
202 798
202 671
203 262
204 304
204 489
204 380
204 613
205 600
205 749
205 222
205 254
206 682
206 362
206 619
206 692
206 728
206 253
207 483
207 220
207 294
207 596
208 648
208 547
208 302
209 671
209 508
209 631
210 491
210 684
210 241
210 314
211 752
211 384
211 671
212 401
212 291
212 468
212 213
212 519
213 241
213 330
213 429
213 677
214 579
214 741
214 332
214 720
214 530
214 243
214 659
214 639
215 769
215 777
215 527
215 445
216 256
216 644
216 549
216 623
216 528
216 688
216 307
216 767
216 444
217 369
217 260
217 516
217 439
218 688
218 633
218 263
219 386
219 772
219 457
219 330
219 316
220 548
220 231
220 361
220 363
220 333
220 534
220 630
220 382
221 362
221 333
221 308
221 630
221 511
222 329
222 404
223 581
223 774
223 711
223 241
223 506
223 753
223 282
223 510
224 328
224 536
224 762
224 464
225 682
225 551
226 440
226 626
226 741
227 498
227 668
227 502
227 759
228 389
228 655
228 751
228 401
228 596
229 512
229 258
229 546
229 454
229 518
229 748
229 655
229 344
230 282
230 259
230 573
231 361
231 660
231 693
231 766
232 263
232 520
232 587
232 524
232 588
232 589
232 337
232 691
232 373
232 316
232 571
232 444
232 575
233 488
233 494
233 559
233 341
233 567
234 493
234 781
234 333
235 717
235 241
235 441
235 249
236 255
236 742
236 702
237 417
237 291
237 712
237 330
237 748
237 255
238 797
238 693
238 543
239 577
239 603
239 589
240 322
240 265
240 748
240 400
240 511
241 509
241 797
241 751
241 315
242 579
242 323
242 707
242 526
242 690
243 472
243 598
243 309
243 261
244 312
244 393
244 494
244 303
244 565
244 795
245 451
245 773
245 404
245 471
245 509
246 741
246 656
246 752
246 565
246 600
246 443
247 737
248 469
248 433
248 268
248 314
249 580
249 680
249 335
249 662
249 254
250 680
250 795
251 531
251 598
251 626
252 626
252 798
253 680
253 330
253 319
254 267
254 368
254 656
254 565
255 768
255 418
255 394
255 688
255 791
255 379
255 478
256 523
256 475
256 349
256 671
257 669
258 354
258 613
258 552
258 648
258 723
258 696
259 265
259 659
259 725
259 789
259 699
259 509
259 731
260 440
260 343
260 796
260 413
261 521
261 720
261 509
261 511
262 768
262 611
262 483
262 650
262 683
262 781
262 497
262 338
262 503
262 703
263 323
263 484
263 583
263 300
263 718
263 495
263 277
263 628
263 725
264 289
264 573
264 791
265 518
265 682
265 382
266 355
267 772
267 661
267 378
268 641
268 387
268 558
269 601
269 484
269 333
269 325
270 743
270 754
270 596
270 373
270 662
271 496
271 649
271 763
271 279
272 793
273 713
273 706
273 399
274 620
274 734
274 793
275 331
275 667
276 486
276 617
276 527
276 627
277 733
277 598
278 389
278 550
278 362
278 468
278 669
278 351
279 320
279 569
279 635
280 774
280 720
280 792
280 629
280 567
280 376
280 475
280 543
281 507
282 331
282 380
282 669
283 485
283 635
284 656
284 489
284 704
284 551
285 332
285 590
285 657
285 534
285 792
285 574
286 792
286 378
286 367
287 772
287 390
287 361
287 557
287 721
287 787
287 788
288 348
288 327
289 291
291 683
291 500
291 537
292 482
292 420
292 678
292 329
293 773
293 295
293 554
293 405
293 342
294 394
294 470
295 622
295 788
296 388
296 645
296 587
296 652
296 526
296 498
297 795
297 771
297 499
297 470
297 539
298 484
298 468
298 461
299 623
300 513
300 748
300 493
300 664
300 410
301 649
301 330
301 335
301 303
301 624
301 783
301 470
301 571
302 412
302 655
303 658
304 500
304 348
305 718
305 351
306 627
306 343
306 506
306 732
307 355
307 680
307 370
307 414
308 546
308 677
308 428
308 369
308 403
308 351
309 768
309 662
309 764
310 584
310 564
311 720
311 538
311 430
312 477
312 353
312 617
312 782
312 752
312 468
312 724
313 410
313 526
313 695
314 554
314 338
315 645
315 421
315 745
315 492
315 541
316 771
316 367
316 631
316 568
317 441
318 376
318 793
319 608
319 455
320 672
320 330
320 499
320 637
321 456
321 650
321 526
321 470
322 798
322 344
322 730
322 414
323 488
323 713
323 396
323 434
323 474
323 380
323 701
324 593
325 664
325 618
326 710
326 477
326 438
327 532
327 749
327 431
328 674
328 582
328 621
328 590
328 797
329 782
329 752
329 699
330 402
330 530
331 773
331 333
331 538
331 470
332 486
332 648
332 428
332 434
332 383
333 481
333 655
333 376
333 603
334 493
335 373
335 693
335 670
336 600
336 513
336 458
337 498
337 789
337 536
338 610
338 782
338 370
338 469
338 345
339 449
339 535
339 520
339 426
339 624
339 375
340 432
340 531
340 491
341 422
341 520
341 788
341 663
341 539
341 667
342 529
342 685
343 703
343 748
343 375
344 545
344 788
344 438
344 473
344 539
345 673
345 412
345 572
346 706
346 428
346 711
347 648
347 725
348 516
348 493
348 594
348 596
348 661
349 664
349 391
350 388
350 681
350 627
351 752
352 451
352 575
353 448
353 736
353 484
353 690
353 501
353 538
354 516
354 725
354 694
354 474
354 507
355 776
355 502
355 632
356 743
356 391
356 457
356 553
356 778
356 368
356 433
357 360
357 520
357 591
357 400
357 497
357 438
357 632
357 638
358 461
358 561
358 439
359 411
359 620
360 636
361 672
361 529
361 510
362 554
362 797
362 529
362 370
363 475
363 796
364 775
364 393
364 397
365 498
365 660
365 757
365 671
366 488
366 644
366 638
367 770
367 585
367 495
367 476
368 513
368 517
368 582
368 623
368 409
369 651
369 655
370 776
370 563
370 794
371 416
371 428
372 748
372 479
373 518
373 554
373 656
373 765
374 705
374 666
374 468
374 500
375 550
376 798
376 400
376 561
376 405
376 601
378 519
378 632
378 537
378 380
379 778
379 718
379 496
379 625
379 703
380 576
380 579
380 739
380 752
380 444
381 449
381 432
382 418
382 482
382 450
382 677
383 517
383 654
383 500
383 700
383 735
385 528
385 723
385 727
385 441
386 740
386 423
386 404
387 634
387 452
387 455
388 513
388 620
388 507
389 689
389 706
389 603
390 712
390 689
390 714
391 770
391 653
392 606
393 434
393 499
393 509
394 609
395 528
395 705
395 415
396 512
396 704
396 432
396 504
397 577
397 436
398 635
398 454
399 640
399 672
399 522
399 721
399 565
399 407
400 472
400 540
400 606
401 504
402 707
402 524
402 765
403 556
404 489
404 623
404 798
404 465
405 417
407 541
408 672
408 714
408 692
408 477
409 676
409 423
409 488
409 590
410 618
412 474
412 661
413 571
413 453
413 750
414 440
415 751
415 787
415 756
415 601
415 699
416 704
416 748
416 797
417 746
417 687
417 722
418 448
418 594
419 421
419 722
419 758
419 667
419 732
420 645
420 677
420 552
421 629
421 567
421 694
422 429
423 791
424 502
426 496
426 752
426 753
426 600
426 570
427 656
427 776
427 525
428 601
429 577
429 759
429 509
430 452
430 711
430 657
430 530
430 499
430 541
431 716
432 481
432 500
432 473
434 544
434 500
435 777
435 749
435 715
436 707
436 744
436 686
436 629
436 661
436 729
437 626
437 760
437 765
438 678
438 461
438 755
438 471
442 482
442 725
442 699
442 478
443 611
443 554
443 749
444 459
444 703
446 489
446 548
446 463
447 453
448 645
448 569
448 703
448 629
448 694
448 473
448 669
449 455
449 557
450 640
450 541
450 799
451 756
451 638
452 794
452 471
453 481
453 543
453 600
455 580
455 679
455 639
455 763
456 736
456 487
456 523
456 717
456 543
457 666
458 763
459 604
459 753
459 664
459 474
459 639
460 648
460 676
461 714
461 758
461 601
461 637
462 691
463 472
463 468
464 667
464 561
464 604
465 714
465 580
466 513
466 703
467 678
468 583
468 702
468 724
468 638
470 657
470 498
470 757
470 733
472 612
472 689
472 787
472 542
473 492
474 685
475 673
475 517
475 492
475 558
475 639
476 674
476 488
476 556
476 631
477 632
477 781
477 494
477 566
477 700
479 709
480 555
480 491
481 518
481 489
481 586
481 792
482 739
482 635
482 702
483 646
483 548
484 589
484 785
484 660
484 629
485 504
485 769
485 598
486 688
486 788
487 736
487 554
487 765
488 714
488 621
488 591
488 751
488 497
488 561
488 733
489 771
489 719
490 582
491 579
491 775
491 618
491 655
491 595
491 734
492 599
492 551
493 585
493 557
494 562
495 523
495 499
495 764
496 517
496 710
496 572
497 742
497 535
498 601
498 572
500 632
501 511
502 513
502 643
502 746
502 782
502 656
502 731
503 774
503 525
503 733
504 584
504 728
505 608
505 765
505 589
505 581
507 560
507 615
508 556
508 749
508 623
508 594
508 700
509 671
510 737
510 703
510 601
512 696
512 638
513 553
513 633
514 525
514 790
515 624
515 752
515 603
516 548
516 543
519 689
520 593
520 702
522 607
523 608
523 651
523 628
523 726
523 605
523 639
524 581
524 614
524 588
524 593
525 581
525 617
525 652
525 747
527 679
527 791
528 792
528 636
529 647
531 738
531 549
531 778
531 624
531 724
531 700
532 636
532 682
533 712
533 603
534 713
535 615
535 647
535 596
535 760
536 704
537 677
537 748
537 622
537 752
538 743
538 554
538 798
538 671
539 774
539 744
541 775
541 557
542 575
543 652
544 602
544 635
544 734
544 639
545 584
545 789
545 732
546 601
547 783
548 739
549 552
549 791
550 685
550 559
550 594
550 760
551 624
552 720
553 615
553 685
553 721
553 753
553 575
554 737
554 610
554 660
556 633
557 739
557 635
558 779
559 797
559 735
560 757
560 712
562 729
562 726
562 749
563 680
563 761
564 680
564 642
565 784
565 756
566 759
566 798
568 601
568 624
568 680
571 739
572 768
572 694
574 658
575 655
575 762
575 796
576 762
576 719
578 785
578 731
581 616
581 763
583 608
583 776
583 596
583 759
583 635
584 656
584 690
584 790
585 588
585 734
586 714
586 639
587 622
588 781
588 623
589 660
591 771
593 707
593 679
593 690
593 662
594 700
596 668
597 783
598 736
599 686
599 690
599 691
599 786
600 669
601 742
602 612
603 705
605 791
606 721
607 775
609 719
611 780
612 624
612 791
612 670
613 618
613 620
613 662
614 765
615 749
615 732
616 654
616 703
617 700
617 639
618 667
619 740
619 620
619 627
621 624
622 676
622 690
623 709
623 776
623 686
623 782
624 685
625 682
625 716
626 669
629 768
630 706
630 796
630 712
630 734
631 657
631 797
633 716
634 754
634 669
635 654
636 643
637 648
641 714
641 707
641 726
643 718
643 661
643 664
643 798
644 780
645 768
645 716
646 684
646 658
646 729
647 729
648 784
649 767
650 692
651 700
651 713
651 671
653 739
654 773
654 717
655 775
655 756
657 798
658 767
659 717
659 664
660 667
661 670
662 686
663 726
665 679
666 732
667 762
667 699
669 735
671 704
671 678
672 789
673 781
674 727
675 724
676 745
676 756
678 762
680 754
681 700
681 763
681 701
684 715
684 724
685 760
692 716
692 729
693 771
695 777
697 729
698 761
698 714
699 798
703 784
705 746
705 797
706 736
706 731
707 743
708 720
708 731
711 780
711 718
712 750
712 719
712 762
714 769
714 774
714 720
717 774
717 731
718 752
719 754
720 743
723 762
723 790
727 750
727 792
730 792
733 763
738 774
741 771
743 769
749 775
751 777
753 798
767 783
775 782
787 792
790 799
