800 2400
0 760
0 778
0 603
0 117
1 120
1 776
1 531
1 260
1 128
2 240
2 722
2 331
2 307
2 453
3 192
3 417
3 66
3 7
3 43
3 686
3 89
4 34
4 239
4 528
4 498
4 598
4 540
4 287
5 33
5 291
5 260
5 452
5 696
5 216
5 411
5 444
5 542
5 415
6 119
7 39
7 551
7 173
7 77
7 310
7 537
8 488
8 426
8 587
8 165
8 159
9 250
9 675
9 724
9 629
9 707
10 104
10 651
10 141
10 658
10 339
10 247
10 729
10 123
10 381
11 519
11 334
11 465
11 180
11 439
11 411
11 380
11 445
12 48
12 761
12 547
12 332
12 149
13 200
13 740
13 429
14 78
14 774
15 422
15 329
15 461
15 432
15 242
15 412
15 63
15 319
16 443
16 293
16 670
17 563
17 434
17 139
17 745
17 279
18 573
18 349
19 37
19 773
19 359
19 168
19 748
19 241
19 440
19 25
19 350
20 606
20 84
20 110
21 184
21 434
21 699
21 650
22 590
22 631
23 384
23 576
23 584
23 46
23 693
23 90
23 543
24 239
24 722
24 83
24 375
24 119
25 739
25 37
25 584
25 562
25 117
25 601
25 767
26 257
26 743
26 77
26 146
26 732
26 574
27 226
27 484
27 325
27 136
27 377
27 543
27 53
27 121
27 95
28 738
28 711
28 425
28 624
28 275
28 787
28 471
28 155
28 669
29 128
29 729
29 700
30 257
30 516
30 614
30 39
30 456
30 618
30 555
30 108
30 465
30 410
31 193
31 741
31 134
31 777
32 647
32 78
32 501
32 790
32 213
32 440
33 98
33 763
33 740
33 758
34 164
34 239
34 95
35 610
35 291
35 234
35 57
35 698
35 539
35 477
36 612
36 677
36 720
36 370
36 435
36 758
36 63
37 768
37 738
37 682
37 654
37 635
37 318
38 390
38 454
38 170
38 493
38 623
38 410
38 382
39 514
39 228
39 796
39 647
39 627
39 348
40 386
40 297
40 202
40 362
40 155
40 767
41 389
41 137
41 492
41 557
41 756
41 344
41 506
41 475
41 607
42 481
42 194
42 515
42 227
42 634
42 538
42 220
43 307
43 149
43 758
43 732
43 540
43 445
44 482
44 551
44 458
44 78
44 760
44 566
44 599
44 312
45 166
45 46
45 339
45 790
45 631
45 795
46 161
46 353
46 458
46 77
46 788
46 87
47 251
47 686
47 190
48 480
48 449
48 265
48 140
48 78
48 526
48 624
48 723
49 73
49 615
49 269
49 529
49 287
50 793
50 498
50 437
50 670
51 739
51 103
51 209
51 628
51 412
51 318
52 256
52 581
52 359
52 584
52 140
52 687
52 532
52 596
52 793
52 377
53 269
53 494
53 400
53 592
53 342
53 406
53 94
54 192
54 218
54 316
55 232
55 241
55 288
56 545
56 707
56 205
56 178
56 180
56 187
56 349
56 317
56 510
57 654
58 120
58 129
58 773
58 617
59 128
59 193
59 290
59 610
59 324
59 498
59 595
60 354
60 581
60 747
60 211
60 532
60 247
61 642
61 618
61 236
61 462
61 142
61 689
61 563
61 147
61 659
61 694
61 790
62 338
62 500
62 438
62 343
63 257
63 556
63 377
63 410
64 196
64 170
64 396
64 693
64 375
64 508
64 415
65 480
65 424
65 713
65 441
65 249
65 412
66 485
66 79
66 475
66 119
66 406
66 379
67 432
67 153
67 204
67 174
67 167
68 128
68 457
68 458
68 556
68 111
68 528
68 216
68 123
68 796
69 576
69 645
70 159
71 656
71 113
72 256
72 537
72 344
72 390
72 785
73 155
73 652
73 753
73 663
74 561
74 446
74 77
74 157
75 240
75 586
75 277
75 359
76 681
76 267
76 684
76 209
76 378
76 540
77 193
77 203
77 426
77 400
77 478
78 224
78 741
78 455
78 715
78 182
78 87
78 792
79 391
79 776
79 428
79 665
79 754
79 308
79 598
79 217
80 416
80 358
80 471
81 288
81 706
81 391
81 525
81 82
81 285
82 224
82 521
82 266
82 555
82 790
82 764
82 413
83 512
83 706
83 101
83 614
83 632
83 400
83 793
84 706
84 461
84 294
85 129
85 676
85 712
85 747
85 460
85 433
86 577
86 196
86 260
86 340
86 502
86 312
87 173
87 276
87 663
87 222
87 543
88 692
88 683
88 676
88 118
88 319
89 258
89 712
89 125
89 349
89 734
90 633
90 689
90 558
91 673
91 453
91 199
91 137
91 175
91 632
91 698
92 577
92 171
92 798
92 422
92 703
93 613
93 359
93 587
93 396
93 146
93 666
93 538
94 134
94 297
94 331
94 727
94 279
95 777
95 650
95 403
95 472
95 445
95 126
96 465
96 652
97 755
97 766
98 516
98 709
98 534
98 588
99 293
99 742
99 263
100 682
100 292
101 326
101 294
101 712
101 587
101 434
101 342
102 233
102 365
102 275
102 116
102 149
102 403
102 532
102 251
102 699
102 255
103 353
103 290
103 642
103 388
103 327
103 295
103 797
103 498
103 756
103 283
103 157
104 160
104 641
104 483
104 742
104 395
105 485
105 674
105 732
105 436
105 133
106 704
106 422
106 231
106 587
106 492
106 563
106 473
107 259
107 324
107 675
107 360
107 302
107 401
107 220
107 253
107 511
108 264
108 515
108 747
109 547
109 643
109 263
109 424
109 457
109 618
109 334
109 695
109 632
109 698
109 444
109 285
110 200
110 157
111 775
111 744
111 432
111 473
111 765
112 426
112 722
112 695
112 536
112 601
112 767
113 359
113 647
113 750
113 335
113 375
113 537
113 443
114 191
114 412
114 517
114 350
114 167
115 129
115 706
115 562
115 179
115 532
115 760
115 601
115 571
116 360
116 488
116 565
116 117
117 742
117 295
117 231
117 711
117 333
117 438
117 247
118 504
118 402
119 651
119 724
119 725
119 541
119 413
120 749
120 342
120 343
121 725
121 747
121 437
121 647
122 682
122 594
122 131
122 390
122 423
123 769
123 397
123 752
123 152
124 370
124 573
124 405
125 168
125 422
127 330
128 360
128 664
128 717
128 369
128 600
129 384
129 640
129 608
129 655
129 691
130 416
130 506
130 739
130 741
130 720
131 581
131 517
131 421
131 709
131 335
131 220
132 456
132 753
132 397
132 693
133 353
133 388
133 740
133 170
133 269
133 365
133 594
133 252
133 222
134 514
134 482
134 202
134 254
135 785
135 794
135 412
135 764
136 656
136 668
136 574
136 231
137 544
137 453
137 338
137 282
137 380
138 441
138 511
138 739
138 286
138 255
139 643
139 455
139 393
139 558
139 436
139 759
139 216
139 763
140 664
140 750
140 216
141 538
141 289
141 299
142 237
142 721
142 262
143 425
143 411
144 262
144 551
144 593
144 146
144 308
144 473
144 443
144 699
144 479
145 388
145 420
145 773
145 719
145 379
145 188
146 359
146 587
146 591
146 721
146 371
146 344
146 251
147 392
147 171
147 644
147 167
148 578
148 355
148 495
148 464
148 250
148 219
148 700
148 414
149 225
149 353
149 390
149 713
150 229
150 742
150 491
150 590
150 178
150 242
150 181
151 241
151 626
151 375
152 289
152 261
152 519
152 360
152 569
152 566
152 249
153 280
153 421
153 718
154 705
154 694
154 317
154 405
155 227
155 524
155 239
155 212
156 646
156 359
156 174
156 751
156 374
156 700
156 541
156 511
157 676
157 581
157 360
157 488
157 555
157 524
157 301
158 224
158 218
158 290
158 325
159 425
159 669
159 559
160 485
160 361
160 523
160 661
160 603
160 765
161 386
161 524
161 364
161 245
161 729
161 731
162 777
162 778
162 780
162 205
162 560
162 634
162 315
162 382
163 792
163 345
163 355
163 364
164 296
164 360
164 575
164 303
164 244
164 319
165 352
165 422
165 715
165 366
165 176
165 754
166 291
166 394
166 761
166 190
166 446
167 744
167 234
167 555
167 730
168 641
168 227
168 556
168 246
169 778
169 206
169 495
170 310
170 504
171 189
171 678
171 731
172 225
172 458
172 189
173 323
173 741
173 653
173 639
174 768
174 668
174 465
174 407
175 388
175 292
175 719
175 339
175 179
175 280
175 667
176 392
176 460
176 402
176 404
176 542
177 200
177 391
177 498
177 453
177 351
178 546
178 484
178 711
178 396
178 751
178 633
180 514
180 197
180 492
180 594
181 739
181 420
181 330
181 368
181 277
181 728
181 443
182 770
182 707
182 621
182 495
182 595
182 442
182 349
183 624
183 450
183 340
183 262
184 480
184 390
184 586
184 782
184 468
184 604
185 337
185 458
185 489
185 606
186 741
186 562
186 459
186 586
187 707
187 431
187 728
187 343
187 607
188 193
188 707
188 714
188 532
188 223
189 512
189 739
189 329
189 332
189 603
189 380
190 360
190 587
190 755
190 404
190 278
191 736
191 308
192 515
192 232
192 755
192 630
192 343
193 770
193 292
193 409
193 402
193 313
193 444
193 731
194 572
194 669
194 646
195 480
195 197
195 715
195 270
195 438
195 600
195 441
195 447
196 709
196 616
196 783
196 307
196 659
196 569
197 480
197 547
197 421
197 459
197 215
198 384
198 615
198 744
198 785
198 466
198 755
198 406
198 733
198 254
199 291
199 228
199 519
199 264
199 650
199 431
199 507
199 248
200 367
200 655
200 401
200 529
200 754
201 347
201 677
201 454
202 358
202 629
203 617
203 637
203 738
203 268
204 760
204 567
205 369
205 563
205 725
205 631
206 357
206 359
206 745
206 670
206 309
206 414
206 479
207 688
207 441
207 489
207 670
207 631
208 674
208 594
208 796
209 720
209 689
209 788
209 341
209 695
210 550
210 763
210 406
211 515
211 586
211 236
211 270
211 467
212 579
212 239
212 344
212 477
212 446
213 385
213 226
213 742
213 489
213 713
213 786
213 564
213 509
213 318
214 772
214 357
214 421
214 475
214 761
214 698
214 411
215 216
215 363
215 331
216 608
216 446
216 542
216 360
216 645
216 459
216 374
216 726
216 763
216 765
216 414
218 707
218 510
218 726
218 382
219 432
219 409
219 640
219 481
220 684
220 525
220 462
220 557
220 310
220 607
221 640
221 308
222 517
222 461
222 474
222 478
223 291
224 560
224 253
225 312
225 588
225 263
226 450
226 325
227 647
228 434
228 563
228 601
228 796
230 633
230 726
231 576
231 613
231 677
231 519
231 502
231 281
232 324
232 614
232 460
232 463
232 662
233 361
233 247
234 487
234 456
234 585
234 593
234 726
234 284
235 240
235 463
235 367
236 448
236 730
236 698
237 786
237 783
237 693
237 542
238 545
238 546
238 741
238 646
238 620
238 337
238 690
238 727
238 570
238 636
238 317
239 354
239 462
239 689
239 662
239 445
240 482
240 390
240 329
240 719
240 563
240 638
241 298
241 433
241 435
242 695
242 596
242 604
243 516
243 492
243 333
243 758
244 332
245 739
245 363
245 589
245 473
245 636
246 684
246 588
246 591
247 414
247 295
247 362
247 720
247 593
247 402
247 404
247 350
248 739
248 649
248 299
248 497
248 284
249 355
249 422
249 587
249 718
249 757
249 793
249 700
250 707
250 456
250 273
250 253
251 267
251 656
251 635
252 371
252 430
253 743
253 522
253 543
254 769
254 709
254 559
254 722
255 582
255 668
255 455
256 578
256 486
256 654
256 529
256 437
256 628
256 311
256 570
257 265
257 617
257 651
258 608
258 559
258 565
258 374
258 511
259 753
259 782
259 286
259 542
260 364
261 514
261 610
261 517
261 262
261 677
261 457
261 401
262 520
262 729
263 327
263 399
263 789
263 383
264 298
264 626
264 473
264 508
264 607
265 636
265 578
265 579
265 732
265 334
265 272
265 722
265 504
265 572
266 417
266 360
266 648
266 395
266 666
266 540
267 641
267 553
267 535
267 381
268 304
268 509
269 773
269 721
269 403
269 276
269 405
269 531
269 313
269 575
270 715
270 493
270 274
270 658
270 698
271 643
271 707
271 390
271 685
271 784
271 722
271 662
271 443
272 388
272 478
272 742
272 786
272 312
272 473
272 411
272 382
273 610
273 496
273 433
273 791
273 668
273 638
274 451
274 625
274 565
274 375
274 477
275 563
275 655
276 491
276 494
276 530
276 692
276 471
277 625
277 298
278 537
278 684
278 286
279 391
279 296
279 556
279 621
279 303
279 795
279 350
280 560
280 396
280 712
281 378
281 323
281 460
281 598
282 322
282 743
283 291
283 412
283 366
284 357
284 654
284 430
284 686
284 753
284 662
284 666
285 446
285 334
285 727
286 553
286 760
286 668
286 735
287 546
287 796
287 695
288 387
288 362
288 300
288 415
289 584
289 355
289 713
290 512
290 397
290 348
291 383
291 456
291 550
291 761
291 445
292 490
292 561
293 768
293 417
293 565
293 763
294 680
294 642
295 353
295 789
296 447
296 786
297 770
297 516
297 786
297 761
298 365
298 373
298 538
299 474
299 584
299 758
300 303
300 625
300 535
300 633
300 699
301 679
303 756
304 770
304 503
304 789
304 343
305 328
305 331
305 446
305 390
305 688
306 773
306 460
306 748
306 430
307 323
307 520
307 694
307 409
308 355
308 420
308 643
308 626
308 723
308 503
309 386
309 740
309 555
309 435
309 662
309 701
310 519
310 370
310 605
311 577
311 451
311 679
311 562
311 533
311 315
312 770
312 359
313 714
313 587
313 494
314 616
314 394
314 611
315 546
315 644
315 675
315 707
315 781
315 499
316 480
316 736
316 365
317 737
317 422
317 587
318 490
318 333
318 720
318 534
319 578
319 355
319 324
319 677
319 527
319 623
319 476
320 769
320 517
320 714
320 331
320 527
320 469
320 630
320 669
321 700
321 486
321 431
322 468
322 540
322 655
323 569
323 729
323 792
323 479
324 613
324 525
324 473
325 384
325 647
325 596
325 604
326 480
326 554
327 376
327 580
327 543
328 467
328 356
329 458
329 797
329 594
329 658
329 342
330 406
331 555
332 528
332 466
332 766
333 727
333 747
333 599
333 378
333 671
334 418
334 394
334 363
334 726
335 519
335 780
335 493
335 633
335 601
336 562
336 459
336 366
337 743
337 362
337 716
337 730
338 712
338 620
338 497
339 705
339 482
339 709
339 434
339 414
340 794
340 700
340 748
341 657
341 724
341 529
342 486
343 418
343 680
343 460
343 369
343 785
343 533
344 646
344 366
344 658
346 480
346 705
346 634
347 354
347 787
348 576
349 486
349 394
349 373
350 682
351 406
351 353
352 452
352 357
352 362
352 652
352 575
353 358
353 581
353 718
353 400
353 689
353 792
354 450
354 393
354 782
355 386
355 708
355 750
356 722
356 781
356 494
356 655
357 402
357 627
358 787
358 428
359 516
359 538
360 488
360 765
360 589
361 587
361 372
361 478
362 535
362 525
362 690
362 767
362 502
362 575
363 535
363 422
364 573
364 556
365 758
366 783
366 368
366 562
366 598
366 599
367 531
367 788
367 799
368 609
368 682
368 374
368 538
368 798
369 433
369 442
370 526
370 562
370 532
370 660
370 444
371 768
371 652
372 585
372 427
372 716
372 561
372 478
373 755
373 652
373 711
374 450
375 707
375 549
375 495
375 627
375 794
376 594
376 495
376 542
377 504
377 797
377 734
378 719
378 789
378 415
379 382
379 740
379 469
379 471
379 510
380 759
381 676
381 618
381 399
381 735
382 773
382 685
383 539
383 455
383 594
384 522
384 722
384 697
384 638
385 784
385 470
385 414
386 514
386 779
386 588
386 621
386 469
386 575
387 679
388 654
388 724
388 575
389 490
389 732
389 549
390 524
390 432
390 730
390 604
391 617
391 523
391 528
391 730
391 540
392 462
392 647
393 544
393 568
393 679
394 625
394 472
395 490
395 427
395 782
396 489
396 587
396 445
397 482
397 711
398 725
398 554
398 797
398 581
398 598
399 431
399 443
399 734
400 482
400 777
400 783
400 796
401 519
401 687
401 433
402 524
402 526
403 625
403 795
404 679
404 460
404 501
404 701
404 575
405 461
405 443
405 415
406 672
406 675
406 741
406 543
406 429
406 463
407 665
407 570
407 779
407 798
408 689
408 678
409 480
409 427
409 700
410 484
410 678
410 638
410 559
410 761
410 537
411 546
411 515
411 649
411 636
412 646
413 681
413 655
413 443
413 796
414 610
414 568
414 564
415 460
416 466
416 699
416 692
417 617
417 560
417 561
417 535
417 701
418 671
419 612
419 521
419 460
420 492
420 592
420 567
420 444
421 492
421 622
422 584
422 447
423 561
423 514
423 518
424 726
424 510
424 749
425 437
426 442
426 557
427 552
427 716
427 601
427 757
427 669
427 670
428 602
429 675
429 652
429 501
429 535
430 544
430 550
430 749
430 687
430 689
431 487
431 718
431 688
431 695
432 711
432 533
433 562
434 545
434 772
434 682
435 628
435 491
436 528
436 713
437 768
437 674
437 460
437 653
437 564
437 692
437 695
438 752
439 650
439 684
439 479
440 634
440 598
441 454
441 685
441 720
441 504
442 776
442 739
443 677
443 582
443 710
444 564
445 615
445 564
445 534
445 631
445 572
446 602
447 633
447 702
447 799
448 706
449 555
449 783
450 642
450 613
451 736
451 522
451 678
452 768
452 605
452 686
453 629
453 761
453 703
454 706
454 507
455 550
456 495
456 690
457 616
457 563
458 623
458 701
459 545
459 707
459 746
459 658
460 772
460 583
460 703
460 563
460 764
461 483
461 775
462 618
462 725
463 620
463 797
464 537
465 546
465 753
465 632
466 554
466 618
466 728
466 603
467 641
467 782
468 629
468 549
468 590
469 745
469 499
469 660
470 674
470 514
470 618
470 655
471 744
471 726
472 525
472 750
473 594
473 607
474 638
474 798
475 492
475 687
475 624
476 793
476 684
476 516
476 772
477 680
478 656
479 485
479 583
479 584
479 600
479 796
480 529
481 712
481 484
481 799
482 782
482 560
482 721
484 710
485 799
486 726
486 764
487 773
487 552
487 656
487 764
488 721
488 632
488 543
489 547
489 582
489 670
489 755
489 758
489 638
490 798
490 501
490 757
490 696
491 512
491 740
491 723
491 536
492 710
492 754
492 605
492 798
493 592
494 739
494 555
494 532
494 511
495 657
496 604
497 731
498 791
499 707
499 776
499 533
499 537
500 584
500 530
501 608
501 579
501 588
501 653
502 576
503 682
503 746
504 645
504 631
505 726
506 519
506 663
506 761
506 540
506 542
507 714
507 637
508 761
509 570
510 640
510 773
511 555
511 528
512 741
512 744
512 599
512 568
513 668
514 744
514 694
515 678
515 589
515 526
515 750
515 657
515 568
515 665
516 774
516 524
516 528
517 640
517 681
518 749
518 700
518 741
519 641
519 798
520 648
520 645
520 799
521 697
521 561
521 588
524 573
524 692
524 725
525 611
525 707
525 682
525 657
526 753
526 669
526 703
527 730
527 596
528 708
528 605
530 712
530 721
531 689
531 534
532 771
532 671
533 577
533 742
533 721
534 761
535 756
535 603
538 573
538 638
539 712
539 711
539 699
540 647
541 544
541 612
541 559
542 709
542 592
542 692
542 694
543 612
543 777
543 652
545 736
545 547
545 566
545 759
546 723
547 621
547 622
548 613
549 776
549 684
550 741
550 692
551 654
551 582
552 560
553 578
554 769
555 716
555 562
555 793
556 608
557 594
558 790
558 743
559 615
559 748
559 623
560 683
560 623
560 751
560 727
560 606
561 615
561 566
562 677
562 653
563 589
564 649
564 604
565 648
565 744
565 698
565 668
566 626
567 582
568 717
568 718
568 632
569 673
569 740
569 703
570 693
573 613
573 721
573 695
574 766
576 614
577 673
577 661
578 749
578 638
579 741
580 647
580 704
581 647
581 653
581 695
582 770
582 731
583 715
583 645
583 653
584 769
585 777
586 758
592 654
593 777
594 622
594 752
595 738
595 694
595 755
597 744
598 640
598 755
599 613
599 723
599 671
600 759
600 728
602 763
602 727
603 706
603 616
604 698
605 736
605 628
605 767
606 670
608 771
608 693
610 622
611 795
611 621
611 695
612 690
613 692
614 674
614 616
615 784
616 684
617 638
619 704
619 747
619 756
619 725
623 628
623 734
624 796
624 628
627 743
629 758
630 711
631 739
631 648
633 651
633 694
633 700
634 657
634 762
635 691
635 782
638 678
638 789
641 784
641 724
642 773
642 799
645 656
645 699
645 669
646 704
646 787
646 726
647 722
649 704
649 680
649 745
652 737
652 700
653 673
654 721
654 660
655 797
655 790
657 771
657 726
659 799
660 774
661 698
661 795
664 743
666 795
667 773
668 672
670 733
671 686
671 793
672 754
672 703
673 710
673 775
674 781
676 739
676 695
677 710
677 688
678 784
679 716
682 737
682 691
684 797
688 753
689 796
690 772
690 697
692 708
692 794
694 730
695 741
696 760
696 787
698 724
701 721
707 793
708 736
709 782
709 759
713 741
715 789
717 751
718 723
721 769
725 778
725 759
725 786
726 744
726 767
727 748
728 774
728 761
729 752
729 762
730 778
730 750
735 748
736 783
737 740
741 786
743 769
745 774
746 754
750 776
752 756
753 772
753 780
754 793
763 780
763 764
764 785
769 775
769 789
778 798
779 795
794 797
