800 8000
0 771
0 9
0 11
0 12
0 17
0 401
0 405
0 408
0 152
0 793
0 27
0 156
0 53
0 57
0 463
0 731
0 614
0 617
0 749
0 622
0 115
0 507
0 766
0 763
1 131
1 779
1 400
1 146
1 26
1 674
1 547
1 164
1 41
1 51
1 311
1 443
1 707
1 326
1 199
1 72
1 587
1 598
1 361
1 110
1 751
1 368
1 383
2 652
2 143
2 787
2 406
2 23
2 413
2 415
2 161
2 675
2 676
2 167
2 681
2 314
2 445
2 574
2 326
2 335
2 341
2 88
2 227
2 743
2 744
2 494
2 244
2 762
2 507
3 225
3 741
3 646
3 264
3 10
3 618
3 749
3 718
3 16
3 304
3 592
3 435
3 53
3 629
3 472
3 634
3 123
3 28
3 604
4 644
4 521
4 526
4 784
4 153
4 539
4 667
4 54
4 439
4 197
4 326
4 581
4 204
4 719
4 594
4 471
4 345
4 605
4 350
4 226
4 615
4 360
4 748
4 251
5 136
5 147
5 659
5 153
5 539
5 288
5 685
5 432
5 446
5 703
5 704
5 197
5 712
5 590
5 468
5 605
5 610
5 100
5 744
5 105
5 238
5 496
5 497
5 379
5 253
6 288
6 515
6 294
6 486
6 647
6 777
6 619
6 620
6 333
6 589
6 719
6 304
6 779
6 146
6 338
6 125
7 194
7 388
7 485
7 550
7 71
7 200
7 233
7 424
7 647
7 746
7 365
7 400
7 273
7 82
7 84
7 597
7 350
8 257
8 259
8 133
8 134
8 138
8 274
8 536
8 670
8 414
8 798
8 167
8 63
8 325
8 458
8 332
8 729
8 225
8 103
8 488
8 746
8 236
8 750
8 241
8 255
9 360
9 554
9 363
9 651
9 590
9 47
9 623
9 751
9 54
9 694
9 536
9 25
9 123
9 733
9 414
9 703
10 320
10 484
10 69
10 486
10 391
10 711
10 235
10 652
10 560
10 307
10 470
10 249
10 668
10 575
11 97
11 96
11 224
11 68
11 515
11 298
11 717
11 208
11 273
11 529
11 561
11 660
11 663
11 504
11 217
11 218
11 124
12 771
12 647
12 138
12 779
12 398
12 273
12 795
12 798
12 36
12 165
12 436
12 452
12 718
12 82
12 594
12 730
12 606
12 611
12 110
12 752
12 755
12 501
13 395
13 16
13 21
13 409
13 795
13 543
13 32
13 546
13 49
13 690
13 564
13 443
13 65
13 195
13 327
13 76
13 96
13 484
13 232
13 240
13 116
13 373
13 501
13 119
14 640
14 772
14 658
14 408
14 154
14 796
14 165
14 422
14 303
14 568
14 572
14 60
14 578
14 325
14 454
14 722
14 341
14 217
14 94
14 226
14 738
14 741
14 363
14 501
14 764
14 767
15 320
15 33
15 640
15 451
15 376
15 296
15 201
15 649
15 745
15 748
15 77
15 144
15 435
15 660
15 278
15 502
15 248
15 58
15 475
15 668
15 29
16 512
16 513
16 774
16 777
16 785
16 276
16 533
16 408
16 280
16 672
16 37
16 421
16 679
16 426
16 429
16 431
16 692
16 54
16 574
16 63
16 703
16 712
16 459
16 721
16 726
16 728
16 478
16 608
16 227
16 355
16 486
16 743
16 616
16 753
16 373
16 247
17 663
17 279
17 664
17 538
17 669
17 287
17 419
17 175
17 433
17 434
17 438
17 184
17 318
17 575
17 206
17 465
17 216
17 473
17 754
17 629
17 120
17 122
17 124
17 510
18 194
18 418
18 676
18 357
18 678
18 523
18 335
18 80
18 79
18 82
18 497
18 671
18 470
18 670
18 255
19 738
19 739
19 770
19 615
19 41
19 266
19 457
19 108
19 589
19 621
19 466
19 499
19 660
19 790
19 155
19 29
19 127
20 418
20 583
20 168
20 457
20 775
20 203
20 783
20 304
20 432
20 722
20 757
20 54
20 351
21 288
21 97
21 517
21 779
21 632
21 237
21 178
21 789
21 248
21 697
21 700
22 768
22 548
22 645
22 198
22 615
22 678
22 265
22 234
22 393
22 489
22 142
22 110
22 592
22 337
22 179
22 563
22 630
22 472
22 378
22 479
23 416
23 289
23 259
23 36
23 481
23 514
23 365
23 397
23 719
23 625
23 179
23 756
23 25
23 349
23 542
23 255
24 778
24 656
24 402
24 154
24 288
24 161
24 416
24 299
24 563
24 53
24 437
24 566
24 201
24 594
24 595
24 214
24 472
24 731
24 92
24 478
24 607
24 741
24 616
24 494
24 111
24 112
24 125
25 448
25 324
25 516
25 486
25 663
25 73
25 267
25 651
25 333
25 717
25 744
25 179
25 309
25 501
25 185
26 608
26 194
26 548
26 293
26 772
26 107
26 427
26 621
26 209
26 436
26 277
26 468
26 565
26 728
27 225
27 162
27 708
27 614
27 646
27 428
27 543
27 526
27 654
27 144
27 528
27 560
27 752
27 84
27 54
27 406
27 159
28 224
28 321
28 132
28 421
28 644
28 742
28 40
28 458
28 75
28 299
28 427
28 524
28 716
28 753
28 51
28 566
28 283
28 190
28 639
29 521
29 145
29 401
29 787
29 667
29 284
29 549
29 55
29 571
29 317
29 199
29 206
29 84
29 474
29 221
29 625
29 500
29 377
29 379
29 763
30 513
30 98
30 39
30 489
30 777
30 460
30 270
30 144
30 656
30 338
30 537
30 315
30 444
30 703
31 577
31 162
31 291
31 675
31 771
31 742
31 359
31 536
31 555
31 110
31 48
31 273
31 307
31 406
31 566
31 216
31 217
32 609
32 66
32 35
32 451
32 456
32 488
32 648
32 236
32 429
32 524
32 80
32 369
32 660
32 374
32 758
32 189
33 264
33 137
33 783
33 275
33 280
33 419
33 549
33 297
33 432
33 561
33 566
33 573
33 713
33 83
33 213
33 598
33 217
33 219
33 221
33 740
33 230
33 614
33 116
33 117
33 246
33 635
34 386
34 227
34 517
34 232
34 456
34 712
34 684
34 77
34 653
34 303
34 798
34 531
34 276
34 245
34 436
34 119
34 350
35 262
35 518
35 677
35 172
35 46
35 431
35 696
35 188
35 453
35 456
35 458
35 715
35 461
35 80
35 208
35 600
35 101
35 744
35 621
35 505
35 125
35 126
36 385
36 268
36 791
36 281
36 667
36 679
36 556
36 304
36 59
36 575
36 191
36 194
36 579
36 332
36 462
36 338
36 468
36 348
36 735
36 101
36 486
36 508
37 449
37 705
37 451
37 164
37 618
37 459
37 44
37 651
37 749
37 559
37 240
37 178
37 464
37 624
37 309
37 310
37 439
37 697
37 409
37 126
38 96
38 318
38 454
38 381
38 726
38 183
38 312
38 58
38 349
38 221
38 126
38 575
39 573
39 517
39 454
39 424
39 42
39 140
39 429
39 623
39 528
39 540
39 339
39 148
39 244
39 86
39 407
39 661
39 345
39 795
39 92
39 221
40 160
40 705
40 418
40 732
40 584
40 586
40 367
40 752
40 338
40 754
40 85
40 790
40 376
40 509
40 254
41 384
41 521
41 269
41 525
41 276
41 407
41 280
41 414
41 554
41 43
41 305
41 447
41 319
41 327
41 711
41 73
41 208
41 81
41 342
41 347
41 638
41 639
42 740
42 389
42 408
42 741
42 73
42 329
42 203
42 299
42 393
42 334
42 494
42 144
42 337
42 496
42 729
42 789
42 184
42 505
42 410
42 382
43 256
43 577
43 546
43 294
43 614
43 744
43 618
43 716
43 238
43 78
43 143
43 402
43 403
43 117
43 118
43 342
43 504
43 534
43 474
44 130
44 642
44 518
44 776
44 779
44 405
44 152
44 411
44 545
44 163
44 549
44 561
44 689
44 53
44 182
44 570
44 190
44 592
44 610
44 484
44 114
44 630
44 505
44 382
45 707
45 771
45 613
45 326
45 234
45 272
45 601
45 531
45 404
45 597
45 694
45 215
45 409
45 315
46 386
46 770
46 264
46 400
46 533
46 150
46 789
46 791
46 290
46 429
46 182
46 439
46 194
46 324
46 330
46 460
46 205
46 589
46 222
46 361
46 366
46 634
46 124
47 128
47 65
47 386
47 737
47 293
47 71
47 104
47 797
47 272
47 81
47 82
47 49
47 244
47 307
47 405
47 247
47 787
47 540
47 669
48 535
48 709
48 492
48 684
48 400
48 735
48 211
48 52
48 308
48 339
48 438
48 724
48 186
48 91
48 702
49 384
49 399
49 421
49 304
49 434
49 307
49 53
49 566
49 64
49 322
49 706
49 327
49 595
49 733
49 355
49 233
49 626
49 244
49 632
49 379
50 641
50 514
50 650
50 654
50 791
50 538
50 795
50 669
50 798
50 544
50 420
50 548
50 429
50 52
50 317
50 455
50 725
50 603
50 360
50 235
50 125
50 254
50 383
51 577
51 359
51 72
51 362
51 235
51 620
51 589
51 747
51 207
51 112
51 560
51 434
51 339
51 278
51 121
51 735
52 643
52 397
52 270
52 149
52 536
52 550
52 551
52 173
52 434
52 716
52 79
52 592
52 83
52 211
52 471
52 727
52 737
52 229
52 102
52 360
52 237
52 371
52 636
53 131
53 133
53 139
53 523
53 398
53 144
53 673
53 676
53 175
53 432
53 58
53 574
53 462
53 337
53 728
53 601
53 218
53 221
53 95
53 738
53 496
53 630
53 247
54 128
54 131
54 149
54 535
54 285
54 164
54 165
54 552
54 304
54 178
54 183
54 696
54 68
54 204
54 206
54 210
54 596
54 213
54 474
54 91
54 602
54 224
54 746
54 635
55 673
55 519
55 648
55 555
55 662
55 380
55 572
56 98
56 131
56 258
56 170
56 491
56 204
56 683
56 334
56 527
56 112
56 590
56 436
56 117
56 628
56 692
56 792
56 665
56 444
56 541
56 572
57 448
57 194
57 131
57 608
57 478
57 199
57 488
57 776
57 238
57 531
57 411
57 374
57 343
57 406
57 313
57 762
57 155
57 285
57 318
58 521
58 526
58 791
58 548
58 175
58 308
58 185
58 572
58 710
58 84
58 474
58 604
58 485
58 233
58 619
58 753
58 372
58 629
58 376
58 249
58 126
59 768
59 257
59 514
59 520
59 529
59 274
59 660
59 153
59 414
59 286
59 419
59 428
59 178
59 705
59 76
59 592
59 211
59 212
59 471
59 609
59 229
59 103
59 231
59 110
59 114
59 245
59 633
59 508
60 64
60 320
60 541
60 388
60 389
60 294
60 776
60 394
60 235
60 492
60 558
60 113
60 529
60 371
60 754
60 603
60 475
60 61
61 66
61 355
61 454
61 71
61 455
61 393
61 487
61 299
61 504
61 365
61 398
61 147
61 531
61 213
61 472
61 411
61 637
61 158
62 776
62 139
62 144
62 785
62 403
62 534
62 158
62 550
62 680
62 572
62 317
62 190
62 331
62 594
62 731
62 96
62 354
62 484
62 741
62 360
62 235
62 373
63 609
63 546
63 737
63 198
63 550
63 614
63 268
63 621
63 652
63 780
63 699
63 500
63 565
63 87
63 151
63 312
63 761
63 635
63 477
64 640
64 386
64 764
64 772
64 777
64 139
64 781
64 527
64 407
64 665
64 162
64 421
64 425
64 558
64 686
64 178
64 310
64 439
64 571
64 709
64 82
64 636
64 766
65 672
65 704
65 354
65 680
65 712
65 171
65 108
65 588
65 604
65 652
65 562
65 308
65 181
65 599
65 90
65 795
65 572
65 126
65 415
66 739
66 389
66 645
66 742
66 74
66 204
66 749
66 174
66 180
66 663
66 217
66 218
66 251
66 348
66 93
67 197
67 390
67 358
67 584
67 460
67 621
67 590
67 464
67 435
67 314
67 123
67 188
67 669
68 128
68 134
68 423
68 392
68 297
68 648
68 140
68 727
68 79
68 175
68 433
68 562
68 591
68 660
68 726
68 380
68 154
68 348
68 510
69 389
69 648
69 788
69 661
69 665
69 155
69 157
69 286
69 671
69 164
69 293
69 575
69 707
69 710
69 71
69 583
69 711
69 78
69 592
69 620
69 494
69 623
69 624
69 121
70 259
70 739
70 701
70 635
70 329
70 777
70 684
70 333
70 113
70 274
70 659
70 754
70 789
70 182
70 185
70 155
70 413
70 254
71 640
71 387
71 392
71 269
71 278
71 666
71 539
71 795
71 426
71 429
71 433
71 446
71 320
71 726
71 344
71 617
71 107
71 110
71 625
71 251
71 383
72 512
72 354
72 325
72 645
72 742
72 733
72 743
72 234
72 461
72 753
72 338
72 84
72 533
72 246
72 694
72 539
72 668
72 381
72 159
73 578
73 196
73 261
73 678
73 359
73 233
73 458
73 748
73 369
73 625
73 767
73 277
73 311
73 506
73 607
74 324
74 263
74 360
74 543
74 207
74 464
74 339
74 755
74 278
74 694
74 536
74 667
74 380
74 191
75 320
75 484
75 764
75 614
75 205
75 141
75 142
75 272
75 465
75 591
75 531
75 594
75 626
75 691
75 348
75 760
75 217
75 786
75 792
75 412
76 270
76 278
76 409
76 412
76 676
76 429
76 565
76 566
76 440
76 188
76 447
76 196
76 455
76 711
76 331
76 89
76 731
76 93
76 351
76 740
76 743
76 759
76 111
76 119
76 633
77 292
77 324
77 551
77 328
77 415
77 746
77 267
77 777
77 589
77 336
77 787
77 500
77 216
77 698
77 411
77 667
77 184
77 159
78 134
78 519
78 521
78 140
78 653
78 145
78 156
78 673
78 176
78 570
78 704
78 705
78 456
78 587
78 208
78 226
78 364
78 496
78 379
78 125
79 517
79 647
79 265
79 785
79 151
79 281
79 550
79 301
79 695
79 321
79 578
79 198
79 84
79 724
79 478
79 736
79 609
79 485
79 637
79 510
80 663
80 409
80 161
80 290
80 424
80 430
80 322
80 207
80 81
80 82
80 217
80 348
80 100
80 743
80 118
80 633
80 378
80 127
80 511
81 128
81 159
81 225
81 712
81 107
81 272
81 335
81 433
81 463
81 703
81 694
81 720
81 731
81 541
81 478
81 95
82 96
82 545
82 764
82 741
82 390
82 479
82 172
82 590
82 654
82 754
82 631
82 216
82 379
82 156
82 127
83 705
83 132
83 420
83 167
83 778
83 333
83 334
83 493
83 560
83 241
83 654
83 439
83 538
83 604
83 479
84 390
84 653
84 398
84 143
84 541
84 427
84 561
84 696
84 189
84 716
84 461
84 334
84 90
84 477
84 113
84 497
85 640
85 645
85 773
85 774
85 654
85 143
85 530
85 285
85 543
85 429
85 685
85 694
85 314
85 189
85 703
85 576
85 704
85 322
85 458
85 462
85 602
85 224
85 488
85 374
86 382
86 294
86 649
86 441
86 600
86 345
86 444
86 188
86 189
86 158
86 95
87 775
87 394
87 402
87 408
87 545
87 565
87 441
87 578
87 339
87 340
87 598
87 345
87 478
87 222
87 480
87 97
87 95
87 611
87 740
87 615
87 749
87 752
87 241
87 499
87 509
88 774
88 393
88 650
88 780
88 528
88 784
88 274
88 796
88 548
88 293
88 683
88 175
88 440
88 186
88 700
88 580
88 198
88 94
88 223
88 352
88 98
88 483
88 364
88 638
89 775
89 777
89 778
89 273
89 147
89 542
89 673
89 422
89 550
89 679
89 559
89 563
89 309
89 325
89 589
89 464
89 230
89 232
89 105
89 620
89 758
89 381
90 322
90 131
90 677
90 617
90 106
90 619
90 108
90 715
90 174
90 751
90 180
90 213
90 247
90 186
90 510
91 477
91 672
91 258
91 291
91 483
91 261
91 797
91 652
91 270
91 719
91 401
91 277
91 118
91 664
91 763
91 252
91 157
91 254
91 159
92 642
92 706
92 133
92 581
92 680
92 329
92 361
92 491
92 632
92 781
92 655
92 432
92 688
92 539
92 412
92 189
93 795
93 548
93 295
93 776
93 282
93 139
93 652
93 559
93 400
93 433
93 592
93 563
93 715
93 342
93 536
93 250
93 571
93 127
94 455
94 583
94 681
94 426
94 587
94 747
94 589
94 142
94 561
94 443
94 730
94 315
94 509
94 798
94 159
95 577
95 194
95 548
95 613
95 168
95 232
95 235
95 237
95 782
95 466
95 561
95 595
95 598
95 377
95 721
95 722
95 311
96 576
96 704
96 614
96 236
96 602
96 182
96 406
96 122
96 667
96 604
96 767
97 390
97 269
97 296
97 557
97 560
97 563
97 564
97 440
97 697
97 446
97 195
97 579
97 210
97 472
97 732
97 743
97 248
97 123
97 255
98 641
98 770
98 131
98 388
98 517
98 391
98 396
98 399
98 535
98 557
98 194
98 710
98 210
98 596
98 732
98 351
98 491
98 749
98 120
98 765
99 229
99 138
99 300
99 751
99 400
99 307
99 308
99 531
99 691
99 476
99 380
99 349
99 286
100 129
100 386
100 641
100 644
100 645
100 403
100 410
100 289
100 679
100 427
100 693
100 697
100 444
100 320
100 713
100 589
100 592
100 723
100 475
100 220
100 479
100 240
100 506
101 448
101 608
101 609
101 356
101 261
101 388
101 490
101 492
101 305
101 659
101 724
101 310
101 383
102 704
102 737
102 579
102 196
102 584
102 137
102 201
102 265
102 395
102 462
102 335
102 241
102 561
102 695
102 760
102 766
102 191
103 132
103 421
103 708
103 710
103 648
103 362
103 363
103 652
103 109
103 711
103 655
103 733
103 744
103 566
103 742
103 285
104 636
104 321
104 322
104 417
104 742
104 713
104 170
104 524
104 685
104 238
104 206
104 625
104 752
104 372
104 628
104 247
104 284
105 132
105 390
105 487
105 567
105 202
105 107
105 620
105 650
105 367
105 208
105 560
105 439
105 123
105 605
105 222
106 322
106 163
106 388
106 154
106 200
106 552
106 713
106 664
106 143
106 728
106 433
106 659
106 406
106 471
106 504
106 505
106 283
107 451
107 260
107 165
107 360
107 393
107 346
107 114
107 147
107 594
107 660
107 725
107 759
107 789
107 668
107 605
108 513
108 610
108 548
108 167
108 391
108 266
108 331
108 556
108 301
108 526
108 717
108 306
108 570
108 405
108 758
109 512
109 775
109 392
109 776
109 266
109 653
109 655
109 661
109 789
109 280
109 668
109 798
109 164
109 179
109 563
109 320
109 195
109 603
109 356
109 750
109 113
109 242
109 625
109 123
110 642
110 517
110 647
110 522
110 395
110 656
110 531
110 169
110 174
110 688
110 442
110 706
110 709
110 459
110 204
110 468
110 484
110 751
110 244
110 630
110 639
111 358
111 391
111 200
111 454
111 582
111 302
111 174
111 371
112 675
112 742
112 360
112 520
112 395
112 427
112 653
112 462
112 175
112 786
112 596
112 597
112 214
112 727
112 476
112 477
113 545
113 419
113 196
113 743
113 733
113 489
113 620
113 505
113 559
113 176
113 400
113 787
113 277
113 629
113 343
113 473
113 509
114 162
114 418
114 164
114 578
114 262
114 794
114 204
114 493
114 505
114 594
114 379
114 468
114 757
114 536
114 121
114 314
114 797
114 319
115 198
115 363
115 299
115 715
115 783
115 561
115 211
115 248
115 605
116 320
116 449
116 324
116 709
116 169
116 686
116 336
116 369
116 400
116 211
116 371
116 721
116 570
116 156
117 198
117 302
117 401
117 243
117 180
117 151
117 410
117 311
118 578
118 134
118 487
118 202
118 426
118 652
118 143
118 752
118 371
118 627
118 628
118 504
118 249
118 762
118 157
118 571
118 763
119 260
119 649
119 266
119 777
119 788
119 279
119 671
119 167
119 693
119 568
119 313
119 704
119 582
119 328
119 597
119 347
119 605
119 740
119 496
119 241
119 752
119 761
119 383
120 672
120 704
120 456
120 745
120 523
120 204
120 141
120 505
120 371
120 180
120 531
120 597
120 247
120 630
120 473
120 666
120 755
120 767
120 511
121 384
121 764
121 745
121 650
121 404
121 442
121 124
122 448
122 613
122 519
122 265
122 301
122 399
122 178
122 273
122 212
122 595
122 767
122 471
122 788
122 217
122 762
122 639
123 399
123 410
123 556
123 315
123 193
123 196
123 199
123 715
123 463
123 724
123 735
123 609
123 740
123 376
123 253
123 126
124 514
124 546
124 776
124 297
124 746
124 587
124 338
124 434
124 665
124 793
124 536
124 765
124 286
125 323
125 325
125 605
125 712
125 618
125 427
125 696
125 757
125 758
125 697
125 667
125 156
125 445
125 670
125 575
126 264
126 139
126 402
126 659
126 792
126 549
126 176
126 433
126 698
126 191
126 195
126 206
126 592
126 603
126 610
126 751
126 756
126 251
126 636
127 128
127 769
127 354
127 707
127 741
127 166
127 392
127 143
127 241
127 432
127 591
127 752
127 407
127 285
127 190
128 646
128 263
128 139
128 145
128 537
128 295
128 688
128 182
128 440
128 312
128 442
128 572
128 604
128 605
128 607
128 744
128 490
128 491
128 493
128 249
128 762
129 195
129 613
129 426
129 651
129 557
129 399
129 144
129 592
129 735
129 537
129 379
129 540
129 223
130 288
130 740
130 456
130 488
130 695
130 589
130 718
130 437
130 311
130 185
130 219
130 670
131 386
131 769
131 516
131 649
131 280
131 554
131 177
131 433
131 312
131 570
131 702
131 448
131 194
131 708
131 454
131 327
131 204
131 723
131 728
131 731
131 354
132 513
132 260
132 145
132 662
132 791
132 664
132 665
132 161
132 434
132 572
132 452
132 583
132 712
132 598
132 728
132 487
132 616
132 364
132 748
132 241
132 626
132 377
132 250
132 639
133 769
133 259
133 643
133 773
133 648
133 267
133 672
133 295
133 300
133 688
133 433
133 435
133 436
133 186
133 318
133 215
133 345
133 478
133 489
133 245
134 354
134 516
134 712
134 714
134 332
134 302
134 176
134 591
134 213
134 502
134 152
134 699
134 700
134 286
135 771
135 776
135 393
135 523
135 655
135 663
135 288
135 549
135 687
135 178
135 180
135 314
135 707
135 454
135 583
135 712
135 587
135 595
135 727
135 352
135 239
135 628
135 766
136 780
136 528
136 787
136 790
136 155
136 288
136 548
136 427
136 428
136 555
136 184
136 443
136 579
136 346
136 221
136 607
136 362
136 494
136 496
136 500
136 373
136 247
136 255
137 480
137 257
137 290
137 355
137 451
137 545
137 264
137 547
137 458
137 711
137 429
137 206
137 505
137 466
137 184
137 281
137 767
138 427
138 562
138 181
138 438
138 697
138 698
138 190
138 448
138 196
138 326
138 713
138 333
138 473
138 604
138 234
138 496
138 245
138 376
138 507
139 524
139 781
139 527
139 401
139 168
139 308
139 312
139 571
139 573
139 449
139 584
139 203
139 591
139 597
139 349
139 354
139 360
139 236
139 492
140 256
140 769
140 418
140 419
140 796
140 331
140 332
140 717
140 430
140 337
140 503
140 728
140 379
140 572
141 650
141 780
141 659
141 154
141 686
141 309
141 317
141 713
141 586
141 716
141 206
141 464
141 210
141 732
141 348
141 480
141 358
141 359
141 747
141 751
141 763
142 737
142 514
142 646
142 455
142 423
142 542
142 494
142 563
142 632
142 477
143 515
143 388
143 776
143 265
143 146
143 660
143 792
143 413
143 673
143 692
143 693
143 441
143 450
143 197
143 712
143 478
143 612
143 373
143 762
143 251
143 381
144 471
144 419
144 515
144 422
144 362
144 782
144 671
144 213
144 215
144 284
144 415
145 384
145 386
145 259
145 402
145 404
145 540
145 557
145 183
145 187
145 574
145 451
145 714
145 337
145 467
145 341
145 477
145 622
145 243
146 161
146 385
146 675
146 741
146 299
146 395
146 702
146 207
146 435
146 469
146 694
146 247
146 728
146 186
146 637
146 478
147 417
147 552
147 297
147 299
147 623
147 528
147 562
147 211
147 665
147 213
147 597
147 376
147 795
147 766
147 447
148 160
148 351
148 487
148 297
148 458
148 649
148 268
148 742
148 744
148 335
148 211
148 244
148 339
148 438
148 564
148 627
148 189
148 191
149 194
149 514
149 612
149 453
149 359
149 266
149 715
149 621
149 307
149 211
149 435
149 694
149 788
149 636
150 737
150 674
150 387
150 262
150 424
150 429
150 526
150 560
150 561
150 575
150 563
150 308
150 443
150 591
150 639
150 717
150 756
150 762
150 315
150 223
151 288
151 258
151 388
151 521
151 746
151 172
151 336
151 400
151 498
151 529
151 628
151 688
151 755
151 475
151 541
152 640
152 485
152 517
152 169
152 558
152 400
152 245
152 377
152 154
152 638
153 161
153 642
153 579
153 484
153 549
153 555
153 335
153 241
153 761
153 793
153 569
153 540
153 159
154 291
154 197
154 198
154 669
154 329
154 203
154 365
154 783
154 275
154 692
154 347
154 636
155 781
155 283
155 166
155 560
155 177
155 179
155 189
155 702
155 190
155 709
155 348
155 607
155 248
155 481
155 611
155 229
155 760
156 544
156 774
156 744
156 713
156 586
156 652
156 589
156 398
156 664
156 433
156 594
156 724
156 183
156 440
156 601
156 375
157 385
157 390
157 396
157 401
157 407
157 279
157 796
157 304
157 434
157 187
157 201
157 470
157 344
157 483
157 742
157 490
157 371
157 373
157 763
157 252
158 641
158 312
158 741
158 486
158 171
158 619
158 798
158 790
158 184
158 570
158 444
158 190
159 388
159 446
159 327
159 328
159 361
159 409
159 537
159 370
159 723
159 411
159 761
159 183
159 698
159 506
160 668
160 643
160 645
160 426
160 299
160 205
160 784
160 661
160 793
160 250
160 636
160 765
160 222
161 642
161 260
161 267
161 268
161 659
161 683
161 436
161 694
161 183
161 696
161 335
161 592
161 208
161 209
161 213
161 488
161 236
161 369
162 541
162 166
162 358
162 422
162 746
162 203
162 511
162 176
162 625
162 244
162 729
162 505
162 445
163 450
163 259
163 706
163 198
163 294
163 648
163 777
163 203
163 650
163 654
163 717
163 433
163 307
163 403
163 692
163 755
163 218
163 638
164 386
164 388
164 774
164 778
164 661
164 419
164 676
164 295
164 552
164 684
164 177
164 578
164 706
164 581
164 710
164 712
164 590
164 248
165 659
165 789
165 279
165 795
165 290
165 569
165 447
165 449
165 328
165 461
165 469
165 598
165 599
165 216
165 361
165 620
165 498
165 371
165 500
165 626
165 761
166 355
166 386
166 770
166 678
166 680
166 236
166 187
166 590
166 369
166 689
166 340
166 669
167 515
167 388
167 773
167 522
167 274
167 407
167 543
167 170
167 558
167 325
167 212
167 342
167 471
167 240
167 629
167 758
167 378
168 353
168 355
168 287
168 292
168 230
168 234
168 718
168 591
168 750
168 758
168 727
168 254
169 480
169 609
169 386
169 408
169 518
169 678
169 554
169 650
169 508
169 306
169 220
169 317
169 670
169 604
170 514
170 515
170 778
170 410
170 417
170 553
170 687
170 560
170 180
170 437
170 189
170 445
170 448
170 464
170 218
170 348
170 735
170 355
170 611
170 613
170 489
170 627
170 378
170 763
171 762
171 292
171 262
171 231
171 582
171 361
171 679
171 460
171 400
171 337
171 442
171 528
171 658
171 760
171 406
171 376
171 314
171 411
172 350
172 386
172 641
172 772
172 584
172 619
172 367
172 400
172 242
172 596
172 793
172 632
172 409
172 282
172 220
172 637
172 222
173 481
173 226
173 580
173 584
173 492
173 632
173 174
173 653
173 781
173 785
173 245
173 436
173 215
173 438
173 500
173 570
173 789
173 477
173 382
173 287
174 228
174 772
174 457
174 716
174 275
174 627
174 693
174 694
174 695
174 571
174 510
175 257
175 653
175 531
175 409
175 538
175 668
175 796
175 547
175 690
175 184
175 192
175 320
175 464
175 472
175 733
175 353
175 737
175 741
175 746
175 621
175 628
176 259
176 520
176 663
176 537
176 420
176 424
176 321
176 451
176 200
176 462
176 468
176 219
176 223
176 737
176 740
176 744
176 372
176 255
177 646
177 647
177 774
177 656
177 789
177 278
177 791
177 408
177 546
177 559
177 699
177 575
177 452
177 455
177 332
177 345
177 477
177 380
177 638
178 646
178 649
178 665
178 409
178 551
178 305
178 308
178 693
178 697
178 591
178 218
178 732
178 481
178 236
178 493
178 754
178 631
178 765
179 708
179 518
179 550
179 635
179 744
179 398
179 367
179 749
179 209
179 404
179 408
179 314
179 534
179 793
180 646
180 520
180 265
180 280
180 665
180 668
180 286
180 544
180 677
180 551
180 424
180 686
180 688
180 306
180 182
180 696
180 442
180 199
180 712
180 715
180 610
180 738
180 739
180 618
180 750
180 371
180 629
180 248
181 321
181 323
181 264
181 201
181 488
181 396
181 621
181 653
181 474
181 445
182 673
182 261
182 486
182 742
182 521
182 266
182 589
182 558
182 780
182 305
182 213
182 567
182 505
182 635
182 254
183 416
183 477
183 578
183 548
183 678
183 396
183 717
183 734
183 370
183 504
183 410
183 221
183 478
184 641
184 774
184 264
184 279
184 409
184 798
184 295
184 312
184 315
184 708
184 461
184 591
184 208
184 213
184 345
184 357
184 615
184 496
184 761
185 293
185 358
185 218
185 587
185 747
185 429
185 302
185 440
186 768
186 261
186 659
186 665
186 673
186 677
186 440
186 446
186 454
186 211
186 595
186 600
186 345
186 222
186 627
186 378
186 251
186 381
187 636
187 738
187 420
187 644
187 521
187 777
187 587
187 366
187 639
187 304
187 533
187 566
187 630
187 761
187 441
187 476
187 223
188 704
188 762
188 582
188 359
188 624
188 529
188 787
188 729
188 213
188 727
188 761
188 377
188 474
188 733
189 391
189 651
189 291
189 419
189 425
189 683
189 429
189 559
189 434
189 437
189 315
189 344
189 608
189 234
189 620
189 238
189 751
189 373
189 255
190 773
190 649
190 783
190 530
190 660
190 277
190 411
190 554
190 440
190 318
190 332
190 338
190 475
190 349
190 356
190 379
191 512
191 769
191 226
191 197
191 294
191 553
191 301
191 206
191 334
191 719
191 720
191 567
191 538
191 444
192 225
192 418
192 291
192 481
192 579
192 644
192 647
192 456
192 234
192 427
192 618
192 650
192 239
192 240
192 783
192 634
192 248
192 346
192 507
193 256
193 289
193 774
193 232
193 713
193 236
193 460
193 366
193 271
193 336
193 620
193 628
193 759
193 569
193 250
193 638
194 276
194 796
194 420
194 442
194 445
194 702
194 320
194 585
194 606
194 490
194 365
194 366
194 493
194 626
194 243
194 374
194 763
195 384
195 773
195 267
195 401
195 533
195 280
195 542
195 680
195 683
195 686
195 314
195 445
195 346
195 731
195 364
195 749
195 632
195 253
195 510
196 388
196 389
196 393
196 671
196 291
196 685
196 446
196 449
196 718
196 463
196 468
196 344
196 605
196 366
196 240
196 756
196 764
197 769
197 262
197 265
197 267
197 395
197 397
197 797
197 414
197 298
197 682
197 560
197 571
197 705
197 460
197 716
197 465
197 478
197 735
197 480
197 622
197 242
197 255
198 387
198 772
198 659
198 302
198 439
198 450
198 204
198 721
198 597
198 475
198 482
198 239
198 369
198 503
198 633
199 773
199 652
199 275
199 282
199 544
199 677
199 429
199 685
199 687
199 578
199 711
199 330
199 462
199 590
199 338
199 596
199 606
199 626
200 706
200 738
200 741
200 745
200 682
200 780
200 273
200 242
200 371
200 561
200 729
200 217
200 412
201 280
201 312
201 227
201 323
201 551
201 362
201 491
201 716
201 746
201 399
201 278
201 501
201 282
201 571
201 670
201 575
202 320
202 384
202 452
202 357
202 743
202 554
202 650
202 625
202 306
202 535
202 536
202 217
203 673
203 322
203 264
203 393
203 302
203 537
203 633
203 275
203 339
203 531
203 532
203 661
203 377
203 756
203 669
204 288
204 417
204 451
204 732
204 330
204 587
204 716
204 656
204 532
204 381
204 604
205 577
205 514
205 611
205 774
205 713
205 396
205 781
205 334
205 240
205 272
205 336
205 339
205 530
205 719
205 635
205 381
205 510
206 481
206 226
206 705
206 296
206 607
206 431
206 310
206 248
206 441
206 566
206 604
207 704
207 770
207 387
207 613
207 646
207 777
207 748
207 686
207 273
207 368
207 313
207 442
207 348
207 253
207 572
208 384
208 387
208 263
208 270
208 787
208 419
208 694
208 696
208 452
208 453
208 589
208 726
208 345
208 352
208 482
208 494
208 499
208 248
208 636
208 766
209 416
209 482
209 770
209 260
209 325
209 452
209 516
209 233
209 720
209 753
209 785
209 405
209 439
209 765
210 480
210 259
210 417
210 364
210 368
210 754
210 629
210 310
210 728
210 477
210 415
211 651
211 406
211 287
211 418
211 420
211 308
211 581
211 716
211 723
211 479
211 490
211 754
211 252
211 382
212 353
212 226
212 358
212 327
212 554
212 427
212 556
212 714
212 798
212 728
212 702
212 319
213 650
213 398
213 284
213 675
213 421
213 681
213 684
213 302
213 692
213 439
213 320
213 706
213 329
213 718
213 216
213 734
214 704
214 353
214 425
214 428
214 748
214 750
214 367
214 432
214 596
214 535
214 350
215 450
215 454
215 549
215 328
215 266
215 238
215 308
215 405
215 725
215 567
215 541
215 735
216 260
216 648
216 776
216 266
216 651
216 532
216 534
216 664
216 416
216 422
216 426
216 429
216 686
216 433
216 702
216 578
216 721
216 360
217 265
217 794
217 296
217 433
217 452
217 588
217 718
217 601
217 225
217 233
217 625
217 629
218 386
218 647
218 524
218 279
218 567
218 312
218 314
218 703
218 705
218 325
218 715
218 335
218 489
218 235
218 507
219 512
219 290
219 677
219 669
219 777
219 588
219 716
219 366
219 465
219 497
219 725
219 278
219 537
219 252
219 637
219 415
220 385
220 394
220 395
220 654
220 288
220 547
220 300
220 312
220 447
220 320
220 452
220 336
220 337
220 597
220 354
220 360
220 234
220 756
220 501
220 764
221 640
221 516
221 263
221 284
221 420
221 423
221 322
221 583
221 456
221 342
221 473
221 474
221 607
221 482
221 754
221 379
222 452
222 664
222 302
222 431
222 442
222 657
222 716
222 533
222 470
222 472
222 669
222 766
223 608
223 291
223 580
223 643
223 486
223 518
223 456
223 520
223 679
223 237
223 240
223 721
223 789
223 734
224 416
224 236
224 491
224 525
224 620
224 240
224 752
224 735
224 339
224 506
224 319
225 514
225 323
225 325
225 515
225 487
225 516
225 548
225 554
225 573
225 708
225 716
225 739
225 786
225 477
225 478
226 451
226 586
226 239
226 370
226 594
226 722
226 438
226 569
226 539
226 731
227 385
227 389
227 521
227 266
227 786
227 276
227 277
227 660
227 798
227 290
227 555
227 304
227 562
227 581
227 714
227 478
227 613
227 743
227 364
227 239
227 507
228 292
228 356
228 552
228 457
228 606
228 715
228 492
228 783
228 273
228 657
228 275
228 499
228 342
228 279
228 408
228 665
228 283
228 604
228 382
229 768
229 289
229 705
229 355
229 549
229 605
229 712
229 268
229 270
229 624
229 729
229 441
229 573
230 711
230 456
230 616
230 427
230 493
230 557
230 558
230 464
230 538
230 245
230 661
230 282
230 381
231 480
231 737
231 260
231 420
231 772
231 744
231 649
231 460
231 301
231 780
231 400
231 433
231 529
231 532
231 601
231 444
231 349
232 481
232 356
232 327
232 651
232 624
232 247
232 539
232 476
232 478
233 768
233 390
233 648
233 396
233 654
233 639
233 290
233 304
233 571
233 708
233 327
233 599
233 730
233 354
233 357
233 359
233 363
233 623
233 375
233 504
233 506
233 636
233 765
233 511
234 644
234 389
234 400
234 663
234 797
234 798
234 305
234 440
234 703
234 712
234 335
234 343
234 237
234 508
234 511
235 583
235 779
235 465
235 242
235 284
235 474
235 562
235 598
235 629
235 251
236 263
236 521
236 397
236 531
236 280
236 538
236 794
236 552
236 680
236 312
236 460
236 341
236 759
236 375
236 376
236 767
237 588
237 493
237 559
237 337
237 339
237 694
237 379
237 380
238 384
238 655
238 784
238 288
238 679
238 682
238 302
238 693
238 316
238 588
238 728
238 375
238 486
238 239
238 626
238 247
238 251
239 354
239 483
239 741
239 265
239 429
239 728
239 432
239 434
239 436
239 628
239 440
239 730
240 768
240 668
240 669
240 430
240 435
240 314
240 702
240 446
240 707
240 340
240 362
240 499
240 631
241 640
241 275
241 428
241 303
241 562
241 578
241 593
241 594
241 605
241 738
241 742
241 360
241 369
241 503
241 504
241 251
242 259
242 676
242 649
242 622
242 749
242 528
242 404
242 277
242 567
242 698
242 763
243 416
243 485
243 710
243 263
243 360
243 459
243 620
243 301
243 269
243 429
243 592
243 692
243 406
243 725
243 793
243 506
244 256
244 513
244 640
244 646
244 395
244 412
244 284
244 419
244 680
244 688
244 434
244 562
244 567
244 568
244 332
244 463
244 339
244 727
244 480
244 743
244 622
245 636
245 777
245 780
245 785
245 662
245 667
245 418
245 554
245 688
245 566
245 451
245 713
245 607
245 355
245 633
245 764
246 515
246 567
246 457
246 426
246 331
246 366
246 367
246 622
246 691
246 756
246 407
246 346
247 256
247 739
247 709
247 587
247 648
247 346
247 594
247 436
247 599
247 601
248 454
248 646
248 264
248 429
248 275
248 308
249 608
249 424
249 365
249 718
249 373
249 312
249 441
249 476
249 701
249 415
250 609
250 455
250 551
250 584
250 522
250 459
250 524
250 654
250 783
250 306
250 754
250 501
250 766
251 353
251 738
251 294
251 713
251 752
251 726
251 667
251 543
252 577
252 258
252 355
252 737
252 428
252 441
252 730
253 644
253 261
253 535
253 282
253 283
253 675
253 295
253 427
253 559
253 306
253 442
253 573
253 464
253 720
253 469
253 601
253 617
253 491
253 254
254 672
254 471
254 775
254 650
254 765
254 664
254 283
254 278
254 344
254 313
254 758
254 796
255 709
255 777
255 759
255 717
255 334
255 467
255 754
255 790
255 315
256 325
256 262
256 326
256 424
256 615
256 330
256 774
256 270
256 336
256 568
256 474
256 635
256 381
256 446
257 450
257 291
257 387
257 419
257 326
257 483
257 490
257 516
257 675
257 682
257 494
257 526
257 789
257 698
257 799
258 359
258 583
258 663
258 589
258 690
258 756
258 348
258 666
259 644
259 392
259 266
259 393
259 784
259 786
259 792
259 281
259 796
259 674
259 551
259 681
259 697
259 444
259 574
259 459
259 336
259 592
259 339
259 734
259 608
259 366
259 498
259 628
260 322
260 295
260 714
260 398
260 431
260 468
260 564
260 406
260 636
260 765
260 638
261 483
261 485
261 584
261 554
261 461
261 336
261 369
261 703
261 405
261 534
261 665
261 731
261 447
262 394
262 778
262 783
262 400
262 289
262 545
262 678
262 556
262 688
262 572
262 336
262 598
262 602
262 347
262 746
262 627
262 629
263 545
263 419
263 739
263 773
263 265
263 745
263 332
263 492
263 780
263 761
263 410
263 445
263 798
263 415
264 576
264 737
264 552
264 680
264 304
264 368
264 657
264 500
265 513
265 267
265 779
265 269
265 781
265 399
265 784
265 443
265 325
265 458
265 461
265 591
265 351
265 747
265 626
266 646
266 776
266 269
266 404
266 667
266 420
266 301
266 429
266 696
266 578
266 590
266 729
266 606
266 478
266 354
266 741
266 486
267 524
267 782
267 272
267 785
267 274
267 658
267 663
267 288
267 545
267 551
267 309
267 569
267 700
267 322
267 502
267 378
268 384
268 386
268 643
268 774
268 270
268 272
268 662
268 666
268 433
268 699
268 446
268 704
268 345
268 478
268 735
268 608
268 496
268 633
269 387
269 771
269 399
269 402
269 662
269 281
269 291
269 297
269 685
269 698
269 705
269 323
269 605
269 358
269 362
269 760
269 628
269 632
269 380
269 639
270 450
270 581
270 296
270 329
270 337
270 594
270 688
270 729
270 374
270 536
270 569
271 611
271 774
271 714
271 333
271 752
271 562
271 436
271 280
271 511
272 448
272 481
272 530
272 559
272 623
272 565
272 689
272 724
272 726
272 789
272 315
272 701
272 670
272 511
273 641
273 643
273 773
273 774
273 656
273 401
273 658
273 408
273 665
273 794
273 287
273 418
273 562
273 565
273 710
273 476
273 734
273 619
273 492
273 752
273 503
274 386
274 642
274 648
274 526
274 416
274 545
274 426
274 440
274 571
274 318
274 576
274 326
274 461
274 734
274 363
274 636
275 645
275 782
275 529
275 530
275 412
275 685
275 567
275 697
275 576
275 324
275 338
275 472
275 628
275 629
275 380
276 707
276 393
276 394
276 523
276 589
276 398
276 683
276 305
276 747
276 596
276 760
277 643
277 388
277 391
277 775
277 396
277 780
277 294
277 551
277 434
277 700
277 318
277 446
277 337
277 465
277 339
277 468
277 470
277 482
277 744
277 371
277 379
278 384
278 776
278 521
278 404
278 537
278 303
278 306
278 441
278 322
278 454
278 457
278 473
278 354
278 762
279 512
279 793
279 410
279 295
279 694
279 311
279 450
279 588
279 333
279 592
279 465
279 489
279 499
279 372
279 631
279 761
280 384
280 513
280 551
280 426
280 521
280 524
280 587
280 655
280 505
280 542
280 447
281 514
281 582
281 400
281 655
281 306
281 596
281 788
281 374
281 793
281 441
282 567
282 295
282 358
282 360
282 459
282 366
282 463
282 680
282 305
282 501
282 343
282 473
282 570
282 540
282 703
283 288
283 382
283 453
283 422
283 583
283 617
283 558
283 798
283 336
283 465
283 560
283 506
284 642
284 581
284 378
284 499
284 405
284 285
284 350
285 320
285 422
285 584
285 680
285 331
285 363
285 715
285 607
285 431
286 643
286 779
286 653
286 784
286 402
286 793
286 411
286 419
286 426
286 428
286 453
286 458
286 728
286 346
286 732
286 605
286 479
286 633
287 675
287 455
287 489
287 568
287 473
287 397
287 493
287 495
287 629
287 472
287 377
287 762
288 526
288 413
288 799
288 433
288 434
288 692
288 445
288 581
288 713
288 613
288 620
288 373
289 391
289 328
289 456
289 580
289 650
289 751
289 528
289 656
289 378
289 510
290 518
290 647
290 775
290 654
290 796
290 687
290 703
290 594
290 597
290 600
290 730
290 731
290 360
290 628
290 633
290 762
291 774
291 409
291 673
291 296
291 297
291 553
291 694
291 696
291 452
291 708
291 472
291 746
291 759
291 383
292 672
292 449
292 567
292 551
292 424
292 589
292 307
292 597
292 311
292 441
292 572
292 477
292 606
293 327
293 328
293 553
293 458
293 555
293 684
293 745
293 686
293 369
293 574
293 543
294 539
294 296
294 427
294 557
294 684
294 433
294 319
294 449
294 579
294 581
294 591
294 481
294 621
294 494
294 496
294 624
294 371
295 388
295 645
295 784
295 402
295 531
295 536
295 675
295 684
295 442
295 579
295 583
295 720
295 341
296 482
296 313
296 424
296 585
296 522
296 588
296 563
296 564
296 597
296 791
296 477
297 422
297 649
297 590
297 654
297 368
297 306
297 602
297 724
297 695
297 313
297 378
297 477
297 604
298 449
298 418
298 739
298 614
298 330
298 490
298 365
298 397
298 461
298 685
298 666
298 479
299 642
299 771
299 708
299 485
299 778
299 494
299 526
299 465
299 562
299 570
300 736
300 675
300 676
300 392
300 777
300 401
300 758
300 698
300 797
300 542
301 706
301 487
301 616
301 766
301 690
301 564
301 439
301 633
301 606
302 403
302 407
302 408
302 669
302 424
302 446
302 705
302 326
302 724
302 600
302 357
302 491
302 493
303 678
303 727
303 623
303 626
303 307
303 501
303 375
303 406
303 346
304 526
304 661
304 309
304 693
304 694
304 569
304 581
304 713
304 591
304 343
304 472
305 384
305 383
305 393
305 553
305 448
305 707
305 709
305 584
305 457
305 591
305 464
305 598
305 479
305 356
305 742
305 490
305 511
306 355
306 675
306 739
306 326
306 654
306 368
306 562
306 761
306 472
306 508
306 604
307 323
307 582
307 683
307 366
307 337
307 432
307 788
308 385
308 386
308 518
308 521
308 418
308 577
308 461
308 597
308 354
308 358
308 360
308 362
308 501
309 547
309 622
309 367
309 337
309 338
309 403
309 562
309 717
309 663
309 380
309 605
310 577
310 739
310 775
310 428
310 588
310 467
310 498
310 793
310 315
310 508
310 701
311 518
311 521
311 394
311 652
311 660
311 407
311 678
311 684
311 430
311 437
311 697
311 591
311 465
311 468
311 733
311 361
312 657
312 789
312 535
312 437
312 701
312 573
312 729
312 603
312 604
312 608
312 610
312 366
312 758
313 480
313 513
313 673
313 768
313 357
313 486
313 366
313 686
313 798
313 435
313 664
313 605
314 609
314 358
314 683
314 625
314 755
314 406
314 343
314 533
314 758
314 765
315 416
315 477
315 769
315 414
315 356
315 770
315 653
315 656
315 499
315 788
315 316
316 640
316 705
316 549
316 775
316 680
316 425
316 458
316 363
316 399
316 689
316 788
316 346
317 636
317 643
317 584
317 362
317 651
317 335
317 495
317 527
317 540
317 501
317 440
317 345
317 444
318 641
318 781
318 655
318 543
318 554
318 683
318 684
318 558
318 573
318 579
318 581
318 455
318 715
318 471
318 600
318 347
318 742
318 490
318 747
318 622
318 758
318 504
319 770
319 775
319 399
319 404
319 789
319 663
319 537
319 797
319 421
319 698
319 586
319 462
319 718
319 491
319 369
319 632
319 634
319 767
320 520
320 393
320 651
320 655
320 401
320 708
320 716
320 590
320 726
320 604
320 492
320 499
321 352
321 512
321 515
321 772
321 582
321 678
321 593
321 688
321 439
321 472
321 697
321 382
321 604
322 512
322 417
322 578
322 367
322 463
322 560
322 350
322 703
323 416
323 736
323 573
323 455
323 585
323 586
323 620
323 778
323 432
323 656
323 499
323 438
323 755
323 441
324 448
324 420
324 613
324 741
324 425
324 331
324 473
324 524
324 639
324 784
324 735
324 439
324 605
324 479
325 783
325 784
325 668
325 436
325 708
325 353
325 613
325 358
325 488
325 362
325 753
325 510
326 353
326 387
326 706
326 490
326 369
326 402
326 506
326 668
327 388
327 402
327 531
327 540
327 546
327 548
327 562
327 694
327 453
327 469
327 736
327 353
327 619
327 499
327 377
328 390
328 567
328 329
328 682
328 587
328 537
328 638
329 518
329 525
329 405
329 664
329 798
329 542
329 571
329 587
329 588
329 355
329 359
329 627
329 756
329 633
329 511
330 640
330 704
330 678
330 561
330 402
330 467
330 372
330 533
330 566
330 627
330 344
330 660
330 788
330 541
330 543
331 611
331 775
331 366
331 528
331 784
331 338
331 691
331 755
331 631
331 476
332 608
332 642
332 453
332 585
332 746
332 525
332 433
332 659
332 669
332 479
333 515
333 426
333 682
333 400
333 527
333 560
333 372
333 658
333 507
333 606
333 575
334 513
334 388
334 530
334 532
334 790
334 539
334 418
334 569
334 445
334 574
334 705
334 340
334 355
334 356
334 363
334 763
335 576
335 354
335 421
335 741
335 742
335 760
335 531
335 728
336 576
336 390
336 456
336 393
336 616
336 691
336 661
336 664
337 394
337 523
337 399
337 792
337 413
337 416
337 547
337 696
337 445
337 703
337 582
337 484
337 620
338 655
338 789
338 567
338 572
338 458
338 601
338 735
338 614
338 361
338 373
338 767
339 386
339 515
339 650
339 402
339 562
339 575
339 704
339 587
339 462
339 340
339 468
339 738
339 615
339 757
339 630
340 407
340 417
340 471
340 387
340 739
340 453
340 360
340 367
340 464
340 466
340 500
340 437
340 596
340 635
340 700
340 413
341 739
341 550
341 646
341 617
341 679
341 462
341 622
341 686
341 782
341 665
341 602
341 348
342 513
342 388
342 454
342 558
342 402
342 467
342 500
342 694
342 663
342 790
342 666
342 542
342 447
343 353
343 520
343 712
343 751
343 688
343 501
343 759
343 510
344 609
344 363
344 459
344 527
344 596
344 565
344 406
344 570
344 379
344 412
345 640
345 516
345 784
345 529
345 683
345 431
345 567
345 717
345 463
345 603
345 347
345 737
345 497
346 350
346 480
346 551
346 488
346 688
346 692
346 474
346 383
347 512
347 354
347 483
347 579
347 706
347 391
347 422
347 489
347 618
347 738
347 367
347 572
348 742
348 487
348 552
348 583
348 719
348 626
348 371
348 790
348 632
349 421
349 645
349 778
349 587
349 430
349 367
349 368
349 750
349 531
349 662
349 795
350 608
350 418
350 741
350 744
350 776
350 395
350 620
350 595
350 726
350 635
350 415
351 488
351 713
351 555
351 714
351 746
351 655
351 467
351 568
351 409
351 699
351 668
351 510
352 419
352 356
352 453
352 359
352 361
352 489
352 713
352 364
352 462
352 754
352 786
352 564
352 697
352 479
353 772
353 531
353 533
353 407
353 664
353 544
353 421
353 551
353 456
353 717
353 592
353 595
353 630
354 389
354 790
354 792
354 795
354 685
354 577
354 727
354 608
354 358
354 635
354 510
355 395
355 537
355 793
355 667
355 672
355 552
355 681
355 684
355 687
355 691
355 711
355 587
355 590
355 473
355 618
355 624
355 370
355 371
355 502
356 512
356 516
356 743
356 775
356 461
356 687
356 688
356 721
356 500
356 755
356 438
356 729
357 512
357 610
357 581
357 746
357 781
357 791
358 718
358 729
358 758
358 696
359 518
359 650
359 403
359 795
359 682
359 715
359 464
359 729
359 734
359 486
359 615
359 488
359 620
359 629
360 768
360 390
360 401
360 663
360 792
360 796
360 669
360 543
360 544
360 430
360 687
360 688
360 571
360 579
360 457
360 718
360 608
360 493
360 374
360 630
360 508
361 386
361 656
361 784
361 789
361 415
361 553
361 448
361 711
361 719
361 473
361 608
361 371
361 633
361 766
362 451
362 614
362 426
362 487
362 727
362 748
362 565
362 693
362 375
362 632
362 634
363 509
363 573
363 645
363 554
363 682
363 528
363 696
363 404
363 659
363 671
364 608
364 736
364 678
364 410
364 796
364 573
364 638
365 509
365 578
365 605
365 645
365 772
365 521
365 686
365 369
365 792
365 467
365 564
365 437
365 570
365 787
366 385
366 395
366 657
366 530
366 571
366 575
366 449
366 592
366 472
366 730
366 737
366 485
366 613
366 487
366 745
367 768
367 517
367 525
367 784
367 402
367 694
367 569
367 577
367 707
367 468
367 620
367 375
368 642
368 771
368 504
368 638
368 684
368 715
368 560
368 465
368 376
368 409
368 380
368 574
369 663
369 549
369 555
369 563
369 574
369 458
369 467
369 739
369 613
369 501
369 504
370 768
370 762
370 614
370 759
370 464
370 671
370 754
370 564
370 629
370 726
370 410
370 507
370 476
370 638
371 771
371 528
371 529
371 539
371 440
371 577
371 730
371 759
371 503
372 517
372 648
372 794
372 553
372 566
372 439
372 569
372 443
372 446
372 448
372 580
372 462
372 723
372 482
372 742
372 744
372 631
372 504
372 762
372 635
373 609
373 549
373 377
373 638
373 538
373 443
374 651
374 533
374 536
374 667
374 560
374 689
374 694
374 701
374 704
374 583
374 457
374 479
374 742
374 619
374 750
375 481
375 486
375 742
375 765
375 397
375 428
375 499
375 790
375 760
375 733
376 513
376 387
376 453
376 392
376 589
376 651
376 789
376 507
376 601
376 382
377 385
377 510
377 423
377 616
377 559
377 467
377 532
377 787
377 407
377 413
378 732
378 676
378 523
378 589
378 561
378 659
378 723
378 727
378 767
379 645
379 403
379 792
379 552
379 563
379 692
379 699
379 580
379 711
379 594
380 706
380 456
380 552
380 727
380 590
380 624
380 573
381 486
381 678
381 682
381 460
381 410
381 503
381 508
382 772
382 773
382 584
382 490
382 460
382 696
382 749
382 593
382 562
382 752
382 439
382 729
383 714
383 587
383 462
383 718
383 497
383 689
383 764
383 767
384 385
384 685
384 558
384 591
384 718
384 634
384 635
385 528
385 798
385 556
385 443
385 700
385 448
385 456
385 586
385 720
385 478
385 490
385 627
385 755
386 773
386 779
386 551
386 679
386 728
386 602
387 769
387 653
387 659
387 410
387 674
387 560
387 694
387 720
387 592
387 733
387 739
387 621
387 633
388 648
388 526
388 787
388 534
388 538
388 428
388 562
388 693
388 701
388 476
388 501
388 638
389 768
389 641
389 531
389 675
389 682
389 569
389 571
389 573
389 577
389 450
389 707
389 721
389 725
389 760
389 766
390 545
390 579
390 454
390 391
390 647
390 630
390 440
390 634
390 667
390 574
390 511
391 422
391 392
391 616
391 555
391 494
391 496
391 527
391 593
391 655
391 689
391 762
392 549
392 415
392 618
392 715
392 621
392 760
392 629
392 633
392 410
392 731
393 513
393 783
393 541
393 542
393 680
393 702
393 447
393 449
393 589
393 471
393 493
393 497
393 502
393 636
394 707
394 490
394 494
394 626
394 786
394 661
394 756
394 539
395 485
395 775
395 458
395 623
396 741
396 551
396 458
396 651
396 715
396 746
396 665
396 603
396 798
397 668
397 774
397 491
397 492
397 778
397 507
397 701
398 407
398 517
398 489
398 523
398 747
398 782
398 559
398 722
398 627
398 766
399 449
399 613
399 457
399 585
399 508
399 527
399 560
399 502
399 409
400 654
400 530
400 789
400 560
400 703
400 714
400 722
400 474
400 613
400 495
401 674
401 616
401 780
401 571
401 639
402 642
402 522
402 676
402 690
402 567
402 574
402 453
402 611
402 756
402 634
402 764
403 448
403 682
403 651
403 696
403 464
403 433
403 595
403 504
403 508
403 701
403 415
404 528
404 405
404 663
404 406
404 664
404 418
404 684
404 689
404 692
404 702
404 708
404 593
404 631
404 637
405 668
405 419
405 708
405 422
405 774
406 776
406 526
406 798
406 712
406 715
406 463
406 464
406 496
406 624
406 764
407 471
407 608
407 777
407 619
407 685
407 558
407 761
407 728
408 480
408 516
408 772
408 773
408 775
408 617
408 562
408 591
408 702
408 511
409 516
409 549
409 585
409 543
409 595
409 725
409 717
410 513
410 580
410 461
410 462
410 586
410 500
410 596
410 630
411 481
411 514
411 705
411 517
411 454
411 714
411 557
411 670
411 528
411 529
411 472
412 736
412 547
412 635
412 745
412 779
412 783
412 784
412 502
412 571
412 604
413 770
413 649
413 686
413 752
413 665
413 659
413 628
413 754
413 599
413 443
413 700
413 767
414 611
414 772
414 490
414 683
414 655
414 689
414 659
414 502
414 726
414 536
414 571
414 508
414 637
414 572
415 795
415 417
415 493
415 526
415 560
415 500
415 794
415 639
416 709
416 600
416 619
416 494
416 687
416 630
416 732
417 545
417 585
417 429
417 497
417 469
417 470
417 693
417 789
417 762
417 700
418 792
418 795
418 429
418 440
418 584
418 460
418 588
418 594
418 478
418 738
418 489
419 644
419 772
419 783
419 438
419 451
419 480
419 618
419 748
419 631
419 505
420 457
420 745
420 460
420 431
420 753
420 626
420 690
420 787
421 513
421 546
421 772
421 776
421 586
421 746
421 621
421 760
422 678
422 681
422 578
422 457
422 720
422 466
422 725
422 610
422 489
422 627
422 634
423 451
423 714
423 431
423 494
423 689
423 533
423 726
423 535
423 766
423 735
424 676
424 741
424 558
424 783
424 499
424 437
424 535
424 570
424 507
425 448
425 700
425 611
425 518
425 714
425 459
425 429
425 525
425 463
425 596
425 502
425 667
425 735
426 521
426 534
426 673
426 688
426 437
426 443
426 456
426 715
426 725
426 622
426 626
426 758
427 546
427 550
427 473
427 433
427 721
427 697
427 631
427 447
428 711
428 617
428 627
429 772
429 645
429 784
429 436
429 592
429 469
429 617
430 642
430 675
430 484
430 519
430 458
430 461
430 499
430 629
430 502
430 634
430 444
430 638
431 451
431 772
431 715
431 702
431 557
431 560
431 626
431 501
431 471
431 568
431 474
432 580
432 741
432 778
432 792
432 630
432 440
432 726
433 647
433 775
433 650
433 793
433 541
433 562
433 597
433 490
433 491
433 497
433 509
434 777
434 786
434 531
434 536
434 664
434 675
434 560
434 717
434 483
434 630
435 579
435 522
435 492
435 686
435 785
435 530
435 725
435 605
436 641
436 643
436 657
436 681
436 559
436 443
436 604
436 485
436 506
436 766
437 736
437 486
437 646
437 727
437 496
437 602
437 474
437 542
438 546
438 709
438 740
438 461
438 621
438 561
438 533
438 596
438 605
439 647
439 654
439 587
439 463
439 471
439 482
439 484
439 746
439 762
439 639
440 769
440 793
440 545
440 689
440 590
440 719
440 495
440 759
441 442
441 477
441 542
441 511
442 672
442 613
442 518
442 456
442 656
442 789
442 534
443 449
443 545
443 676
443 739
443 651
443 528
443 635
444 642
444 547
444 518
444 522
444 496
445 771
445 784
445 786
445 696
445 698
445 581
445 458
445 460
445 719
445 730
445 736
445 627
445 628
445 764
446 777
446 479
446 531
446 694
446 567
446 508
446 541
447 737
447 676
447 646
447 535
447 598
447 731
447 477
447 702
447 735
448 640
448 614
448 532
448 635
448 734
449 682
449 714
449 751
449 689
450 451
450 535
450 675
450 771
450 715
450 460
450 464
450 528
450 532
450 472
450 603
450 574
451 518
451 690
451 694
451 701
451 458
451 468
451 478
451 610
451 486
451 618
451 630
452 746
452 791
452 693
452 567
452 476
452 605
453 772
453 646
453 795
453 556
453 565
453 704
453 460
453 588
453 595
453 473
453 632
454 783
454 530
454 714
454 722
454 749
454 496
454 497
454 635
455 481
455 509
455 741
455 648
455 719
455 498
455 531
456 764
456 510
456 646
456 549
456 705
456 481
456 638
456 511
457 650
457 655
457 547
457 690
457 584
457 590
457 471
457 622
457 499
457 766
457 767
458 791
458 796
458 617
458 749
459 582
459 677
459 552
459 585
459 745
459 525
459 728
459 469
459 757
459 573
460 509
460 519
460 644
460 470
461 523
461 524
461 589
461 617
461 497
461 531
461 510
462 743
462 702
463 643
463 706
463 616
463 663
463 473
463 621
463 624
463 625
463 798
464 532
464 538
464 569
464 576
464 480
464 491
465 552
465 753
465 758
465 479
466 680
466 639
466 721
466 568
467 514
467 711
467 525
467 654
467 687
467 564
467 757
468 488
468 675
468 745
468 602
469 513
469 528
469 657
469 530
469 627
469 565
469 597
469 660
469 725
469 755
469 634
469 758
470 512
470 738
470 740
470 518
470 743
470 617
470 778
470 659
470 500
470 630
470 662
470 600
471 480
471 548
471 528
471 625
471 726
472 513
472 515
472 734
472 484
472 742
472 490
472 746
472 500
472 757
472 636
473 712
473 623
473 530
473 688
473 729
473 571
473 798
474 543
474 705
474 720
474 599
474 732
474 736
474 742
474 493
474 749
475 577
475 642
475 706
475 487
475 510
475 687
475 529
475 690
475 639
476 515
476 652
476 536
476 669
476 550
476 557
476 569
476 573
476 711
476 719
476 722
476 511
477 641
477 479
477 783
477 731
478 770
478 533
478 535
478 686
478 566
478 593
478 726
479 522
479 788
479 794
479 717
479 728
479 610
479 756
479 762
480 567
480 574
480 721
480 598
480 727
480 732
480 735
480 487
480 624
480 626
481 683
481 722
481 507
481 532
481 668
482 769
482 610
482 549
482 552
482 557
482 590
482 667
483 541
483 706
483 738
483 614
483 488
483 727
483 716
483 557
483 621
483 495
483 503
483 538
484 608
484 555
484 571
485 775
485 745
485 656
485 728
485 752
485 596
485 630
485 666
485 605
486 645
486 785
486 677
486 555
486 690
486 566
486 568
486 742
487 736
487 627
487 659
487 730
488 658
488 794
488 672
488 573
488 596
488 731
488 491
488 623
488 759
489 515
489 517
489 645
489 787
489 793
489 552
489 703
489 705
489 615
489 495
489 506
489 767
490 641
490 541
490 684
490 561
490 692
490 699
490 578
490 586
490 733
491 675
491 708
491 768
491 683
491 529
491 690
491 510
492 768
492 578
492 642
492 516
492 523
492 722
492 597
492 534
492 759
493 611
493 780
493 494
493 590
493 561
493 603
494 654
494 657
494 666
494 538
494 546
494 559
494 586
494 718
494 760
494 764
495 513
495 676
495 586
495 620
495 561
495 563
495 788
495 729
495 604
496 772
496 647
496 703
496 729
496 738
496 612
496 758
497 672
497 577
497 673
497 716
497 527
497 639
497 720
497 669
498 521
498 696
498 657
498 723
498 565
498 600
498 537
498 795
498 734
499 518
499 783
499 671
499 712
499 592
499 628
499 503
500 518
500 742
500 626
500 627
500 786
500 502
501 773
501 649
501 559
501 652
501 797
502 736
502 549
502 635
502 650
502 571
502 733
502 671
503 617
503 765
503 556
503 654
503 687
503 530
503 563
503 792
503 698
503 798
504 675
504 542
504 585
504 526
504 781
504 758
505 611
505 582
505 556
505 570
505 731
506 679
506 523
506 650
506 715
506 749
506 692
506 569
506 603
507 546
507 581
507 600
507 658
507 787
507 565
508 554
508 649
508 683
508 797
508 689
508 660
508 633
508 796
509 740
509 617
509 778
509 684
509 787
509 665
509 636
510 663
510 793
510 799
510 683
510 570
510 593
510 741
510 629
510 633
511 775
511 780
511 554
511 707
511 580
511 590
511 592
511 595
511 627
512 620
512 601
512 700
513 534
513 685
513 561
513 568
513 588
513 725
513 734
514 704
514 673
514 710
514 584
514 713
514 524
514 531
514 596
514 761
515 677
515 797
515 685
515 719
515 795
515 605
516 610
516 536
516 715
516 621
516 756
516 566
516 630
516 606
517 519
517 676
517 549
517 677
517 679
517 572
517 586
517 718
517 740
517 622
518 793
518 571
518 709
518 712
518 620
519 578
519 579
519 584
519 648
519 522
519 756
519 726
519 760
519 765
519 606
519 671
520 582
520 635
520 651
520 723
520 788
520 537
521 524
521 667
521 542
521 683
521 690
521 693
521 579
521 731
521 749
521 625
521 629
521 760
521 639
522 580
522 612
522 584
522 619
522 589
523 719
523 624
524 769
524 738
524 586
524 658
524 756
524 765
525 641
525 547
525 740
525 555
525 715
525 564
525 761
525 728
525 569
525 636
525 574
526 650
526 661
526 544
526 677
526 688
526 614
526 745
526 763
526 636
527 773
527 701
527 536
527 562
527 659
527 691
527 792
527 666
527 539
528 681
528 569
528 767
529 781
529 660
530 551
530 617
530 660
530 575
531 790
531 617
532 545
532 742
532 712
532 536
532 555
532 783
533 769
533 657
533 795
533 543
533 556
533 558
533 567
533 706
533 719
533 737
533 756
533 760
534 708
534 712
534 779
535 544
535 676
535 773
535 701
535 575
535 760
536 656
536 792
536 554
536 693
536 709
537 640
537 736
537 742
537 723
537 634
538 741
538 552
538 557
538 788
538 542
539 737
539 771
539 646
539 666
539 541
540 579
540 646
540 678
540 687
540 633
540 565
541 640
541 543
541 672
541 674
541 723
541 607
541 737
541 744
541 766
542 768
542 723
542 661
543 737
543 741
543 749
543 694
544 608
544 551
544 591
544 719
544 626
544 756
544 733
545 619
545 781
545 722
545 573
546 750
546 567
546 765
547 773
547 587
547 777
547 560
547 719
547 629
547 765
548 650
548 785
548 790
548 679
548 555
548 571
548 574
548 714
548 623
548 752
548 627
548 759
548 636
549 562
549 568
549 575
549 705
549 579
549 727
549 605
550 770
550 675
550 606
550 557
550 590
550 753
550 697
550 767
551 641
551 698
551 572
551 583
551 595
551 622
551 627
552 657
552 662
552 559
552 572
552 592
552 593
552 602
552 753
553 675
553 590
553 718
553 699
553 573
554 790
554 557
554 697
554 569
554 709
554 585
554 728
554 627
554 759
555 783
555 786
555 570
555 583
555 750
555 755
555 760
555 633
555 639
556 624
556 637
557 673
557 739
557 622
557 560
557 561
558 766
558 665
558 675
558 688
558 561
558 700
558 575
558 706
558 729
558 612
558 638
559 776
559 650
559 662
559 672
559 560
559 730
559 740
559 741
559 629
559 631
559 762
560 793
560 717
560 743
560 636
561 777
561 683
561 612
561 762
562 775
562 659
562 578
562 588
562 716
562 593
562 727
562 753
563 772
563 586
563 650
563 715
563 797
563 658
564 782
564 754
564 756
564 766
565 608
565 707
565 772
565 583
565 617
565 713
565 633
566 704
566 675
566 781
566 622
567 643
567 661
567 790
567 666
567 575
567 705
567 578
567 598
567 739
568 647
568 791
568 664
568 796
568 677
568 680
568 700
568 573
568 705
568 718
568 629
568 759
569 691
569 719
570 577
570 610
570 644
570 759
570 795
570 700
571 649
571 780
571 786
571 665
571 704
571 592
571 614
572 644
572 730
572 614
572 767
573 683
573 684
574 646
574 781
574 667
574 671
574 579
574 742
574 763
575 655
575 685
575 713
575 719
575 730
575 761
575 635
576 714
577 705
577 776
577 621
577 687
578 770
578 673
578 693
578 708
578 726
578 740
579 768
579 648
579 718
579 749
579 756
580 673
580 711
580 652
580 718
580 778
580 755
580 758
580 601
581 612
581 617
582 737
582 680
582 651
582 787
582 693
582 639
583 650
583 775
583 777
583 703
583 595
583 604
584 751
584 688
584 658
584 798
585 768
585 677
585 615
585 618
585 662
585 764
585 702
586 745
586 656
586 626
586 755
586 734
587 643
587 646
587 790
587 680
587 692
587 591
588 670
588 674
588 685
588 689
588 691
588 597
588 758
588 766
588 639
589 777
589 783
589 657
589 592
589 729
589 629
590 776
590 599
590 750
591 772
591 666
591 597
591 736
591 765
592 716
592 740
593 737
593 645
593 646
593 681
593 750
593 694
593 795
594 626
594 659
595 677
595 761
595 791
596 603
596 766
596 731
596 638
597 787
597 672
597 608
597 744
598 646
598 716
598 668
599 738
599 614
599 631
599 617
599 659
599 600
600 744
600 681
600 659
600 731
600 755
600 735
601 646
601 649
602 642
602 750
603 615
603 638
603 635
604 654
604 786
604 720
604 728
604 741
604 631
605 637
605 654
605 782
605 682
605 698
605 699
605 724
605 729
605 610
606 769
606 689
606 721
606 659
606 639
607 648
607 681
607 694
608 731
608 746
608 751
609 643
609 635
609 714
609 765
610 769
610 776
610 725
610 663
610 697
611 645
611 773
611 782
611 669
611 639
612 775
612 683
612 797
612 664
612 637
612 798
613 673
613 643
613 677
613 768
613 717
614 720
614 630
614 632
614 734
615 642
615 685
615 749
615 623
615 783
615 697
615 793
615 797
615 763
616 705
616 691
617 769
617 689
617 737
617 621
617 752
617 763
618 741
618 683
618 729
620 708
620 746
620 748
620 632
621 777
621 662
621 748
621 751
622 642
622 774
622 785
622 697
622 723
622 730
622 767
623 738
623 675
623 645
623 627
623 631
623 798
624 641
624 659
624 628
624 691
624 762
624 701
625 669
625 702
625 670
626 657
626 786
627 782
627 798
627 677
627 689
627 757
628 640
628 664
628 788
629 773
629 651
629 663
629 690
629 704
629 760
630 788
631 739
631 741
632 750
632 730
633 770
633 774
633 650
633 788
633 688
633 750
634 642
634 704
634 736
634 774
634 649
634 665
634 662
634 702
635 776
635 664
635 666
635 670
635 673
635 730
636 642
636 773
636 647
636 778
636 766
636 674
638 744
638 749
638 696
639 729
639 743
639 744
639 765
640 681
640 783
640 725
641 678
641 654
641 731
642 728
642 754
642 759
643 682
644 673
644 709
644 739
644 765
644 746
645 654
645 784
645 786
645 683
645 717
645 737
646 772
646 660
646 681
646 726
646 753
647 713
647 650
648 753
648 694
649 748
649 754
650 769
650 705
650 723
650 746
650 751
651 774
651 779
651 667
651 703
651 725
652 769
652 733
652 697
653 743
653 786
653 694
653 700
654 799
654 715
654 741
655 737
655 748
655 686
655 699
655 765
656 773
657 768
657 798
657 689
657 788
657 698
658 772
658 749
658 797
659 769
659 661
659 790
660 742
660 776
660 666
661 791
661 798
661 693
662 768
662 741
662 765
662 692
662 664
662 764
662 767
663 793
663 718
663 758
664 679
664 686
664 744
665 695
665 725
666 791
667 765
667 670
667 671
667 799
667 720
667 723
667 724
667 726
667 729
667 730
667 731
668 780
668 674
668 698
668 706
668 751
668 755
668 761
669 768
669 778
669 671
669 686
669 734
670 733
670 718
670 797
671 672
671 773
672 762
672 679
672 776
673 770
673 780
673 798
673 704
674 707
674 737
674 762
675 785
675 707
676 774
676 744
677 775
678 707
678 725
679 689
679 703
679 723
679 756
680 743
680 746
680 786
682 769
682 684
682 729
682 732
683 785
683 796
683 798
683 738
684 715
684 746
684 688
684 793
685 786
685 732
686 755
686 700
687 750
688 691
688 712
688 724
688 763
689 771
689 752
690 772
690 693
690 798
692 795
692 799
692 711
692 715
692 718
692 730
692 759
693 743
693 795
694 768
694 794
695 697
696 740
696 775
696 748
696 751
697 788
697 789
697 707
697 763
698 712
698 722
699 721
699 757
699 729
700 760
701 785
702 773
702 760
703 783
703 756
704 762
704 750
705 712
705 722
706 769
706 732
706 731
706 746
706 763
707 777
707 754
707 755
708 796
709 776
709 752
709 726
710 778
710 782
710 794
710 766
711 776
712 787
712 793
712 728
713 790
713 797
713 717
714 793
716 772
716 726
717 786
717 795
718 796
719 773
719 723
719 759
719 760
720 775
721 785
721 789
721 730
722 777
722 735
723 795
723 752
723 793
723 796
724 774
724 765
725 781
726 754
728 749
728 766
729 782
730 733
730 785
731 735
731 765
732 744
733 798
734 771
734 793
737 790
738 773
739 789
740 757
740 793
741 781
741 760
743 775
743 794
743 795
745 774
745 746
746 750
746 758
746 767
747 765
748 775
749 788
749 795
750 796
751 784
753 762
756 768
757 758
758 766
761 788
766 770
767 780
770 795
773 788
776 778
777 789
778 782
781 795
781 787
783 791
786 799
787 792
789 797
795 796
