800 2400
0 695
0 363
0 710
0 110
0 71
1 65
1 5
1 486
1 39
1 687
1 212
1 341
3 674
3 166
3 392
3 777
3 298
3 367
3 306
3 309
3 85
3 439
4 296
4 98
4 683
4 640
4 263
5 675
5 485
5 586
5 216
5 255
6 139
7 162
7 163
7 580
7 134
7 301
7 526
8 632
8 555
8 710
9 640
9 361
9 479
9 203
9 787
9 469
9 181
9 382
9 191
10 64
10 480
10 610
10 260
10 551
10 552
10 18
10 671
11 167
11 428
11 557
11 178
11 118
11 316
12 288
12 131
12 132
12 103
12 744
12 297
12 403
12 756
12 281
13 249
13 67
13 799
13 206
13 529
14 357
14 423
14 659
14 21
14 279
14 381
15 323
15 293
15 751
15 720
15 82
15 436
15 24
15 412
16 491
16 709
17 708
17 286
17 111
18 192
18 165
18 392
18 754
18 467
19 717
19 80
19 309
19 668
19 93
19 62
20 549
20 263
20 39
20 729
20 155
20 157
21 643
21 549
21 614
21 178
21 150
21 699
22 678
22 302
22 337
22 724
22 472
22 602
22 381
23 416
23 544
23 355
23 446
23 303
23 52
23 185
23 62
24 196
24 163
24 31
24 214
25 122
25 578
25 252
25 287
25 247
26 760
26 768
26 158
27 217
27 409
27 723
27 413
27 670
28 233
28 350
28 383
29 352
29 321
29 647
29 72
29 721
29 148
29 247
29 280
29 185
29 346
30 252
30 318
30 71
31 417
31 773
31 582
31 40
31 216
32 176
32 329
32 665
32 668
32 361
33 724
33 375
34 521
35 65
35 706
35 567
35 438
35 207
36 320
36 771
36 676
36 360
36 398
36 369
36 83
36 243
36 346
36 411
36 509
37 673
37 108
37 76
37 622
37 624
37 56
37 730
37 446
38 547
38 519
38 588
38 397
38 270
38 623
38 241
38 658
38 51
38 340
38 57
39 98
39 235
39 604
39 158
40 147
41 472
41 249
41 616
42 544
42 577
42 391
42 779
42 654
42 50
42 115
42 312
42 537
42 638
43 104
43 777
43 619
43 367
43 49
43 434
43 534
44 449
44 51
44 580
44 613
44 327
45 354
45 388
45 68
45 649
45 778
45 368
45 535
45 344
45 601
45 383
46 377
46 243
46 765
47 456
47 106
47 267
47 76
47 142
47 284
48 363
48 268
48 766
48 439
49 66
49 774
49 71
49 201
49 371
49 572
50 133
50 105
50 780
50 121
50 508
50 540
50 127
51 68
51 101
51 645
51 297
51 427
51 623
51 246
51 763
52 762
52 330
52 499
52 780
53 672
53 484
53 581
53 772
53 264
53 73
53 457
53 139
53 212
54 577
54 227
54 419
54 510
54 265
54 300
54 403
54 116
54 377
54 318
55 354
55 743
55 616
55 397
55 340
55 788
55 446
56 360
56 265
56 459
56 60
56 95
57 289
57 770
57 77
57 589
57 367
57 152
57 91
58 371
58 455
58 299
58 287
59 64
59 771
59 775
59 235
59 721
59 374
59 759
59 249
59 92
60 675
60 779
60 113
60 186
60 187
61 608
61 609
61 91
61 486
62 712
62 767
63 136
63 619
63 671
63 210
63 277
63 86
63 437
63 698
63 507
63 765
63 731
63 511
64 768
64 785
64 164
65 216
65 402
65 503
66 710
66 392
66 265
66 211
66 124
66 447
67 200
67 457
67 410
67 388
68 465
68 78
68 537
69 675
69 746
69 433
69 83
69 122
69 188
70 168
70 719
70 178
70 659
70 244
70 504
70 315
70 189
71 157
71 413
72 581
72 586
72 652
72 719
72 531
72 533
72 565
72 344
72 539
73 751
73 523
73 140
73 599
74 356
74 452
74 648
74 527
74 83
74 254
74 408
74 569
74 316
74 382
74 799
75 132
75 301
75 753
75 212
75 696
75 703
76 550
76 680
76 274
76 85
77 754
77 641
77 171
77 215
78 353
78 492
78 270
78 143
78 85
78 501
78 763
78 447
79 483
79 164
79 335
79 693
79 470
79 440
80 482
80 388
80 613
80 199
80 266
80 298
80 368
80 690
80 375
80 537
80 380
81 528
81 137
81 211
81 421
81 701
82 376
82 103
82 375
83 449
83 654
83 369
83 466
83 596
83 629
83 700
84 537
84 211
84 756
84 255
85 547
85 580
85 652
85 282
86 143
86 627
86 667
86 429
87 420
87 390
87 329
87 238
87 209
87 148
87 244
87 468
87 761
87 575
88 131
88 361
88 618
88 682
88 269
88 400
88 476
89 105
89 434
89 732
89 182
89 487
90 168
90 98
90 757
90 583
91 449
91 420
91 710
91 392
91 691
91 442
91 636
92 320
92 367
92 251
92 724
92 213
93 542
93 727
94 162
94 724
94 215
95 344
95 133
95 583
95 651
95 108
95 214
95 535
95 347
95 381
95 445
96 192
96 490
96 637
97 578
97 739
97 135
97 272
97 498
97 761
98 344
99 433
99 681
99 543
99 447
100 732
100 398
100 575
101 554
101 117
101 183
102 232
102 541
102 603
102 485
102 510
103 704
103 368
103 529
103 432
103 658
103 118
103 666
104 353
104 136
104 311
104 570
104 127
105 462
105 591
105 688
105 447
106 172
106 493
106 303
106 591
106 535
107 130
107 424
107 489
107 618
107 726
107 733
108 290
108 582
108 296
108 621
108 531
108 311
108 538
108 670
109 353
109 385
109 371
109 333
109 173
110 330
110 789
110 188
110 532
111 129
111 516
111 712
111 207
111 593
111 305
111 598
111 766
112 513
112 392
112 457
112 554
112 207
112 783
112 799
112 789
112 247
112 700
112 735
113 471
113 357
113 599
113 121
113 799
114 162
114 133
114 176
114 370
114 405
114 407
115 225
115 321
115 196
115 549
115 616
115 745
115 140
115 562
115 307
115 183
115 314
116 480
116 662
116 363
117 323
117 587
117 755
117 564
117 440
118 786
118 692
119 737
119 518
119 521
119 651
119 717
119 274
120 763
121 580
121 325
121 389
121 456
121 687
121 626
121 404
121 213
121 214
122 352
122 260
122 486
122 199
122 491
122 537
122 210
122 191
123 456
123 323
123 276
123 678
124 481
124 228
124 197
124 487
124 761
125 717
125 374
125 575
125 158
125 263
126 225
126 644
126 135
126 215
126 670
126 703
127 454
127 336
127 766
127 255
128 752
129 177
129 614
130 609
130 291
130 293
130 209
130 657
130 534
130 409
130 766
131 194
131 583
131 137
131 585
131 207
131 337
131 625
131 759
131 317
132 363
132 651
132 567
132 666
134 273
134 450
134 514
134 775
135 309
136 259
136 749
136 335
136 698
137 258
137 598
137 798
138 422
138 746
138 686
138 336
138 444
138 413
139 258
139 709
139 550
139 233
139 751
139 498
139 275
139 661
139 503
139 248
140 708
140 797
140 620
140 339
140 565
140 217
140 635
140 669
140 319
141 720
141 705
141 371
141 388
141 742
142 720
142 183
142 639
142 590
143 705
143 674
143 486
143 240
144 283
144 243
144 580
144 734
144 487
145 547
145 677
145 743
145 366
145 469
145 246
145 343
145 280
145 794
145 279
145 542
146 457
146 458
146 606
146 307
146 597
146 219
146 510
147 517
147 341
147 406
147 774
148 705
148 546
148 645
148 584
148 521
148 715
148 558
148 532
149 771
150 481
150 163
150 329
150 719
150 369
151 346
151 500
152 728
152 764
153 329
153 442
153 556
153 293
153 654
154 324
154 199
154 360
154 651
154 536
154 218
155 197
155 521
155 717
155 375
155 574
155 511
156 611
156 428
157 551
157 523
157 273
157 603
157 315
157 700
157 638
158 161
158 655
158 727
159 164
159 166
159 650
159 396
159 333
159 411
160 451
160 229
160 616
160 489
160 237
160 246
160 252
161 225
161 513
161 396
161 344
161 346
162 648
162 652
162 690
162 511
163 472
163 555
163 539
164 354
164 230
164 763
165 516
165 325
165 197
165 679
165 168
165 273
165 721
166 789
167 700
167 394
167 644
167 659
168 646
168 410
168 379
168 702
169 546
169 619
169 460
169 556
169 623
169 498
170 740
170 299
170 783
170 306
170 662
170 443
170 637
170 734
171 477
171 701
172 241
172 685
172 646
173 550
173 395
173 751
173 531
173 572
174 665
174 681
174 604
174 389
174 677
176 194
176 789
176 732
176 765
176 702
177 290
177 451
177 678
177 614
178 643
178 612
178 749
178 340
179 666
179 739
179 254
180 578
181 612
181 616
181 330
181 499
181 309
181 245
181 666
181 605
183 672
183 195
183 294
184 224
184 614
184 628
184 741
184 206
185 545
185 540
185 212
186 398
186 560
186 402
186 211
186 254
187 514
187 269
187 367
187 368
187 788
187 318
188 262
188 680
188 393
188 783
188 373
188 693
188 732
189 550
189 469
190 576
190 737
190 573
190 453
190 728
191 280
191 653
191 775
192 600
193 617
193 274
193 783
194 290
194 486
194 520
194 649
194 525
194 789
194 474
195 746
195 340
195 581
195 230
196 262
196 552
196 654
196 693
196 377
196 380
197 619
197 348
197 471
197 510
198 749
198 556
198 685
198 790
199 480
199 289
199 579
199 428
199 785
199 732
199 767
200 225
200 610
200 771
200 588
200 783
200 412
201 452
201 709
201 470
201 408
201 476
202 360
202 520
202 461
202 592
202 371
202 723
202 662
202 252
203 769
203 271
203 594
203 534
203 792
203 667
204 426
204 333
204 301
204 590
205 618
205 300
206 672
206 553
206 659
206 469
206 543
207 788
208 601
208 658
208 745
208 796
208 533
209 715
209 410
209 749
210 328
210 699
210 509
211 771
211 682
211 589
211 239
211 731
212 399
212 240
213 668
213 259
213 549
213 377
213 300
213 799
214 737
214 393
214 215
215 226
215 451
215 574
215 681
215 700
215 317
216 728
216 720
216 595
216 243
216 311
216 696
217 392
217 589
217 694
217 317
218 344
218 354
218 327
219 227
219 595
219 535
219 571
219 667
219 350
220 326
220 585
220 299
220 527
220 400
220 307
220 375
221 545
221 647
221 681
221 653
221 560
221 337
221 250
221 763
221 477
222 650
222 419
222 660
223 641
223 290
223 322
223 327
223 588
223 781
223 723
223 762
224 309
225 696
225 242
225 247
225 632
225 313
225 767
226 736
226 514
226 584
226 365
226 592
226 245
226 409
227 248
227 288
227 720
228 513
228 706
228 683
228 334
228 593
228 478
229 283
229 380
229 403
229 590
230 414
230 774
231 376
231 660
232 456
232 314
232 274
232 690
232 250
232 479
233 453
233 264
233 620
233 606
234 290
234 455
234 620
234 716
234 532
234 569
235 577
235 653
235 366
235 688
235 500
235 373
235 470
235 597
235 508
235 733
236 648
236 492
236 622
236 775
237 772
237 559
237 565
237 694
237 506
237 443
237 382
238 553
238 605
239 711
239 681
239 525
239 244
239 665
239 668
240 290
240 357
240 297
240 305
240 574
241 273
241 410
241 369
242 735
243 307
243 661
243 409
243 285
244 288
244 481
244 260
244 456
244 267
244 748
244 398
244 437
244 284
245 609
245 323
245 585
245 719
245 500
245 790
246 714
246 301
246 348
247 557
247 563
247 533
247 379
248 512
248 481
248 323
248 709
249 481
249 356
250 544
250 320
250 260
250 559
250 400
251 305
251 290
251 254
251 617
252 361
252 372
252 437
252 506
252 571
253 320
253 365
254 779
254 633
254 509
255 576
255 263
255 680
255 270
255 658
255 794
255 700
255 733
256 293
256 495
256 470
256 343
256 312
256 537
256 476
257 554
257 524
257 422
258 644
258 357
258 799
259 630
259 422
259 502
260 419
260 521
260 530
260 532
260 666
261 514
261 712
261 617
261 496
261 753
261 285
262 764
262 491
263 418
263 295
263 591
263 305
263 659
264 724
265 481
265 581
265 429
265 726
265 764
266 421
268 386
268 323
268 644
268 293
268 300
268 735
268 698
268 732
268 511
269 452
269 454
269 423
269 401
269 404
269 572
270 576
270 716
270 724
270 378
271 736
271 644
271 775
271 585
271 346
272 283
272 348
272 277
272 654
273 450
273 587
273 566
273 443
274 618
274 341
274 315
275 353
275 678
275 402
275 435
275 500
275 562
275 502
275 413
276 513
276 548
276 459
276 278
276 311
277 281
277 675
277 303
278 569
278 522
278 437
279 619
279 754
279 469
279 346
280 327
280 765
280 415
281 436
281 527
282 331
282 349
283 720
283 543
284 513
284 612
284 487
284 345
284 799
285 771
285 325
285 519
285 360
285 534
285 568
286 496
286 410
286 486
286 479
287 507
287 509
288 529
288 797
288 767
289 658
289 339
290 455
290 519
290 433
290 412
290 699
291 596
291 774
292 492
292 566
293 517
293 773
293 489
293 330
294 642
294 624
294 343
294 568
294 633
294 507
295 528
295 479
295 301
295 622
296 630
297 395
297 507
298 549
298 586
298 300
298 588
298 502
299 675
299 739
299 550
299 396
299 716
299 750
299 368
299 528
300 361
300 502
300 629
301 713
301 621
301 409
302 670
302 340
303 447
303 785
304 781
305 545
305 688
305 752
305 606
306 585
306 721
307 384
307 387
307 741
307 311
308 523
309 514
309 652
309 653
309 659
309 700
310 423
310 520
310 534
310 380
310 445
310 671
311 416
311 712
311 427
311 464
311 373
312 466
312 497
312 437
313 578
313 666
314 457
314 710
315 329
315 649
315 543
316 592
316 724
316 693
316 477
316 671
317 455
317 505
317 444
318 385
318 419
318 678
318 686
318 401
318 402
318 497
319 751
319 754
319 438
319 343
319 699
320 647
320 327
321 564
321 479
322 492
322 367
322 532
322 437
322 692
322 504
322 797
323 772
323 504
323 591
324 388
324 646
324 614
324 717
324 505
325 578
325 535
325 434
325 406
325 471
325 702
326 772
326 332
326 525
326 655
326 469
327 644
327 696
327 592
327 379
328 348
329 354
329 516
330 426
330 655
330 690
330 661
330 601
330 570
331 544
332 578
332 563
332 341
333 677
333 390
333 653
334 523
334 525
335 385
335 716
335 786
335 602
335 794
336 409
336 477
337 553
337 651
337 397
337 566
338 501
339 673
339 488
339 525
339 442
340 796
340 622
340 604
340 477
341 360
341 523
341 689
341 506
342 369
342 610
342 652
343 741
343 520
343 671
343 568
343 476
344 673
344 698
344 445
344 638
345 378
345 747
345 735
346 770
346 587
346 780
346 622
346 729
347 515
347 388
347 391
347 532
347 564
348 797
349 561
349 605
350 448
350 363
350 717
350 493
351 472
351 469
352 577
352 409
352 430
353 407
353 409
354 398
354 701
355 433
355 729
355 717
357 719
357 542
358 378
358 514
358 799
358 642
359 493
360 611
360 525
361 384
362 662
362 365
362 397
363 623
363 465
363 600
363 543
364 512
364 640
364 643
364 713
364 433
364 466
364 500
364 469
364 543
365 678
365 714
365 368
366 579
366 435
366 596
366 570
366 606
367 699
368 675
368 551
368 784
368 469
369 736
369 484
369 740
369 427
369 696
369 538
369 542
370 627
371 708
371 495
371 562
372 440
372 671
372 549
372 375
374 744
375 796
375 454
375 750
375 731
376 511
377 510
378 590
378 474
379 485
380 455
380 744
380 466
380 633
381 403
381 773
382 451
382 424
382 397
382 593
382 785
382 701
383 680
383 660
383 699
383 636
383 573
384 543
385 708
385 461
385 601
385 623
385 664
385 409
385 765
386 738
386 421
386 554
386 558
386 691
386 409
387 763
387 411
387 508
387 491
388 738
388 395
388 787
388 572
389 485
389 616
389 729
389 701
390 622
390 430
390 670
390 799
391 611
391 426
391 652
391 525
391 437
391 479
392 579
392 441
392 563
392 730
393 547
393 763
393 755
394 480
394 652
395 608
395 421
395 648
395 667
396 479
396 404
397 517
397 550
397 683
397 686
397 437
397 469
398 777
398 472
398 697
398 635
398 731
399 645
400 459
400 466
400 606
400 543
401 761
401 618
401 630
402 642
402 612
402 460
403 509
403 427
403 492
403 655
403 662
404 778
404 698
404 510
405 489
405 514
405 661
405 575
406 482
406 430
406 799
407 612
407 615
407 691
407 758
407 605
407 413
408 621
408 658
408 596
408 541
409 659
409 765
409 543
410 708
410 721
410 767
411 767
412 548
412 604
413 586
413 655
413 666
413 510
414 441
414 682
414 745
414 485
415 482
415 715
416 588
416 752
416 498
416 568
416 505
417 554
418 729
418 562
418 523
418 573
419 653
419 754
420 513
420 515
420 740
420 424
420 619
420 595
421 557
421 572
421 799
422 486
422 491
422 747
422 622
423 736
423 424
423 663
423 445
423 510
424 448
424 649
424 748
425 498
426 513
426 493
426 556
426 621
427 705
427 614
427 727
427 787
427 793
428 508
428 721
428 535
429 439
429 773
429 695
429 622
429 531
429 599
430 519
430 629
430 763
431 763
432 499
432 502
433 726
434 670
434 623
434 633
434 478
435 546
435 660
435 471
436 485
437 550
437 714
437 683
437 526
437 622
437 627
438 793
438 716
438 621
439 515
439 720
440 628
440 697
440 475
440 638
440 671
441 492
441 656
442 496
442 672
443 770
443 777
443 724
443 702
444 625
444 700
445 701
446 673
446 613
446 741
446 745
447 610
447 748
447 725
448 739
449 666
450 765
451 484
451 623
451 754
451 632
451 575
452 467
452 628
452 755
453 779
453 621
453 487
454 645
454 713
454 460
454 476
454 638
455 765
455 714
455 494
455 593
456 617
456 511
457 469
458 569
458 570
458 749
458 550
459 480
459 673
459 678
459 562
460 504
460 735
461 608
461 726
462 584
462 642
462 583
463 528
463 673
463 650
463 636
464 680
464 681
464 758
466 678
466 586
466 493
467 729
467 476
468 641
468 487
469 752
470 640
470 496
470 660
470 565
471 753
471 572
472 675
472 566
472 761
473 538
473 774
474 512
474 769
474 549
474 755
476 774
476 763
476 701
477 781
477 764
478 760
479 601
479 605
480 583
480 647
481 747
482 524
482 591
482 628
483 632
483 541
484 520
484 748
484 749
484 722
484 756
485 586
486 681
486 651
487 512
487 528
487 725
487 667
487 767
488 539
488 736
490 738
490 707
491 741
491 557
491 561
491 605
492 721
492 786
492 663
493 584
493 586
493 495
493 757
494 740
494 774
494 614
494 777
494 528
494 692
495 679
495 762
495 571
496 754
496 725
496 695
498 620
498 655
498 687
498 665
498 570
499 592
499 602
499 575
500 548
500 523
500 660
502 594
503 683
504 767
505 620
505 745
506 523
506 685
507 550
507 621
507 729
508 779
508 783
508 606
509 716
509 703
510 589
510 626
510 725
510 732
511 515
512 640
512 710
512 720
513 613
513 605
514 552
514 587
514 533
515 558
515 536
516 578
516 556
517 761
518 730
518 798
519 677
519 536
520 609
520 528
520 693
521 710
521 617
521 696
521 693
521 566
521 600
522 797
522 597
523 698
523 703
524 743
525 550
526 716
527 751
527 665
527 727
527 601
528 655
528 752
529 776
532 603
532 540
533 608
533 645
533 560
533 795
534 620
535 586
536 770
536 776
536 602
537 682
537 796
538 546
538 744
538 595
538 787
539 793
539 669
539 703
540 783
541 678
541 600
541 561
541 758
542 677
542 717
543 673
543 551
543 714
543 556
543 717
544 614
544 652
544 791
544 788
545 555
547 774
548 707
548 645
548 686
549 741
549 655
549 754
549 728
550 770
550 728
550 665
550 570
551 613
551 756
552 689
553 740
554 603
555 681
555 727
556 710
556 774
557 760
558 714
558 750
559 744
559 754
559 724
560 612
560 677
560 682
560 781
560 601
561 773
561 647
561 779
561 722
562 617
562 731
563 687
563 597
564 651
564 571
566 740
566 722
568 787
569 687
569 753
569 602
570 674
570 731
571 777
571 758
572 645
572 678
572 630
573 727
574 777
575 742
575 754
576 727
576 637
577 588
578 743
578 752
578 793
579 588
579 748
581 675
582 692
582 699
582 772
584 743
585 709
585 711
585 758
586 707
586 637
586 776
587 753
588 755
589 678
592 608
593 677
595 664
595 696
595 763
597 664
598 637
600 658
601 663
602 740
602 622
602 631
606 664
607 624
607 642
607 789
608 647
608 778
608 725
609 777
610 782
610 757
611 784
611 799
612 675
612 647
612 623
612 670
614 769
617 716
618 672
618 759
620 652
620 694
621 765
622 630
622 757
624 692
625 683
627 748
628 775
628 742
629 719
630 708
630 789
631 707
632 715
633 688
633 759
634 641
634 679
639 787
640 677
640 749
640 754
640 691
642 765
643 692
645 719
645 751
645 788
645 669
647 782
652 769
653 748
654 737
655 658
660 796
662 689
663 755
663 685
664 689
664 764
669 688
670 771
670 701
671 735
671 786
672 755
673 716
673 687
673 719
675 781
675 692
675 731
677 762
679 737
679 772
679 778
680 694
681 772
681 711
682 792
690 787
692 735
693 696
694 708
694 786
696 749
696 792
700 794
700 795
704 784
704 786
707 720
707 791
708 720
709 770
709 748
709 781
709 734
710 750
713 734
714 736
715 724
717 785
720 785
725 791
726 734
727 759
730 781
734 798
744 789
747 764
751 769
761 782
764 765
765 796
766 788
767 779
771 799
789 792
