800 2000
0 774
0 488
0 651
0 269
0 529
0 180
0 731
0 318
1 400
1 501
1 181
1 282
1 795
1 767
2 188
2 107
2 68
2 373
2 391
3 120
3 362
3 182
4 73
4 371
4 333
4 710
4 551
5 233
5 363
5 620
5 462
5 441
5 26
5 127
6 130
6 180
6 621
8 644
8 708
8 103
8 522
8 727
8 652
8 401
8 183
9 509
9 712
9 233
9 426
9 402
9 248
9 153
9 412
9 29
9 413
10 166
10 104
10 298
10 626
10 83
10 246
10 732
11 44
11 430
11 95
12 96
12 612
12 133
12 518
12 456
12 584
12 650
12 558
12 473
12 90
13 522
13 794
14 217
14 729
14 765
15 433
15 481
15 791
16 384
16 50
16 717
16 102
16 543
17 768
17 616
17 299
17 557
17 661
17 572
18 323
18 134
18 427
18 364
18 717
18 211
18 22
19 385
19 634
19 93
19 367
20 164
20 77
20 607
21 545
21 264
21 654
21 398
21 659
21 55
22 130
22 106
22 235
22 650
22 150
22 186
23 672
23 498
23 155
23 477
24 129
24 786
24 763
24 737
25 482
25 613
25 41
25 145
25 658
25 734
25 319
26 302
26 756
26 141
26 502
27 673
27 680
27 521
27 695
27 595
27 83
27 308
27 311
27 664
28 544
28 722
28 747
28 588
28 110
29 705
29 455
29 522
29 43
29 713
29 593
30 323
30 524
30 332
30 756
30 373
30 792
30 379
30 447
31 142
32 305
32 587
32 155
32 260
33 459
33 420
34 561
34 354
34 530
34 262
34 55
35 625
35 604
35 85
35 231
36 616
36 54
37 210
37 387
37 590
37 271
38 587
38 402
38 84
38 309
38 213
38 90
39 67
39 131
39 167
39 616
39 180
39 505
39 541
40 261
40 382
41 555
41 327
42 549
42 518
42 199
42 234
42 494
42 342
42 86
42 57
43 681
43 74
43 716
43 438
43 441
43 539
44 128
44 613
44 619
44 144
44 49
44 278
44 415
45 64
45 776
45 304
45 627
45 468
45 596
46 237
46 130
46 660
46 229
47 298
47 493
47 783
47 239
47 497
47 211
48 545
48 762
48 299
48 740
48 625
49 80
49 166
49 596
50 67
50 144
50 464
50 182
50 342
50 123
50 63
51 636
51 733
51 498
51 164
51 661
52 451
52 747
52 589
52 112
52 55
52 126
53 631
53 247
54 736
54 643
54 517
54 267
54 117
55 233
55 491
55 652
55 367
55 592
55 241
55 504
55 667
55 317
56 548
56 357
56 391
56 169
56 493
56 375
56 282
56 60
57 786
57 93
58 577
58 680
58 426
58 173
58 592
58 629
58 758
59 357
59 401
59 691
59 758
59 94
59 313
59 732
59 190
60 409
60 90
60 398
60 650
61 612
61 533
62 609
62 530
62 565
63 481
63 674
63 394
63 406
63 766
64 372
64 524
64 188
65 177
65 706
65 325
65 342
65 183
66 742
66 518
66 398
66 753
66 665
66 275
66 249
67 101
67 657
67 377
67 250
67 475
68 781
68 485
68 459
68 301
69 167
69 611
69 501
69 406
69 135
70 218
70 515
71 474
71 564
71 95
72 777
72 107
72 686
72 293
72 622
73 368
73 305
73 187
74 613
74 654
74 629
74 407
74 93
74 799
75 707
75 743
75 717
75 375
75 793
75 286
76 321
76 483
76 781
76 367
76 175
76 434
77 225
77 438
77 87
77 540
77 446
78 441
78 123
78 643
78 517
79 668
79 662
80 111
80 148
80 187
80 254
80 383
81 737
81 563
81 652
82 484
82 145
82 276
82 789
82 633
82 767
83 552
83 366
83 209
83 412
84 88
84 264
84 344
84 500
85 128
85 616
85 169
85 269
85 191
86 520
86 561
86 204
86 502
87 578
87 719
87 176
87 626
87 252
87 88
87 476
87 670
87 127
88 272
88 489
88 619
89 217
89 406
89 419
89 118
89 513
90 162
90 299
90 172
90 662
91 377
91 317
91 175
92 576
92 353
92 234
92 301
92 784
92 596
92 794
92 731
93 451
93 358
93 200
93 328
93 714
93 492
93 141
93 786
93 406
93 793
93 472
93 223
94 739
94 612
94 742
94 178
94 475
94 409
95 687
95 551
95 125
96 497
96 333
96 158
96 463
97 449
97 670
98 719
98 487
99 306
99 394
100 320
100 579
100 774
100 599
101 140
101 573
101 390
102 754
102 484
103 417
103 338
103 344
103 761
103 798
104 668
104 764
104 456
104 748
104 149
104 218
104 636
104 607
105 480
105 261
105 591
106 305
106 171
106 284
106 332
107 262
107 600
107 412
107 511
108 649
109 406
109 462
109 342
109 703
110 673
110 122
110 246
110 399
111 451
111 590
111 751
112 143
112 754
112 404
112 564
112 380
113 608
113 583
113 690
113 370
113 792
113 732
114 514
114 653
114 792
114 315
114 412
114 189
115 577
115 168
115 399
115 501
115 213
115 665
116 209
116 514
116 641
116 485
117 624
117 249
117 662
118 728
118 175
119 248
119 752
119 477
120 769
120 196
120 142
120 719
120 727
120 543
121 739
121 548
121 199
121 299
121 558
121 630
121 347
121 700
121 189
122 450
122 140
122 470
123 465
123 242
123 534
123 793
123 636
124 208
124 374
124 643
124 334
125 260
125 677
125 400
125 273
125 765
126 721
127 403
128 392
128 301
128 598
128 505
128 666
129 453
129 396
129 689
129 370
129 601
130 166
130 241
130 793
131 259
131 659
131 564
131 444
131 319
132 209
132 654
132 492
132 517
132 150
133 560
133 613
133 260
134 515
134 140
134 685
134 432
134 464
134 563
134 596
134 279
134 378
135 393
135 358
135 311
136 736
136 334
136 372
136 276
136 535
136 317
136 767
137 641
137 666
137 149
137 582
137 750
138 352
138 482
138 146
138 306
138 599
138 377
138 574
139 252
139 677
140 545
140 266
140 362
140 495
140 702
141 163
141 430
142 520
142 562
142 713
143 759
143 155
143 696
143 607
144 458
144 565
144 559
145 387
145 267
145 269
145 628
146 771
146 587
146 656
146 372
146 597
147 208
147 693
148 369
148 299
148 310
148 783
149 294
149 330
149 316
149 351
150 291
150 677
150 678
150 624
150 535
151 696
151 554
152 434
152 426
152 164
152 166
153 488
153 444
153 540
154 760
154 473
154 292
154 359
154 183
155 704
155 621
155 602
155 703
156 159
156 370
156 279
156 760
156 282
156 764
156 191
157 449
157 666
157 786
157 628
157 661
158 664
158 656
158 435
158 253
159 798
160 543
160 276
160 453
160 324
161 541
162 651
162 612
163 705
163 578
163 740
163 743
164 546
164 411
165 344
165 698
165 459
165 244
165 413
166 320
166 323
166 356
166 295
166 681
166 497
166 786
166 374
166 409
166 184
167 256
167 294
167 758
167 569
168 611
168 339
168 223
169 224
169 758
169 782
170 725
171 584
171 739
171 367
172 538
173 366
174 192
174 434
174 563
174 229
175 457
176 195
176 613
177 242
177 478
177 289
178 235
178 332
178 500
179 385
179 482
179 530
179 310
179 191
180 456
180 554
180 242
180 596
180 732
180 605
181 258
181 251
181 300
181 411
182 783
182 763
182 796
182 414
183 484
183 583
183 615
183 314
183 654
183 495
183 373
183 796
184 194
184 424
184 797
184 558
184 502
184 568
184 445
185 504
185 730
185 515
185 565
186 575
186 238
186 411
186 219
186 255
187 198
187 524
187 791
187 506
188 779
188 595
188 308
188 405
188 280
188 313
188 379
188 216
189 244
189 269
190 360
190 788
191 550
191 678
191 350
192 208
192 487
193 370
193 654
193 245
193 254
194 592
194 765
195 545
195 548
195 749
195 652
196 500
196 479
197 736
197 397
197 496
197 786
197 437
197 412
198 426
198 459
198 496
198 369
198 689
198 531
198 692
198 666
199 266
199 500
199 533
199 502
199 606
200 418
200 547
200 326
200 586
200 720
200 724
200 411
201 304
201 795
201 213
202 480
202 347
202 685
202 459
202 483
203 777
203 546
203 620
204 320
204 297
204 586
204 529
204 531
204 795
205 432
205 657
205 498
206 579
206 513
206 306
206 490
206 617
207 561
207 499
207 567
207 707
207 503
208 648
208 233
208 585
208 778
208 220
209 394
209 316
209 700
210 651
210 370
210 725
210 279
210 734
211 324
211 421
211 426
211 657
211 338
212 590
213 730
214 225
214 770
214 298
214 691
214 439
214 414
215 628
215 461
215 671
216 368
216 234
216 746
216 572
217 582
217 776
217 250
217 750
217 218
217 255
218 544
218 609
218 348
219 352
219 514
219 613
219 327
219 653
219 401
220 768
220 483
221 736
221 551
221 423
221 782
221 659
221 763
221 252
222 414
222 327
223 683
223 590
223 474
223 381
224 274
225 736
225 616
225 490
225 751
226 338
226 670
226 783
227 795
227 395
228 258
228 604
228 574
229 394
230 256
230 377
230 738
231 361
232 688
232 277
233 522
233 758
233 316
234 544
234 481
234 354
234 514
234 473
235 582
235 397
235 602
235 703
236 321
236 527
236 564
236 630
236 315
236 254
237 352
237 513
237 384
237 736
237 328
237 508
238 513
238 615
238 436
238 247
238 508
238 478
239 743
239 355
239 790
239 422
240 250
240 518
241 553
241 341
242 788
242 622
243 585
244 519
244 335
244 308
244 538
245 480
246 675
246 583
246 297
246 304
246 253
247 399
247 653
247 303
248 557
248 249
248 253
249 637
249 715
249 624
249 626
249 477
250 321
250 612
250 550
250 362
250 733
251 355
251 457
251 366
251 563
251 499
252 541
252 456
252 329
252 316
253 258
253 291
253 268
253 275
253 467
254 686
254 447
255 428
255 404
256 679
256 301
256 686
256 752
257 289
258 333
258 763
259 353
259 737
259 291
259 292
259 425
259 586
259 412
260 334
260 468
262 589
262 525
262 372
262 282
263 328
263 267
263 500
263 796
264 324
264 402
264 562
264 315
264 415
265 698
265 300
265 316
266 708
266 332
266 569
266 670
267 327
267 307
267 633
267 794
268 440
268 333
268 775
270 489
270 302
270 400
270 722
270 531
270 317
271 785
271 341
271 574
272 322
272 573
272 300
272 368
273 313
273 602
274 296
275 396
276 679
276 786
276 796
276 607
277 280
277 523
277 325
278 483
278 739
278 507
279 513
279 389
279 759
279 317
280 609
280 564
281 346
281 643
281 660
281 487
282 387
282 593
282 436
282 345
282 317
283 717
283 570
283 483
283 340
283 493
284 337
284 310
285 369
285 540
285 497
286 361
286 603
286 484
287 585
287 337
287 422
287 334
288 318
288 678
288 297
288 457
288 313
288 446
288 799
289 324
289 415
291 651
291 461
291 692
291 730
292 513
292 612
292 568
292 498
292 404
292 661
292 724
292 376
292 474
292 703
293 338
293 476
294 496
294 616
295 302
295 570
295 637
297 359
297 777
297 590
298 392
299 323
299 485
299 648
299 589
299 465
300 357
300 563
300 633
301 421
302 577
302 387
302 427
302 463
302 496
302 315
303 422
303 589
303 310
303 695
303 539
304 320
305 356
305 468
305 664
306 427
306 435
306 406
307 430
307 725
307 414
308 400
309 744
309 489
310 716
310 589
310 378
311 433
311 359
311 637
312 732
312 474
312 468
312 404
312 701
313 718
313 499
313 563
313 537
313 350
314 433
315 386
315 451
315 356
315 454
315 404
316 330
316 699
317 748
317 365
317 724
317 756
318 659
318 381
318 678
319 720
319 535
320 581
320 494
320 440
320 445
321 677
321 336
321 786
322 621
322 364
322 381
322 630
323 705
323 453
323 693
324 362
324 661
324 603
325 550
325 496
325 630
325 633
325 603
326 697
326 510
328 611
328 516
328 775
328 470
329 350
329 399
330 611
330 718
330 750
330 720
330 639
331 346
331 355
331 756
332 385
332 482
332 454
332 776
332 560
333 611
333 581
333 583
334 616
335 675
336 467
336 662
336 567
337 444
337 596
338 483
338 706
338 391
338 439
338 568
338 473
338 543
339 481
339 410
339 456
340 354
340 395
340 780
340 507
340 410
341 538
342 642
342 750
342 496
342 721
342 441
343 616
343 459
343 528
343 624
343 442
343 667
344 660
344 395
346 420
346 551
347 643
347 678
348 537
349 745
349 466
349 654
350 449
350 409
350 561
350 372
351 705
351 460
351 444
352 683
352 781
352 572
352 731
353 520
353 746
354 427
355 706
355 614
356 610
356 614
356 392
356 731
357 705
357 772
357 488
357 756
359 481
359 579
359 460
359 543
361 645
361 744
361 634
361 474
362 690
362 639
363 369
363 796
363 599
364 526
365 528
365 798
366 676
366 721
366 753
366 468
366 383
367 679
367 668
369 579
369 680
370 615
371 682
371 523
371 526
371 626
371 634
372 682
372 785
373 544
373 545
373 757
374 551
374 494
375 487
378 697
378 746
379 684
379 667
379 759
380 621
381 779
381 433
381 670
382 623
382 583
383 483
383 612
383 398
383 595
383 409
383 799
384 585
384 484
385 613
385 589
386 387
386 455
386 436
386 405
386 506
387 657
388 498
389 714
389 717
389 561
389 466
389 786
389 477
390 402
390 470
390 719
391 663
392 740
392 648
392 462
392 510
393 725
394 492
395 451
396 522
396 438
398 481
398 534
399 612
399 551
399 787
400 778
400 471
401 754
401 534
401 695
403 597
403 599
404 629
405 644
405 427
406 736
406 771
406 745
406 537
407 450
407 673
408 688
408 465
408 445
409 462
411 666
411 444
412 693
413 683
413 494
413 725
413 629
414 545
414 421
414 581
414 715
414 463
415 635
416 776
416 417
416 721
416 717
416 550
417 716
418 459
419 597
419 734
420 657
421 480
422 520
422 446
423 475
424 550
424 551
425 481
425 694
426 673
426 745
426 684
426 702
427 468
428 552
428 527
428 582
429 481
429 500
430 779
430 654
430 781
430 762
431 739
431 615
433 480
433 503
433 539
434 461
434 685
434 464
434 497
434 631
434 701
435 728
435 641
435 511
436 656
437 722
437 622
437 507
437 462
438 579
438 619
438 751
440 774
441 738
442 608
442 690
443 615
444 587
444 461
444 505
444 718
444 656
444 729
444 597
445 454
446 616
446 777
446 493
446 785
447 560
447 761
447 787
448 552
448 761
448 795
448 768
449 710
450 757
450 554
450 580
451 782
451 624
451 754
451 532
451 607
452 530
453 480
453 518
453 539
454 472
456 501
456 696
458 538
458 603
458 582
458 503
459 704
459 682
459 531
460 514
460 657
460 567
460 701
461 680
461 489
461 560
461 754
461 794
462 489
462 490
463 576
463 609
464 528
464 559
465 782
465 468
465 731
466 549
466 782
469 536
469 497
469 631
469 503
470 681
470 780
471 528
472 504
472 494
473 608
474 758
475 626
475 501
475 727
475 698
476 562
476 683
478 597
479 712
479 573
480 578
480 712
480 684
480 670
482 494
483 552
484 731
485 685
486 568
486 497
486 749
486 750
487 759
487 632
487 732
487 669
488 681
488 537
489 721
489 502
490 784
490 693
491 702
492 583
492 602
492 699
493 610
493 776
493 748
493 526
493 752
495 574
495 502
496 582
496 742
497 621
497 536
498 616
499 619
499 589
499 600
500 675
500 790
500 727
502 590
505 767
506 688
506 524
507 718
507 747
508 592
509 668
509 686
510 633
510 559
511 615
511 554
511 683
511 561
511 664
513 569
514 591
514 731
516 561
516 673
516 697
517 681
519 576
520 715
521 610
521 616
521 626
521 658
521 794
521 605
522 574
523 699
524 581
524 715
524 658
525 735
525 766
525 788
525 599
528 581
528 686
528 575
530 589
530 753
530 659
531 579
531 772
531 755
532 602
532 765
536 682
536 795
537 712
537 622
537 756
538 579
538 722
539 546
539 752
540 622
541 775
542 680
542 736
542 732
542 652
542 742
543 675
543 551
544 548
544 684
545 672
545 610
546 635
546 708
547 632
547 717
548 706
548 550
548 783
551 740
551 759
552 652
553 619
554 647
554 650
554 595
555 636
555 753
556 688
556 705
556 621
556 671
557 595
558 609
558 668
559 611
560 648
561 781
562 728
562 695
563 737
563 670
566 746
566 668
567 761
567 769
569 704
569 773
569 658
569 575
570 682
570 725
573 652
573 750
573 654
575 768
576 766
577 728
577 625
578 625
579 762
579 627
581 604
582 644
582 683
582 727
582 728
583 699
584 615
584 776
584 594
584 793
585 642
586 746
587 666
588 746
588 757
591 626
593 741
593 762
594 779
594 678
595 649
595 658
596 653
596 733
597 739
597 646
597 678
597 742
598 665
599 783
600 784
600 646
601 606
601 631
602 727
603 670
604 749
604 726
604 607
605 642
605 666
605 634
605 732
606 673
606 630
607 632
609 737
610 611
612 798
614 638
617 652
618 765
618 678
624 672
624 707
624 646
624 749
626 709
628 679
628 662
630 634
631 776
631 670
633 736
633 794
638 661
638 703
639 641
643 758
644 647
645 796
645 773
647 736
649 704
649 729
650 786
650 733
652 663
652 695
652 758
653 673
653 709
654 787
654 761
655 773
657 678
657 756
659 768
662 672
663 737
664 792
665 738
666 776
667 774
670 708
671 737
673 677
673 689
674 763
675 720
675 758
675 697
675 763
675 796
676 752
679 748
681 729
681 766
683 783
686 787
687 727
688 773
689 717
689 788
689 693
690 740
690 719
690 695
695 768
695 733
697 758
699 770
702 794
702 707
704 726
706 711
710 763
713 737
713 781
717 733
719 735
720 768
720 761
722 779
722 780
726 784
727 744
730 773
730 780
732 793
733 799
735 742
736 756
739 783
739 760
741 771
741 759
743 778
748 777
752 783
754 756
757 764
758 771
758 781
766 782
773 777
794 795
