800 2000
0 640
0 322
0 67
0 390
0 234
0 527
0 569
0 314
0 511
1 82
1 724
1 236
1 718
1 374
2 16
2 629
2 214
2 455
3 225
3 66
3 452
3 173
3 469
3 505
3 794
3 348
3 413
4 83
4 268
4 101
4 327
5 716
5 524
6 74
6 91
6 278
6 31
7 630
7 211
7 230
8 64
8 229
8 250
8 300
8 21
9 201
9 66
9 133
10 259
10 377
10 799
10 441
10 699
10 540
10 575
11 66
11 605
11 741
11 588
11 733
11 447
12 43
12 173
12 270
12 366
12 307
12 55
12 253
12 415
13 717
13 475
13 325
13 158
14 289
14 34
14 385
14 675
14 518
14 432
14 689
14 724
14 730
14 668
14 413
15 655
15 223
15 282
15 215
16 520
16 644
16 82
16 214
17 792
17 346
18 482
18 227
18 740
18 615
18 617
18 787
18 790
18 759
18 696
18 283
19 67
19 741
19 359
19 713
19 401
19 535
19 216
19 346
20 483
20 228
20 432
20 756
20 694
20 664
21 427
21 132
21 613
22 293
22 518
22 362
22 242
22 631
22 187
23 520
23 153
23 584
23 133
23 711
24 474
24 362
24 765
24 399
25 629
25 164
25 405
25 287
26 264
26 449
26 705
26 37
26 462
27 216
27 300
27 311
28 353
28 663
28 587
28 206
28 242
28 469
28 407
29 112
29 528
29 774
30 549
30 38
30 103
30 394
30 529
30 632
30 187
31 741
31 493
31 723
31 413
31 734
32 641
32 133
32 678
32 415
32 394
32 462
32 219
32 765
32 607
33 483
33 678
33 334
33 348
33 733
33 542
33 639
34 104
34 86
34 100
35 240
35 546
35 308
36 321
36 194
36 513
36 554
36 493
36 462
36 303
36 525
36 500
36 119
36 734
37 234
37 43
37 501
37 602
37 344
37 636
37 285
38 328
38 362
38 614
38 276
39 748
39 462
39 498
39 564
39 118
39 286
40 423
40 393
40 75
40 108
40 252
40 124
40 222
41 56
41 626
42 770
42 297
42 399
42 560
42 468
42 631
42 472
43 257
43 338
43 343
43 59
43 574
43 287
44 140
44 220
44 124
44 659
44 47
45 56
45 479
46 784
46 116
46 525
46 767
47 129
47 413
47 366
47 71
48 146
48 139
48 394
48 397
48 207
49 563
49 649
49 483
49 643
49 245
50 416
50 512
50 728
50 277
50 111
51 68
51 197
51 614
51 267
51 150
51 282
51 381
52 465
52 138
52 773
53 146
53 715
53 236
53 85
54 328
54 313
54 386
54 579
54 766
55 69
55 530
55 563
55 249
55 730
56 495
56 115
56 350
56 607
57 100
57 636
57 84
57 655
58 417
58 419
58 294
58 779
58 400
58 435
58 373
58 631
58 317
59 549
59 517
59 742
59 713
59 173
59 564
59 795
59 380
60 777
60 676
60 543
61 399
61 663
61 170
61 750
61 383
62 152
62 363
62 413
63 698
63 676
63 100
64 193
64 488
64 394
64 649
64 746
64 433
64 375
64 607
65 420
65 644
65 74
65 461
65 271
65 143
65 82
65 86
65 377
65 382
66 426
67 355
67 667
68 265
68 409
68 421
68 415
69 387
69 676
69 173
69 397
69 208
69 692
69 603
70 429
70 367
70 80
70 789
70 374
70 248
70 314
71 336
71 679
71 666
71 95
72 544
72 357
72 229
72 238
72 559
72 785
72 662
72 702
73 408
73 274
73 628
73 118
73 280
73 379
73 284
73 222
74 225
74 644
74 677
74 615
74 772
74 521
74 145
74 535
75 736
75 755
75 436
76 338
77 641
77 514
77 301
77 527
78 305
78 708
78 797
78 633
78 375
79 627
79 578
79 603
79 695
80 386
80 645
80 790
81 761
81 746
81 524
82 443
82 637
83 612
83 615
83 234
83 429
83 528
83 178
83 541
84 576
84 740
84 775
84 655
84 319
85 303
86 480
86 195
86 621
87 289
87 700
87 460
87 534
88 505
89 306
89 699
89 661
89 135
90 705
90 202
90 371
90 507
90 479
91 627
91 449
91 595
91 174
92 227
92 188
92 236
92 414
93 296
93 684
93 528
93 114
93 283
93 700
94 128
94 264
94 415
94 315
94 476
94 543
95 708
96 579
96 521
96 791
96 752
96 755
96 244
96 759
96 728
96 665
96 317
97 227
97 425
97 683
97 492
97 652
97 598
98 201
98 226
98 622
98 358
98 415
99 129
99 212
99 391
100 579
100 549
100 422
100 264
100 144
100 758
100 663
100 536
101 193
101 753
101 583
102 482
102 313
102 332
102 657
102 791
102 185
102 285
102 445
103 481
103 422
103 783
103 148
103 758
103 762
103 283
103 190
104 385
104 136
104 758
104 216
104 473
104 442
105 737
105 776
105 396
105 147
105 344
105 443
106 177
106 714
106 189
106 270
107 305
107 783
108 256
108 363
108 683
108 239
108 154
109 706
109 708
109 329
109 204
109 237
109 788
109 599
109 409
109 604
110 358
110 355
110 565
110 254
111 324
111 326
113 667
113 452
113 597
113 311
114 296
114 585
114 747
114 237
114 369
114 669
115 295
115 300
115 405
115 218
115 445
116 608
116 226
116 386
116 559
116 766
117 552
117 490
117 501
117 343
117 152
117 253
118 650
118 749
118 719
118 432
118 177
118 183
119 226
119 397
119 542
119 367
120 578
120 308
120 478
120 382
121 357
121 647
121 459
121 301
121 591
121 439
122 388
122 617
122 620
122 504
122 154
122 767
123 554
123 300
123 376
123 380
123 477
123 414
124 307
124 557
124 432
125 690
125 425
125 226
125 661
126 145
126 778
126 172
127 657
127 571
127 220
127 252
128 602
128 276
129 493
129 144
129 146
129 629
129 246
129 638
130 505
131 738
131 614
131 424
131 202
131 463
131 754
131 179
131 725
131 284
132 456
132 504
132 536
132 302
132 174
132 501
132 312
132 253
133 679
133 617
133 685
133 184
133 569
134 278
135 380
135 238
136 336
136 196
136 365
138 690
138 500
139 512
139 551
139 232
139 780
139 374
139 439
139 694
139 250
139 507
140 426
140 402
141 282
141 578
142 760
142 290
142 487
143 615
143 679
143 566
143 311
143 441
144 418
144 227
144 309
145 610
145 645
145 296
145 459
145 716
145 593
145 570
146 629
146 547
147 642
147 646
147 217
147 350
148 665
148 311
149 514
149 796
149 167
150 208
150 249
150 475
150 793
151 528
151 345
151 468
152 253
152 250
153 608
153 515
153 233
153 425
153 396
153 524
153 366
153 157
153 184
153 189
153 670
154 292
154 446
154 202
154 244
154 245
154 284
154 318
154 671
155 242
155 275
155 783
156 380
157 708
157 775
157 616
157 588
157 669
158 714
158 210
158 261
158 276
159 232
159 618
159 696
159 327
160 739
160 324
161 417
161 323
161 210
161 436
161 344
161 191
162 256
162 488
162 729
162 756
162 335
163 514
163 700
163 206
164 416
164 732
164 217
164 396
164 599
164 316
164 573
165 622
165 208
165 498
165 789
165 759
165 701
165 383
166 672
166 257
166 218
166 357
167 249
167 194
167 511
168 638
168 796
168 622
169 329
169 565
169 269
169 182
169 727
170 688
170 441
170 235
170 476
171 531
171 657
171 614
171 315
171 406
172 328
172 600
172 587
172 254
173 263
173 232
173 331
173 620
173 530
173 403
173 252
174 323
174 366
174 400
174 632
174 188
175 532
175 414
175 591
176 368
176 331
176 581
176 454
176 685
177 488
177 648
177 270
177 686
177 508
178 398
178 499
179 184
179 697
179 527
179 295
180 513
180 612
180 773
180 652
180 333
180 661
181 427
181 290
181 338
181 277
181 798
182 231
182 367
182 783
182 784
182 475
182 315
183 301
183 366
183 625
183 409
183 474
184 592
184 222
185 384
185 358
185 526
185 211
185 796
186 540
187 226
187 623
187 753
187 602
187 413
188 762
188 515
189 520
189 291
189 415
190 223
190 294
191 424
191 775
192 650
192 660
192 582
193 736
193 293
193 230
193 200
193 775
194 360
194 231
194 581
195 516
196 559
197 578
197 386
197 299
197 331
197 301
197 784
198 541
198 213
199 468
199 654
199 751
200 651
200 604
201 432
201 643
201 763
202 762
202 242
202 210
202 530
203 386
203 524
203 757
203 239
204 224
204 373
204 542
205 648
205 658
205 404
205 391
206 706
206 611
206 336
206 410
207 459
207 424
208 445
209 320
209 476
209 648
209 287
210 374
211 491
211 787
211 408
211 540
212 288
212 422
212 235
212 315
212 284
213 560
213 489
213 511
214 585
214 333
214 626
214 724
215 257
215 609
215 781
215 470
215 442
216 776
216 396
216 589
216 724
217 643
217 368
217 533
217 317
218 787
218 434
218 479
219 650
219 687
219 533
219 599
219 573
220 631
220 234
220 342
220 343
220 569
220 700
221 465
221 435
221 561
221 598
221 519
222 397
223 552
223 522
223 747
223 318
224 462
224 342
224 559
225 753
225 534
225 439
226 291
226 248
226 730
228 646
228 395
228 239
228 661
228 600
228 444
229 432
229 407
230 792
230 234
230 485
231 744
231 555
231 270
232 577
232 491
232 716
232 727
232 443
233 288
233 436
233 653
234 355
234 741
234 426
234 372
234 436
234 573
235 386
235 623
235 755
235 318
236 334
236 519
237 554
237 758
237 247
237 479
238 529
238 468
238 501
239 546
239 675
239 615
240 799
241 474
241 797
242 676
242 681
242 330
242 586
242 398
242 369
242 247
242 377
242 444
243 369
243 278
244 690
244 277
244 422
245 321
245 426
245 561
245 691
245 735
246 264
246 338
246 624
247 770
247 654
247 593
247 437
247 601
248 433
248 379
248 450
249 520
249 504
249 283
249 667
249 477
250 261
250 519
250 555
250 367
250 722
251 584
251 409
251 690
251 750
251 543
252 791
252 462
253 408
253 538
254 470
255 568
255 742
255 358
255 510
256 414
256 386
257 712
257 586
257 763
258 763
258 303
259 720
259 466
259 591
260 552
260 276
261 611
261 446
261 336
261 592
261 402
261 371
261 752
261 313
262 672
262 769
262 516
262 426
262 727
262 473
263 405
263 375
263 312
263 281
263 343
264 325
264 580
264 364
265 538
266 601
266 513
266 595
266 596
266 381
267 371
267 536
267 611
267 752
268 552
268 765
268 317
269 578
269 668
271 386
271 368
271 530
271 790
271 570
271 287
272 344
272 306
272 732
272 284
272 632
273 386
273 651
273 492
274 549
274 467
274 468
274 516
275 497
276 306
276 732
277 607
278 522
278 523
278 653
278 464
278 791
279 472
279 601
279 562
279 652
279 303
280 706
280 366
280 624
280 340
280 437
280 696
281 304
281 318
282 363
282 331
282 569
283 352
283 422
283 627
283 500
283 665
284 425
284 652
284 303
284 702
285 649
285 703
286 706
286 455
286 586
286 301
286 435
287 458
287 529
288 665
288 795
288 761
289 369
289 524
290 576
290 516
290 584
290 634
290 796
291 609
291 770
291 430
291 304
291 339
291 790
291 727
291 793
292 664
292 535
293 746
294 645
294 542
294 584
294 397
294 591
294 336
294 497
294 505
295 574
295 359
296 573
296 363
296 398
296 311
297 552
297 523
297 546
297 688
298 482
299 648
299 419
299 763
300 454
300 776
300 788
300 380
301 622
302 408
302 621
304 739
304 363
304 753
304 467
304 539
304 380
305 553
305 306
306 424
306 752
306 602
306 637
307 741
307 790
307 464
308 344
308 424
308 650
308 331
308 717
308 598
309 512
309 471
309 743
309 533
309 630
309 310
310 441
310 565
311 642
311 520
311 374
311 671
312 682
312 778
312 333
312 501
312 670
313 612
313 682
313 778
313 597
313 472
313 508
314 341
314 335
315 622
315 407
315 728
316 536
316 388
316 470
316 696
317 652
317 601
317 665
317 437
317 667
318 624
318 603
319 441
319 467
319 413
320 402
320 373
321 385
321 622
322 778
322 499
322 669
322 638
324 545
324 406
325 522
325 524
325 686
325 663
325 505
326 472
326 773
327 710
327 487
327 402
327 437
327 536
328 482
328 490
329 545
329 420
329 426
329 532
329 443
330 424
333 560
333 658
333 435
334 738
334 555
334 787
334 659
335 516
336 697
337 661
338 546
338 388
339 706
339 394
339 365
339 693
339 408
339 602
341 741
341 378
342 779
343 608
343 775
343 432
344 738
344 773
344 498
345 736
345 505
345 531
345 389
346 550
346 488
346 457
346 744
346 763
347 786
347 564
347 764
349 361
349 428
349 709
349 777
350 522
350 362
350 707
351 385
351 705
351 685
351 485
351 553
352 572
352 661
352 390
353 530
353 767
354 752
354 369
354 507
354 758
354 799
355 694
355 442
355 510
356 575
357 569
357 433
357 595
358 548
358 392
358 365
359 649
359 462
359 463
359 446
360 440
360 670
361 691
361 514
361 603
361 694
362 498
362 411
363 536
364 779
364 375
365 711
366 421
366 478
367 746
367 779
367 598
367 438
368 392
369 613
369 799
370 771
370 435
370 660
371 553
372 584
373 723
373 598
374 745
375 750
375 432
375 731
376 684
378 598
378 743
379 653
379 733
379 423
380 663
381 768
383 514
383 756
383 692
383 628
384 616
384 554
384 507
385 628
385 598
385 414
386 577
386 653
387 607
388 423
388 552
388 432
388 561
388 657
388 628
388 757
389 635
389 638
389 742
390 498
390 748
390 581
391 611
391 678
391 774
392 481
392 610
392 613
392 727
393 586
393 636
393 494
393 423
394 429
394 476
395 649
396 681
396 435
396 662
396 575
397 548
397 489
398 796
398 478
399 539
399 498
400 657
401 685
401 542
401 783
402 576
402 681
405 694
405 406
406 771
406 579
407 452
407 482
408 420
408 678
408 653
408 468
409 417
409 483
410 632
410 625
410 690
411 512
411 546
411 521
411 594
411 435
411 662
411 633
412 523
412 788
413 719
413 766
413 531
413 667
415 760
416 656
416 570
417 461
417 631
418 589
419 736
419 612
419 583
419 490
419 627
419 569
420 658
420 509
421 656
421 481
421 609
423 785
423 469
423 728
423 730
424 762
425 526
426 729
427 489
427 562
427 564
429 567
431 593
431 663
432 481
432 784
432 565
434 484
435 456
435 686
437 616
437 585
437 685
438 644
438 618
438 538
438 764
438 799
439 740
439 782
439 467
439 565
440 742
440 558
440 660
440 541
440 574
441 537
442 488
442 484
443 786
443 533
443 599
444 621
444 618
446 705
446 648
446 472
447 665
447 492
449 771
450 605
452 770
452 685
453 658
453 788
453 575
454 669
455 545
455 650
456 504
456 752
456 659
457 523
457 544
457 522
458 608
458 746
459 464
459 636
460 675
460 575
461 576
461 770
461 495
461 567
462 645
462 530
462 543
463 489
463 591
463 558
464 487
464 713
464 563
464 787
464 572
466 771
466 493
467 643
467 583
467 699
468 649
468 747
469 506
470 505
470 733
472 695
473 689
473 696
473 503
474 538
476 694
477 601
477 629
477 777
478 590
478 751
479 641
479 642
479 776
479 722
479 728
480 695
480 618
480 701
480 487
481 583
481 654
482 540
482 607
484 661
484 758
484 719
485 794
486 544
486 562
487 632
488 630
489 578
489 515
489 796
490 782
490 495
491 557
493 787
493 732
494 772
494 791
494 654
494 511
495 673
495 647
495 786
497 699
498 647
499 665
500 708
500 622
500 592
502 569
502 717
503 572
504 732
506 710
507 746
507 540
509 624
510 704
511 527
512 711
512 685
513 718
513 798
513 702
514 678
514 556
514 749
514 661
514 798
515 613
515 651
515 601
516 680
516 685
517 633
518 627
518 799
518 665
518 574
518 639
520 742
520 761
521 539
521 753
522 677
523 772
523 539
524 579
524 740
524 667
526 648
526 615
528 695
530 791
531 702
532 664
533 608
533 649
533 541
534 736
534 719
535 640
537 562
537 611
537 772
538 619
539 599
540 704
540 611
540 616
540 589
541 709
541 652
541 631
542 638
543 552
544 756
545 592
545 640
546 634
547 770
547 566
548 649
549 688
549 604
550 774
550 598
550 719
551 640
551 781
551 594
551 691
551 726
553 782
554 584
555 574
556 782
557 638
558 721
559 794
560 733
560 774
561 676
561 699
562 622
562 592
562 657
563 736
565 681
565 589
565 633
566 745
566 770
566 590
567 784
567 788
568 593
568 626
570 592
570 629
572 771
573 759
574 596
574 789
576 710
577 611
578 781
579 685
579 592
579 790
580 790
581 759
582 736
582 674
584 672
584 613
584 685
586 738
586 796
586 781
586 700
587 630
591 712
595 703
596 719
597 799
598 717
599 613
599 679
599 650
599 663
601 619
601 748
601 691
601 787
604 719
605 653
605 639
606 787
609 656
610 748
611 755
612 678
612 647
613 667
614 640
614 798
615 706
615 675
615 687
615 628
615 659
617 677
617 693
617 636
618 701
619 657
619 723
620 719
621 726
621 718
622 742
622 754
623 690
626 643
626 647
627 750
627 687
627 720
630 645
630 689
630 788
630 634
634 684
635 649
636 684
636 735
637 739
640 648
640 780
640 765
642 708
643 729
644 737
644 786
645 785
645 725
646 703
649 654
649 756
650 750
651 776
651 720
652 657
655 751
658 684
658 693
658 730
659 678
660 674
661 692
661 730
662 779
663 757
666 755
667 788
668 749
668 763
669 741
670 792
672 697
673 695
674 795
676 773
676 728
678 771
679 718
679 788
680 793
681 683
681 686
681 719
681 787
682 685
685 762
686 779
688 699
689 695
697 796
702 740
708 755
717 758
720 723
724 766
727 739
728 730
731 751
734 743
735 797
736 754
737 756
738 779
744 782
748 781
753 788
758 784
759 787
763 777
766 794
767 768
768 783
771 790
785 788
789 790
