800 8000
0 736
0 486
0 199
0 41
0 202
0 361
0 653
0 46
0 174
0 113
0 18
0 467
0 52
0 563
0 565
0 632
0 729
0 602
0 123
0 699
0 543
1 544
1 481
1 34
1 36
1 164
1 230
1 135
1 104
1 423
1 775
1 332
1 15
1 335
1 305
1 372
1 661
1 153
1 730
1 603
2 323
2 612
2 295
2 72
2 73
2 299
2 268
2 525
2 589
2 143
2 303
2 399
2 689
2 179
2 20
2 148
2 118
2 468
2 665
2 443
3 96
3 65
3 34
3 99
3 161
3 481
3 264
3 169
3 328
3 600
3 396
3 783
3 792
3 434
3 21
3 181
3 374
3 440
3 795
3 541
3 159
4 514
4 387
4 134
4 648
4 137
4 395
4 144
4 20
4 665
4 283
4 541
4 413
4 542
4 159
4 37
4 422
4 691
4 308
4 310
4 55
4 738
4 107
4 508
5 771
5 228
5 390
5 231
5 296
5 204
5 461
5 494
5 527
5 684
5 401
5 529
5 627
5 718
5 597
5 729
5 218
5 541
5 638
6 738
6 168
6 363
6 270
6 48
6 337
6 82
6 720
6 753
6 565
6 54
6 55
6 661
6 785
6 219
6 700
7 353
7 34
7 69
7 645
7 585
7 589
7 687
7 208
7 464
7 370
7 435
7 787
7 725
7 730
7 602
7 318
8 32
8 417
8 482
8 195
8 609
8 229
8 642
8 73
8 585
8 713
8 655
8 212
8 149
8 564
8 726
8 408
8 698
8 124
8 606
9 777
9 139
9 143
9 655
9 532
9 660
9 285
9 34
9 421
9 295
9 423
9 300
9 556
9 578
9 453
9 458
9 589
9 83
9 340
9 602
9 220
9 742
9 253
9 126
10 385
10 773
10 659
10 404
10 798
10 31
10 33
10 163
10 426
10 174
10 47
10 561
10 563
10 575
10 66
10 707
10 202
10 99
10 229
10 365
10 247
10 763
10 253
10 127
11 128
11 225
11 66
11 770
11 550
11 615
11 360
11 137
11 536
11 648
11 141
11 205
11 301
11 461
11 527
11 752
11 211
11 472
11 666
12 225
12 321
12 227
12 292
12 796
12 296
12 201
12 361
12 457
12 522
12 436
12 440
12 441
12 282
12 155
12 380
12 604
13 33
13 280
13 262
13 711
13 584
13 650
13 365
13 368
13 307
13 596
13 117
13 86
13 310
13 184
13 121
13 534
13 286
14 263
14 523
14 141
14 531
14 21
14 539
14 283
14 667
14 671
14 799
14 552
14 44
14 689
14 315
14 319
14 322
14 579
14 196
14 708
14 459
14 340
14 726
14 471
14 216
14 348
14 362
14 491
14 109
14 254
14 767
15 133
15 504
15 680
15 429
15 590
15 591
15 241
15 403
15 84
15 276
15 214
15 438
15 24
15 473
15 629
15 660
15 254
16 192
16 417
16 769
16 358
16 423
16 551
16 205
16 464
16 209
16 114
16 497
16 756
16 534
16 567
16 472
16 57
16 219
17 416
17 130
17 133
17 293
17 478
17 551
17 107
17 268
17 543
17 620
17 655
17 50
17 692
17 181
17 727
17 121
17 122
17 284
17 94
17 223
18 160
18 225
18 165
18 358
18 295
18 518
18 267
18 428
18 47
18 560
18 146
18 211
18 247
18 283
18 476
19 512
19 640
19 515
19 518
19 779
19 785
19 530
19 20
19 539
19 155
19 552
19 433
19 322
19 452
19 208
19 210
19 219
19 605
19 97
19 361
19 239
19 629
19 379
19 252
19 125
20 642
20 519
20 144
20 785
20 530
20 793
20 797
20 162
20 430
20 688
20 51
20 308
20 54
20 182
20 59
20 580
20 713
20 332
20 333
20 215
20 729
20 619
20 240
20 758
20 760
20 121
20 636
21 536
21 674
21 419
21 434
21 185
21 445
21 448
21 457
21 78
21 463
21 465
21 219
21 604
21 95
21 610
21 613
21 754
21 633
21 510
21 383
22 652
22 141
22 277
22 415
22 49
22 182
22 183
22 440
22 568
22 56
22 586
22 78
22 466
22 724
22 96
22 355
22 100
22 750
22 623
22 242
22 247
22 253
23 224
23 544
23 641
23 196
23 73
23 588
23 621
23 749
23 272
23 658
23 147
23 120
23 666
23 379
23 95
24 640
24 701
24 72
24 680
24 618
24 441
24 314
24 429
24 378
24 144
24 473
24 403
24 469
24 150
24 57
24 186
24 125
24 638
25 131
25 484
25 165
25 325
25 615
25 710
25 141
25 175
25 400
25 689
25 798
25 83
25 211
25 53
25 181
25 439
25 470
25 534
25 629
25 698
25 735
26 96
26 641
26 419
26 637
26 709
26 774
26 489
26 170
26 431
26 144
26 176
26 688
26 499
26 213
26 375
26 377
26 506
26 251
26 189
26 158
27 256
27 197
27 583
27 617
27 523
27 141
27 397
27 591
27 209
27 305
27 83
27 626
27 697
27 721
27 663
27 571
27 219
28 161
28 100
28 422
28 296
28 670
28 364
28 620
28 683
28 716
28 728
28 791
28 275
28 51
28 695
28 632
28 218
28 574
28 543
29 546
29 291
29 228
29 249
29 358
29 199
29 200
29 440
29 488
29 331
29 778
29 429
29 303
29 595
29 213
29 86
29 119
29 184
29 214
29 794
29 61
30 609
30 451
30 36
30 389
30 453
30 263
30 614
30 616
30 426
30 739
30 747
30 557
30 527
30 529
30 721
30 243
30 249
30 220
30 190
31 515
31 389
31 774
31 779
31 148
31 281
31 284
31 550
31 427
31 558
31 49
31 561
31 311
31 440
31 197
31 716
31 86
31 360
31 237
31 110
31 248
32 131
32 415
32 672
32 166
32 681
32 46
32 688
32 691
32 569
32 62
32 708
32 585
32 202
32 462
32 339
32 213
32 341
32 87
32 88
32 601
32 215
32 726
32 734
32 98
32 499
32 116
32 766
33 384
33 770
33 643
33 648
33 398
33 532
33 788
33 795
33 541
33 546
33 36
33 164
33 310
33 568
33 698
33 67
33 71
33 714
33 83
33 348
33 118
33 503
34 64
34 164
34 485
34 573
34 520
34 110
34 687
34 466
34 115
34 754
34 566
34 570
34 445
34 190
35 387
35 391
35 136
35 401
35 278
35 42
35 428
35 557
35 561
35 179
35 313
35 192
35 451
35 76
35 80
35 209
35 465
35 596
35 227
35 362
35 121
35 508
35 766
36 515
36 522
36 142
36 399
36 666
36 49
36 52
36 575
36 451
36 708
36 326
36 460
36 474
36 739
36 615
36 232
36 363
36 747
36 748
36 110
36 497
36 628
36 758
36 120
37 481
37 577
37 259
37 424
37 233
37 618
37 777
37 781
37 79
37 688
37 211
37 52
37 598
37 507
37 184
37 154
37 315
37 573
38 324
38 356
38 517
38 391
38 460
38 684
38 49
38 243
38 307
38 309
38 277
38 662
38 767
38 793
38 763
38 159
39 513
39 263
39 399
39 536
39 282
39 798
39 293
39 43
39 55
39 60
39 705
39 325
39 590
39 601
39 731
39 603
39 478
39 608
39 363
39 238
39 759
39 248
40 448
40 417
40 636
40 674
40 517
40 361
40 202
40 746
40 172
40 687
40 593
40 308
40 468
40 475
40 251
40 572
40 318
40 383
41 417
41 130
41 354
41 132
41 382
41 646
41 362
41 778
41 434
41 243
41 403
41 405
41 470
41 566
41 788
41 762
41 797
41 318
42 256
42 129
42 260
42 775
42 648
42 651
42 140
42 536
42 409
42 155
42 673
42 676
42 683
42 301
42 439
42 185
42 314
42 188
42 327
42 584
42 85
42 731
42 94
42 736
42 226
42 612
42 108
42 492
42 497
42 123
43 707
43 69
43 773
43 542
43 266
43 363
43 269
43 558
43 622
43 752
43 275
43 85
43 470
43 501
43 629
43 507
43 573
43 62
43 671
44 225
44 131
44 357
44 199
44 777
44 76
44 110
44 142
44 305
44 53
44 469
44 694
44 280
44 217
44 442
44 123
44 62
45 197
45 201
45 171
45 428
45 77
45 173
45 461
45 93
45 55
45 308
45 119
45 373
45 404
45 378
45 125
45 798
46 64
46 226
46 418
46 512
46 104
46 360
46 394
46 424
46 456
46 237
46 366
46 368
46 185
46 506
47 128
47 133
47 264
47 654
47 401
47 148
47 151
47 668
47 544
47 306
47 51
47 697
47 585
47 75
47 465
47 339
47 213
47 472
47 221
47 110
47 627
47 122
47 379
48 227
48 68
48 360
48 105
48 298
48 488
48 651
48 333
48 462
48 251
48 442
48 525
48 594
48 683
48 507
48 632
48 281
48 58
48 219
48 383
49 576
49 257
49 194
49 67
49 645
49 775
49 587
49 543
49 588
49 431
49 405
49 631
49 344
50 256
50 258
50 450
50 452
50 485
50 136
50 456
50 106
50 363
50 685
50 626
50 404
50 601
50 538
50 219
50 699
51 768
51 393
51 411
51 426
51 683
51 313
51 314
51 452
51 327
51 328
51 718
51 597
51 602
51 480
51 101
51 745
51 618
51 492
51 632
51 635
52 643
52 789
52 278
52 160
52 293
52 681
52 694
52 311
52 719
52 338
52 83
52 471
52 215
52 220
52 355
52 362
52 363
52 618
52 365
52 249
53 289
53 229
53 613
53 199
53 551
53 137
53 170
53 235
53 109
53 461
53 554
53 432
53 620
53 117
53 661
53 536
54 193
54 418
54 794
54 361
54 489
54 203
54 555
54 334
54 374
54 249
54 314
54 603
55 258
55 132
55 656
55 657
55 664
55 414
55 164
55 420
55 551
55 61
55 331
55 594
55 722
55 724
55 341
55 88
55 345
55 608
55 617
55 749
55 761
55 122
56 224
56 293
56 709
56 171
56 621
56 142
56 145
56 404
56 85
56 183
56 693
56 761
56 61
57 644
57 520
57 155
57 283
57 539
57 424
57 305
57 61
57 702
57 447
57 197
57 79
57 341
57 88
57 346
57 102
57 233
57 107
57 237
57 239
57 506
57 637
58 417
58 490
58 740
58 298
58 459
58 204
58 140
58 236
58 365
58 241
58 366
58 115
58 400
58 441
58 154
58 637
59 256
59 641
59 391
59 653
59 146
59 796
59 540
59 159
59 293
59 679
59 680
59 557
59 566
59 439
59 319
59 704
59 195
59 580
59 81
59 728
59 361
60 704
60 354
60 515
60 581
60 166
60 425
60 797
60 396
60 429
60 461
60 589
60 336
60 687
60 718
60 185
60 346
60 636
60 733
60 478
60 191
61 515
61 261
61 395
61 780
61 142
61 654
61 535
61 794
61 302
61 562
61 698
61 66
61 460
61 81
61 594
61 471
61 87
61 476
61 223
61 252
62 768
62 776
62 649
62 399
62 656
62 145
62 543
62 174
62 178
62 566
62 183
62 445
62 574
62 66
62 194
62 709
62 710
62 76
62 205
62 339
62 726
62 728
62 220
62 496
63 290
63 708
63 294
63 198
63 519
63 329
63 650
63 172
63 749
63 80
63 496
63 306
63 506
63 657
63 502
63 791
63 442
63 507
63 382
64 608
64 193
64 668
64 420
64 69
64 229
64 167
64 264
64 551
64 584
64 235
64 683
64 709
64 146
64 86
64 155
64 380
65 388
65 393
65 395
65 656
65 791
65 285
65 548
65 561
65 312
65 445
65 194
65 710
65 711
65 456
65 584
65 76
65 466
65 608
65 483
65 495
65 502
65 120
66 262
66 142
66 410
66 416
66 678
66 555
66 428
66 556
66 573
66 701
66 447
66 324
66 585
66 463
66 212
66 93
66 733
66 740
66 242
66 758
66 253
67 160
67 134
67 294
67 521
67 266
67 299
67 396
67 112
67 208
67 400
67 180
67 341
67 468
67 473
67 411
67 701
67 571
68 768
68 129
68 259
68 525
68 661
68 151
68 537
68 288
68 674
68 549
68 426
68 682
68 684
68 301
68 176
68 181
68 694
68 311
68 442
68 324
68 708
68 329
68 724
68 472
68 728
68 486
68 232
68 363
68 364
68 492
68 627
69 228
69 133
69 197
69 550
69 740
69 138
69 107
69 332
69 460
69 654
69 118
69 119
69 504
69 630
69 790
69 383
70 547
70 388
70 420
70 677
70 397
70 655
70 307
70 310
70 281
70 506
70 315
70 316
70 798
71 225
71 291
71 673
71 677
71 646
71 583
71 424
71 706
71 529
71 767
71 564
71 149
71 407
71 440
71 796
71 189
71 447
72 643
72 100
72 517
72 772
72 200
72 457
72 778
72 427
72 556
72 431
72 495
72 593
72 786
72 215
72 249
72 700
73 704
73 513
73 291
73 263
73 328
73 74
73 427
73 456
73 618
73 649
73 465
73 370
73 307
73 116
73 500
73 657
73 91
73 381
74 481
74 514
74 134
74 135
74 326
74 362
74 551
74 172
74 680
74 430
74 537
74 626
74 756
74 630
74 535
74 409
74 124
74 605
74 94
74 351
75 257
75 289
75 227
75 231
75 679
75 265
75 685
75 239
75 240
75 691
75 341
75 406
75 407
75 504
75 597
75 668
75 445
76 129
76 137
76 152
76 671
76 160
76 677
76 551
76 680
76 181
76 566
76 183
76 457
76 336
76 481
76 620
76 110
76 254
76 766
77 608
77 547
77 292
77 233
77 618
77 619
77 204
77 78
77 495
77 720
77 404
77 149
77 120
77 154
77 219
77 540
78 776
78 270
78 405
78 797
78 542
78 799
78 291
78 170
78 171
78 442
78 189
78 709
78 203
78 480
78 99
78 489
78 501
78 246
78 249
78 126
78 767
79 439
79 769
79 166
79 167
79 650
79 495
79 720
79 405
79 119
79 251
79 670
80 258
80 390
80 488
80 377
80 585
80 525
80 686
80 336
80 465
80 671
80 403
80 374
80 631
80 249
80 508
80 797
81 353
81 98
81 641
81 484
81 567
81 425
81 587
81 461
81 142
81 792
81 662
81 247
81 632
81 222
82 256
82 194
82 99
82 550
82 200
82 187
82 397
82 718
82 528
82 213
82 246
82 309
82 598
82 729
82 346
82 123
83 795
83 353
83 483
83 164
83 388
83 517
83 548
83 745
83 780
83 302
83 659
83 599
83 600
83 571
83 543
84 162
84 771
84 551
84 552
84 583
84 746
84 267
84 204
84 396
84 142
84 427
84 653
84 752
84 779
84 661
84 663
84 346
84 764
85 163
85 228
85 484
85 358
85 503
85 515
85 583
85 363
85 109
85 460
85 622
85 681
85 146
85 690
85 597
85 310
85 471
85 319
86 227
86 709
86 198
86 326
86 390
86 679
86 779
86 687
86 112
86 212
86 213
86 566
86 790
86 191
87 260
87 772
87 167
87 266
87 683
87 797
87 575
87 494
87 467
87 404
87 724
87 502
87 599
87 572
87 766
87 415
88 129
88 578
88 610
88 710
88 106
88 460
88 620
88 110
88 780
88 112
88 114
88 692
88 248
88 767
89 480
89 737
89 772
89 389
89 645
89 488
89 459
89 460
89 173
89 493
89 696
89 656
89 148
89 277
89 309
89 246
89 119
90 131
90 383
90 299
90 463
90 315
90 756
90 149
90 379
90 95
91 130
91 516
91 406
91 663
91 534
91 158
91 543
91 557
91 176
91 308
91 444
91 322
91 593
91 354
91 355
91 356
91 738
91 491
91 747
91 365
91 373
91 254
92 448
92 193
92 418
92 163
92 419
92 770
92 714
92 107
92 627
92 308
92 565
92 312
92 763
92 702
93 320
93 705
93 774
93 383
93 488
93 519
93 651
93 528
93 338
93 339
93 691
93 632
93 315
93 255
94 388
94 645
94 397
94 788
94 670
94 544
94 672
94 429
94 434
94 447
94 455
94 715
94 466
94 211
94 218
94 613
94 102
94 742
94 105
95 391
95 653
95 788
95 793
95 546
95 554
95 563
95 698
95 588
95 333
95 338
95 214
95 221
95 487
95 366
95 625
95 120
95 378
95 253
96 350
96 514
96 478
96 262
96 649
96 396
96 271
96 399
96 784
96 146
96 533
96 118
96 190
97 449
97 503
97 741
97 489
97 586
97 748
97 719
97 112
97 240
97 433
97 465
97 437
97 246
97 374
97 570
97 628
97 186
97 731
97 349
98 520
98 138
98 145
98 276
98 534
98 662
98 790
98 671
98 429
98 431
98 694
98 183
98 318
98 192
98 709
98 594
98 218
98 747
98 508
98 253
99 773
99 392
99 650
99 292
99 549
99 680
99 169
99 181
99 565
99 568
99 443
99 456
99 201
99 212
99 606
99 608
99 100
99 619
99 243
99 504
100 320
100 771
100 167
100 264
100 423
100 424
100 489
100 586
100 366
100 494
100 654
100 715
100 751
100 630
100 409
100 542
100 767
101 258
101 329
101 300
101 269
101 365
101 524
101 559
101 588
101 688
101 147
101 243
101 246
101 157
101 190
102 385
102 260
102 773
102 262
102 776
102 652
102 526
102 156
102 285
102 422
102 556
102 430
102 578
102 196
102 472
102 353
102 363
102 748
102 110
102 628
102 760
103 128
103 353
103 386
103 578
103 672
103 585
103 522
103 650
103 236
103 683
103 685
103 367
103 463
103 528
103 466
103 435
103 121
103 698
103 190
104 259
104 262
104 394
104 780
104 269
104 788
104 535
104 409
104 796
104 417
104 297
104 170
104 684
104 310
104 441
104 446
104 576
104 584
104 342
104 350
104 747
104 757
104 118
104 253
104 509
105 770
105 274
105 275
105 149
105 410
105 160
105 291
105 295
105 552
105 306
105 180
105 310
105 713
105 462
105 718
105 472
105 345
105 606
105 235
105 632
105 249
106 707
106 709
106 486
106 335
106 595
106 788
106 629
106 121
106 411
106 476
106 478
106 735
107 768
107 772
107 646
107 782
107 144
107 787
107 150
107 422
107 564
107 312
107 313
107 569
107 702
107 446
107 593
107 339
107 607
107 744
107 756
107 509
108 673
108 420
108 764
108 198
108 328
108 170
108 427
108 523
108 270
108 271
108 560
108 607
108 338
108 307
108 180
108 628
108 439
108 315
108 252
108 319
109 770
109 392
109 651
109 660
109 413
109 171
109 690
109 565
109 582
109 332
109 335
109 338
109 599
109 473
109 602
109 360
109 234
109 495
109 502
109 379
109 508
110 393
110 267
110 291
110 423
110 551
110 426
110 693
110 699
110 191
110 198
110 586
110 718
110 339
110 212
110 352
110 493
110 622
110 751
110 240
110 508
111 385
111 516
111 422
111 519
111 520
111 681
111 695
111 140
111 526
111 593
111 691
111 276
111 244
111 436
111 692
111 787
111 571
111 411
112 161
112 195
112 388
112 134
112 551
112 520
112 265
112 202
112 579
112 582
112 397
112 474
112 628
112 343
112 154
112 251
112 220
113 193
113 576
113 605
113 678
113 670
113 396
113 780
113 251
113 624
113 211
113 596
113 757
113 247
113 440
113 185
113 602
113 187
113 189
113 350
114 256
114 513
114 644
114 519
114 265
114 525
114 401
114 534
114 296
114 429
114 180
114 314
114 586
114 231
114 360
114 363
114 495
114 244
114 374
114 375
114 126
115 128
115 161
115 160
115 321
115 451
115 230
115 775
115 297
115 585
115 783
115 242
115 466
115 754
115 215
115 248
115 153
115 604
115 446
115 511
116 641
116 386
116 780
116 781
116 538
116 296
116 440
116 441
116 321
116 325
116 591
116 596
116 219
116 221
116 482
116 617
116 490
116 618
116 236
116 492
116 759
116 371
116 503
117 128
117 514
117 133
117 142
117 152
117 541
117 671
117 159
117 566
117 183
117 186
117 699
117 319
117 578
117 198
117 712
117 348
117 741
117 617
117 367
117 123
118 257
118 519
118 233
118 551
118 174
118 526
118 687
118 500
118 310
118 279
118 731
118 540
119 352
119 163
119 165
119 262
119 454
119 518
119 427
119 428
119 537
119 304
119 655
119 720
119 374
119 376
119 603
119 222
120 677
120 663
120 457
120 395
120 428
120 283
120 147
120 340
120 531
120 155
120 668
120 734
121 518
121 267
121 277
121 154
121 541
121 797
121 163
121 567
121 572
121 700
121 323
121 583
121 459
121 342
121 216
121 739
121 229
121 613
121 372
121 375
121 632
121 634
121 126
122 387
122 646
122 777
122 268
122 396
122 144
122 791
122 416
122 421
122 422
122 423
122 300
122 307
122 437
122 697
122 701
122 735
122 483
122 365
122 499
122 757
122 508
122 639
123 644
123 521
123 778
123 279
123 537
123 796
123 669
123 417
123 309
123 437
123 578
123 579
123 709
123 202
123 472
123 735
123 225
123 743
123 619
123 636
124 194
124 388
124 326
124 167
124 137
124 139
124 616
124 766
124 367
124 343
124 438
124 279
124 664
124 378
124 699
124 797
124 318
124 543
125 782
125 144
125 295
125 297
125 174
125 433
125 564
125 565
125 182
125 440
125 570
125 446
125 574
125 722
125 735
125 492
125 504
125 378
125 635
125 382
126 517
126 518
126 666
126 796
126 670
126 293
126 425
126 554
126 304
126 432
126 691
126 579
126 201
126 331
126 719
126 229
126 488
126 363
126 252
127 646
127 783
127 400
127 529
127 148
127 280
127 674
127 419
127 420
127 682
127 559
127 306
127 704
127 589
127 213
127 225
127 609
127 614
127 235
127 240
127 633
128 642
128 391
128 140
128 655
128 401
128 658
128 545
128 421
128 551
128 442
128 447
128 448
128 709
128 463
128 345
128 225
128 741
128 491
128 749
128 251
129 386
129 650
129 527
129 532
129 406
129 437
129 695
129 696
129 318
129 455
129 328
129 462
129 592
129 220
129 610
129 364
129 252
129 383
130 640
130 138
130 789
130 155
130 667
130 799
130 162
130 547
130 296
130 172
130 560
130 307
130 693
130 310
130 447
130 197
130 591
130 336
130 725
130 477
130 625
130 245
130 764
130 382
130 383
131 663
131 713
131 620
131 569
131 792
131 339
131 404
131 467
131 500
131 599
131 628
131 660
131 380
131 761
132 193
132 554
132 681
132 397
132 334
132 656
132 529
132 402
132 179
132 371
132 533
132 536
132 699
132 380
132 222
132 607
133 418
133 452
133 234
133 494
133 657
133 753
133 310
133 662
133 248
133 155
133 637
133 190
134 228
134 422
134 772
134 714
134 236
134 525
134 589
134 367
134 728
134 375
134 184
134 377
134 220
135 384
135 197
135 440
135 327
135 461
135 622
135 782
135 376
135 345
135 475
136 577
136 676
136 165
136 262
136 739
136 456
136 138
136 396
136 557
136 589
136 632
136 654
136 370
136 244
136 757
136 790
136 376
136 414
136 735
137 643
137 420
137 779
137 206
137 528
137 688
137 306
137 434
137 595
137 754
137 279
137 345
138 608
138 387
138 261
138 391
138 547
138 621
138 750
138 211
138 243
138 437
138 502
138 532
138 730
138 218
138 700
138 383
139 194
139 515
139 164
139 294
139 360
139 265
139 714
139 366
139 658
139 244
139 596
139 502
139 155
139 542
140 293
140 773
140 327
140 360
140 233
140 395
140 552
140 616
140 334
140 143
140 175
140 715
140 779
140 185
140 445
140 351
141 705
141 227
141 217
141 771
141 231
141 360
141 585
141 586
141 556
141 461
141 750
141 753
141 404
141 443
141 600
141 604
142 654
142 403
142 788
142 157
142 675
142 300
142 305
142 309
142 183
142 471
142 355
142 746
142 750
142 254
142 251
142 638
143 576
143 642
143 292
143 647
143 264
143 360
143 447
143 683
143 238
143 625
143 628
143 277
143 693
143 415
144 259
144 390
144 653
144 152
144 666
144 544
144 430
144 433
144 690
144 312
144 449
144 604
144 353
144 357
144 748
144 749
144 378
144 759
144 375
145 650
145 146
145 533
145 789
145 408
145 538
145 542
145 679
145 301
145 558
145 178
145 692
145 190
145 193
145 579
145 458
145 339
145 342
145 729
145 235
145 747
145 367
145 370
145 502
146 423
146 777
146 778
146 399
146 531
146 475
146 409
146 730
146 479
147 777
147 588
147 174
147 175
147 302
147 366
147 592
147 339
147 639
147 660
147 698
147 444
147 765
147 287
148 256
148 739
148 535
148 581
148 359
148 232
148 427
148 588
148 620
148 671
148 435
148 309
148 246
148 311
148 501
148 189
149 226
149 674
149 197
149 549
149 456
149 203
149 299
149 755
149 315
149 190
149 767
150 481
150 513
150 196
150 360
150 648
150 777
150 492
150 205
150 239
150 399
150 369
150 274
150 433
150 381
151 419
151 408
151 478
151 712
151 727
151 205
151 505
151 719
151 657
151 178
151 730
151 309
151 246
151 565
151 152
151 249
151 694
151 507
151 190
152 449
152 258
152 387
152 770
152 645
152 358
152 745
152 714
152 175
152 474
152 278
152 533
152 154
153 738
153 293
153 745
153 426
153 267
153 784
153 462
153 696
153 464
153 721
153 562
153 179
153 309
153 278
153 567
153 600
153 313
153 754
154 770
154 483
154 165
154 391
154 422
154 681
154 250
154 710
154 773
154 717
154 209
154 561
154 475
154 509
154 254
155 403
155 159
155 544
155 425
155 177
155 180
155 444
155 318
155 590
155 719
155 477
155 610
155 363
155 368
155 376
156 194
156 291
156 454
156 553
156 600
156 751
156 432
156 561
156 760
156 539
156 219
156 508
156 318
156 415
157 704
157 417
157 386
157 514
157 775
157 713
157 234
157 298
157 715
157 717
157 655
157 336
157 593
157 596
157 695
157 729
157 251
157 222
158 226
158 163
158 195
158 644
158 583
158 708
158 426
158 779
158 526
158 590
158 591
158 242
158 723
158 252
158 443
158 793
158 186
158 220
158 159
159 641
159 290
159 229
159 261
159 605
159 553
159 612
159 588
159 463
159 562
159 180
159 247
159 284
159 509
160 259
160 515
160 264
160 426
160 363
160 776
160 622
160 559
160 784
160 595
160 757
160 535
160 348
161 224
161 544
161 576
161 547
161 453
161 713
161 492
161 556
161 529
161 471
161 315
161 699
161 382
162 407
162 641
162 737
162 247
162 266
162 717
162 688
162 177
162 658
162 469
162 215
162 504
162 628
162 474
162 187
162 692
162 730
162 698
163 647
163 265
163 522
163 782
163 787
163 408
163 670
163 689
163 690
163 563
163 691
163 574
163 575
163 591
163 467
163 469
163 220
163 614
163 237
163 751
163 762
163 763
163 765
164 516
164 276
164 794
164 422
164 423
164 176
164 692
164 198
164 592
164 472
164 605
164 350
164 608
164 232
164 377
164 242
164 761
165 390
165 296
165 172
165 556
165 716
165 209
165 306
165 665
165 565
165 438
165 248
165 691
165 311
165 414
166 449
166 419
166 356
166 295
166 200
166 426
166 268
166 174
166 335
166 783
166 243
166 500
166 787
166 727
166 187
167 642
167 616
167 748
167 526
167 208
167 177
167 336
167 370
167 252
167 213
167 372
167 434
167 693
167 793
167 795
167 670
168 260
168 650
168 652
168 169
168 690
168 438
168 568
168 188
168 701
168 575
168 705
168 452
168 342
168 223
168 609
168 355
168 487
168 235
168 363
168 757
168 636
169 388
169 328
169 505
169 206
169 366
169 337
169 434
169 373
169 501
169 247
169 280
169 345
169 316
169 477
169 375
170 519
170 658
170 404
170 407
170 417
170 428
170 311
170 703
170 204
170 205
170 468
170 213
170 217
170 346
170 224
170 235
170 625
170 370
170 503
171 514
171 679
171 329
171 568
171 792
171 181
171 407
171 220
171 447
172 256
172 223
172 324
172 197
172 354
172 387
172 551
172 204
172 620
172 177
172 691
172 723
172 502
172 602
172 380
173 610
173 419
173 326
173 455
173 424
173 457
173 649
173 441
173 268
173 491
173 304
173 593
173 309
173 534
173 663
173 184
173 348
173 255
174 387
174 647
174 524
174 414
174 677
174 425
174 304
174 311
174 441
174 333
174 595
174 475
174 740
174 744
174 490
174 363
174 253
175 544
175 647
175 331
175 493
175 431
175 466
175 661
175 444
175 542
176 616
176 332
176 620
176 378
176 251
176 652
176 684
176 309
176 310
176 184
176 185
177 648
177 276
177 663
177 798
177 552
177 555
177 699
177 323
177 324
177 581
177 721
177 735
177 738
177 228
177 240
177 369
177 627
177 633
178 354
178 712
178 427
178 749
178 463
178 591
178 307
178 281
178 767
179 513
179 390
179 775
179 271
179 663
179 792
179 284
179 413
179 673
179 683
179 183
179 465
179 729
179 603
179 608
179 482
179 509
179 383
180 512
180 418
180 739
180 647
180 648
180 748
180 559
180 624
180 625
180 467
180 723
180 725
180 473
180 284
181 260
181 549
181 611
181 644
181 522
181 427
181 473
181 492
181 466
181 754
181 785
181 758
181 759
181 287
182 477
182 225
182 705
182 579
182 678
182 299
182 364
182 588
182 462
182 752
182 273
182 245
182 374
182 347
183 277
183 670
183 676
183 552
183 569
183 454
183 200
183 474
183 346
183 731
183 221
183 364
183 252
183 509
183 638
184 640
184 481
184 457
184 298
184 779
184 495
184 696
184 210
184 703
184 720
184 438
184 664
184 633
184 285
184 415
185 646
185 775
185 782
185 285
185 542
185 414
185 559
185 305
185 566
185 314
185 706
185 453
185 335
185 344
185 356
185 621
185 749
185 495
185 626
185 372
186 768
186 260
186 656
186 279
186 697
186 570
186 442
186 447
186 323
186 452
186 197
186 325
186 453
186 582
186 329
186 330
186 708
186 730
186 234
186 621
186 504
186 766
187 418
187 675
187 550
187 489
187 210
187 657
187 693
187 566
187 792
187 697
187 795
188 225
188 509
188 388
188 549
188 581
188 396
188 657
188 660
188 189
189 352
189 704
189 611
189 359
189 521
189 743
189 589
189 270
189 271
189 531
189 276
189 214
189 316
189 600
189 638
190 768
190 780
190 407
190 664
190 284
190 708
190 581
190 711
190 329
190 203
190 715
190 726
190 216
190 477
190 235
190 369
190 370
190 373
190 762
191 736
191 545
191 795
191 581
191 701
191 554
191 363
191 555
191 527
191 601
191 799
191 345
191 571
191 381
191 735
192 675
192 775
192 424
192 201
192 362
192 616
192 652
192 745
192 368
192 274
192 306
192 316
192 662
192 220
192 575
193 614
193 395
193 237
193 365
193 240
193 402
193 532
193 690
193 407
193 726
193 785
193 790
193 603
194 514
194 528
194 306
194 715
194 209
194 217
194 475
194 478
194 222
194 225
194 237
194 751
194 380
194 633
194 508
195 737
195 196
195 420
195 613
195 772
195 328
195 555
195 460
195 251
195 751
195 370
195 596
195 214
195 664
195 508
196 651
196 400
196 529
196 666
196 417
196 692
196 694
196 695
196 696
196 568
196 455
196 333
196 718
196 592
196 223
196 247
196 379
197 257
197 534
197 668
197 689
197 440
197 574
197 446
197 576
197 711
197 726
197 735
197 740
197 233
197 362
197 364
197 379
198 265
198 401
198 275
198 406
198 436
198 320
198 705
198 451
198 732
198 477
198 607
198 739
198 612
198 622
198 372
198 503
198 252
199 514
199 515
199 388
199 487
199 733
199 427
199 621
199 651
199 653
199 337
199 662
199 694
200 477
200 323
200 707
200 389
200 669
200 740
200 267
200 205
200 317
201 291
201 266
201 589
201 687
201 275
201 725
201 316
201 477
202 643
202 774
202 781
202 530
202 282
202 424
202 683
202 429
202 303
202 308
202 564
202 567
202 323
202 485
202 749
202 636
202 766
203 395
203 270
203 794
203 413
203 415
203 677
203 682
203 571
203 710
203 330
203 467
203 340
203 481
203 356
203 485
203 744
203 618
203 747
203 622
203 496
203 370
203 375
203 376
203 767
204 320
204 544
204 258
204 580
204 520
204 555
204 750
204 779
204 432
204 273
204 337
204 464
204 531
204 562
204 286
205 779
205 534
205 418
205 554
205 684
205 435
205 436
205 695
205 572
205 462
205 718
205 740
205 360
205 234
205 236
206 516
206 267
206 651
206 779
206 270
206 785
206 787
206 534
206 664
206 296
206 298
206 313
206 322
206 333
206 341
206 601
206 358
206 239
206 241
206 757
207 668
207 673
207 535
207 491
207 684
207 687
207 658
207 691
207 532
207 437
207 277
207 375
207 661
207 723
207 251
207 444
207 637
207 731
208 451
208 612
208 422
208 635
208 684
208 734
208 750
208 442
208 529
208 276
208 435
208 663
208 729
208 218
208 571
208 350
208 383
209 642
209 262
209 653
209 275
209 413
209 554
209 314
209 572
209 317
209 712
209 457
209 466
209 602
209 221
209 222
209 619
209 748
209 758
209 766
210 266
210 780
210 269
210 404
210 661
210 665
210 422
210 550
210 556
210 695
210 597
210 215
210 219
210 223
210 480
210 738
210 496
210 370
210 627
210 632
211 481
211 513
211 680
211 298
211 778
211 496
211 561
211 309
211 470
211 791
212 256
212 258
212 261
212 787
212 291
212 550
212 302
212 436
212 450
212 581
212 583
212 458
212 345
212 605
212 737
212 483
212 357
212 618
212 374
212 509
213 577
213 704
213 259
213 679
213 587
213 651
213 746
213 240
213 688
213 787
213 505
214 768
214 421
214 294
214 488
214 596
214 317
215 770
215 656
215 274
215 278
215 691
215 310
215 316
215 447
215 322
215 338
215 216
215 217
215 478
215 483
215 618
215 251
216 289
216 707
216 424
216 297
216 522
216 369
216 529
216 467
216 532
216 767
216 603
216 571
216 765
216 223
217 519
217 393
217 652
217 654
217 279
217 280
217 282
217 413
217 548
217 680
217 687
217 307
217 694
217 705
217 593
217 608
217 481
217 487
217 620
217 241
217 244
218 225
218 259
218 292
218 295
218 456
218 695
218 267
218 304
218 402
218 625
218 626
218 279
218 792
218 282
218 319
219 399
219 535
219 411
219 430
219 565
219 312
219 569
219 467
219 342
219 731
219 358
219 231
219 628
219 638
220 528
220 790
220 293
220 565
220 566
220 586
220 459
220 736
220 610
220 356
220 750
220 754
221 227
221 611
221 232
221 522
221 618
221 238
221 302
221 433
221 466
221 531
221 627
221 606
222 295
222 797
222 429
222 721
222 404
222 630
222 281
222 796
222 413
222 319
223 384
223 289
223 228
223 518
223 647
223 331
223 556
223 762
223 284
223 766
224 481
224 299
224 268
224 460
224 524
224 650
224 401
224 561
224 406
225 256
225 642
225 388
225 525
225 780
225 787
225 434
225 437
225 318
225 590
225 719
225 337
225 466
225 629
225 506
226 513
226 262
226 392
226 587
226 717
226 686
226 304
226 697
226 537
226 570
226 732
226 447
227 323
227 446
227 326
227 676
227 648
227 523
227 304
227 466
227 372
227 565
227 248
227 286
228 355
228 618
228 727
228 301
228 696
228 465
228 341
228 502
228 280
228 699
228 638
229 318
229 544
229 610
229 455
229 585
229 683
229 473
229 237
229 623
229 434
229 474
229 732
229 413
230 451
230 580
230 764
230 771
230 552
230 265
230 584
230 397
230 558
230 722
230 243
230 661
230 762
230 380
231 610
231 738
231 262
231 233
231 522
231 681
231 660
231 406
231 697
231 508
232 672
232 388
232 487
232 779
232 685
232 526
232 381
232 563
232 408
232 249
232 508
233 404
233 407
233 419
233 682
233 590
233 593
233 596
233 472
233 344
233 350
233 740
233 357
233 741
233 615
233 620
233 749
233 500
233 761
234 645
234 663
234 346
234 467
234 404
234 566
234 598
234 441
234 475
235 618
235 652
235 685
235 303
235 241
235 307
235 371
235 434
235 563
235 628
235 693
235 767
236 290
236 382
236 260
236 420
236 648
236 649
236 490
236 396
236 269
236 431
236 782
236 785
236 635
236 732
236 350
236 607
237 485
237 680
237 459
237 495
237 696
237 735
237 596
237 756
237 278
237 599
237 664
237 539
237 444
238 439
238 705
238 579
238 329
238 620
238 407
238 316
238 735
239 741
239 358
239 648
239 489
239 491
239 429
239 493
239 432
239 555
239 594
239 371
239 245
239 651
239 573
239 638
239 447
240 544
240 546
240 325
240 744
240 457
240 746
240 562
240 593
240 404
240 253
241 262
241 519
241 392
241 657
241 660
241 666
241 286
241 419
241 295
241 558
241 691
241 692
241 334
241 602
241 741
241 754
241 632
241 762
241 638
242 257
242 646
242 455
242 487
242 524
242 781
242 591
242 464
242 688
242 722
242 660
242 501
242 793
242 569
242 511
243 322
243 647
243 648
243 589
243 654
243 657
243 753
243 244
243 725
243 475
243 668
243 413
244 482
244 517
244 489
244 617
244 270
244 271
244 398
244 275
244 766
244 502
244 605
244 510
245 513
245 739
245 325
245 390
245 391
245 424
245 361
245 618
245 742
245 775
245 305
245 626
245 246
245 697
245 671
246 769
246 386
246 644
246 783
246 407
246 409
246 663
246 665
246 796
246 301
246 559
246 563
246 311
246 312
246 315
246 444
246 705
246 453
246 586
246 460
246 339
246 355
246 745
246 750
246 379
246 508
247 388
247 775
247 778
247 781
247 527
247 275
247 660
247 533
247 287
247 417
247 547
247 548
247 300
247 303
247 564
247 694
247 443
247 444
247 699
247 707
247 324
247 339
247 731
247 503
247 382
248 258
248 582
248 648
248 677
248 712
248 713
248 765
248 785
248 308
248 724
248 767
248 571
248 476
248 573
249 256
249 260
249 776
249 265
249 652
249 528
249 424
249 427
249 300
249 309
249 569
249 581
249 456
249 718
249 471
249 621
249 366
249 383
250 417
250 610
250 357
250 295
250 362
250 303
250 274
250 695
251 400
251 793
251 285
251 430
251 688
251 567
251 319
251 339
251 482
251 496
252 385
252 769
252 517
252 788
252 409
252 288
252 416
252 423
252 707
252 333
252 737
252 359
252 626
252 756
253 483
253 453
253 764
253 295
253 619
253 714
253 596
253 277
253 570
253 700
253 509
254 353
254 707
254 262
254 390
254 614
254 553
254 682
254 314
254 751
254 753
254 309
254 602
254 313
254 604
254 414
255 477
255 612
255 359
255 364
255 526
255 575
255 722
255 761
255 790
255 539
255 697
255 314
255 411
255 766
255 445
256 652
256 272
256 790
256 290
256 425
256 554
256 689
256 314
256 319
256 703
256 719
256 473
256 730
256 621
256 749
256 751
256 498
256 510
257 737
257 290
257 325
257 296
257 714
257 589
257 366
257 527
257 464
257 470
257 697
257 636
257 447
258 514
258 643
258 781
258 271
258 413
258 673
258 297
258 555
258 441
258 332
258 466
258 473
258 474
258 482
258 359
258 491
258 365
259 263
259 265
259 528
259 282
259 797
259 671
259 680
259 302
259 435
259 701
259 322
259 454
259 336
259 599
259 352
259 611
260 773
260 272
260 566
260 450
260 579
260 328
260 460
260 717
260 590
260 345
260 602
260 490
260 375
260 632
261 736
261 386
261 732
261 359
261 543
261 780
261 559
261 272
261 400
261 370
261 467
261 593
261 758
261 636
261 670
262 520
262 784
262 793
262 413
262 285
262 547
262 444
262 446
262 322
262 335
262 598
262 735
262 484
262 485
262 492
262 748
262 504
262 505
262 636
263 278
263 535
263 793
263 411
263 668
263 672
263 297
263 428
263 689
263 586
263 720
263 594
263 599
263 505
263 627
263 761
263 635
264 389
264 524
264 652
264 412
264 285
264 413
264 674
264 550
264 423
264 684
264 440
264 569
264 457
264 471
264 732
264 354
264 371
264 501
265 770
265 783
265 796
265 548
265 299
265 561
265 443
265 321
265 591
265 351
265 617
265 368
265 497
265 753
265 501
266 331
266 301
266 365
266 491
266 621
266 692
266 668
266 414
267 320
267 485
267 408
267 699
267 412
267 734
267 351
268 451
268 516
268 453
268 710
268 796
268 553
268 554
268 556
268 280
268 379
268 508
268 766
269 400
269 665
269 539
269 798
269 676
269 296
269 312
269 442
269 571
269 330
269 333
269 464
269 724
269 729
269 615
269 360
269 496
270 416
270 483
270 487
270 426
270 397
270 589
270 797
270 658
270 501
270 506
270 411
270 798
270 447
271 773
271 777
271 398
271 275
271 284
271 541
271 291
271 547
271 675
271 427
271 308
271 445
271 577
271 578
271 454
271 455
271 475
271 610
271 370
271 763
271 383
272 417
272 545
272 358
272 389
272 616
272 587
272 683
272 333
272 780
272 442
272 563
272 788
272 597
272 410
273 449
273 299
273 622
273 752
273 467
273 310
273 728
273 409
273 636
273 541
273 574
274 737
274 776
274 330
274 465
274 572
274 788
274 408
274 758
274 316
274 478
274 604
275 521
275 528
275 532
275 416
275 421
275 423
275 686
275 688
275 699
275 579
275 586
275 461
275 720
275 621
275 760
275 507
276 576
276 449
276 450
276 541
276 518
276 650
276 588
276 370
276 532
276 559
276 591
276 696
276 474
276 318
277 768
277 396
277 408
277 792
277 673
277 307
277 439
277 701
277 324
277 456
277 334
277 720
277 721
277 340
277 348
277 743
278 522
278 401
278 787
278 676
278 422
278 423
278 563
278 443
278 318
278 578
278 598
278 491
278 492
278 366
278 636
279 576
279 354
279 706
279 281
279 298
279 491
279 442
279 529
279 280
280 576
280 387
280 773
280 600
280 431
280 749
280 438
280 504
280 443
280 540
280 318
281 578
281 648
281 766
281 639
281 374
281 379
281 797
282 320
282 578
282 739
282 293
282 551
282 511
282 748
282 560
282 339
282 697
282 407
282 637
282 383
283 480
283 675
283 644
283 614
283 740
283 741
283 617
283 396
283 684
283 526
283 496
283 782
283 498
283 627
283 692
283 572
284 480
284 419
284 356
284 478
284 326
284 423
284 485
284 727
284 434
284 596
284 627
284 660
284 314
285 522
285 663
285 665
285 415
285 425
285 688
285 439
285 705
285 464
285 467
285 475
285 479
285 737
285 354
285 618
286 355
286 451
286 516
286 796
286 586
286 683
286 434
286 372
286 405
286 597
286 508
286 701
286 414
287 288
287 482
287 517
287 518
287 487
287 305
287 724
287 309
287 505
287 314
288 545
288 546
288 483
288 484
288 742
288 523
288 780
288 461
288 525
288 401
288 563
288 662
288 476
289 290
289 419
289 517
289 646
289 295
289 677
289 425
289 364
289 560
289 786
289 666
289 667
289 349
290 617
290 650
290 366
290 436
290 475
291 771
291 776
291 784
291 660
291 535
291 797
291 543
291 423
291 305
291 440
291 319
291 324
291 453
291 581
291 717
291 465
291 354
291 753
292 512
292 418
292 327
292 663
292 649
292 626
292 375
292 348
293 737
293 450
293 355
293 674
293 769
293 542
293 777
293 395
293 532
294 320
294 743
294 585
294 299
294 619
294 494
294 539
294 540
294 699
295 325
295 389
295 733
295 299
295 409
295 441
295 617
295 713
295 735
296 544
296 353
296 324
296 422
296 328
296 645
296 777
296 588
296 658
296 404
297 519
297 657
297 658
297 533
297 412
297 541
297 796
297 443
297 446
297 575
297 320
297 724
297 360
297 749
297 750
297 498
297 506
297 764
298 425
298 717
298 335
298 430
298 530
298 660
298 693
298 470
298 788
298 798
299 388
299 489
299 300
299 620
299 506
299 531
299 500
299 439
299 561
299 505
299 511
300 395
300 555
300 526
300 432
300 593
300 733
301 672
301 452
301 492
301 589
301 747
301 464
301 689
301 721
301 634
301 542
301 319
302 645
302 779
302 654
302 661
302 422
302 685
302 689
302 582
302 329
302 588
302 462
302 465
302 724
302 347
302 351
302 483
302 364
302 498
302 629
302 508
303 451
303 491
303 461
303 661
303 730
303 606
303 543
304 439
304 482
304 503
304 674
304 551
304 706
304 710
304 738
304 367
304 561
304 659
304 697
304 797
305 330
305 586
305 399
305 337
305 562
305 727
305 728
305 603
305 412
305 509
306 393
306 523
306 779
306 784
306 798
306 418
306 432
306 307
306 323
306 457
306 590
306 720
306 465
306 731
306 606
306 351
306 382
307 512
307 640
307 654
307 533
307 668
307 439
307 581
307 336
307 467
307 493
307 367
308 643
308 771
308 393
308 556
308 687
308 441
308 703
308 714
308 596
308 482
308 619
308 628
308 762
308 637
309 387
309 651
309 537
309 415
309 687
309 561
309 570
309 317
309 703
309 721
309 340
309 731
309 614
309 622
309 627
310 515
310 779
310 397
310 785
310 405
310 421
310 429
310 315
310 574
310 702
310 703
310 463
310 484
310 497
310 625
311 514
311 642
311 390
311 774
311 780
311 525
311 400
311 534
311 665
311 669
311 587
311 599
311 471
311 610
311 356
311 622
311 369
311 631
311 632
311 762
311 383
312 418
312 390
312 456
312 782
312 559
312 593
312 754
312 691
312 597
312 600
312 345
312 474
312 702
313 544
313 354
313 323
313 771
313 428
313 524
313 462
313 401
313 787
313 793
313 538
313 767
314 513
314 393
314 638
314 395
314 527
314 786
314 535
314 537
314 543
314 321
314 708
314 331
314 587
314 335
314 597
314 758
315 646
315 789
315 441
315 710
315 591
315 347
315 734
315 354
315 612
315 364
315 748
315 755
315 635
315 764
316 399
316 667
316 540
316 684
316 692
316 454
316 458
316 588
316 348
316 612
316 492
316 628
316 503
316 511
317 517
317 550
317 359
317 741
317 621
317 749
317 468
317 759
317 602
317 636
317 413
317 350
317 319
318 528
318 531
318 551
318 566
318 450
318 707
318 328
318 464
318 742
318 362
318 749
318 753
318 634
318 507
319 513
319 777
319 551
319 434
319 698
319 453
319 720
319 481
319 753
319 628
319 761
319 505
319 381
320 605
320 423
320 426
320 331
320 773
320 431
320 623
320 339
320 374
320 633
320 539
320 734
321 640
321 385
321 769
321 519
321 399
321 402
321 532
321 668
321 413
321 551
321 683
321 568
321 442
321 453
321 730
321 354
321 620
321 755
321 378
322 620
322 400
322 593
322 720
322 564
322 627
322 536
322 629
323 771
323 657
323 534
323 552
323 682
323 566
323 571
323 579
323 462
323 350
323 607
323 734
323 612
323 363
323 749
323 383
324 384
324 513
324 781
324 538
324 667
324 559
324 691
324 576
324 452
324 720
324 594
324 483
324 358
325 774
325 781
325 658
325 410
325 668
325 562
325 573
325 721
325 477
325 349
325 736
325 362
325 759
325 635
325 380
326 636
326 453
326 614
326 584
326 331
326 749
326 625
326 562
326 791
326 760
326 569
326 410
326 476
326 511
327 608
327 449
327 707
327 612
327 582
327 648
327 683
327 397
327 433
327 792
327 629
327 791
327 728
328 512
328 674
328 453
328 574
328 758
328 571
328 475
329 514
329 605
329 775
329 415
329 456
329 431
329 658
329 695
329 536
329 348
329 349
330 609
330 579
330 644
330 678
330 392
330 617
330 426
330 712
330 339
330 627
330 341
330 786
330 667
331 773
331 523
331 657
331 785
331 415
331 550
331 426
331 433
331 585
331 334
331 467
331 340
331 597
331 351
331 368
331 630
331 631
331 632
331 758
331 634
331 763
332 646
332 710
332 552
332 459
332 783
332 689
332 752
332 699
332 380
332 605
332 604
333 395
333 669
333 418
333 556
333 436
333 714
333 601
333 730
333 352
333 747
333 364
333 366
333 494
333 633
334 545
334 663
334 554
334 459
334 650
334 760
334 433
334 627
334 534
334 568
334 569
334 634
334 479
335 675
335 646
335 587
335 526
335 410
335 688
335 563
335 691
335 405
335 630
335 790
336 795
336 516
336 611
336 486
336 508
336 781
336 592
336 380
336 569
336 763
336 478
337 771
337 453
337 787
337 372
337 728
337 380
337 541
338 483
338 701
338 474
338 506
338 529
338 627
338 534
338 569
338 410
338 794
339 354
339 605
339 360
339 752
339 507
339 639
340 706
340 519
340 504
340 712
340 670
340 760
340 445
340 382
341 389
341 519
341 551
341 363
341 526
341 496
341 433
341 466
341 562
341 533
341 376
341 538
342 451
342 356
342 453
342 676
342 681
342 759
342 365
342 621
342 495
342 718
342 782
342 758
342 695
342 664
342 509
343 353
343 356
343 618
343 717
343 590
343 756
343 766
344 674
344 644
344 486
344 458
344 682
344 588
344 653
344 558
344 597
344 475
344 348
345 517
345 391
345 410
345 413
345 551
345 560
345 462
345 726
345 606
345 493
345 624
345 633
345 510
346 488
346 364
346 490
346 727
346 368
346 688
346 446
347 672
347 737
347 451
347 635
347 681
347 428
347 751
347 496
347 370
347 403
347 725
347 381
347 734
347 351
348 773
348 397
348 401
348 674
348 682
348 557
348 591
348 600
348 615
348 616
348 363
348 494
348 505
349 576
349 418
349 514
349 391
349 392
349 743
349 427
349 364
349 587
349 592
350 384
350 527
350 532
350 680
350 425
350 684
350 705
350 585
350 727
350 731
350 733
350 358
350 373
351 409
351 795
351 669
351 417
351 681
351 689
351 694
351 701
351 577
351 718
351 463
351 466
351 747
351 367
351 368
351 496
352 418
352 580
352 771
352 779
352 465
352 563
352 469
352 729
352 763
352 413
353 384
353 673
353 517
353 486
353 741
353 776
353 732
354 780
354 666
354 686
354 561
354 570
354 731
354 483
354 743
354 490
354 505
355 446
355 772
355 522
355 666
355 604
355 413
356 517
356 424
356 614
356 749
356 595
357 482
357 396
357 397
357 529
357 374
357 507
357 761
357 475
358 581
358 393
358 721
358 373
358 629
358 693
358 789
359 611
359 517
359 748
359 365
359 653
359 657
359 438
359 504
360 774
360 534
360 799
360 555
360 431
360 559
360 439
360 479
360 614
360 621
360 622
360 624
360 764
361 385
361 516
361 772
361 423
361 527
361 592
361 402
361 372
361 406
361 722
361 447
362 515
362 510
362 548
362 395
362 612
362 715
362 627
362 660
362 439
362 732
363 523
363 676
363 688
363 438
363 446
363 475
363 486
363 614
363 745
363 365
363 504
363 378
364 389
364 645
364 781
364 424
364 431
364 438
364 572
364 463
364 594
364 733
364 481
364 634
365 770
365 556
365 782
365 465
365 443
365 564
365 569
365 636
366 391
366 775
366 776
366 653
366 529
366 558
366 567
366 697
366 572
366 595
366 747
366 750
366 753
366 635
367 384
367 418
367 644
367 727
367 491
367 460
367 665
367 437
367 407
367 792
367 569
368 669
368 648
368 622
368 499
368 788
368 571
368 413
369 643
369 510
369 585
369 589
369 528
369 786
369 372
369 694
369 378
369 794
369 796
370 708
370 747
370 766
370 532
370 597
370 506
370 604
371 480
371 551
371 459
371 464
371 795
371 798
371 671
372 397
372 795
372 416
372 420
372 424
372 681
372 683
372 569
372 698
372 704
372 598
372 612
372 625
372 381
373 738
373 675
373 739
373 618
373 781
373 496
373 697
373 603
373 444
373 733
373 447
374 651
374 779
374 407
374 796
374 797
374 542
374 427
374 555
374 431
374 694
374 607
375 512
375 481
375 482
375 608
375 423
375 516
375 619
375 461
375 651
375 687
375 379
376 649
376 687
376 753
376 666
376 378
376 607
377 675
377 455
377 710
377 586
377 714
377 529
377 437
377 599
377 700
377 671
378 418
378 484
378 454
378 485
378 708
378 712
378 789
378 599
379 640
379 785
379 539
379 676
379 556
379 430
379 563
379 585
379 719
379 471
379 763
380 771
380 783
380 793
380 427
380 559
380 440
380 707
380 470
380 474
380 503
380 509
381 546
381 738
381 548
381 454
381 615
381 618
381 774
381 785
381 767
381 536
381 729
381 731
382 400
382 793
382 546
382 720
382 723
382 728
382 600
382 729
382 474
382 740
382 486
382 743
382 616
383 646
383 549
383 713
383 462
383 600
383 764
384 769
384 452
384 773
384 791
384 557
384 592
384 529
384 625
384 722
384 631
385 515
385 676
385 426
385 650
385 683
385 719
385 467
385 761
385 534
385 633
385 634
385 604
386 512
386 706
386 419
386 769
386 581
386 710
386 771
386 396
386 723
386 506
387 484
387 612
387 458
387 786
387 790
388 518
388 652
388 399
388 660
388 426
388 573
388 467
388 607
388 737
388 759
388 498
389 416
389 418
389 732
389 446
389 516
389 426
389 649
389 651
389 431
389 665
389 408
389 572
390 489
390 630
390 703
391 514
391 603
391 583
391 652
391 399
391 591
391 657
391 758
391 667
392 477
392 706
392 739
392 486
392 430
392 431
392 687
392 723
392 788
392 759
392 506
392 667
392 607
393 576
393 514
393 453
393 520
393 459
393 569
393 401
393 594
393 696
393 507
393 798
394 678
394 425
394 520
394 552
394 396
394 718
394 658
394 755
394 406
394 572
394 639
395 642
395 779
395 686
395 440
395 612
395 489
395 490
395 495
395 497
395 761
396 518
396 527
396 402
396 676
396 704
396 590
396 752
397 463
398 512
398 482
398 546
398 579
398 612
398 772
398 714
398 782
398 432
398 532
398 732
398 797
398 511
399 656
399 537
399 539
399 678
399 576
399 719
399 469
399 725
399 738
399 493
400 484
400 550
400 612
400 708
400 430
400 703
401 545
401 704
401 777
401 589
401 754
401 565
402 449
402 484
402 499
402 661
402 632
402 795
403 419
403 515
403 422
403 465
403 656
403 659
403 690
403 703
403 723
403 537
403 479
404 648
404 788
404 670
404 552
404 685
404 721
404 729
404 492
405 480
405 674
405 579
405 519
405 712
405 746
405 572
405 474
405 476
406 480
406 482
406 609
406 620
406 785
406 793
407 652
407 796
407 414
407 561
407 572
407 462
407 742
407 748
407 622
407 754
407 502
408 676
408 519
408 458
408 587
408 754
409 544
409 510
409 713
409 750
409 625
409 753
409 754
409 787
409 728
409 478
410 518
410 780
410 787
410 666
410 685
410 701
410 445
410 703
410 575
410 581
410 608
410 485
410 631
410 634
411 792
411 673
411 564
411 571
411 451
411 457
411 714
411 719
411 593
411 481
411 615
411 500
411 631
411 510
412 676
412 711
412 556
412 558
412 686
412 754
412 630
412 473
412 447
413 523
413 783
413 554
413 565
413 443
413 576
413 577
413 709
413 464
413 726
413 638
414 672
414 705
414 452
414 453
414 425
414 623
414 633
414 664
414 604
415 515
415 772
415 525
415 660
415 789
415 683
415 697
415 574
415 744
415 757
415 765
416 737
416 492
416 690
416 564
416 694
416 638
417 640
417 766
417 788
417 534
417 539
417 674
417 555
417 585
417 725
417 742
417 628
417 638
418 670
418 434
418 699
418 706
418 713
418 715
418 484
418 623
418 751
419 538
419 440
419 574
419 590
419 727
419 480
419 749
419 626
419 754
419 755
420 515
420 780
420 540
420 557
420 562
420 565
420 575
420 454
420 719
420 726
420 615
420 494
420 508
421 482
421 547
421 682
421 683
421 782
421 506
421 469
421 792
421 761
421 763
422 799
422 554
422 436
422 566
422 476
422 605
422 609
422 752
423 514
423 534
423 431
423 466
423 492
423 626
423 756
424 521
424 779
424 680
424 433
424 703
424 710
424 594
424 739
424 633
425 545
425 605
425 635
425 667
425 624
425 596
426 515
426 538
426 548
426 558
426 438
426 449
426 459
426 482
426 750
426 760
426 627
426 756
426 629
426 630
426 632
426 766
426 639
427 644
427 645
427 787
427 682
427 687
427 459
427 464
427 475
427 487
427 488
427 493
427 622
427 625
427 498
427 627
427 630
428 642
428 453
428 510
428 631
428 678
428 691
428 786
428 478
429 643
429 732
429 552
429 462
429 500
429 787
430 776
430 779
430 622
430 597
430 797
431 512
431 589
431 564
431 471
432 481
432 581
432 716
433 770
433 772
433 472
433 782
433 691
433 598
433 668
434 776
434 531
434 538
434 675
434 686
434 573
434 585
434 757
434 631
434 762
435 641
435 739
435 796
435 688
435 660
435 731
435 764
435 605
435 607
436 448
436 643
436 713
436 715
436 535
436 632
436 446
437 677
437 616
437 714
437 622
437 753
437 595
437 570
438 740
438 510
438 489
438 585
438 613
438 721
438 755
438 630
439 522
439 778
439 655
439 676
439 441
439 478
439 609
439 488
439 619
439 751
439 754
439 507
440 576
440 492
440 463
440 466
440 697
441 769
441 450
441 682
441 462
441 656
442 737
442 456
442 585
442 659
442 597
442 635
443 663
443 759
443 468
443 597
444 640
444 583
444 458
444 522
444 656
444 466
444 532
444 758
444 666
445 554
445 632
445 653
445 591
445 791
445 504
445 635
445 476
445 477
446 780
446 788
446 538
446 539
446 673
446 457
446 460
446 467
446 495
446 503
446 760
446 507
447 778
447 727
447 745
447 492
447 623
447 502
447 758
447 761
448 609
448 482
448 615
448 456
448 617
448 621
448 474
449 518
449 657
449 658
449 544
449 674
449 547
449 688
449 696
449 465
449 730
449 608
449 482
449 754
449 507
450 486
450 631
450 747
450 620
450 502
450 596
450 598
450 788
450 793
450 700
450 605
451 642
451 645
451 655
451 656
451 787
451 684
451 558
451 579
451 711
451 471
452 576
452 648
452 681
452 655
452 499
452 533
452 691
452 699
452 796
453 776
453 779
453 547
453 585
453 715
453 460
453 474
454 650
454 668
454 673
454 693
454 569
454 573
454 572
454 576
454 707
454 713
454 462
454 719
454 596
454 601
454 611
454 748
455 736
455 673
455 769
455 774
455 649
455 493
455 559
455 783
455 729
455 567
455 571
455 763
455 639
456 779
456 524
456 535
456 721
456 472
456 604
456 479
456 737
456 482
456 630
456 633
456 637
457 648
457 782
457 794
457 546
457 547
457 576
457 709
457 465
457 620
457 749
458 704
458 650
458 495
458 530
458 562
458 478
459 710
459 508
459 633
459 753
460 775
460 777
460 524
460 525
460 654
460 655
460 664
460 584
460 467
460 726
460 472
460 481
460 495
460 630
460 506
460 511
461 549
461 584
461 648
461 618
461 650
461 622
461 786
461 794
462 673
462 554
462 555
462 683
462 571
462 475
462 741
462 633
463 777
463 522
463 653
463 666
463 550
463 700
463 607
463 487
463 629
463 636
463 637
464 707
464 797
464 495
464 748
464 595
464 694
465 640
465 773
465 795
465 676
465 630
465 632
466 648
466 798
466 558
466 568
466 698
466 711
466 473
466 736
466 754
466 501
467 641
467 785
467 701
467 707
467 762
468 642
468 490
468 778
468 780
468 469
468 599
468 698
468 506
468 639
469 704
469 745
469 778
469 588
469 595
469 694
470 672
470 487
470 562
470 727
470 570
470 733
471 759
471 593
471 699
471 536
472 545
472 707
472 555
472 653
472 663
472 796
472 797
473 493
473 689
473 691
473 597
473 538
473 797
474 523
474 793
474 689
474 567
474 587
474 614
474 493
474 751
474 508
475 617
475 527
475 652
475 665
476 513
476 643
476 614
476 712
476 776
476 687
476 691
476 788
476 663
476 569
476 538
477 517
477 491
477 543
477 606
477 646
477 702
477 747
477 598
478 537
478 794
478 691
478 568
478 700
478 607
478 637
479 512
479 608
479 674
479 713
479 491
479 593
479 502
479 766
480 542
480 561
480 702
480 704
480 709
480 606
480 485
480 617
480 493
480 496
480 624
480 752
481 640
481 514
481 775
481 526
481 674
481 685
481 694
481 722
481 603
481 767
482 651
482 537
482 674
482 585
482 713
482 504
482 636
483 669
483 678
483 490
483 714
483 797
483 629
483 667
484 517
484 679
484 569
484 625
484 664
485 770
485 775
485 620
485 654
485 686
485 692
485 533
485 694
485 759
485 669
486 578
486 645
486 674
486 487
486 504
486 590
486 562
486 565
486 797
487 711
487 621
487 717
487 718
487 722
487 628
487 751
487 781
488 708
488 744
488 684
488 621
488 786
488 693
488 634
488 575
489 640
489 794
489 799
489 554
489 705
489 587
489 591
489 732
489 619
489 634
489 767
490 514
490 516
490 775
490 597
490 629
490 789
490 795
491 515
491 520
491 745
491 797
491 630
492 526
492 787
492 795
492 668
492 676
492 686
492 705
492 716
492 598
492 503
492 504
493 772
493 521
493 659
493 791
493 669
493 706
493 588
493 719
493 747
493 507
494 641
494 610
494 586
494 651
494 781
494 689
494 602
495 773
495 558
495 626
496 513
496 641
496 771
496 780
496 663
496 799
496 549
496 712
496 588
496 733
496 618
496 754
496 761
497 737
497 779
497 728
497 636
498 528
498 658
498 503
498 667
498 734
498 767
499 549
499 612
499 679
499 776
499 784
499 538
499 563
499 694
499 793
499 728
499 665
499 508
500 577
500 674
500 740
500 518
500 651
500 593
500 785
500 733
501 611
501 679
501 554
501 557
501 687
501 628
501 537
501 699
501 670
502 611
502 597
503 772
503 660
503 796
503 563
503 725
503 599
503 506
503 635
503 636
504 643
504 713
504 560
504 766
505 544
505 732
505 738
505 740
505 692
505 698
506 650
506 788
506 795
506 695
506 748
506 749
506 629
506 630
507 608
507 578
507 531
507 767
507 729
508 650
508 784
508 567
508 723
508 616
508 624
509 739
509 774
509 743
509 553
509 747
509 655
509 656
509 627
509 799
510 576
510 517
510 712
510 745
510 684
510 746
510 789
510 664
510 571
510 543
511 738
511 787
511 568
511 729
511 605
511 606
511 735
512 614
512 583
512 687
512 660
512 536
512 699
512 731
513 545
513 668
513 581
513 614
513 744
513 791
514 782
514 563
514 702
514 584
514 722
514 598
515 545
515 608
515 773
515 626
516 768
516 705
516 578
516 745
516 624
516 753
516 659
516 692
516 766
516 696
517 526
517 533
517 534
517 578
517 710
517 715
517 742
517 616
518 745
518 778
518 528
518 692
518 699
518 540
519 779
519 791
519 543
519 671
519 552
519 686
519 598
519 635
520 553
520 620
520 593
520 784
520 757
520 727
520 797
521 609
521 701
521 650
521 759
521 590
521 786
521 566
521 535
521 539
521 537
521 634
521 574
522 669
522 717
522 721
523 768
523 619
523 592
523 689
523 599
524 586
524 687
524 668
524 606
525 711
525 742
525 745
525 590
525 719
525 656
525 564
525 569
525 603
525 701
526 642
526 771
526 647
526 657
526 793
526 672
526 678
526 684
526 690
526 563
526 621
527 651
527 536
527 539
527 541
527 674
527 555
527 559
527 719
527 618
527 753
528 584
528 765
528 777
528 623
528 660
528 662
528 690
528 571
529 777
529 798
529 682
529 683
529 730
529 734
529 609
529 757
529 760
530 769
530 675
530 676
530 614
530 646
530 678
530 657
531 709
531 655
531 794
531 668
532 778
532 793
532 673
532 557
532 696
532 703
532 581
532 714
532 717
532 722
532 612
532 743
532 618
533 768
533 611
533 582
533 643
533 564
533 597
533 569
533 630
534 661
534 560
534 692
534 601
534 729
534 622
535 658
535 546
535 689
535 567
535 580
535 583
535 726
535 605
535 742
535 621
535 625
536 736
536 647
536 683
536 782
537 549
537 574
537 782
537 593
538 706
538 588
538 751
538 572
538 761
539 680
539 654
539 692
540 611
540 632
540 558
540 716
541 542
541 798
541 672
541 555
541 683
541 698
541 704
541 584
541 615
541 752
541 629
542 650
542 651
542 656
542 553
542 683
542 570
542 590
542 732
542 614
543 791
543 552
543 580
543 614
543 753
543 627
543 631
544 640
544 784
544 789
544 671
544 549
544 687
544 592
544 726
544 599
544 624
544 627
544 628
544 756
544 764
545 548
545 644
545 676
545 711
545 652
545 607
545 787
545 759
545 729
546 708
546 637
546 759
546 696
546 600
546 796
547 673
547 652
547 791
547 560
547 639
548 567
548 679
548 797
548 559
548 655
548 661
548 732
549 704
549 642
549 556
549 717
549 591
549 786
549 597
549 667
550 605
550 644
550 655
550 729
551 652
551 660
551 587
551 591
552 579
552 573
553 742
553 617
553 683
553 763
553 603
554 641
554 643
554 779
554 786
554 685
554 566
554 582
554 604
554 740
554 619
554 622
554 626
555 648
555 562
555 692
555 721
555 603
555 748
556 577
556 611
556 737
556 740
556 560
557 712
557 564
557 757
558 775
558 655
558 685
558 692
558 590
558 595
558 723
558 728
558 754
558 629
558 761
559 654
559 794
559 562
559 563
559 692
559 739
559 746
559 750
559 759
560 581
560 614
560 774
560 777
560 714
560 715
560 798
560 637
560 606
561 779
561 793
561 688
561 693
561 713
561 608
561 609
562 605
562 718
562 785
562 599
563 665
563 676
563 694
563 715
563 590
563 718
563 724
563 738
563 621
564 642
564 647
564 650
564 780
564 783
564 686
564 700
564 581
564 715
564 741
564 637
565 666
565 712
565 725
565 601
565 608
565 625
565 626
566 650
566 785
566 676
566 591
566 728
566 601
566 749
566 628
567 636
567 610
567 796
567 616
567 777
567 588
567 716
567 692
568 646
568 623
568 724
568 725
568 667
568 605
569 640
569 647
569 668
569 798
569 700
569 580
569 758
570 706
570 771
570 656
570 628
570 598
570 602
570 630
571 771
571 787
571 790
571 574
571 581
571 736
571 634
572 652
572 792
572 687
572 597
572 733
572 735
572 631
572 764
573 618
573 788
573 663
573 634
573 799
574 738
574 764
574 624
574 660
574 731
574 792
574 698
575 770
575 611
575 671
575 697
575 795
576 703
576 706
576 754
577 676
577 711
577 588
577 625
577 594
577 785
577 724
577 786
577 795
578 649
578 708
578 665
578 666
578 732
578 766
579 716
579 669
579 763
580 617
580 592
580 657
580 789
580 598
580 662
581 643
581 783
581 659
581 704
581 594
581 625
581 754
581 636
582 609
582 740
582 678
582 784
582 790
583 769
583 732
583 746
583 692
583 634
584 609
584 776
584 587
584 590
584 684
584 594
584 658
584 596
585 660
585 687
585 612
586 652
586 785
586 790
586 674
586 681
586 701
586 704
586 612
587 768
587 770
587 778
587 793
587 673
587 593
587 603
587 741
587 760
588 648
588 699
588 706
588 594
588 608
588 738
589 610
589 796
589 713
589 592
590 594
590 725
590 743
590 755
591 771
591 647
591 651
591 784
591 678
591 712
592 616
592 648
592 714
592 723
592 787
592 726
592 793
593 770
593 777
593 668
593 600
593 603
593 738
593 620
594 683
594 719
594 595
595 769
595 738
595 713
595 734
595 689
595 638
596 709
596 614
596 771
597 779
597 701
597 709
597 722
597 598
597 752
598 692
598 696
598 707
598 609
598 737
598 611
598 630
599 777
599 652
599 672
599 688
599 602
599 604
599 607
600 684
600 621
600 703
600 731
601 608
601 772
601 615
601 747
602 712
602 782
602 788
603 778
603 654
603 784
603 674
603 683
603 717
604 740
604 747
604 621
604 625
605 677
605 679
605 692
605 622
606 643
606 710
606 681
606 747
606 688
607 676
607 720
607 723
607 790
608 784
608 692
609 770
609 682
609 727
611 704
611 700
611 739
611 696
611 726
612 771
612 782
612 711
612 613
613 631
613 629
613 757
613 699
614 643
614 775
614 694
614 615
614 745
615 742
615 715
615 717
615 749
615 656
615 758
615 793
616 674
617 676
618 765
618 666
618 683
618 623
619 707
619 715
619 688
619 722
619 691
619 753
619 734
620 723
621 650
621 792
621 701
621 721
622 778
622 681
622 629
623 659
624 668
624 714
624 745
624 652
624 667
624 789
624 635
626 750
626 657
626 733
627 646
627 773
627 777
627 668
629 767
630 714
630 756
630 760
631 740
631 681
631 685
631 788
632 769
632 688
632 718
633 678
633 681
633 746
633 720
633 796
634 770
634 684
634 715
634 657
634 664
635 746
635 717
635 688
635 756
636 651
636 674
636 752
636 757
637 683
637 792
637 659
637 660
637 664
637 764
638 693
639 774
639 679
639 743
639 765
639 791
639 666
639 669
639 799
640 704
640 728
640 761
640 671
641 750
641 657
641 671
641 691
642 748
642 656
642 779
642 730
642 700
643 746
643 783
643 688
643 799
644 776
644 718
644 694
644 733
645 672
645 736
645 681
645 696
645 755
645 693
645 700
646 683
646 656
646 799
646 695
647 738
647 681
647 671
647 693
647 703
647 766
648 665
648 672
648 734
649 769
649 772
649 776
649 713
649 751
649 755
650 669
650 718
650 736
650 760
650 767
651 771
651 776
651 659
651 670
651 703
651 736
651 749
652 778
652 779
652 789
652 669
652 680
652 748
653 769
653 710
653 791
653 664
653 756
653 727
654 669
654 716
654 753
654 723
655 704
656 683
656 707
656 755
658 660
658 665
658 668
658 698
658 726
658 756
659 768
659 743
659 746
660 772
660 795
660 713
661 689
661 761
662 736
662 784
663 685
663 742
663 754
664 745
664 671
665 669
665 692
665 789
666 751
667 746
667 785
667 767
668 674
668 682
669 706
670 680
670 711
670 744
670 696
670 699
671 685
671 705
671 744
671 761
672 779
672 717
672 757
673 720
673 729
673 699
673 763
674 721
675 795
675 709
675 746
675 751
675 697
675 722
675 762
675 734
676 797
676 690
676 716
676 731
677 726
677 703
678 744
678 713
678 778
678 782
678 786
679 680
679 727
679 689
679 760
681 784
681 701
681 716
681 749
681 757
682 708
683 754
684 783
684 688
684 698
684 709
685 741
685 727
685 780
685 753
685 796
686 762
687 769
687 722
687 733
687 748
689 739
689 757
690 737
690 717
690 700
691 791
691 703
691 738
691 744
691 750
691 763
692 695
692 698
692 731
692 748
693 722
693 790
694 772
694 781
695 797
695 723
695 698
695 731
696 793
697 705
697 788
697 763
698 787
698 730
698 737
698 756
698 767
699 782
700 745
700 761
701 720
701 785
702 755
703 727
704 762
704 767
705 793
706 712
706 775
707 776
707 778
707 713
707 731
707 740
708 710
708 770
708 728
709 762
709 766
710 749
710 782
710 735
711 761
711 765
712 775
712 727
714 769
714 720
714 731
715 745
715 716
715 735
716 740
716 796
716 744
717 776
717 781
717 734
717 740
717 741
718 780
718 797
718 746
718 760
719 741
719 778
719 781
719 786
722 739
722 771
722 778
722 780
722 766
723 775
723 747
723 780
723 724
725 751
725 735
726 734
726 731
727 783
729 733
730 789
730 764
731 772
731 763
732 796
733 779
733 799
734 768
734 764
735 744
735 759
736 749
737 771
737 783
737 742
737 760
738 740
740 799
741 776
741 762
742 780
744 761
745 760
745 762
745 767
747 796
747 763
748 762
749 778
751 768
751 772
751 792
751 760
753 795
754 772
754 785
754 761
758 767
758 786
759 778
759 796
760 785
760 792
761 792
762 787
766 768
766 783
766 799
768 786
769 792
772 776
772 787
774 791
774 783
775 797
776 781
777 799
783 798
783 790
784 785
786 787
787 792
790 798
792 798
