800 2400
0 259
0 748
0 528
0 593
0 594
0 597
0 732
0 702
1 648
1 777
1 610
1 780
1 645
2 32
2 619
2 748
2 559
2 465
2 471
2 573
3 553
3 661
3 278
3 598
4 184
4 736
4 178
4 530
4 708
5 544
5 194
5 258
5 612
5 581
5 561
6 37
6 616
6 521
6 589
6 175
6 145
6 50
6 753
6 90
7 590
7 369
7 50
7 637
7 478
7 447
8 88
8 364
8 581
8 782
9 56
9 33
9 638
9 55
10 101
10 693
11 417
11 291
11 487
11 689
11 788
11 250
12 743
12 332
12 783
12 207
12 536
12 575
13 323
13 740
13 136
13 776
13 108
13 528
13 309
14 66
14 167
14 790
14 152
14 633
14 796
15 113
15 139
15 540
15 597
16 640
16 391
16 552
16 521
16 585
16 171
16 301
16 113
16 242
16 369
16 343
16 511
17 122
17 252
17 214
18 577
18 545
18 738
18 773
18 683
18 620
18 271
18 316
18 733
18 254
19 640
19 353
19 162
19 390
19 493
19 763
19 785
19 539
19 667
19 191
20 706
20 267
20 528
20 435
20 534
20 444
21 770
21 617
21 716
21 205
21 462
21 176
21 721
21 373
21 346
21 411
22 780
22 438
22 591
22 390
22 23
23 386
23 37
23 267
23 44
23 601
23 561
23 505
23 351
24 38
24 423
24 456
24 507
24 92
24 125
25 577
25 252
26 672
26 770
26 520
26 137
26 306
26 247
26 733
27 450
27 228
27 620
27 309
27 693
27 247
27 413
28 356
28 529
28 258
28 236
28 316
29 81
29 57
29 770
29 527
30 467
30 348
30 405
30 707
31 646
31 108
31 305
31 785
31 468
31 796
31 670
31 511
32 721
32 779
32 567
32 551
33 417
33 770
33 291
33 279
33 697
33 538
33 411
33 348
33 189
34 646
34 72
34 523
34 302
34 431
34 623
34 498
34 504
34 607
35 601
35 466
35 147
36 71
36 108
36 367
36 240
36 564
36 725
36 406
36 57
36 799
37 224
37 514
37 642
37 203
37 523
37 112
37 562
37 181
37 500
37 87
37 476
38 323
38 110
38 178
38 659
38 727
39 146
39 547
39 382
39 679
40 592
40 374
41 768
41 705
41 675
41 137
41 236
41 332
41 410
41 636
42 241
42 533
42 679
43 194
43 706
43 73
43 457
43 428
43 307
43 217
44 69
45 258
45 484
45 100
45 458
45 524
45 469
45 151
46 213
46 769
46 530
46 788
46 69
47 129
47 68
47 141
47 278
48 610
48 555
48 311
48 183
49 346
49 67
49 618
49 55
50 615
50 651
50 466
50 440
50 91
51 409
51 138
51 404
51 449
52 516
52 70
52 295
52 424
52 183
52 669
53 250
53 347
53 354
54 485
54 262
54 458
54 618
54 524
54 651
54 494
54 369
54 465
54 413
55 452
55 517
55 670
55 398
55 177
55 412
55 158
56 324
56 484
56 135
56 521
56 213
56 376
56 665
56 316
56 61
56 543
57 672
57 481
57 322
57 648
57 715
57 334
57 211
57 278
57 694
57 795
57 253
58 608
58 551
58 143
59 152
59 356
59 68
59 503
60 555
60 660
60 406
61 178
61 691
61 533
61 206
62 152
62 625
62 434
62 189
62 278
63 417
63 66
63 102
63 264
63 686
63 206
64 616
64 717
64 667
64 436
64 509
65 193
65 163
65 709
65 678
65 265
65 727
65 745
65 591
65 599
66 552
66 154
66 414
67 216
67 123
67 165
68 93
69 409
69 525
69 534
70 791
70 502
70 287
71 98
71 215
72 481
72 516
72 510
72 793
72 476
72 158
73 448
73 748
73 77
73 429
73 559
73 591
73 718
73 601
74 608
74 548
74 134
74 463
74 80
74 410
74 181
74 346
74 668
74 637
75 360
75 191
75 164
75 422
75 183
76 256
76 162
76 451
76 483
76 516
76 233
76 554
76 565
76 631
76 507
77 709
77 559
77 752
77 405
77 89
77 219
78 160
78 249
78 269
78 174
79 449
79 298
79 276
79 182
80 208
80 293
81 749
81 241
81 724
81 694
81 605
82 272
82 536
82 348
82 182
83 672
83 330
83 499
83 152
83 507
83 285
83 763
84 544
84 434
84 332
84 133
84 445
85 576
85 257
85 713
85 172
85 280
85 345
85 254
86 480
86 145
87 425
87 674
87 140
87 316
88 417
88 517
88 173
88 464
88 309
88 693
88 283
88 255
89 196
89 359
89 489
89 650
89 428
89 208
89 723
89 90
89 574
90 454
90 295
90 569
90 697
90 788
90 791
90 536
91 784
91 202
91 676
92 553
92 150
92 357
92 118
93 329
93 338
93 463
94 400
94 617
94 386
94 212
94 734
95 646
95 103
95 744
95 175
95 664
95 347
96 678
96 776
96 397
96 213
96 566
96 406
96 149
96 798
97 130
97 522
97 618
98 231
98 240
98 203
98 494
99 744
99 534
100 770
100 196
100 403
100 503
100 538
102 226
102 741
102 268
102 429
102 718
102 625
103 647
103 433
103 375
103 501
104 485
104 269
104 767
105 305
105 268
105 756
105 703
105 167
106 196
106 264
106 713
106 684
106 241
106 564
106 758
106 730
106 126
107 528
107 536
107 139
107 365
107 159
108 341
108 311
108 792
109 292
109 173
109 438
109 502
109 473
109 698
110 773
110 677
110 650
110 687
110 242
111 243
111 261
111 486
112 509
112 506
112 557
113 197
113 678
113 457
113 536
113 315
114 366
114 759
115 131
115 643
115 313
115 215
115 217
115 570
115 283
115 348
115 254
116 194
117 378
117 477
117 693
118 480
118 577
118 362
118 436
118 447
119 531
120 745
120 652
121 608
121 647
121 745
121 746
121 235
121 622
122 160
122 544
122 162
122 578
122 268
122 718
122 784
122 251
123 281
123 322
123 158
123 679
124 592
124 730
124 181
124 391
125 410
125 511
125 791
125 208
126 480
126 743
126 168
126 669
126 414
127 129
127 673
127 535
127 270
127 326
128 640
128 395
128 689
128 339
128 697
128 253
128 414
129 178
129 661
129 294
130 164
130 333
130 305
130 338
130 245
131 771
131 331
131 405
131 637
131 286
132 616
132 622
132 658
132 179
132 596
132 475
132 184
132 219
132 638
133 353
133 360
133 457
133 176
133 659
133 406
133 348
134 553
134 493
134 598
134 474
134 286
135 577
135 646
135 154
135 584
135 615
135 554
135 410
135 147
135 693
135 218
135 603
136 228
136 581
136 585
136 787
136 155
136 348
137 605
137 551
137 167
137 155
137 413
138 305
138 340
138 775
138 755
139 482
139 519
139 406
139 694
139 543
140 610
140 553
140 145
140 499
140 764
140 222
141 640
141 594
141 636
142 258
142 677
142 461
142 337
142 217
142 285
143 497
143 330
144 233
144 666
144 684
144 278
144 519
145 555
145 237
145 398
145 781
145 472
147 195
147 460
147 189
147 344
147 317
147 254
148 248
148 633
148 194
148 446
148 455
149 613
149 231
149 489
149 586
149 693
149 184
149 287
150 578
150 428
150 505
150 509
150 414
150 415
151 336
151 531
151 262
152 416
152 770
152 548
152 776
152 591
152 564
152 757
153 608
153 490
153 680
154 259
154 612
154 629
154 218
154 794
154 380
154 479
155 531
155 381
155 390
156 275
156 443
156 566
156 723
157 325
157 174
157 502
158 334
158 565
158 252
159 545
159 521
159 556
159 653
159 635
160 388
160 588
160 305
160 407
161 652
161 412
161 693
161 519
162 335
162 273
162 691
163 584
163 418
163 629
164 451
164 519
164 661
164 697
164 571
164 381
165 481
165 298
165 396
165 241
165 690
165 667
165 223
166 485
166 330
166 357
166 502
167 789
167 252
167 638
168 365
168 395
168 284
168 325
169 449
169 391
169 392
169 712
169 665
169 571
170 418
170 516
170 439
171 319
171 510
171 373
171 670
171 351
172 684
172 525
172 366
172 785
172 700
172 253
173 736
173 513
173 583
173 568
173 561
173 340
173 541
174 782
174 687
174 181
174 794
174 638
175 258
175 549
175 749
175 540
175 479
176 512
176 507
176 220
176 701
177 671
177 603
177 453
178 675
178 488
178 463
178 725
178 662
178 284
179 659
180 592
180 744
181 291
181 516
181 714
181 623
181 469
181 734
182 458
182 566
182 573
182 414
183 452
183 785
183 501
183 279
183 443
184 558
184 400
184 218
184 351
185 771
185 427
185 236
185 549
185 455
186 262
186 623
186 595
186 499
186 599
186 761
186 637
186 414
187 458
187 362
187 380
188 193
188 705
188 356
188 357
188 393
188 655
188 313
188 638
189 514
189 233
189 497
189 280
189 699
190 360
190 577
190 599
190 327
191 738
191 419
191 268
191 565
192 552
192 430
192 782
192 238
192 535
192 539
193 672
193 611
193 581
193 360
193 298
193 268
193 685
193 558
193 654
193 575
194 585
194 458
194 405
194 733
194 478
194 447
195 546
195 372
195 715
196 421
196 328
196 498
196 213
196 474
197 282
197 665
198 237
198 403
198 221
198 467
199 585
199 786
199 794
199 751
200 456
200 690
200 530
200 344
200 315
200 316
201 658
201 435
201 316
201 748
201 351
202 654
202 602
202 326
203 258
203 743
203 488
203 552
203 211
203 756
204 692
204 475
204 492
205 546
205 261
205 774
205 231
205 423
205 212
205 406
205 345
205 667
205 575
206 352
206 613
206 295
206 603
207 657
208 473
209 558
209 441
209 773
209 529
210 331
210 291
210 403
211 477
211 553
212 569
212 787
213 233
213 715
213 726
213 572
213 671
214 258
214 360
214 299
214 495
214 567
215 705
215 508
215 721
215 668
215 639
216 386
216 675
216 294
216 777
216 601
216 254
217 262
217 299
217 332
217 434
217 502
218 289
218 291
218 222
219 357
219 334
219 274
219 564
219 732
219 511
220 265
220 780
220 397
221 703
221 282
221 726
221 679
222 328
222 560
222 551
223 536
223 698
223 387
223 684
224 458
224 557
224 685
224 402
224 604
224 255
225 706
225 614
226 713
226 252
227 490
228 320
228 716
228 754
228 372
228 600
229 496
229 634
229 773
229 687
230 412
230 508
230 758
231 257
231 712
231 393
231 688
231 598
231 766
232 420
232 392
232 712
232 783
232 402
232 627
232 403
233 280
233 733
233 406
233 502
233 376
233 602
233 540
234 464
234 738
234 259
234 238
234 287
235 536
235 578
235 537
236 455
236 749
236 495
237 354
237 709
237 783
237 592
237 693
237 408
238 778
238 726
238 374
239 354
239 525
239 775
239 389
239 666
240 452
240 646
240 680
240 458
240 596
241 712
241 561
241 305
241 625
241 659
242 513
242 612
242 774
242 333
242 408
242 345
243 708
243 268
243 627
243 564
243 405
243 342
243 702
244 625
245 523
245 780
245 653
245 462
245 764
245 511
246 472
246 681
247 500
247 565
248 544
248 418
249 786
249 613
250 690
250 780
250 319
251 770
252 656
252 760
252 314
253 292
253 325
253 688
253 599
253 664
253 794
253 319
254 512
254 581
254 744
254 524
254 304
254 699
255 723
256 608
256 773
256 365
256 340
256 731
257 707
257 680
257 498
257 665
257 671
258 262
258 389
258 632
259 715
259 633
259 415
260 511
260 372
260 580
260 343
261 425
261 772
261 765
262 407
262 481
262 676
262 293
262 638
263 357
263 400
263 560
263 656
263 759
263 666
264 288
264 325
264 745
264 778
265 672
265 550
265 681
265 434
265 284
266 611
266 273
266 674
266 299
266 444
267 566
267 438
267 604
267 703
268 386
268 418
268 641
268 673
268 294
268 607
268 658
268 312
268 667
269 673
269 551
269 468
269 693
269 381
271 448
271 547
271 518
271 490
271 502
271 728
272 736
272 291
272 650
272 759
272 723
272 631
272 572
272 510
273 698
273 708
273 508
274 654
274 353
274 326
274 777
275 312
275 593
275 725
275 646
276 577
276 462
276 334
276 797
276 574
276 575
277 769
277 334
277 534
278 740
278 313
278 597
279 462
280 573
280 294
280 527
280 497
280 689
280 692
280 533
280 505
280 411
281 458
281 715
281 716
281 464
281 446
282 450
282 493
282 410
282 795
283 291
283 432
284 641
284 646
284 686
284 542
284 447
285 712
285 440
285 443
285 286
286 691
286 504
286 570
287 422
287 300
287 477
287 639
288 631
288 327
288 689
288 694
288 759
289 507
289 741
289 478
290 738
290 361
290 654
290 719
290 689
290 318
291 558
291 466
291 565
292 456
292 559
292 432
292 600
292 345
293 576
293 673
293 548
293 605
294 594
294 755
294 349
295 323
295 552
295 568
295 364
295 338
295 565
295 757
295 376
295 764
295 702
296 501
296 523
296 493
298 513
298 713
298 432
298 497
298 735
298 511
299 681
299 586
300 769
300 455
300 399
300 655
300 530
300 698
301 610
301 552
301 458
301 377
301 700
302 550
302 761
302 342
303 562
303 739
303 500
303 618
304 350
304 436
304 717
305 404
305 501
305 538
305 411
305 765
306 774
306 326
306 520
306 554
306 447
307 652
308 555
308 710
308 791
309 417
309 395
309 431
309 565
309 734
310 403
311 657
311 476
312 320
312 777
312 685
312 556
313 515
313 773
313 468
313 502
313 792
314 389
314 457
314 525
314 408
314 475
315 411
315 776
316 509
316 759
316 371
316 627
316 477
317 379
317 748
317 717
317 471
318 637
318 525
319 659
319 597
319 406
320 376
320 570
320 357
321 385
321 740
321 335
322 762
322 548
322 645
322 554
322 333
322 698
323 356
323 360
323 651
323 792
324 630
324 455
325 542
325 520
325 715
325 743
325 531
325 727
325 539
325 382
326 363
326 529
326 788
326 541
327 755
328 795
328 557
328 694
328 347
328 604
329 736
329 733
329 426
329 592
329 729
329 703
330 617
330 562
330 531
330 340
330 476
331 562
331 637
332 576
332 392
332 362
332 561
333 649
333 496
333 403
333 764
333 573
334 350
334 769
334 339
336 687
336 419
336 758
336 430
337 632
337 585
337 370
337 762
338 417
339 410
340 456
340 457
340 522
340 779
340 372
340 697
341 448
341 609
341 493
341 720
341 573
342 545
342 582
342 659
342 755
343 514
343 531
343 540
344 497
344 350
344 475
345 512
345 742
345 554
345 619
346 546
346 781
346 371
346 410
347 354
347 739
347 526
347 434
347 476
348 496
348 404
348 758
348 570
349 769
349 520
349 649
349 648
349 524
349 685
349 628
349 796
350 720
350 594
350 792
351 608
351 450
351 773
351 743
351 392
351 565
351 566
351 383
352 408
352 585
352 642
353 736
353 741
353 687
353 783
353 468
354 579
354 783
354 766
355 592
355 746
355 429
355 655
356 484
356 780
356 593
356 405
357 428
358 712
358 457
358 523
358 495
358 559
358 431
358 628
358 792
358 634
359 632
359 651
359 787
359 383
360 608
360 662
361 517
361 458
361 464
361 721
361 596
361 379
361 670
362 652
362 685
362 376
363 369
363 554
363 517
364 704
364 611
364 579
364 740
364 783
364 471
365 580
365 752
365 601
366 544
366 554
366 591
366 655
366 634
366 796
366 670
367 435
368 626
368 723
368 660
369 739
369 692
369 701
370 536
370 401
370 714
370 423
371 582
371 745
371 426
371 495
371 688
371 758
372 712
372 398
372 698
373 748
374 457
374 439
375 464
375 620
375 773
375 758
376 708
376 710
376 654
376 562
376 474
377 771
377 561
377 643
377 756
378 756
378 428
379 553
379 750
379 471
379 665
380 797
380 753
380 685
381 633
381 652
382 488
383 688
383 707
384 577
384 707
385 582
386 562
387 432
387 570
387 650
389 690
390 513
390 793
391 642
391 752
391 602
391 542
391 703
392 644
392 639
392 464
392 406
393 657
393 538
393 658
394 776
394 505
395 643
395 709
395 550
395 522
395 558
395 654
395 630
395 443
396 491
396 775
397 587
397 651
397 519
398 485
398 564
398 637
399 515
399 451
399 647
399 522
399 491
399 799
399 511
400 514
400 517
400 614
400 459
400 562
401 416
401 429
402 655
402 721
402 436
402 408
403 577
404 763
405 738
405 659
406 756
407 582
407 552
407 460
407 588
407 621
407 625
407 695
407 508
409 519
409 713
409 530
409 728
410 647
410 529
410 692
410 599
411 519
411 489
411 760
412 655
413 579
413 746
413 750
414 614
414 638
414 491
414 528
415 425
415 482
415 777
416 634
416 661
416 471
417 776
418 590
418 531
419 799
419 472
419 588
420 553
420 560
420 789
420 559
421 553
421 645
421 734
421 495
422 577
422 777
422 493
422 792
422 698
423 454
423 425
423 524
423 430
423 749
423 565
423 693
423 471
423 441
423 700
424 602
424 767
424 606
424 519
425 622
426 687
426 689
426 794
426 639
428 719
428 759
429 626
431 484
431 591
431 759
432 594
432 755
433 435
434 455
434 688
434 668
435 740
435 709
435 618
435 659
435 734
436 482
436 617
436 492
436 766
436 541
436 702
437 696
437 720
438 771
438 784
438 637
439 769
439 476
439 663
440 696
440 786
440 799
441 763
441 493
442 538
442 691
442 444
442 596
443 481
443 643
443 707
443 797
443 570
444 577
444 587
445 749
447 457
448 744
448 621
448 532
448 469
448 572
449 771
449 779
449 791
449 668
450 655
452 456
452 620
453 480
453 628
453 525
453 536
454 604
455 705
455 793
456 524
456 785
457 774
457 661
457 766
458 740
458 635
458 690
459 649
459 506
459 523
459 463
460 569
460 669
461 539
461 686
462 480
462 515
462 613
463 468
463 798
464 773
464 568
464 492
464 573
464 767
465 638
465 467
465 712
466 480
466 698
467 641
467 613
467 524
467 511
468 755
468 668
469 674
469 662
470 571
471 525
472 579
472 486
473 608
474 505
474 535
475 487
475 648
475 746
475 751
475 571
476 795
477 508
477 604
478 561
480 763
481 528
481 792
482 544
482 617
483 729
483 634
483 651
483 527
484 585
484 687
484 760
484 722
484 666
485 688
485 571
486 639
486 645
486 686
487 628
487 731
488 513
488 609
488 558
488 759
489 760
489 665
490 712
490 596
491 595
491 504
491 633
492 775
492 762
492 605
493 717
493 592
494 510
495 560
496 547
496 619
496 670
497 516
497 724
497 630
498 517
499 532
499 767
500 580
500 528
500 596
501 675
501 618
501 574
502 760
502 604
503 682
503 516
503 791
504 623
505 516
505 644
505 651
505 668
507 732
509 657
509 756
510 521
510 748
510 632
511 710
511 561
511 623
512 647
512 632
512 798
513 615
513 751
513 638
514 618
515 625
515 690
515 540
516 607
518 721
520 750
520 655
521 670
521 653
521 598
522 672
522 613
522 711
522 760
523 602
523 636
524 673
524 617
524 562
525 747
525 590
525 635
526 545
526 618
527 777
527 565
527 543
528 771
528 533
529 565
529 543
530 748
530 699
531 642
531 783
531 533
533 564
534 777
534 653
535 577
535 746
536 639
536 702
537 659
538 777
539 644
540 612
540 746
541 637
542 764
542 613
542 553
542 587
543 620
543 593
543 721
544 705
544 712
544 796
545 657
546 712
546 649
546 604
547 634
548 620
548 758
549 695
550 736
550 667
551 769
551 692
552 715
552 747
552 762
553 726
554 647
554 681
554 782
554 794
555 577
556 633
556 714
556 788
558 741
558 567
560 640
560 661
562 591
562 702
563 689
565 782
567 576
567 574
568 585
568 623
568 667
569 791
569 711
570 753
571 573
572 704
572 599
573 615
573 632
573 687
573 595
574 766
576 617
576 682
576 639
577 731
578 716
580 640
580 691
583 768
583 749
584 587
584 731
584 591
587 775
588 641
588 686
588 600
590 702
591 641
591 620
591 686
591 627
591 671
592 779
592 690
593 610
593 625
594 673
594 679
594 784
595 643
595 756
595 666
596 651
596 688
597 609
598 769
598 622
598 754
598 729
599 782
600 673
600 735
601 663
601 633
601 603
602 643
602 627
602 637
603 791
604 614
604 669
604 631
605 641
605 675
605 621
605 659
606 628
606 613
606 743
608 721
608 691
609 644
610 706
610 676
611 658
612 678
612 688
614 645
614 791
615 687
615 723
616 740
616 645
616 773
616 692
619 689
619 625
620 736
620 746
620 667
622 750
623 680
623 631
624 705
624 678
624 783
625 723
626 697
627 776
627 746
627 797
628 710
628 799
629 792
629 766
631 657
633 673
634 774
634 712
634 685
634 701
635 774
635 786
635 734
637 742
637 760
638 673
638 654
638 793
639 779
639 653
639 666
641 756
642 788
643 750
644 718
647 661
649 692
649 725
651 714
652 738
652 792
653 781
653 665
653 795
653 701
655 770
655 679
655 691
655 799
656 733
657 774
657 690
659 740
660 794
661 684
661 732
662 673
662 759
662 791
663 704
668 714
668 780
668 760
669 710
670 776
671 710
671 776
673 695
673 730
674 706
677 741
680 703
686 710
686 747
686 750
686 781
688 773
688 733
688 729
690 727
692 696
692 732
692 734
700 706
700 738
702 768
702 710
702 798
703 746
704 756
705 756
707 745
709 754
710 789
715 759
716 762
716 797
717 799
718 756
720 737
720 779
722 784
725 728
726 783
731 764
734 774
736 771
739 792
741 767
743 773
750 794
758 771
759 793
759 767
760 796
763 771
777 783
786 798
789 798
