800 2000
0 128
0 386
0 131
0 230
0 42
0 303
0 751
0 755
0 284
1 25
1 538
2 33
2 385
2 20
2 668
2 423
3 754
3 684
4 128
4 187
5 544
5 577
5 418
5 421
5 10
5 44
5 76
5 653
5 310
6 400
6 655
6 470
6 110
6 463
7 577
7 545
7 354
7 165
7 671
8 128
8 773
8 479
9 551
10 731
10 174
10 510
11 67
11 614
11 479
12 64
12 590
12 623
12 272
12 271
12 284
13 256
13 369
13 756
13 119
13 222
13 254
14 265
14 682
14 507
15 625
15 202
15 212
15 23
16 648
16 655
16 367
16 237
16 311
17 163
17 518
17 680
17 301
17 721
17 152
18 746
18 178
18 469
18 122
18 381
18 286
19 776
19 97
19 433
19 76
19 723
20 609
20 203
20 496
20 784
20 27
20 509
20 30
21 198
21 39
21 336
21 182
21 282
21 251
22 88
22 769
22 556
22 399
23 346
23 635
24 793
24 684
24 612
24 638
25 498
25 372
25 405
25 791
25 154
26 260
26 51
26 316
26 668
26 573
26 126
27 130
27 484
27 106
27 208
27 726
28 698
28 242
28 746
29 609
29 354
29 795
29 373
30 514
30 229
30 709
30 76
30 473
30 335
30 311
30 185
30 93
30 575
31 336
31 556
31 710
32 611
32 715
32 655
32 660
32 598
32 218
32 539
32 413
33 615
33 237
33 535
33 632
33 381
33 413
33 607
34 674
34 298
34 676
34 398
34 175
35 390
35 542
36 536
36 123
36 395
36 543
37 737
37 546
37 395
37 734
37 662
38 612
38 552
38 335
38 211
38 564
38 471
38 665
39 552
39 233
39 206
39 81
39 626
39 179
39 690
39 796
40 234
40 307
40 395
40 586
40 583
41 460
41 146
41 139
41 325
41 133
42 388
42 518
42 685
42 719
42 566
42 185
43 160
43 165
43 718
43 594
43 406
43 55
43 89
44 264
44 779
44 139
44 567
45 345
45 675
45 485
46 96
46 546
46 268
46 274
46 469
46 56
46 380
46 444
46 284
46 157
46 158
47 66
47 130
47 610
47 165
47 198
47 298
47 557
48 772
49 451
49 585
49 242
49 439
49 697
49 127
50 176
50 425
50 210
50 557
50 453
51 96
51 711
51 136
51 364
51 366
51 113
51 115
51 758
51 606
51 63
52 672
52 744
52 142
52 542
53 481
53 196
53 73
53 75
53 437
53 758
53 478
54 195
54 202
54 237
54 309
54 56
54 319
55 792
55 667
56 326
56 662
56 408
56 126
57 456
57 533
58 195
58 212
58 606
58 87
59 128
59 217
59 404
60 483
60 485
60 264
60 138
60 431
60 563
60 84
60 638
61 305
61 692
61 780
61 553
62 462
62 317
62 70
62 135
63 484
63 133
63 81
63 275
63 249
63 250
64 496
64 379
65 368
65 345
65 146
65 235
65 108
66 585
66 267
66 564
67 704
67 218
67 613
67 559
68 641
68 102
68 426
68 627
68 318
68 383
69 267
69 373
69 287
70 167
70 782
70 310
70 87
70 348
70 510
71 571
71 475
71 633
72 772
72 302
73 264
73 616
73 747
73 716
73 595
74 769
74 546
74 298
74 139
74 656
74 285
76 195
76 779
76 755
77 243
77 164
77 149
77 574
77 421
78 448
78 698
78 434
78 476
78 254
79 640
79 459
79 420
79 654
80 754
80 355
80 411
81 101
81 585
81 473
81 668
82 368
82 576
82 741
82 622
82 327
83 136
83 714
83 242
83 778
83 564
84 197
84 510
84 647
84 530
84 758
84 670
85 568
85 330
85 651
85 220
85 338
86 603
86 107
86 763
86 102
86 759
87 228
87 136
87 552
87 651
87 633
87 315
87 444
87 767
88 322
88 588
88 531
88 343
88 188
88 574
89 722
89 444
90 99
90 613
90 103
90 265
90 267
90 722
90 220
90 444
91 489
91 419
92 458
92 251
92 215
93 112
93 657
94 96
94 389
94 558
94 496
94 596
94 181
94 214
95 769
95 516
95 293
95 645
95 295
95 527
95 598
95 246
96 738
96 709
96 496
96 698
96 476
97 760
97 241
97 218
98 498
98 725
98 198
99 416
99 548
99 741
99 428
99 574
100 675
100 742
100 588
100 332
100 687
100 253
100 575
101 492
101 204
101 621
101 147
101 467
101 277
102 321
102 292
102 631
102 606
103 531
103 109
103 437
104 704
104 169
104 214
104 334
105 227
106 720
106 650
106 485
107 294
107 520
107 235
107 491
107 749
107 208
107 154
107 319
108 545
108 737
108 518
108 654
108 692
108 117
109 258
109 451
109 626
109 181
109 670
110 601
110 251
111 545
111 368
111 306
111 598
111 150
111 504
112 248
112 306
113 579
113 260
113 797
113 429
113 273
113 181
113 602
113 539
113 348
113 349
113 287
114 673
114 496
114 721
114 373
114 375
114 702
115 488
115 530
115 556
115 235
116 448
116 708
116 664
116 566
117 473
117 694
117 334
118 618
118 660
118 789
118 590
119 187
119 411
119 564
119 783
120 463
121 337
121 261
121 604
121 205
122 547
122 451
122 138
122 147
122 404
122 664
123 193
123 748
123 388
123 604
124 391
125 514
125 230
125 237
125 467
125 628
125 413
126 469
126 432
127 549
127 531
127 502
127 729
127 349
129 289
129 723
129 519
129 533
129 135
130 459
131 368
131 382
132 515
132 363
132 435
133 678
133 682
133 202
133 179
133 758
134 322
134 682
134 780
134 691
134 406
134 665
134 283
135 422
135 363
135 727
135 509
136 484
136 263
136 744
136 598
136 444
136 287
137 305
137 587
137 761
137 198
137 191
138 428
138 174
138 690
138 319
139 484
139 619
139 658
140 369
140 189
140 765
140 359
141 546
141 785
141 468
141 407
141 316
141 605
142 164
142 293
142 548
142 455
142 456
142 479
142 342
142 441
142 415
143 144
143 185
143 705
143 205
143 389
144 184
144 234
144 355
144 388
145 168
145 486
146 458
146 792
146 181
146 789
146 535
146 728
146 380
147 289
147 450
147 774
147 455
147 682
147 171
147 268
148 248
148 735
148 231
149 609
149 647
149 586
149 566
149 700
150 656
150 693
150 597
151 704
151 354
151 510
151 623
152 783
153 505
153 293
154 490
154 252
154 735
155 514
155 684
155 500
155 724
155 665
155 603
155 732
156 379
156 303
157 322
157 786
157 532
158 748
158 637
159 514
159 467
159 546
160 769
160 188
160 524
161 542
161 265
161 427
161 531
161 250
161 283
161 510
162 702
162 263
163 452
163 236
163 396
163 592
163 374
164 642
164 419
164 420
164 466
164 506
164 795
164 380
165 193
165 356
165 741
165 457
165 649
165 242
166 610
166 461
167 755
167 436
168 496
168 615
169 650
169 189
169 583
170 417
170 749
170 399
170 688
170 210
170 275
170 380
171 626
172 376
172 480
172 356
172 686
173 402
173 205
174 448
174 385
174 701
174 180
174 757
174 762
174 219
174 541
175 565
175 419
175 341
176 274
176 306
177 442
178 476
178 596
179 555
179 559
179 308
179 311
179 285
180 512
180 417
180 587
180 696
180 636
181 706
181 615
181 651
181 400
182 580
183 474
183 307
184 513
184 228
184 299
184 782
184 477
184 607
185 717
185 253
186 407
186 672
186 599
186 319
187 507
187 422
188 653
188 485
188 254
189 783
189 371
189 788
189 314
190 674
190 331
190 191
191 484
191 569
191 415
192 400
192 741
192 261
192 653
193 504
193 366
194 301
194 558
195 390
195 525
195 440
196 645
196 584
196 617
196 684
196 239
196 528
196 382
197 552
197 795
198 359
198 222
199 752
199 514
199 701
199 686
200 768
200 291
200 773
200 299
200 461
200 793
200 794
200 605
201 353
201 668
201 206
202 229
202 246
202 506
203 612
203 594
203 607
203 487
205 222
206 268
206 349
207 734
207 790
207 213
207 310
207 639
208 332
208 653
208 624
208 667
208 796
209 256
209 347
209 326
209 391
210 368
211 240
211 274
211 472
212 705
212 396
212 717
212 783
213 458
213 751
213 670
214 674
214 422
214 395
214 784
215 518
215 232
215 428
215 533
215 349
216 795
216 310
217 224
217 770
217 389
217 647
217 302
217 219
217 471
218 325
218 359
219 418
219 676
219 373
219 510
220 441
220 257
220 285
221 428
221 540
221 623
222 650
222 654
222 464
222 467
222 632
223 674
223 675
223 420
223 297
223 460
223 431
223 785
224 532
224 431
225 360
226 325
226 551
226 726
226 282
226 285
226 383
227 456
227 234
227 672
228 707
228 490
228 399
228 795
228 732
229 302
229 753
229 487
230 354
230 611
230 263
230 683
230 429
230 476
230 284
230 479
231 444
231 275
231 661
231 518
232 357
232 788
232 277
232 534
232 537
232 702
233 486
233 330
233 331
233 752
233 767
234 776
234 797
235 673
235 492
235 238
235 784
235 465
237 259
237 299
237 622
237 303
237 316
237 287
238 442
238 367
238 734
238 255
239 780
239 494
239 560
239 436
239 437
239 534
240 773
240 490
240 791
240 463
240 755
240 246
240 311
241 256
241 697
241 732
241 253
241 351
242 295
242 722
242 440
242 413
243 784
243 687
243 307
243 319
244 330
244 587
244 619
244 684
244 368
244 337
244 540
245 451
245 645
245 617
245 436
245 311
245 728
245 473
245 699
245 252
245 604
246 555
247 576
247 353
247 665
247 781
247 558
248 390
248 273
248 532
248 502
248 411
249 680
249 594
249 797
249 654
250 440
250 780
250 766
251 391
251 489
251 591
251 782
251 350
252 548
252 530
252 724
252 798
254 416
254 354
254 712
254 555
254 399
254 375
254 762
255 566
255 607
256 629
256 710
257 787
258 296
258 457
259 689
259 490
259 572
259 711
260 696
260 635
261 339
261 720
262 574
262 590
262 707
262 414
263 576
263 494
263 667
264 612
264 729
264 543
265 585
265 559
265 339
265 511
267 576
267 549
267 297
267 498
267 564
267 568
267 607
268 736
268 616
268 277
268 791
268 667
269 784
269 781
269 667
269 461
269 350
270 684
270 436
270 623
270 503
271 400
271 341
271 486
271 564
272 792
272 707
272 332
273 676
273 421
273 740
273 682
273 630
273 313
274 296
274 668
275 742
275 459
275 302
275 698
276 541
277 389
277 664
277 573
278 600
278 417
278 748
278 524
278 733
279 442
279 763
279 453
279 662
280 754
280 755
281 492
282 706
282 773
282 583
282 333
282 558
282 470
282 510
283 656
285 592
285 659
285 602
286 308
286 574
286 798
287 294
287 784
287 635
288 329
288 506
288 740
288 317
289 330
289 356
290 690
290 556
290 589
291 561
291 637
292 652
292 516
293 526
293 719
293 599
293 349
294 304
294 617
294 413
295 729
296 408
296 676
296 549
297 497
298 676
298 375
298 664
298 540
299 533
299 639
300 593
300 676
300 679
300 463
301 504
301 673
302 648
303 468
304 425
304 419
304 517
305 417
305 573
305 421
305 551
305 507
306 448
306 484
306 613
306 534
307 417
307 420
307 430
307 625
307 414
308 645
308 365
308 558
308 753
309 644
310 488
310 499
311 772
311 415
312 609
312 420
312 613
312 644
312 400
312 500
313 680
313 650
313 710
313 327
314 634
314 797
314 751
315 447
315 397
315 566
316 611
316 660
316 599
317 442
317 452
318 680
319 321
319 420
320 529
320 426
320 419
321 675
321 581
321 332
321 494
322 419
322 422
322 472
322 662
323 380
324 578
324 583
324 368
324 403
324 727
324 637
325 515
325 495
325 566
326 450
326 516
326 587
326 494
327 614
327 521
327 559
328 561
328 467
329 381
329 598
329 701
330 787
330 662
331 418
331 360
331 394
331 715
331 380
331 540
333 580
334 417
334 673
334 743
334 778
334 442
335 740
335 454
335 501
335 413
336 658
336 563
336 404
336 791
336 349
337 700
337 371
337 517
338 584
338 589
339 711
339 361
339 534
340 380
341 432
341 648
343 777
343 424
344 483
345 704
345 623
346 734
347 619
347 355
347 517
347 790
348 388
349 500
349 789
350 584
350 454
351 737
351 693
352 409
352 610
352 716
352 709
352 679
353 427
353 541
354 690
355 610
355 483
355 423
355 466
355 473
356 770
356 618
356 754
356 762
356 731
357 735
358 402
359 471
360 474
360 663
361 376
361 636
361 741
363 589
363 782
364 456
364 385
364 435
364 557
365 710
366 640
366 593
366 600
366 605
367 434
367 773
369 416
369 450
369 451
369 373
369 629
369 634
370 578
370 403
370 582
370 423
371 705
372 464
372 560
373 688
374 683
374 622
374 783
375 616
376 455
376 426
376 525
376 719
376 759
377 497
377 437
378 665
378 726
378 510
378 518
379 612
379 772
379 554
379 469
380 551
380 663
380 506
381 768
381 657
381 601
381 635
382 448
382 769
382 592
382 405
383 553
384 506
384 659
384 748
384 517
384 431
386 714
386 610
386 567
387 737
387 434
387 677
387 669
387 391
388 759
389 611
389 423
390 666
391 440
393 407
394 489
394 474
394 556
395 481
395 635
396 698
396 705
396 650
397 789
397 437
397 459
397 623
398 706
398 475
398 785
398 767
399 583
400 481
400 491
400 723
401 481
401 619
401 737
402 546
402 692
403 739
403 459
403 793
403 441
403 447
404 455
405 707
405 553
406 577
407 680
407 415
407 639
408 738
408 740
408 586
408 559
408 540
409 737
409 671
411 608
411 743
411 790
411 699
411 477
412 507
412 783
413 640
413 564
413 793
414 623
414 723
414 475
415 529
415 573
416 715
416 570
416 635
416 541
418 544
418 486
418 524
418 534
419 425
419 565
419 725
419 569
420 677
420 555
420 748
420 751
421 643
421 757
422 750
422 463
422 434
423 441
423 572
424 791
424 659
424 684
424 525
425 717
426 643
427 613
428 583
428 781
428 686
428 502
429 641
430 564
430 582
430 567
431 790
432 722
432 718
433 762
433 570
433 454
434 460
435 474
435 783
435 588
437 643
437 554
437 438
437 728
438 491
438 655
438 725
438 599
438 792
438 511
439 624
439 477
440 552
440 748
441 581
441 670
442 646
442 565
442 632
443 564
444 489
444 458
444 718
444 478
445 511
446 630
447 555
447 643
447 687
448 690
448 787
448 726
449 659
449 668
450 513
450 774
450 685
450 727
450 732
451 461
451 655
451 760
451 785
451 469
451 634
451 536
452 481
453 585
453 623
453 494
454 616
455 720
455 757
455 474
456 544
456 705
456 578
456 678
456 560
456 792
457 724
457 669
458 710
458 590
458 724
461 740
461 585
461 552
462 548
463 742
463 719
463 734
464 660
464 724
464 511
465 611
465 738
465 668
465 621
466 478
467 777
467 658
468 671
468 739
468 742
469 644
469 530
470 544
470 740
470 561
470 662
471 759
472 554
472 590
472 723
473 487
473 541
474 517
474 478
474 607
475 661
476 693
477 561
477 584
479 659
480 561
480 737
481 510
482 745
482 611
482 572
482 733
483 578
483 700
483 777
483 652
483 507
483 798
484 563
485 615
485 716
485 766
486 675
486 760
487 514
487 773
487 683
488 654
488 776
488 683
489 563
491 643
491 709
491 536
491 701
491 703
492 606
493 647
494 680
495 609
495 523
495 628
495 701
497 610
497 745
497 752
497 538
498 664
500 724
501 649
501 594
501 716
502 691
505 533
507 579
508 641
508 620
509 725
510 652
511 769
511 787
512 631
513 743
513 535
514 598
514 599
515 552
515 525
515 656
515 598
515 601
515 701
516 682
516 775
517 584
517 556
520 715
521 759
521 603
522 528
522 587
522 550
522 543
523 611
524 533
525 546
525 676
525 749
526 788
527 718
530 625
530 695
531 710
531 533
532 574
533 654
534 753
534 659
535 673
535 771
535 773
535 731
536 779
536 682
537 796
537 686
537 599
538 720
538 658
539 571
540 737
540 779
541 663
541 600
543 666
544 664
545 578
545 654
545 759
546 742
546 616
547 571
547 563
547 675
549 742
550 572
553 780
554 687
554 788
554 630
557 616
557 614
559 746
560 600
560 564
561 573
561 604
562 725
564 681
564 586
564 753
565 648
565 684
565 591
565 735
566 584
567 654
567 693
567 601
567 635
568 775
570 617
571 728
572 615
572 735
573 640
573 731
574 674
575 618
575 647
576 759
576 638
577 701
578 641
579 685
579 793
579 763
580 673
580 631
581 732
583 601
584 616
585 756
586 647
586 637
587 704
589 666
590 790
591 750
591 774
593 749
593 639
594 680
594 619
597 738
598 687
598 785
601 759
601 717
601 753
601 635
602 729
603 688
603 690
603 659
604 655
604 660
604 757
605 617
606 715
607 633
608 686
609 742
609 655
611 688
612 642
612 684
612 757
613 771
614 627
614 792
615 666
616 623
619 620
619 691
621 711
621 717
621 781
621 691
621 662
622 684
622 751
623 637
625 629
625 798
626 722
627 785
627 726
628 713
628 782
629 721
629 745
631 776
631 637
632 778
632 797
633 751
633 767
633 727
633 697
634 700
635 674
635 682
635 654
636 797
639 690
639 666
639 702
640 738
640 649
642 700
642 772
645 722
647 673
647 680
648 661
649 658
650 696
651 751
651 785
651 662
655 738
657 680
657 752
658 711
658 777
659 701
660 669
661 738
661 783
662 708
663 742
663 725
663 694
665 795
667 673
668 672
668 773
668 733
669 762
669 774
670 736
670 754
670 791
673 795
673 706
674 689
675 771
675 762
679 766
679 694
679 743
682 798
684 776
684 727
685 704
686 704
686 690
686 790
690 693
691 787
696 748
696 758
697 794
698 764
700 797
703 780
704 787
706 791
708 742
711 772
712 739
712 734
713 773
716 790
727 798
732 780
734 775
735 760
737 775
746 766
747 795
747 799
757 767
760 770
791 797
