800 2000
0 356
0 275
0 36
0 408
0 70
1 648
1 291
1 163
1 710
2 672
2 614
2 554
2 779
2 108
2 79
2 568
3 486
3 168
3 337
3 690
3 183
3 667
3 60
4 117
4 246
4 207
5 454
5 172
5 526
5 17
5 660
5 565
5 568
5 414
6 577
6 514
6 293
6 454
6 721
6 28
6 702
7 680
7 273
7 483
8 449
8 197
8 779
8 273
8 735
8 406
8 86
8 410
8 350
8 287
9 480
9 454
9 511
9 691
9 282
9 765
9 607
10 389
10 519
10 396
10 209
10 438
10 152
11 264
11 131
11 646
12 705
12 627
12 125
12 86
12 494
13 496
13 650
13 668
13 743
14 682
14 442
14 52
14 758
14 340
15 577
15 610
15 259
15 453
15 526
15 758
16 264
16 626
16 467
16 141
16 437
17 328
17 404
17 596
18 547
18 517
18 454
18 326
18 554
18 505
18 537
18 751
18 83
18 57
18 763
19 796
19 607
19 519
20 128
20 619
20 781
20 687
20 665
20 728
20 633
20 412
21 280
21 714
21 530
21 35
22 130
22 619
22 626
23 665
24 608
24 585
25 480
25 204
25 494
25 447
26 736
26 41
26 140
26 646
27 416
27 550
27 203
27 46
28 242
28 340
28 165
28 79
29 33
29 39
29 730
29 282
29 573
29 159
30 608
30 169
30 77
30 627
30 148
30 506
30 189
31 243
31 637
31 526
31 87
32 137
33 737
33 356
33 590
33 575
34 418
34 708
35 80
35 361
35 250
35 730
36 198
36 70
37 677
37 521
37 759
37 376
37 444
37 62
37 95
38 92
38 400
38 534
38 312
38 700
38 574
39 393
39 314
39 717
39 536
39 442
40 712
40 764
40 117
40 502
41 710
41 587
41 76
41 145
41 311
41 473
42 561
42 506
42 276
42 438
42 647
43 353
43 420
43 774
43 614
43 63
44 555
44 411
44 404
44 726
44 590
45 620
45 500
45 508
45 319
46 736
46 449
46 674
46 249
46 618
46 334
46 654
46 629
46 185
47 296
47 497
47 598
47 792
48 114
48 242
48 164
48 237
49 744
49 353
49 298
49 689
50 256
50 762
50 482
50 467
51 73
51 85
51 663
52 776
52 321
52 60
52 758
53 618
53 770
53 101
53 149
53 790
54 613
54 261
54 677
54 657
54 660
54 316
55 713
55 139
55 236
55 219
55 792
55 123
55 125
55 671
56 177
56 571
56 180
56 753
57 392
57 684
57 398
57 703
57 220
57 382
57 479
58 256
58 133
58 722
58 311
58 183
58 250
58 412
59 201
59 123
59 695
60 98
60 675
60 431
60 207
60 786
60 243
62 577
62 71
62 557
62 565
62 280
62 511
63 454
63 491
63 77
63 747
63 786
63 727
63 734
64 615
64 264
64 588
64 625
64 690
64 374
65 713
65 521
65 505
65 718
65 143
65 720
65 435
65 697
66 329
66 316
66 481
66 255
67 560
67 473
67 114
67 685
67 175
68 410
68 662
68 759
69 546
69 195
69 419
70 510
71 552
71 322
71 398
72 522
72 786
73 368
73 592
74 320
74 776
74 284
74 789
74 182
75 727
75 663
76 262
76 584
76 371
76 309
76 759
76 762
77 416
77 162
77 358
77 585
77 213
77 693
78 313
78 763
78 540
78 701
79 558
79 696
79 626
79 118
79 568
79 314
79 157
80 737
80 517
80 583
80 300
80 498
80 595
81 657
81 274
81 625
81 726
81 441
81 574
82 250
82 659
82 220
82 533
82 487
83 387
83 137
83 110
83 790
83 567
84 294
84 169
84 600
84 126
85 482
85 323
85 334
85 463
85 406
85 312
86 156
86 764
86 536
87 669
88 295
88 329
88 381
88 724
88 405
88 567
88 445
89 132
89 228
89 199
89 396
89 241
89 373
89 381
90 498
90 282
90 291
90 554
90 788
91 433
91 697
91 557
91 551
92 582
92 619
92 206
92 410
92 541
92 445
93 355
93 484
93 103
93 718
93 467
93 343
94 560
94 421
94 701
95 586
95 230
95 653
96 616
96 698
96 514
96 379
96 765
97 760
97 365
97 723
97 221
98 712
98 145
98 679
99 714
99 757
100 487
100 362
100 145
100 723
100 468
100 757
100 188
101 292
101 781
101 464
101 531
101 439
102 264
102 642
102 755
102 436
102 670
103 469
103 188
103 181
104 549
104 389
104 421
106 289
107 432
107 307
107 139
107 485
108 156
109 202
109 676
109 637
109 679
110 698
110 340
111 459
111 368
111 624
111 506
111 538
111 540
112 166
112 299
112 460
112 237
112 442
112 219
112 189
112 735
114 547
114 591
115 538
115 494
115 119
116 257
116 770
116 478
116 648
116 140
116 574
116 479
117 226
117 648
117 633
117 220
117 574
118 131
118 263
119 558
119 398
119 563
119 183
119 763
119 383
120 498
120 692
120 653
120 270
120 247
121 546
121 166
121 230
121 520
121 743
121 238
121 656
121 212
121 537
122 516
122 237
122 689
122 721
122 602
122 351
123 640
123 579
123 506
123 511
124 612
124 711
124 148
124 503
125 647
125 781
125 407
125 633
125 189
125 319
126 169
126 259
127 466
127 221
127 414
128 320
128 641
128 777
128 235
128 572
129 288
129 673
129 586
129 247
129 187
129 252
130 716
131 196
131 392
131 776
131 431
131 759
131 191
132 483
132 348
132 685
132 190
133 736
133 784
133 660
133 741
134 185
134 530
134 164
134 533
135 774
136 645
136 429
136 754
136 599
136 442
136 411
137 172
137 274
137 211
137 533
137 283
138 157
139 608
139 353
139 422
139 742
139 171
139 604
140 458
140 335
140 689
140 503
141 341
141 606
142 280
142 613
143 498
143 332
143 793
144 192
144 410
144 172
144 382
145 484
145 548
145 493
145 753
145 183
145 606
146 586
146 676
147 615
147 502
147 471
147 410
147 667
147 476
148 322
148 646
148 505
148 333
148 345
150 520
150 600
150 222
151 668
151 434
151 631
151 190
151 503
152 579
152 647
152 746
152 747
152 409
153 584
153 233
153 489
153 373
153 319
154 639
154 375
155 575
156 584
156 218
157 389
157 621
157 722
157 629
157 380
158 306
158 676
159 514
159 206
159 669
160 746
161 184
161 280
162 432
162 177
162 665
162 454
163 391
163 686
163 784
163 243
163 505
163 444
163 191
164 654
164 356
165 248
165 585
165 220
165 175
166 449
166 663
167 516
167 679
167 434
167 213
167 505
167 479
168 192
168 706
168 561
168 182
168 695
169 345
169 607
170 324
170 647
170 521
170 367
170 537
170 603
170 447
171 748
171 613
171 799
172 608
172 620
173 568
173 717
173 270
173 373
173 630
173 376
174 523
174 586
174 395
174 639
175 339
175 252
175 718
176 369
176 765
177 280
177 747
177 373
177 310
178 752
178 634
178 738
178 575
180 715
181 638
182 486
182 399
182 532
182 444
183 273
184 763
184 693
184 678
185 200
185 366
186 305
186 583
187 682
187 244
187 513
187 599
188 455
188 618
188 750
188 567
188 283
188 732
188 798
188 351
189 325
189 780
189 365
189 594
190 616
190 207
190 580
191 611
191 574
191 647
192 326
192 447
193 697
193 570
193 253
194 736
194 781
194 472
194 347
194 476
194 382
195 482
195 309
196 608
196 784
196 344
196 477
196 798
196 799
197 578
197 261
198 654
198 635
198 300
199 416
199 554
199 366
199 439
199 446
200 730
200 771
200 529
200 583
201 609
201 500
202 737
202 514
203 614
203 788
203 286
204 706
204 454
205 713
205 789
205 411
205 405
206 754
206 527
207 482
207 676
207 572
207 667
208 544
208 225
208 642
208 643
208 659
209 298
209 798
209 359
210 779
210 637
210 678
210 703
211 727
211 778
211 553
213 707
213 333
213 465
213 534
213 312
213 794
214 376
214 697
214 567
215 706
215 546
215 333
215 487
216 408
216 608
217 519
218 291
218 424
218 508
218 339
218 342
219 636
219 449
219 694
219 348
219 479
220 610
220 558
220 376
220 475
220 731
221 364
221 789
221 246
222 345
222 330
222 422
223 578
223 610
223 611
223 649
223 499
223 374
223 408
223 796
223 381
224 516
224 455
224 393
224 717
224 635
224 572
225 576
225 718
225 263
226 592
227 558
227 654
227 428
227 757
227 446
228 776
228 620
228 333
228 685
229 450
229 274
229 661
229 310
229 607
230 298
230 751
230 434
230 636
231 490
231 572
231 269
232 582
232 296
232 746
232 366
232 305
232 725
233 656
233 266
233 364
233 485
234 545
234 487
235 759
235 429
235 654
235 242
235 247
235 543
236 553
236 431
236 720
236 374
236 414
237 453
237 525
237 241
237 307
237 464
237 477
238 432
238 317
238 513
239 772
239 657
239 369
239 499
239 658
239 634
240 453
240 616
240 520
240 336
240 535
240 504
240 735
241 707
241 325
241 458
241 397
241 382
242 512
242 672
242 711
242 332
242 718
242 401
242 244
242 664
242 634
243 642
243 459
243 587
243 462
243 657
243 436
243 638
244 352
244 768
244 795
244 643
244 359
244 596
244 597
244 628
244 792
245 531
245 257
245 552
245 323
245 497
246 345
246 707
246 671
247 644
248 482
248 386
248 324
248 710
248 365
250 387
250 549
250 682
250 620
250 401
250 311
251 617
251 356
252 482
253 594
253 260
253 581
253 615
254 681
255 781
255 463
256 349
256 590
257 259
257 430
258 373
258 571
258 293
258 678
259 630
259 635
259 731
260 449
260 387
260 324
260 488
260 621
260 374
261 559
262 493
262 786
262 799
262 603
262 638
262 447
263 581
263 399
264 705
264 273
265 771
265 292
265 619
265 726
265 791
265 343
266 672
266 393
266 489
266 463
266 337
266 277
266 629
267 706
267 508
267 701
267 510
267 759
268 481
268 731
268 676
268 764
269 391
269 567
269 408
270 404
270 671
271 356
272 469
273 788
274 643
274 361
274 765
274 688
274 600
274 541
274 287
275 744
275 776
275 494
275 742
276 512
276 452
276 548
276 396
276 526
276 687
276 718
276 788
277 736
277 514
277 486
277 744
277 620
278 396
279 793
280 395
280 493
280 462
281 363
281 541
282 736
282 487
282 520
282 716
282 409
283 320
283 714
283 683
284 642
284 497
284 563
284 568
284 414
285 401
285 714
287 489
287 344
287 432
288 523
288 367
288 677
288 327
289 474
289 495
289 501
289 295
290 777
290 506
290 454
291 618
291 331
291 375
292 331
292 780
292 492
292 725
293 672
294 664
294 724
295 339
297 424
297 409
298 775
298 569
299 612
299 349
300 326
300 638
300 543
301 450
302 713
302 442
302 390
305 433
305 459
305 623
306 522
307 674
307 778
307 331
307 365
307 529
307 373
308 344
308 433
308 346
308 761
308 702
309 323
309 751
309 528
309 752
309 410
310 794
310 590
311 453
311 337
311 788
312 608
312 594
312 725
312 799
313 386
313 487
313 651
313 439
313 762
314 647
314 457
314 491
314 722
315 704
315 482
315 588
315 496
315 594
315 381
316 665
316 419
316 446
317 794
317 798
318 480
318 487
318 327
318 716
318 508
318 381
319 485
319 396
319 433
319 434
320 544
320 339
320 796
321 700
321 770
321 374
321 543
322 696
322 509
323 614
323 615
326 490
326 456
327 496
327 757
327 344
327 636
328 674
328 707
328 357
329 414
330 741
330 707
330 389
331 394
331 799
331 409
331 703
332 459
332 434
332 789
332 344
332 633
333 771
333 488
333 650
333 535
333 635
334 645
334 487
334 430
334 375
334 795
335 735
335 559
336 655
336 527
337 532
337 405
337 764
338 771
338 508
338 678
339 764
340 648
340 403
341 370
341 627
341 694
341 347
341 669
342 511
343 386
343 715
344 512
344 754
344 693
344 634
344 796
345 674
345 574
345 747
345 686
345 766
345 688
345 465
345 794
345 383
346 560
346 514
346 663
347 791
347 551
348 641
348 737
348 582
349 513
349 450
349 494
349 657
349 566
350 651
351 490
351 491
351 373
351 634
351 600
351 442
352 713
352 686
352 511
353 674
353 516
354 361
354 765
354 382
355 729
355 450
355 662
356 546
356 769
356 588
356 439
356 735
357 649
357 552
357 717
358 500
358 678
358 693
359 611
359 589
359 583
360 617
360 476
360 533
360 614
361 636
361 586
362 377
362 691
364 393
364 548
364 502
365 460
365 524
365 433
366 421
366 381
367 768
367 453
367 776
369 679
369 459
369 531
369 731
369 412
370 403
371 730
371 732
371 462
372 632
372 409
372 789
372 382
372 798
373 459
374 789
374 410
376 776
376 430
376 698
376 703
377 392
377 620
378 386
378 669
378 677
379 793
379 626
380 486
380 695
381 610
381 552
381 528
381 627
381 468
382 648
382 712
382 535
383 646
383 459
383 526
384 482
386 491
386 595
386 661
386 702
387 534
387 572
388 720
389 580
389 656
390 592
390 444
390 774
391 608
391 553
391 566
391 697
391 634
391 735
392 659
392 711
393 595
394 782
394 601
394 442
394 796
394 701
395 619
395 687
396 517
396 424
396 504
397 456
397 434
397 658
397 696
397 445
397 446
398 612
398 741
398 526
398 629
399 726
399 478
400 481
400 611
400 799
401 682
401 699
401 571
401 543
402 641
403 673
403 739
403 678
403 486
404 634
404 604
405 748
405 463
406 611
406 580
406 777
406 782
407 506
407 542
408 614
408 648
408 569
408 510
410 578
410 582
410 715
410 446
412 702
413 610
413 747
413 415
414 748
414 767
415 494
415 431
416 513
416 699
417 681
417 563
417 767
418 437
419 478
419 563
419 422
420 712
420 612
421 777
421 552
421 567
422 794
422 468
423 670
423 510
424 779
424 659
424 630
425 496
425 516
427 624
427 777
427 724
428 624
428 490
428 725
428 686
429 641
429 700
430 451
430 748
430 728
430 566
430 475
430 604
431 703
432 736
432 741
433 737
433 521
433 556
433 461
433 685
433 670
434 685
435 657
436 786
437 592
437 459
437 619
438 668
439 449
439 547
439 485
439 628
440 516
440 489
440 523
440 655
440 591
440 701
441 627
441 523
441 573
443 586
445 636
445 464
445 497
445 660
445 702
446 555
446 660
447 773
448 541
449 772
450 672
450 484
450 741
452 781
453 481
453 647
453 575
454 526
454 694
454 504
455 687
456 490
456 755
456 660
456 632
457 643
457 742
457 649
457 473
457 667
457 638
458 544
458 584
459 770
459 676
459 619
459 500
459 595
460 643
461 729
461 775
462 760
463 613
463 563
463 539
464 763
464 645
465 629
466 495
466 685
467 787
468 701
468 580
469 563
470 719
470 589
470 535
471 560
472 764
472 661
473 536
475 782
475 549
475 559
477 707
478 512
478 648
478 572
479 544
479 644
479 616
479 556
479 754
479 500
479 541
480 636
480 661
481 491
481 790
482 707
482 518
482 511
483 553
483 617
483 688
483 506
484 486
484 777
485 752
487 738
487 774
487 682
487 798
488 590
488 743
490 728
491 711
491 623
492 544
492 601
492 684
492 769
493 548
493 714
493 538
494 727
495 520
495 498
496 721
497 553
497 587
497 527
498 642
498 775
498 655
498 628
498 767
499 708
499 713
499 523
499 789
499 758
499 663
499 702
500 791
501 770
501 772
502 636
504 515
504 572
505 748
505 781
505 662
506 518
506 777
506 703
506 658
506 729
506 607
507 557
507 593
507 691
507 757
507 662
507 730
507 766
508 559
508 603
509 513
509 794
510 618
510 782
510 667
511 536
511 733
512 520
512 756
512 729
513 678
513 689
514 578
514 610
515 574
516 552
516 652
516 572
517 657
517 721
517 669
518 682
519 530
519 667
520 619
520 571
521 719
521 632
521 732
522 572
522 594
523 750
524 741
524 753
524 785
525 746
527 605
528 672
528 611
528 720
528 629
529 799
529 703
530 731
530 638
530 767
531 705
532 584
534 688
534 627
534 730
534 670
536 664
537 596
538 799
539 763
539 660
540 760
540 635
541 779
541 594
542 552
542 776
542 777
542 685
542 695
542 668
543 583
545 595
545 588
546 627
547 653
548 574
549 585
549 683
550 557
551 682
551 692
551 695
552 609
553 759
555 688
555 665
556 684
557 609
557 751
560 715
560 624
561 594
561 567
562 616
562 705
563 777
563 688
564 595
565 777
565 646
567 691
568 774
569 706
569 676
569 768
570 573
571 760
571 699
571 639
573 699
575 737
575 702
576 662
578 611
578 659
579 663
580 734
581 732
583 621
585 671
585 637
585 639
586 745
586 691
586 728
587 756
588 761
589 787
590 652
591 664
592 795
593 626
593 703
595 638
596 768
596 784
597 719
598 787
599 675
600 623
601 781
602 646
605 663
606 616
606 722
608 660
609 762
611 706
611 667
612 644
612 757
613 737
613 660
613 757
613 662
614 666
615 741
615 780
616 725
616 730
617 692
617 755
620 623
622 640
622 718
623 721
625 697
626 680
628 712
631 768
631 668
631 798
632 739
632 717
632 720
632 669
633 789
634 779
634 702
635 668
635 735
637 673
637 775
638 731
638 668
640 643
642 771
647 787
650 707
650 676
650 792
650 665
651 734
652 765
652 758
653 721
656 799
659 752
661 777
661 682
661 786
662 775
662 724
663 700
664 762
665 707
665 787
667 734
670 738
670 780
672 769
673 790
673 751
674 765
676 776
676 779
678 743
679 680
679 731
681 740
682 738
683 709
684 701
685 690
687 711
687 758
687 793
689 799
690 768
691 791
692 716
692 790
697 772
698 794
698 757
700 747
700 781
704 748
704 742
708 758
714 718
714 794
715 752
719 721
722 748
722 727
724 778
729 768
730 789
730 759
732 788
740 781
740 745
740 757
743 792
747 788
750 771
753 776
758 794
759 779
759 786
760 769
762 784
767 784
782 798
