800 2000
0 137
0 612
0 317
1 428
1 195
1 271
1 453
1 15
2 152
2 722
2 581
2 431
3 48
3 193
3 163
3 726
4 544
4 129
4 363
4 235
4 781
4 211
4 790
5 471
5 259
5 207
6 304
6 627
6 195
6 653
6 383
7 296
7 555
7 204
7 685
7 183
8 676
8 746
8 651
8 302
8 506
8 27
9 515
9 408
9 489
9 684
9 332
9 686
9 376
10 186
10 589
10 85
11 40
11 139
11 629
11 15
12 416
12 799
13 136
13 230
14 352
14 357
14 423
14 41
14 242
14 441
14 477
15 698
16 538
16 570
16 798
17 49
17 261
17 614
18 128
18 370
18 723
18 340
18 406
19 169
19 580
19 653
20 536
20 467
20 519
21 736
21 769
21 357
21 332
21 717
21 85
21 733
22 112
22 737
22 212
22 733
23 522
23 653
23 727
23 152
23 313
23 58
23 283
23 28
23 797
23 94
24 428
24 302
25 163
25 260
25 549
25 324
25 650
25 238
25 560
26 777
26 179
26 620
26 501
26 211
27 738
27 773
27 363
27 332
27 497
28 90
28 476
28 222
29 740
29 327
29 43
29 204
29 271
29 468
29 151
29 507
29 348
29 699
29 767
30 545
30 194
30 724
30 468
30 735
31 683
31 265
31 385
31 490
31 205
32 234
32 556
32 509
32 327
33 357
34 387
34 550
34 77
34 240
34 663
34 634
34 794
35 65
35 242
35 459
35 340
35 370
36 132
36 589
36 240
36 593
36 83
36 478
37 725
37 555
37 356
37 485
37 739
38 419
38 164
38 186
38 777
38 144
38 500
38 506
39 208
39 520
39 427
39 69
39 731
40 531
40 704
41 427
41 373
42 428
42 142
42 144
42 627
42 725
42 734
43 477
43 131
43 679
43 176
43 628
43 571
43 538
43 379
43 542
44 712
44 113
44 276
44 142
44 175
45 216
45 338
45 632
46 644
46 478
46 535
47 322
47 613
47 743
47 520
47 143
47 795
48 187
48 109
48 459
49 481
49 738
49 391
49 778
49 568
50 64
50 488
50 365
51 449
51 746
51 244
51 53
52 640
52 707
52 676
52 326
52 425
52 395
52 344
53 120
53 438
54 291
54 676
54 766
54 309
54 184
54 734
55 740
55 84
55 717
55 766
56 256
56 770
56 201
56 621
56 86
56 534
57 104
57 584
57 653
57 783
57 404
57 117
57 564
57 601
58 289
58 282
58 629
59 618
59 595
59 518
59 103
60 604
60 754
60 404
60 541
60 239
61 65
61 718
62 88
62 161
62 401
62 746
62 554
63 209
63 387
63 653
64 96
64 399
64 465
64 530
64 657
64 246
64 285
64 798
65 266
65 747
65 786
65 218
66 133
66 455
66 136
66 776
66 207
66 408
66 543
67 772
67 261
67 238
67 144
67 305
67 534
67 572
68 475
69 386
69 664
69 559
69 408
69 698
70 796
70 93
70 695
71 369
71 275
71 741
71 286
71 679
72 416
72 294
72 239
72 275
72 628
72 632
73 698
73 378
73 795
74 612
74 420
74 390
74 680
74 461
74 349
75 225
75 329
75 333
75 755
75 469
75 120
75 445
75 639
76 505
76 195
76 271
77 193
77 355
77 485
77 295
77 360
77 653
77 153
77 570
77 348
77 350
78 558
78 265
78 568
78 462
78 318
79 770
79 626
79 651
79 174
79 687
80 370
80 554
80 397
80 534
80 295
81 772
81 713
81 784
81 411
81 380
81 799
82 676
82 110
82 119
83 321
83 619
83 645
83 84
84 359
84 425
84 394
84 465
84 437
85 257
85 427
85 366
85 657
85 531
85 248
85 798
85 511
86 321
86 230
86 712
87 587
87 581
88 526
88 372
88 469
88 223
89 498
89 227
89 634
89 142
89 486
90 768
90 743
90 553
90 106
90 651
90 503
90 152
90 351
91 394
91 796
91 789
91 151
92 355
92 171
92 470
92 735
93 305
93 729
93 108
93 645
94 720
94 776
94 170
94 115
95 337
95 178
95 347
95 411
96 770
96 583
96 241
96 115
96 471
96 158
96 159
97 745
97 99
97 508
97 653
97 734
98 192
98 153
98 242
98 161
99 451
99 584
99 309
99 117
99 511
100 369
100 462
100 742
101 306
102 544
102 481
102 676
102 109
102 527
102 501
102 537
103 742
103 328
103 362
103 558
103 220
104 585
104 107
104 486
105 326
106 208
106 117
106 421
107 281
107 550
107 209
107 409
107 251
108 498
108 338
108 339
108 135
109 668
109 444
110 704
110 329
110 729
110 477
111 449
111 787
111 404
111 789
112 376
112 249
112 618
112 658
113 326
113 646
113 463
113 271
113 405
113 635
113 734
114 185
114 195
114 189
115 477
115 453
115 743
116 344
116 666
116 251
116 532
116 748
117 676
117 680
117 441
118 424
118 717
118 664
118 156
118 236
120 205
120 756
120 692
120 349
121 539
121 770
121 475
121 182
122 601
122 250
122 651
122 589
122 157
123 380
123 492
124 577
124 769
124 388
124 293
124 488
124 427
124 405
124 567
124 604
125 673
125 583
125 168
125 520
125 142
125 145
125 535
125 189
126 488
126 337
126 301
126 157
127 441
127 177
127 225
127 139
127 173
128 323
128 652
128 338
128 359
129 313
129 342
130 528
130 249
130 757
130 710
131 480
131 707
131 133
131 342
131 663
131 703
132 197
132 486
132 172
132 307
132 500
132 182
132 796
133 573
133 495
133 401
133 182
133 568
133 796
133 381
134 593
134 465
134 682
134 252
135 344
135 289
135 522
136 745
136 282
136 204
136 366
136 561
136 280
136 314
137 665
137 674
137 139
137 763
138 386
138 627
138 607
138 394
139 674
139 263
139 692
139 662
139 638
140 548
141 655
141 235
141 430
141 238
141 483
142 587
142 786
142 724
143 295
143 423
143 209
143 502
143 412
143 669
144 193
144 770
144 196
144 409
144 633
144 469
144 217
145 294
145 761
145 323
145 198
146 232
146 285
147 314
147 179
147 630
148 440
148 415
149 707
149 583
150 665
150 535
150 511
151 482
151 422
151 169
151 216
152 272
152 785
153 320
153 676
153 648
153 755
153 795
154 493
154 475
154 452
154 269
155 264
155 312
155 300
155 664
156 481
156 699
156 460
156 790
157 762
157 517
157 741
157 523
157 174
157 246
158 488
158 243
158 614
159 450
159 262
159 552
159 340
159 759
159 793
159 734
160 224
160 260
160 745
160 426
160 751
160 539
161 277
161 311
161 184
161 247
162 773
162 677
162 359
163 684
163 662
163 601
163 442
164 195
164 483
164 613
164 279
165 697
166 672
166 418
166 327
166 210
166 500
166 246
166 666
166 538
166 412
167 425
167 300
167 621
167 461
167 788
167 215
167 633
168 422
168 264
168 169
168 787
168 185
168 795
169 652
169 687
169 277
169 602
169 250
169 412
169 479
170 480
170 768
170 525
170 262
171 665
173 396
173 179
173 244
173 517
174 295
174 581
176 401
176 735
177 427
177 559
177 408
177 666
177 796
178 713
179 672
179 592
179 466
180 419
180 781
180 359
181 219
181 692
181 702
181 294
182 473
182 620
182 208
182 343
182 254
182 799
183 288
183 490
183 219
184 456
185 704
185 673
185 297
185 617
185 791
186 594
186 189
186 763
187 601
187 410
187 212
188 362
188 243
188 638
190 433
190 355
191 687
191 202
191 317
191 494
191 255
192 716
192 526
192 655
192 303
192 374
192 347
193 640
193 646
193 555
193 784
193 372
194 241
194 219
194 699
195 739
195 678
195 364
195 526
195 304
195 337
195 798
196 713
196 499
196 793
197 616
197 449
197 532
197 493
198 784
198 470
198 503
199 695
199 729
199 663
200 665
200 379
201 488
201 713
202 271
202 689
202 726
202 791
202 311
203 784
203 753
203 238
203 383
204 643
204 330
204 561
204 565
204 343
205 417
205 326
205 363
205 219
206 417
206 510
207 619
207 569
207 269
208 704
208 299
208 786
208 371
209 677
209 364
209 658
209 729
209 471
209 281
209 383
210 744
210 240
210 693
210 246
210 667
211 312
211 249
211 245
212 564
213 224
213 265
213 401
213 517
213 577
214 768
214 511
215 483
215 389
215 334
216 320
216 418
216 552
216 529
216 561
216 595
216 315
217 792
217 782
218 787
218 629
219 294
219 348
219 604
220 711
220 766
221 641
222 770
222 518
222 519
222 680
222 528
222 754
222 787
222 662
222 702
223 450
223 419
223 550
223 422
223 746
223 590
224 739
224 647
224 590
224 756
224 477
224 479
225 394
225 555
225 557
225 752
226 706
226 356
226 669
226 521
226 492
226 592
226 469
226 253
227 368
227 253
227 374
227 518
228 704
228 706
228 552
228 329
228 558
228 411
228 285
229 296
229 305
229 786
229 477
230 285
230 770
230 487
231 549
231 582
231 266
231 749
231 494
231 722
231 280
232 738
232 466
232 459
232 658
233 768
233 677
233 551
233 521
233 495
233 536
234 618
234 587
234 369
234 625
234 633
234 636
235 620
235 314
235 604
236 576
236 361
237 464
237 699
238 737
238 484
238 550
238 646
238 733
238 665
238 477
239 696
239 542
239 688
240 258
240 550
240 521
240 627
240 795
240 668
241 321
241 325
241 271
241 528
242 289
242 266
242 788
242 670
243 579
243 791
244 416
244 295
245 778
245 449
245 690
246 352
246 680
247 362
247 785
248 598
249 295
249 599
249 445
250 576
250 769
250 357
250 683
250 275
250 667
251 649
251 482
251 255
252 617
253 419
253 390
253 619
253 629
254 378
254 627
254 542
255 418
255 556
256 379
256 656
256 774
257 517
257 774
257 460
257 433
257 440
257 282
257 702
257 479
258 514
258 552
258 646
258 351
259 489
259 538
259 611
259 510
260 465
260 633
261 484
261 519
261 296
261 555
261 685
262 539
262 266
262 636
263 389
264 338
264 797
264 499
265 451
265 393
265 543
265 726
265 347
266 298
266 752
266 599
267 584
267 682
268 404
268 579
268 348
269 456
269 457
269 298
269 776
269 305
269 440
270 441
270 298
270 619
270 516
270 447
271 494
271 498
271 694
271 507
272 666
272 397
273 449
273 726
273 389
273 485
274 699
274 731
274 711
275 665
275 603
276 380
276 520
276 730
276 630
277 430
277 326
277 495
278 283
279 358
279 680
279 366
279 663
279 280
279 601
279 508
279 574
280 399
280 664
281 611
281 476
281 513
282 353
282 745
282 410
282 734
283 552
283 610
283 603
284 545
284 773
284 615
284 713
284 652
284 310
285 313
285 506
286 385
286 710
286 526
286 699
286 413
286 767
287 401
287 428
287 348
288 548
289 430
289 692
289 756
289 604
289 799
290 416
290 613
290 648
290 464
290 697
290 666
290 635
291 746
291 530
291 597
291 566
291 792
291 318
292 784
292 426
292 421
292 666
293 576
293 640
294 328
294 648
294 342
295 394
295 429
295 312
295 347
296 722
297 451
297 517
297 691
297 659
297 632
298 426
298 371
299 692
299 500
299 454
300 473
300 502
301 385
301 453
301 461
301 335
301 497
302 676
302 536
303 657
303 491
303 382
304 619
304 589
304 370
304 319
306 737
306 722
307 319
308 707
309 758
309 711
310 539
310 726
311 388
311 785
312 451
312 356
312 635
313 512
313 457
313 695
314 668
315 778
315 612
315 407
316 396
317 793
317 420
318 448
318 468
318 341
319 512
319 524
319 404
319 631
320 333
320 724
320 793
320 542
321 482
321 644
321 495
322 408
322 706
322 622
322 582
323 786
323 416
323 518
324 552
324 661
326 670
327 554
327 618
327 568
328 639
329 548
329 427
329 600
329 730
330 705
330 397
330 792
330 562
330 728
332 743
332 399
333 384
333 398
333 715
335 452
335 566
336 696
336 684
336 612
336 566
337 548
337 722
337 500
337 630
337 761
338 683
338 443
338 702
339 504
339 682
339 795
339 487
340 358
340 557
340 378
341 388
341 362
341 591
341 657
341 702
342 660
342 413
343 763
343 759
344 687
345 535
347 613
347 678
347 366
347 501
348 746
348 499
348 373
348 537
349 376
349 453
349 592
349 542
350 753
350 770
350 475
351 416
351 744
351 411
352 583
352 779
352 567
352 574
352 639
353 442
353 525
354 613
354 695
355 523
355 626
355 694
355 765
357 659
357 734
358 459
358 430
358 752
358 626
358 471
358 670
359 374
359 408
359 793
359 636
360 449
361 744
361 498
361 685
361 470
362 769
362 770
362 457
362 553
363 532
363 698
363 796
364 623
364 421
364 407
365 448
365 560
365 684
365 582
366 770
366 792
367 685
367 566
368 768
368 492
368 526
369 457
369 746
369 591
369 473
370 484
370 521
371 586
372 717
373 651
373 589
374 589
374 723
374 597
374 664
374 537
375 590
375 691
375 573
375 542
376 600
377 722
378 448
378 730
379 424
379 785
380 562
381 693
382 784
382 580
383 551
383 720
383 791
383 728
384 481
384 641
384 667
384 391
385 619
385 395
385 598
386 757
386 531
387 451
387 563
387 691
387 471
388 695
388 688
388 630
388 571
389 466
389 770
390 787
390 534
391 733
393 677
393 615
393 745
393 719
393 789
394 632
395 668
395 580
396 648
397 416
397 736
397 751
398 426
398 690
398 659
398 407
398 664
399 632
399 527
399 755
399 468
400 409
400 402
400 500
400 705
400 569
401 518
401 670
401 429
401 658
402 609
402 483
402 744
402 526
402 657
402 724
402 407
402 506
402 477
403 571
404 552
404 428
404 500
404 670
405 665
405 755
406 690
406 481
406 751
407 417
407 706
408 674
408 710
408 714
408 439
409 674
409 621
409 629
409 473
410 539
410 693
412 518
413 494
415 546
415 667
417 582
417 695
418 771
419 490
420 568
420 637
420 508
421 636
421 674
423 778
423 565
423 630
423 539
423 606
424 747
424 721
424 434
424 733
425 726
426 780
426 789
426 669
426 575
427 636
428 458
428 554
429 674
429 552
429 681
429 713
429 430
430 691
430 699
431 791
434 670
434 482
434 635
434 446
435 717
435 546
435 693
436 570
436 691
436 620
436 471
437 649
437 475
437 477
437 572
438 483
438 740
438 778
438 714
438 798
439 441
439 764
440 770
440 749
440 592
440 735
441 531
441 764
442 676
442 636
443 769
443 517
443 530
443 633
443 766
443 607
444 734
445 700
445 463
446 731
446 639
447 633
447 613
447 701
448 455
449 773
449 733
449 665
449 573
449 478
450 711
450 487
450 720
450 663
451 747
452 481
452 550
452 680
452 543
453 678
453 575
454 646
454 774
456 609
456 610
456 564
456 630
457 680
457 660
457 727
458 523
458 748
458 588
458 566
458 570
459 479
460 736
460 562
460 566
460 476
461 543
462 473
462 675
463 750
464 634
465 610
465 554
465 532
465 635
465 732
466 777
466 526
467 720
468 594
469 750
469 751
469 574
470 725
470 677
471 486
473 545
473 592
474 659
476 613
477 688
477 791
477 506
478 581
478 714
478 751
479 753
481 724
482 699
483 643
483 677
483 534
483 630
484 764
484 708
485 740
485 627
485 760
485 671
486 489
486 497
486 733
487 756
487 781
488 512
488 551
488 585
488 660
488 629
488 600
489 736
489 783
489 634
489 764
489 543
490 504
490 791
492 569
492 594
496 553
496 719
497 749
497 591
497 627
497 798
497 575
498 504
499 528
499 502
500 509
501 529
502 677
502 567
502 541
503 723
503 775
504 609
504 586
506 605
506 549
506 710
506 781
508 597
509 530
510 592
510 688
511 609
511 733
512 656
512 529
513 692
514 572
515 720
515 721
515 550
516 574
516 669
517 676
517 595
517 757
518 696
519 673
519 680
519 754
520 773
520 659
521 632
521 797
522 605
522 646
522 667
522 637
522 703
523 691
525 762
525 589
526 675
527 643
528 709
528 781
528 633
528 794
529 707
529 581
529 600
529 752
529 734
530 664
530 761
531 554
531 762
532 632
533 768
533 689
534 658
534 727
535 674
535 553
536 685
536 757
536 570
538 625
539 769
539 785
540 753
540 701
540 703
542 638
542 778
542 687
542 563
542 572
543 654
543 689
544 706
544 547
544 650
544 637
545 738
546 614
547 713
547 783
548 673
548 554
548 730
549 720
549 794
549 765
550 680
551 625
553 611
553 614
553 742
554 783
554 797
555 646
556 652
556 614
557 770
557 644
559 590
560 562
560 578
561 711
562 695
563 729
564 684
564 764
565 753
565 586
565 645
566 614
566 685
566 756
567 570
568 585
568 732
569 583
570 590
571 759
572 674
573 705
573 582
573 731
576 756
577 717
577 611
579 756
580 678
583 789
584 774
584 715
584 670
585 615
586 653
587 770
587 732
588 772
591 652
592 706
592 650
592 715
595 614
596 638
597 714
597 764
598 611
600 708
600 726
604 621
604 789
605 718
609 763
611 764
611 637
612 616
613 716
613 693
613 631
615 746
616 705
616 693
616 630
616 759
616 669
617 780
617 785
617 787
617 727
618 621
620 651
622 681
622 791
623 712
623 732
623 747
624 777
626 711
626 692
626 735
629 737
629 682
629 721
629 635
631 648
635 699
636 718
636 788
639 676
642 717
644 697
646 740
647 777
647 767
651 727
652 687
653 738
653 679
654 752
654 707
659 774
660 771
661 747
662 732
662 679
664 677
664 798
665 753
666 710
668 740
669 740
669 745
669 746
671 795
671 708
673 790
673 727
674 687
675 728
676 775
681 782
682 696
684 743
685 714
685 699
689 751
691 754
694 730
697 708
698 711
701 743
701 731
703 796
705 736
705 771
705 777
706 710
706 711
708 733
718 752
719 782
721 744
726 777
729 784
730 743
731 770
731 758
733 740
737 743
738 742
743 778
745 755
750 771
752 790
753 776
758 777
763 797
767 792
770 781
771 784
