800 2000
0 232
0 201
0 217
0 384
1 256
1 550
1 134
1 335
1 243
1 119
1 632
2 506
2 156
2 318
3 469
3 385
3 53
3 430
3 609
4 609
4 418
4 51
4 332
4 493
5 545
5 234
5 429
5 626
5 115
5 186
6 616
6 763
6 237
7 687
7 724
7 94
7 375
8 122
8 316
9 389
9 560
9 370
9 404
9 537
9 380
10 420
10 678
10 363
10 237
10 109
10 571
11 256
11 131
11 197
11 307
11 691
11 728
11 379
11 158
12 644
12 587
12 363
12 47
12 536
12 28
12 638
13 317
13 376
13 123
13 308
13 221
14 690
14 153
14 298
14 306
14 783
15 617
15 716
15 318
15 793
16 709
16 797
16 549
16 639
17 43
17 381
17 94
18 473
18 130
18 653
20 186
20 747
20 230
20 518
21 744
21 756
21 596
21 740
22 416
22 58
22 243
22 652
22 149
23 685
23 270
23 665
23 221
23 121
23 541
23 30
24 727
24 155
24 333
24 551
25 364
25 181
26 545
26 259
26 233
26 79
26 657
26 280
26 505
27 436
27 614
27 276
27 318
28 535
28 231
29 512
29 485
29 722
29 723
29 150
29 636
29 669
30 450
30 108
30 556
30 206
30 591
31 730
31 735
32 185
32 186
32 150
33 128
33 100
33 551
33 40
33 201
33 763
33 541
34 611
34 168
34 791
34 397
34 148
34 758
34 87
34 697
35 225
35 274
35 468
35 140
35 158
36 210
36 570
37 160
37 169
37 330
37 620
37 525
37 785
37 695
38 497
39 592
39 171
39 731
39 575
40 293
40 647
40 264
40 105
40 267
40 430
40 368
40 466
40 404
41 135
41 205
41 499
41 183
41 729
41 349
42 408
42 368
42 755
42 184
42 699
42 255
43 161
43 488
43 436
43 410
43 124
44 224
44 65
44 514
44 710
44 455
44 749
44 781
44 791
45 98
45 546
45 78
46 514
46 492
46 239
46 280
46 411
46 92
47 360
47 329
47 479
47 489
47 183
47 189
47 62
47 191
48 657
48 59
48 203
48 287
49 558
49 577
49 786
49 134
49 254
50 611
50 683
50 654
50 110
50 274
50 150
50 726
50 187
51 357
51 774
51 397
51 211
51 596
51 86
51 121
51 93
51 607
52 775
52 745
52 586
52 336
52 211
52 504
52 155
52 158
52 671
53 573
53 744
53 117
53 759
54 216
54 649
54 652
54 279
55 514
56 545
56 553
56 491
56 237
56 435
56 660
56 437
56 345
56 378
57 98
57 482
57 73
57 329
57 522
57 632
57 526
57 500
57 184
58 739
58 72
58 532
58 181
58 153
58 765
59 363
59 546
59 347
59 578
60 610
60 692
60 396
60 781
61 656
61 714
61 339
61 412
61 157
62 378
63 769
63 410
63 91
63 732
63 367
64 600
64 355
64 516
65 313
65 665
65 572
66 745
66 196
66 446
67 293
67 203
67 112
67 432
67 754
67 342
67 728
67 698
67 92
68 482
68 388
68 685
68 495
68 241
68 691
68 408
68 445
69 321
69 420
69 549
69 364
69 209
69 507
69 733
70 416
70 736
70 434
71 768
71 771
71 778
71 91
71 252
72 128
72 771
72 487
72 456
72 794
73 225
73 546
73 289
73 395
73 303
73 727
74 616
74 494
75 193
75 229
75 615
75 747
75 207
75 533
75 695
75 730
76 450
76 675
76 682
76 171
76 750
76 798
76 436
76 91
76 126
77 500
78 440
78 745
78 277
79 673
79 260
79 713
79 334
79 686
79 113
79 573
82 546
82 431
82 305
82 661
82 373
82 501
82 733
83 160
83 217
83 673
83 422
83 313
84 744
84 695
84 753
84 478
84 327
85 209
85 483
85 287
86 146
86 772
87 544
87 633
87 219
87 380
88 757
88 493
89 434
89 371
89 238
90 288
90 471
91 320
91 790
91 696
91 604
92 449
92 194
92 135
92 680
92 625
92 754
92 278
93 794
94 716
94 494
94 185
94 154
95 232
95 458
95 272
95 786
95 403
95 762
96 536
96 337
96 621
96 125
96 421
97 401
97 654
97 399
98 717
99 515
99 421
99 551
99 520
99 777
99 511
100 681
100 493
101 313
101 499
101 380
101 558
102 393
102 748
102 561
103 537
103 314
103 436
103 117
103 714
104 344
104 177
104 482
104 364
104 198
105 580
105 328
105 203
105 108
105 381
106 443
106 387
106 253
107 482
107 291
107 217
107 520
107 236
107 689
107 121
107 188
108 160
108 776
108 606
108 334
108 344
108 125
109 544
109 293
109 689
109 147
109 406
109 251
110 240
110 663
110 774
110 615
111 592
111 769
111 314
112 130
112 163
112 138
112 203
112 205
112 696
112 399
112 504
112 697
113 151
113 449
113 645
114 434
114 646
114 588
114 685
114 518
115 184
115 473
116 121
116 492
116 477
117 388
117 196
117 713
117 215
118 641
118 674
118 459
118 270
119 371
119 438
119 591
120 192
120 213
121 417
121 355
121 466
121 630
121 477
121 223
122 280
122 457
123 709
123 510
124 394
124 198
125 749
125 461
125 759
126 513
126 610
126 526
126 340
127 149
128 346
129 627
129 460
129 549
129 574
130 451
130 760
130 402
130 468
130 408
130 607
131 578
131 748
132 251
132 485
132 390
133 515
133 551
133 495
133 536
133 793
133 638
133 255
134 234
134 555
134 428
134 652
134 623
134 469
134 599
134 248
135 481
135 552
135 617
135 653
135 505
135 314
135 510
136 169
136 411
136 421
136 798
137 448
137 353
137 661
137 757
137 698
137 313
137 186
138 740
138 486
138 495
138 788
138 278
139 196
139 327
139 424
139 397
139 367
139 528
139 794
140 292
140 613
140 166
140 753
140 661
140 575
141 368
141 411
141 435
141 214
142 504
142 289
142 411
142 670
142 743
143 611
144 609
144 493
144 487
145 468
145 150
146 753
147 678
147 522
147 756
147 604
147 605
148 584
149 774
149 692
149 340
149 310
149 534
150 417
150 705
150 421
150 549
150 360
150 267
150 627
150 439
150 287
151 266
151 725
151 569
152 518
152 759
153 456
153 298
153 554
153 558
153 476
154 609
154 272
154 368
154 602
154 313
154 442
155 258
155 570
156 748
157 559
157 534
157 191
158 524
158 177
158 596
158 732
159 361
160 294
160 265
160 205
160 565
160 695
160 441
160 378
160 286
161 420
161 526
161 572
162 266
162 691
162 508
162 780
162 390
163 506
163 725
163 438
164 554
164 606
164 375
165 595
165 579
165 563
165 626
166 226
166 187
166 333
166 462
166 347
167 300
167 501
167 766
168 778
168 377
168 539
168 458
169 481
169 519
169 652
169 790
169 792
170 458
170 300
170 735
171 390
171 263
171 343
172 256
172 721
172 568
172 212
173 690
173 233
173 386
173 503
174 248
174 724
174 299
174 700
174 605
175 433
175 203
175 390
176 729
177 325
177 677
177 556
177 371
177 383
178 266
178 514
178 562
178 637
178 238
179 296
179 572
180 535
181 624
181 580
182 233
182 669
182 317
182 566
182 263
183 448
183 608
183 229
183 296
183 275
183 504
184 532
184 334
185 254
186 353
186 258
186 736
186 588
186 559
186 348
186 189
186 318
187 355
187 290
188 480
188 195
188 454
188 522
188 218
188 507
189 419
189 647
189 632
189 347
189 447
190 468
190 765
191 273
191 707
192 590
192 278
193 547
193 287
193 390
193 728
193 281
193 699
193 479
195 257
195 762
195 221
195 638
196 730
196 214
197 738
197 711
197 397
197 370
197 531
197 381
198 453
198 335
198 401
198 733
198 703
199 640
199 334
199 295
200 693
200 501
200 350
200 207
201 218
201 749
201 696
202 744
202 634
202 523
202 215
203 736
203 515
203 681
203 247
203 600
203 537
204 293
205 579
205 716
205 601
206 208
206 452
207 771
207 541
208 425
208 332
208 333
209 355
209 324
209 774
209 298
209 783
209 530
209 690
209 346
209 219
210 356
210 741
210 423
210 468
210 382
211 402
211 596
212 364
213 549
213 567
213 527
213 403
213 311
213 572
213 541
213 604
214 497
214 684
214 558
215 307
215 614
215 759
216 387
216 304
216 752
216 569
216 218
217 583
217 662
217 441
218 602
218 360
219 645
219 679
220 448
220 546
220 243
220 646
220 703
221 419
221 759
221 716
221 494
221 306
221 723
221 790
222 438
222 343
223 658
223 545
224 736
224 452
224 678
224 566
224 727
224 476
224 253
225 314
225 525
225 569
225 250
226 249
226 607
227 678
227 486
227 296
227 362
227 338
227 468
228 625
228 538
228 406
229 517
229 525
229 400
229 314
230 786
230 794
230 629
231 385
231 779
231 474
231 380
231 381
232 522
232 785
232 309
232 440
232 605
233 321
233 291
233 262
233 646
233 458
233 428
234 261
234 648
234 460
234 495
234 407
234 734
235 770
235 554
235 379
236 372
236 422
236 350
236 287
237 567
237 423
237 683
237 684
237 666
237 725
237 279
237 378
238 545
238 623
238 628
238 510
238 671
239 784
239 514
239 599
240 419
240 452
240 564
241 747
241 438
242 272
242 747
243 395
243 623
243 402
243 601
243 349
244 398
244 358
244 503
245 640
245 514
245 547
245 266
245 396
245 303
245 783
245 281
245 442
245 511
246 779
246 331
246 403
246 492
247 602
247 590
247 634
248 364
248 371
248 667
248 382
249 706
249 420
249 500
249 686
250 721
251 713
251 331
251 655
251 341
251 505
252 737
252 572
252 693
253 261
253 710
253 368
253 406
253 408
253 511
254 357
254 281
254 616
254 589
255 525
256 579
256 437
256 505
257 513
257 371
257 660
257 405
257 727
258 544
258 299
258 653
258 509
258 286
260 650
260 284
260 772
261 356
261 359
261 616
261 780
261 306
262 657
262 389
262 666
263 580
263 653
263 600
263 379
264 395
264 348
264 415
265 356
265 748
265 785
265 570
265 475
265 701
266 308
267 352
267 303
267 432
267 794
268 290
268 755
269 640
269 740
269 329
269 304
269 795
269 286
270 461
271 315
271 564
271 596
271 475
271 447
272 723
273 394
273 339
274 542
274 648
274 588
274 718
274 478
275 369
275 513
275 377
276 336
276 528
276 424
277 420
277 614
277 779
277 427
277 653
278 371
279 541
279 562
279 429
280 450
280 741
280 328
280 305
280 725
281 494
282 725
282 411
282 653
282 535
283 689
283 644
283 774
283 718
283 583
284 467
285 719
285 687
285 785
285 722
285 502
285 348
286 453
286 327
286 779
286 598
286 409
287 609
287 648
288 431
288 660
288 383
289 745
289 757
290 456
290 585
290 616
290 777
290 461
290 562
290 435
290 594
290 542
291 641
291 505
292 756
292 614
293 647
293 491
293 408
293 729
293 346
293 794
293 765
294 312
294 315
294 623
295 472
295 487
296 705
296 300
296 308
296 762
296 540
297 591
298 474
298 561
299 503
299 351
300 390
301 432
301 785
302 736
302 649
302 468
302 757
303 436
304 736
304 323
304 622
304 760
305 448
305 709
305 617
305 525
305 397
305 373
306 322
306 333
306 565
306 661
306 793
307 330
307 699
307 430
308 548
308 744
308 788
308 796
308 509
309 568
310 588
310 560
310 371
310 532
310 695
310 377
311 650
311 622
311 401
311 723
311 543
313 437
314 643
314 393
315 454
315 524
315 719
315 535
315 639
316 507
317 645
318 512
318 618
318 466
318 602
319 608
319 613
320 676
320 405
320 495
321 749
322 682
322 577
322 597
322 743
323 556
323 359
324 728
324 459
324 759
324 327
325 507
325 742
325 583
325 423
326 611
326 509
327 468
327 572
327 541
328 427
328 429
328 565
328 441
328 602
330 379
330 589
331 696
331 402
332 675
333 512
333 365
334 577
334 539
335 525
336 416
336 622
337 708
337 369
337 562
337 500
337 565
337 636
338 744
338 425
338 780
338 565
338 597
338 469
338 725
338 669
339 536
339 482
339 422
340 550
342 609
342 420
342 753
342 646
343 721
343 778
343 479
344 768
344 478
345 569
345 386
345 404
345 382
346 741
346 532
346 473
347 711
347 472
347 543
348 514
348 552
348 434
348 690
349 482
349 422
349 777
349 627
352 662
353 572
353 730
353 375
354 467
354 659
354 694
355 423
355 689
355 536
357 709
357 776
357 696
357 764
359 418
359 551
359 365
359 724
359 606
360 709
360 684
360 623
360 595
361 574
362 624
362 493
362 766
363 439
363 647
363 521
363 627
363 471
363 606
364 646
365 389
365 394
365 491
365 622
365 689
367 680
367 567
368 770
368 587
368 699
368 668
369 453
369 565
369 665
369 510
370 544
370 460
370 765
371 705
371 394
371 749
371 528
371 497
371 573
372 768
372 484
372 517
372 592
372 791
373 564
373 662
374 650
374 400
374 767
374 597
374 379
374 732
374 671
375 514
375 612
375 522
375 682
375 781
375 699
376 650
376 627
376 614
376 727
377 742
377 490
377 543
378 754
378 563
378 564
379 503
379 635
379 381
380 563
380 446
381 480
381 582
381 455
381 393
381 791
381 695
381 575
382 432
382 623
384 457
384 790
384 663
385 560
385 419
386 762
386 597
387 539
388 453
388 507
389 696
389 655
390 517
390 650
390 767
391 630
391 700
391 652
391 517
391 462
392 413
392 622
392 750
393 542
393 473
393 574
394 680
394 715
394 433
394 436
394 405
395 414
395 566
395 798
396 448
396 634
396 587
397 577
397 421
397 718
398 459
399 516
399 760
401 664
402 737
402 695
402 471
403 558
403 749
405 654
405 666
408 728
409 688
409 516
410 447
411 421
411 585
411 684
412 752
412 452
412 596
413 605
413 501
414 620
414 518
414 559
415 489
415 690
415 536
416 551
416 425
416 660
416 702
417 720
420 579
420 774
420 626
421 646
421 464
421 625
421 691
422 648
422 789
423 513
423 457
423 505
425 649
425 455
426 635
426 531
426 572
428 454
428 774
428 497
428 725
428 758
429 673
429 679
429 559
430 583
430 573
430 767
431 569
431 578
431 774
432 787
432 794
432 734
433 640
433 779
435 791
436 799
437 684
437 679
438 480
438 536
439 680
439 737
439 541
440 601
440 750
441 718
441 590
441 442
442 488
442 556
443 555
444 664
444 647
446 686
446 551
447 483
447 462
447 786
447 798
448 635
449 714
449 761
450 677
450 462
450 598
451 532
452 681
452 783
452 498
453 643
453 689
453 607
454 675
454 695
454 732
455 530
456 537
456 497
456 699
457 747
457 588
457 780
457 657
458 726
459 746
459 684
459 529
459 668
460 630
460 644
461 525
462 768
462 489
462 617
462 720
462 531
464 497
465 641
465 530
466 545
467 547
468 495
468 560
468 724
468 789
469 491
469 526
469 527
471 737
471 712
471 688
472 751
472 689
472 741
473 692
473 567
474 676
475 686
475 694
475 494
476 720
477 481
478 536
478 752
479 640
479 648
479 606
480 629
481 773
481 724
482 576
483 623
484 658
484 635
485 740
485 735
486 622
487 560
487 605
489 497
491 679
492 703
492 734
493 766
494 528
496 722
496 667
496 772
496 749
496 678
497 541
497 543
498 632
498 711
499 605
499 753
499 508
500 647
501 599
501 607
502 730
502 772
503 610
504 544
505 687
505 758
507 778
509 683
511 781
511 757
511 732
511 798
512 566
512 561
513 608
513 704
514 707
515 628
515 556
516 532
516 720
517 685
520 584
521 611
521 746
521 680
522 727
522 670
523 715
523 723
523 763
524 788
525 672
525 578
525 552
525 633
525 605
526 532
526 791
526 731
528 675
529 738
530 573
531 555
531 567
531 543
532 714
532 765
533 720
534 557
534 589
536 725
537 785
538 756
538 783
539 556
539 719
539 665
540 775
540 607
541 556
541 780
541 560
541 720
541 570
542 577
542 786
543 706
543 717
543 567
544 608
544 563
545 642
545 568
547 582
547 649
547 713
548 685
549 683
549 567
552 643
552 603
553 684
553 588
553 598
553 758
553 796
554 628
554 692
554 766
555 684
555 687
555 695
556 720
556 757
556 696
556 668
557 564
559 609
559 710
559 561
560 643
560 659
560 572
560 798
561 660
562 641
562 616
562 587
562 565
563 680
564 741
564 720
565 654
565 722
565 638
566 644
566 789
567 627
567 662
567 570
568 693
571 760
572 735
573 749
573 575
574 678
574 784
574 724
574 762
574 797
575 695
576 738
576 733
577 657
577 721
578 603
579 775
580 629
581 772
583 652
585 658
586 771
587 702
588 649
588 628
589 706
590 667
590 680
591 643
594 659
594 669
595 606
596 769
597 740
597 758
598 704
599 706
599 675
599 740
600 643
600 648
600 635
602 745
602 684
602 605
603 770
603 678
603 714
603 694
604 645
604 791
604 795
609 616
609 622
609 664
611 615
611 780
611 762
612 742
613 671
616 692
617 657
619 673
619 779
620 648
622 754
623 700
624 790
626 652
627 672
627 644
627 744
627 657
629 713
629 716
630 742
633 674
633 781
633 722
633 700
634 785
635 760
635 689
636 761
637 698
637 733
638 711
639 780
640 744
640 721
641 754
642 698
644 765
644 669
646 685
647 701
647 775
647 663
649 707
650 663
652 666
654 728
654 796
656 693
659 754
660 689
662 716
662 785
662 798
663 777
665 692
668 698
668 755
670 739
670 773
672 791
673 677
674 725
676 787
676 754
679 755
679 734
680 714
681 786
683 788
683 730
683 767
688 750
691 756
691 760
692 778
693 731
695 776
695 726
695 796
697 749
697 767
699 779
699 763
701 745
703 778
703 799
708 737
710 738
712 745
712 756
713 770
715 757
716 796
726 762
729 736
735 772
740 760
742 789
744 758
747 773
748 785
748 765
749 758
751 797
753 770
759 784
761 762
761 790
763 771
763 766
772 789
779 784
788 794
789 797
