800 8000
0 782
0 145
0 18
0 19
0 788
0 156
0 415
0 671
0 34
0 37
0 421
0 299
0 305
0 190
0 319
0 65
0 73
0 330
0 75
0 597
0 730
0 736
0 490
0 115
0 503
0 760
0 254
1 259
1 392
1 266
1 20
1 149
1 553
1 49
1 184
1 326
1 202
1 78
1 209
1 215
1 733
1 485
1 110
1 624
1 632
1 377
1 634
1 507
1 636
1 126
1 127
2 514
2 387
2 643
2 133
2 151
2 429
2 303
2 690
2 310
2 698
2 330
2 205
2 211
2 468
2 595
2 472
2 480
2 484
2 753
2 242
2 116
2 630
3 487
3 72
3 172
3 623
3 751
3 125
3 246
3 661
3 348
3 221
3 572
4 770
4 644
4 198
4 487
4 678
4 619
4 78
4 48
4 464
4 146
4 83
4 276
4 469
4 561
4 787
4 472
4 409
4 59
5 13
5 153
5 798
5 544
5 424
5 432
5 305
5 178
5 573
5 452
5 325
5 585
5 203
5 718
5 724
5 469
5 597
5 344
5 733
5 100
5 102
5 122
6 512
6 129
6 325
6 774
6 103
6 8
6 232
6 425
6 203
6 585
6 366
6 303
6 462
6 81
6 686
6 251
6 29
7 224
7 165
7 519
7 136
7 524
7 335
7 369
7 244
7 404
7 436
7 215
7 124
7 701
7 222
8 64
8 225
8 353
8 416
8 420
8 37
8 39
8 453
8 553
8 643
8 644
8 710
8 174
8 534
8 732
8 157
8 191
9 513
9 641
9 771
9 132
9 140
9 144
9 276
9 295
9 552
9 425
9 682
9 46
9 305
9 441
9 186
9 697
9 447
9 204
9 336
9 607
9 226
9 355
9 628
9 764
9 381
10 128
10 288
10 385
10 451
10 263
10 40
10 489
10 138
10 715
10 268
10 685
10 717
10 781
10 81
10 370
10 657
10 375
10 410
10 317
10 319
11 320
11 322
11 354
11 483
11 700
11 774
11 360
11 392
11 586
11 681
11 76
11 332
11 524
11 623
11 464
11 778
11 692
11 444
11 220
11 221
11 255
12 672
12 673
12 312
12 262
12 231
12 489
12 522
12 203
12 155
12 524
12 14
12 431
12 209
12 791
12 88
12 121
12 91
12 540
13 32
13 448
13 611
13 164
13 102
13 233
13 298
13 425
13 586
13 751
13 274
13 22
13 505
13 539
13 348
13 671
14 512
14 705
14 100
14 581
14 774
14 648
14 43
14 78
14 750
14 339
14 502
14 87
14 566
14 598
15 194
15 258
15 290
15 483
15 327
15 297
15 457
15 746
15 175
15 659
15 84
15 755
15 214
15 22
15 664
15 154
15 349
16 390
16 526
16 528
16 150
16 791
16 547
16 294
16 683
16 304
16 320
16 195
16 453
16 590
16 719
16 474
16 605
16 733
16 233
16 494
16 375
16 377
16 125
16 510
17 513
17 641
17 357
17 567
17 504
17 584
17 346
17 505
17 80
17 442
17 658
17 688
17 661
17 790
17 189
17 440
17 377
17 218
17 635
17 221
17 31
18 162
18 770
18 455
18 711
18 106
18 797
18 300
18 624
18 177
18 561
18 659
18 117
18 310
18 437
18 537
18 474
18 571
18 701
18 158
19 269
19 275
19 533
19 662
19 152
19 673
19 162
19 167
19 436
19 64
19 578
19 580
19 455
19 479
19 226
19 361
19 618
19 235
19 372
19 125
19 383
20 129
20 516
20 773
20 265
20 651
20 151
20 169
20 681
20 685
20 184
20 443
20 451
20 339
20 219
20 98
20 610
20 617
20 754
20 379
20 637
20 383
21 193
21 513
21 99
21 132
21 737
21 762
21 328
21 332
21 366
21 143
21 367
21 148
21 340
21 119
21 570
21 349
22 129
22 324
22 740
22 71
22 683
22 684
22 717
22 623
22 570
22 761
22 566
22 790
22 601
22 378
22 764
22 446
23 386
23 658
23 534
23 294
23 554
23 301
23 47
23 58
23 63
23 452
23 713
23 332
23 717
23 464
23 339
23 216
23 476
23 222
23 109
23 500
23 245
23 628
23 630
23 252
24 771
24 136
24 152
24 154
24 293
24 301
24 180
24 694
24 567
24 568
24 571
24 317
24 69
24 199
24 327
24 201
24 78
24 598
24 603
24 95
24 735
24 226
24 361
24 234
24 490
24 118
25 257
25 386
25 518
25 524
25 653
25 278
25 156
25 547
25 683
25 428
25 692
25 566
25 444
25 572
25 450
25 579
25 200
25 212
25 478
25 100
25 234
25 122
25 126
26 288
26 121
26 153
26 544
26 164
26 547
26 744
26 393
26 649
26 45
26 463
26 465
26 657
26 115
26 57
26 666
27 448
27 228
27 645
27 772
27 711
27 456
27 267
27 46
27 560
27 177
27 50
27 87
27 380
27 58
27 475
27 316
27 286
28 290
28 328
28 425
28 170
28 522
28 271
28 753
28 538
28 500
28 602
28 627
28 755
28 505
28 410
28 574
28 799
29 515
29 197
29 171
29 45
29 398
29 625
29 659
29 276
29 53
29 182
29 247
29 564
29 91
29 508
29 350
30 450
30 35
30 325
30 490
30 171
30 524
30 110
30 175
30 79
30 366
30 400
30 757
30 695
30 568
30 414
31 64
31 65
31 288
31 67
31 480
31 229
31 453
31 613
31 736
31 742
31 74
31 774
31 142
31 302
31 334
31 399
31 494
31 750
31 730
31 538
32 131
32 773
32 490
32 140
32 76
32 206
32 655
32 337
32 51
32 564
32 726
32 279
32 537
32 444
32 767
33 704
33 482
33 573
33 452
33 423
33 616
33 585
33 588
33 493
33 251
33 207
33 113
33 559
33 756
33 571
33 155
33 124
33 285
33 126
34 608
34 737
34 132
34 676
34 422
34 135
34 263
34 137
34 201
34 298
34 328
34 542
34 46
34 47
34 711
34 113
34 470
34 408
34 62
35 128
35 407
35 487
35 427
35 587
35 683
35 206
35 430
35 528
35 666
35 405
35 310
35 118
35 793
35 665
35 58
35 379
35 311
36 129
36 780
36 401
36 153
36 159
36 672
36 677
36 682
36 302
36 47
36 447
36 64
36 331
36 462
36 465
36 730
36 219
36 224
36 615
36 493
36 368
36 113
36 496
36 253
36 636
36 509
37 520
37 523
37 140
37 267
37 142
37 271
37 652
37 403
37 278
37 406
37 795
37 290
37 171
37 300
37 556
37 559
37 571
37 316
37 79
37 211
37 597
37 732
37 98
37 614
37 633
37 118
37 502
37 505
38 772
38 646
38 519
38 276
38 410
38 283
38 796
38 673
38 418
38 550
38 680
38 42
38 557
38 176
38 192
38 321
38 585
38 338
38 211
38 351
38 365
38 112
38 252
39 514
39 518
39 147
39 536
39 41
39 687
39 182
39 194
39 584
39 458
39 207
39 725
39 342
39 119
39 222
39 608
39 234
39 124
39 758
39 503
39 508
39 127
40 130
40 260
40 782
40 659
40 148
40 533
40 150
40 681
40 438
40 56
40 189
40 450
40 452
40 325
40 203
40 591
40 351
40 358
40 362
40 113
40 511
41 648
41 528
41 151
41 415
41 672
41 552
41 299
41 690
41 308
41 193
41 580
41 74
41 721
41 468
41 85
41 213
41 596
41 600
41 94
41 354
41 228
41 231
42 130
42 387
42 132
42 522
42 404
42 788
42 667
42 669
42 797
42 549
42 427
42 44
42 48
42 695
42 571
42 61
42 701
42 191
42 320
42 193
42 705
42 454
42 219
42 732
42 735
42 102
42 233
42 746
42 749
42 624
43 420
43 197
43 135
43 713
43 619
43 684
43 45
43 305
43 211
43 726
44 197
44 485
44 360
44 733
44 300
44 543
44 79
44 463
44 495
44 306
44 115
44 528
44 245
44 186
44 731
44 125
44 287
45 265
45 777
45 525
45 781
45 535
45 667
45 421
45 679
45 683
45 436
45 195
45 200
45 215
45 728
45 731
45 232
45 105
45 759
45 508
45 511
46 771
46 778
46 396
46 656
46 789
46 282
46 680
46 559
46 439
46 444
46 450
46 324
46 710
46 93
46 98
46 484
46 485
46 751
46 755
46 124
47 544
47 641
47 133
47 535
47 613
47 774
47 395
47 365
47 432
47 306
47 275
47 180
47 370
47 661
47 344
47 764
47 381
47 734
48 258
48 642
48 261
48 643
48 655
48 400
48 666
48 672
48 705
48 334
48 719
48 82
48 342
48 731
48 734
48 480
48 609
48 619
48 236
48 756
48 377
49 672
49 419
49 356
49 741
49 422
49 295
49 330
49 493
49 78
49 335
49 367
49 656
49 757
49 57
49 667
49 540
49 797
50 449
50 229
50 741
50 359
50 774
50 746
50 205
50 143
50 720
50 785
50 339
50 212
50 761
50 694
50 505
50 733
51 96
51 288
51 483
51 573
51 674
51 704
51 107
51 237
51 781
51 368
51 81
51 82
51 83
51 465
51 312
51 570
51 349
51 191
52 297
52 363
52 332
52 141
52 238
52 587
52 211
52 214
52 287
53 266
53 526
53 143
53 785
53 274
53 275
53 531
53 532
53 163
53 294
53 680
53 556
53 303
53 189
53 704
53 199
53 457
53 212
53 728
53 217
53 98
53 738
53 237
53 501
53 766
54 738
54 611
54 535
54 709
54 201
54 265
54 587
54 607
54 112
54 210
54 179
54 275
54 435
54 660
54 375
54 316
54 573
54 575
55 256
55 512
55 164
55 324
55 520
55 457
55 702
55 78
55 766
55 176
55 560
55 656
55 83
55 596
55 125
55 789
55 221
55 414
55 287
56 96
56 512
56 387
56 451
56 453
56 645
56 701
56 586
56 621
56 209
56 147
56 116
56 245
56 309
56 313
56 538
56 412
56 573
56 286
57 256
57 544
57 161
57 425
57 300
57 303
57 433
57 708
57 73
57 714
57 208
57 88
57 602
57 354
57 738
57 101
57 486
57 619
57 621
57 238
57 761
57 127
58 652
58 270
58 144
58 409
58 281
58 284
58 448
58 323
58 326
58 335
58 81
58 731
58 732
58 481
58 103
58 366
58 503
58 251
58 509
59 263
59 168
59 551
59 779
59 508
59 604
59 79
59 781
59 594
59 629
59 567
59 536
59 249
59 474
59 348
59 221
59 702
59 415
60 439
60 356
60 454
60 713
60 479
60 619
60 715
60 664
60 112
60 209
60 561
60 671
60 404
60 310
60 150
60 278
60 662
60 542
60 415
61 193
61 194
61 772
61 165
61 296
61 695
61 330
61 522
61 175
61 368
61 689
61 402
61 629
61 507
61 698
61 377
61 603
61 123
61 605
62 66
62 98
62 615
62 711
62 585
62 109
62 622
62 181
62 183
62 248
62 538
62 794
62 446
63 407
63 67
63 762
63 421
63 422
63 553
63 554
63 727
63 334
63 378
63 176
63 305
63 622
63 624
63 533
63 565
63 730
63 346
64 384
64 261
64 102
64 453
64 265
64 618
64 76
64 691
64 119
64 152
64 665
64 571
64 796
64 285
65 517
65 647
65 779
65 147
65 533
65 538
65 164
65 166
65 173
65 561
65 562
65 437
65 696
65 703
65 450
65 578
65 231
65 239
65 625
65 502
65 255
66 659
66 407
66 160
66 545
66 682
66 301
66 692
66 693
66 572
66 189
66 454
66 71
66 456
66 588
66 82
66 341
66 727
66 360
66 362
66 491
66 759
66 753
66 373
66 118
66 757
66 121
67 480
67 579
67 709
67 231
67 72
67 329
67 268
67 508
67 495
67 561
67 785
67 252
67 404
67 150
67 661
67 187
67 573
67 126
68 96
68 320
68 546
68 387
68 198
68 710
68 584
68 585
68 681
68 683
68 332
68 742
68 780
68 79
68 464
68 789
68 183
68 89
68 90
68 605
69 385
69 577
69 451
69 164
69 165
69 610
69 135
69 71
69 695
69 742
69 364
69 176
69 799
69 438
69 407
69 89
69 186
69 379
69 511
70 215
70 255
70 547
70 487
70 104
70 778
70 174
70 206
70 238
70 590
70 623
70 115
70 639
70 718
70 750
70 87
70 753
70 186
70 158
70 127
71 416
71 544
71 768
71 392
71 635
71 663
71 203
71 459
71 467
71 437
71 629
71 725
71 757
71 187
71 188
71 701
71 126
71 319
72 544
72 454
72 775
72 681
72 330
72 783
72 336
72 753
72 371
72 628
72 691
72 438
72 790
72 632
72 251
72 509
73 512
73 771
73 389
73 269
73 526
73 272
73 528
73 278
73 543
73 287
73 682
73 299
73 173
73 307
73 309
73 196
73 199
73 587
73 594
73 83
73 597
73 355
73 763
74 530
74 148
74 537
74 412
74 158
74 417
74 167
74 424
74 298
74 437
74 314
74 323
74 713
74 217
74 218
74 247
74 744
74 620
74 111
74 759
75 481
75 422
75 203
75 173
75 781
75 470
75 247
75 638
75 479
76 97
76 192
76 226
76 197
76 420
76 645
76 708
76 460
76 275
76 694
76 439
76 726
76 345
76 701
76 766
77 389
77 652
77 784
77 404
77 154
77 794
77 286
77 288
77 417
77 293
77 439
77 185
77 321
77 322
77 452
77 197
77 708
77 204
77 205
77 82
77 467
77 85
77 607
77 103
77 361
77 378
78 257
78 389
78 138
78 787
78 542
78 162
78 295
78 176
78 688
78 691
78 566
78 696
78 449
78 586
78 333
78 464
78 83
78 726
78 611
78 747
78 499
78 500
78 760
79 544
79 321
79 452
79 486
79 360
79 778
79 204
79 398
79 430
79 696
79 273
79 275
79 566
79 471
79 312
79 287
80 132
80 388
80 774
80 138
80 780
80 397
80 146
80 499
80 564
80 659
80 153
80 794
80 636
81 133
81 262
81 518
81 646
81 774
81 284
81 294
81 295
81 430
81 698
81 578
81 708
81 591
81 344
81 729
81 97
81 496
81 246
81 253
82 642
82 264
82 272
82 146
82 152
82 419
82 166
82 168
82 685
82 559
82 320
82 322
82 718
82 491
82 364
82 752
82 498
82 631
82 761
82 379
83 256
83 704
83 228
83 616
83 680
83 203
83 681
83 365
83 687
83 304
83 153
83 378
84 513
84 665
84 420
84 555
84 300
84 557
84 184
84 188
84 574
84 192
84 320
84 576
84 706
84 326
84 459
84 87
84 236
84 620
84 238
84 622
84 243
84 756
84 630
85 706
85 355
85 292
85 325
85 485
85 774
85 202
85 273
85 465
85 437
85 342
85 790
85 345
85 220
86 704
86 675
86 743
86 511
86 651
86 370
86 730
86 183
86 153
86 314
86 254
86 255
87 388
87 155
87 675
87 303
87 446
87 451
87 465
87 469
87 597
87 724
87 730
87 224
87 488
87 497
87 755
87 372
87 635
87 509
88 399
88 278
88 798
88 162
88 546
88 293
88 422
88 428
88 686
88 434
88 437
88 447
88 704
88 323
88 327
88 583
88 210
88 601
88 606
88 98
88 228
88 371
88 246
89 160
89 486
89 391
89 345
89 548
89 710
89 171
89 172
89 537
89 336
89 241
89 656
89 500
89 536
89 249
89 571
90 128
90 352
90 258
90 99
90 290
90 312
90 391
90 520
90 545
90 428
90 205
90 144
90 688
90 660
90 150
90 631
90 152
90 667
90 510
91 705
91 769
91 420
91 452
91 134
91 262
91 453
91 458
91 554
91 396
91 366
91 399
91 716
91 401
91 468
91 117
91 727
91 601
91 220
92 352
92 449
92 641
92 769
92 679
92 429
92 141
92 143
92 558
92 497
92 658
92 717
92 628
92 533
92 694
92 729
92 511
93 96
93 203
93 427
93 237
93 588
93 304
93 798
93 799
93 279
93 603
93 252
93 605
93 766
93 319
94 481
94 609
94 325
94 199
94 424
94 137
94 621
94 111
94 400
94 562
94 308
94 149
94 564
94 343
94 376
94 761
94 669
94 223
95 578
95 167
95 200
95 426
95 208
95 785
95 339
95 181
95 182
95 217
95 379
95 285
96 357
96 551
96 427
96 791
96 560
96 755
96 246
96 279
96 502
96 186
96 795
97 417
97 676
97 552
97 777
97 587
97 204
97 430
97 495
97 557
97 691
97 117
97 182
97 534
97 152
97 218
98 776
98 395
98 144
98 400
98 419
98 167
98 568
98 190
98 447
98 323
98 452
98 455
98 590
98 731
98 352
98 751
98 499
98 638
99 643
99 264
99 456
99 653
99 219
99 410
99 528
99 623
99 114
99 595
99 719
99 784
99 153
99 155
100 388
100 261
100 135
100 780
100 270
100 655
100 661
100 534
100 670
100 551
100 555
100 436
100 693
100 189
100 706
100 334
100 338
100 601
100 222
100 355
100 229
100 231
100 744
100 751
100 631
100 761
100 506
100 123
101 477
101 162
101 675
101 260
101 104
101 648
101 203
101 652
101 429
101 302
101 399
101 381
101 466
101 342
101 631
101 726
101 507
101 189
102 129
102 643
102 286
102 159
102 545
102 437
102 443
102 699
102 453
102 206
102 727
102 603
102 351
102 610
102 739
102 614
102 487
102 745
102 234
102 498
103 134
103 520
103 399
103 791
103 537
103 160
103 672
103 427
103 558
103 308
103 444
103 458
103 726
103 599
103 479
103 357
103 743
103 107
103 626
103 638
104 651
104 143
104 402
104 534
104 536
104 413
104 543
104 547
104 298
104 558
104 314
104 444
104 319
104 448
104 321
104 725
104 363
104 368
104 369
104 118
104 249
105 579
105 421
105 199
105 232
105 137
105 504
105 395
105 664
105 718
105 752
105 370
105 276
105 373
105 189
105 184
105 125
105 415
106 771
106 661
106 663
106 279
106 415
106 293
106 686
106 437
106 438
106 191
106 454
106 712
106 714
106 205
106 334
106 590
106 717
106 465
106 720
106 214
106 727
106 602
106 348
106 231
106 237
106 371
106 379
107 352
107 744
107 171
107 204
107 300
107 398
107 492
107 523
107 719
107 690
107 148
107 564
107 280
107 217
107 603
107 187
107 733
108 128
108 129
108 353
108 419
108 164
108 389
108 294
108 430
108 463
108 719
108 177
108 626
108 436
108 341
108 791
108 346
108 316
108 158
108 255
109 407
109 546
109 228
109 135
109 648
109 586
109 621
109 242
109 381
109 499
109 754
109 214
109 187
109 125
109 447
110 407
110 290
110 608
110 452
110 325
110 326
110 618
110 331
110 650
110 494
110 655
110 688
110 241
110 751
110 661
110 374
110 406
110 760
110 733
111 352
111 582
111 231
111 234
111 363
111 653
111 702
111 367
111 467
111 758
111 727
111 220
111 637
112 775
112 456
112 457
112 142
112 206
112 657
112 212
112 117
112 119
112 245
112 349
112 319
113 512
113 131
113 611
113 613
113 640
113 488
113 587
113 684
113 781
113 462
113 144
113 241
113 561
113 627
113 656
113 785
113 156
114 388
114 390
114 521
114 786
114 788
114 534
114 407
114 282
114 799
114 170
114 174
114 687
114 305
114 689
114 186
114 715
114 336
114 344
114 366
114 246
114 379
115 662
115 281
115 795
115 671
115 175
115 313
115 570
115 316
115 194
115 196
115 580
115 457
115 336
115 209
115 731
115 481
115 355
115 621
115 238
115 380
115 636
115 126
116 513
116 518
116 519
116 150
116 536
116 285
116 546
116 420
116 170
116 555
116 441
116 184
116 696
116 450
116 451
116 200
116 462
116 594
116 612
116 377
116 745
116 621
116 505
116 637
117 320
117 161
117 322
117 611
117 487
117 615
117 521
117 717
117 497
117 720
117 566
117 791
117 762
117 220
117 381
117 446
118 769
118 135
118 139
118 782
118 661
118 410
118 672
118 548
118 298
118 682
118 563
118 462
118 336
118 467
118 354
118 742
118 620
118 255
119 261
119 142
119 783
119 414
119 416
119 289
119 556
119 433
119 568
119 191
119 331
119 463
119 216
119 604
119 355
119 485
119 762
119 507
119 508
119 382
120 481
120 425
120 618
120 588
120 269
120 622
120 495
120 652
120 721
120 782
120 179
120 532
120 342
120 727
120 792
120 377
120 411
120 252
120 381
120 254
121 737
121 354
121 444
121 135
121 233
121 521
121 618
121 778
121 177
121 209
121 563
121 533
121 183
121 188
121 573
121 375
122 641
122 737
122 387
122 281
122 710
122 232
122 377
122 585
122 495
122 624
122 757
122 412
122 478
122 127
123 132
123 356
123 269
123 301
123 209
123 178
123 531
123 632
123 378
123 347
124 128
124 483
124 420
124 359
124 234
124 490
124 606
124 719
124 528
124 786
124 659
124 564
124 501
124 182
124 666
124 635
124 510
125 545
125 675
125 293
125 363
125 575
125 275
125 468
125 532
125 662
125 601
125 723
125 188
125 319
126 265
126 396
126 794
126 159
126 549
126 440
126 185
126 699
126 202
126 210
126 220
126 614
126 616
126 494
126 627
126 503
126 638
127 448
127 679
127 396
127 466
127 627
127 341
127 794
127 797
127 255
128 390
128 328
128 297
128 410
128 687
128 785
128 786
128 596
128 149
128 669
128 799
129 453
129 358
129 511
129 590
129 654
129 560
129 722
129 533
129 564
129 249
129 250
129 795
129 540
129 447
130 225
130 709
130 295
130 136
130 746
130 652
130 429
130 719
130 370
130 722
130 279
130 376
130 699
130 734
131 704
131 163
131 573
131 200
131 695
131 203
131 715
131 589
131 239
131 144
131 560
131 531
131 278
131 535
131 313
131 252
131 381
131 412
132 257
132 525
132 276
132 662
132 411
132 295
132 168
132 306
132 438
132 443
132 328
132 610
132 366
132 244
132 631
132 255
133 419
133 485
133 777
133 618
133 235
133 427
133 141
133 687
133 467
133 533
133 598
133 766
133 383
134 520
134 138
134 523
134 276
134 788
134 789
134 415
134 799
134 163
134 678
134 172
134 570
134 443
134 195
134 455
134 727
134 362
134 748
134 371
134 377
134 506
135 388
135 151
135 666
135 671
135 416
135 716
135 597
135 479
135 359
135 745
135 362
135 619
135 493
135 369
135 500
135 379
136 769
136 515
136 656
136 276
136 541
136 670
136 550
136 684
136 309
136 437
136 698
136 574
136 458
136 732
136 350
136 734
136 609
136 611
136 230
136 360
136 495
136 245
137 641
137 258
137 261
137 152
137 537
137 414
137 296
137 174
137 180
137 190
137 327
137 604
137 221
137 484
137 230
137 489
137 618
137 493
137 495
137 752
137 376
137 252
137 382
138 288
138 321
138 453
138 383
138 426
138 522
138 781
138 398
138 783
138 697
138 787
138 153
138 732
138 223
139 704
139 769
139 230
139 167
139 326
139 297
139 234
139 552
139 397
139 429
139 369
139 372
139 661
139 311
139 504
139 726
139 789
139 476
140 675
140 644
140 262
140 676
140 554
140 242
140 538
140 412
140 318
141 641
141 323
141 552
141 362
141 394
141 492
141 269
141 176
141 181
141 214
141 726
141 218
141 347
142 773
142 271
142 272
142 400
142 534
142 289
142 290
142 298
142 187
142 444
142 189
142 572
142 198
142 459
142 468
142 344
142 352
142 481
142 609
142 358
142 361
142 617
142 237
142 495
142 502
142 250
143 289
143 705
143 357
143 741
143 647
143 264
143 773
143 494
143 209
143 540
143 594
143 629
143 441
143 762
143 699
143 189
144 516
144 519
144 539
144 155
144 671
144 417
144 424
144 176
144 304
144 448
144 716
144 464
144 476
144 605
144 505
144 765
145 223
145 452
145 741
145 295
145 648
145 398
145 558
145 372
145 699
145 447
146 516
146 396
146 406
146 279
146 280
146 154
146 541
146 416
146 440
146 318
146 201
146 458
146 719
146 208
146 348
146 222
146 231
146 744
146 623
146 505
147 644
147 267
147 653
147 406
147 153
147 546
147 677
147 298
147 312
147 579
147 200
147 332
147 206
147 212
147 472
147 224
147 359
147 621
147 753
148 312
148 292
148 740
148 390
148 773
148 233
148 297
148 395
148 428
148 490
148 556
148 716
148 792
148 152
148 317
148 157
148 735
149 290
149 384
149 388
149 165
149 482
149 489
149 362
149 429
149 696
149 368
149 305
149 657
149 761
149 150
149 183
149 568
149 217
149 351
150 776
150 649
150 270
150 783
150 531
150 661
150 161
150 546
150 684
150 183
150 570
150 714
150 346
150 603
150 617
150 748
150 238
150 494
151 320
151 193
151 230
151 395
151 365
151 462
151 781
151 243
151 341
151 436
151 437
151 792
151 699
151 701
151 734
151 287
152 709
152 327
152 298
152 490
152 522
152 686
152 303
152 474
152 181
152 405
152 436
152 785
152 635
153 384
153 394
153 650
153 154
153 545
153 162
153 186
153 444
153 188
153 456
153 332
153 211
153 213
153 596
153 345
153 754
153 245
154 772
154 521
154 400
154 406
154 539
154 180
154 316
154 322
154 450
154 461
154 595
154 472
154 732
154 349
154 481
154 743
154 360
154 764
154 255
155 605
155 326
155 358
155 296
155 345
155 236
155 300
155 657
155 565
155 182
155 280
155 281
155 443
155 156
155 311
155 574
156 480
156 644
156 678
156 200
156 425
156 267
156 363
156 397
156 302
156 587
156 684
156 690
156 782
156 478
156 767
157 673
157 327
157 455
157 427
157 332
157 205
157 364
157 715
157 432
157 338
157 531
157 626
157 406
157 567
157 754
157 697
157 220
157 253
157 767
158 736
158 611
158 164
158 324
158 518
158 203
158 556
158 752
158 529
158 570
158 729
158 218
158 348
159 640
159 736
159 579
159 548
159 611
159 707
159 426
159 524
159 734
159 307
159 405
159 469
159 533
159 693
159 349
160 512
160 396
160 271
160 531
160 534
160 664
160 799
160 549
160 170
160 563
160 695
160 439
160 184
160 443
160 191
160 351
160 355
160 618
160 366
160 243
161 478
161 263
161 232
161 391
161 606
161 523
161 682
161 239
161 273
161 305
161 726
161 795
161 190
162 537
162 285
162 678
162 680
162 425
162 560
162 563
162 569
162 445
162 577
162 199
162 201
162 594
162 723
162 480
162 229
162 742
162 745
162 491
162 507
163 226
163 260
163 386
163 359
163 546
163 771
163 202
163 304
163 370
163 466
163 626
163 501
163 505
163 602
163 475
163 444
163 414
164 769
164 259
164 775
164 778
164 267
164 268
164 398
164 527
164 538
164 411
164 541
164 416
164 165
164 169
164 173
164 566
164 189
164 701
164 597
164 495
164 624
164 498
164 634
164 507
164 767
165 353
165 450
165 541
165 293
165 489
165 234
165 587
165 493
165 466
165 531
165 436
165 566
165 380
166 489
166 553
166 299
166 624
166 339
166 212
166 308
166 569
166 698
166 283
166 700
166 255
167 517
167 654
167 273
167 789
167 534
167 424
167 685
167 431
167 437
167 312
167 185
167 187
167 190
167 708
167 329
167 595
167 470
168 195
168 325
168 547
168 710
168 520
168 713
168 202
168 302
168 559
168 464
168 403
168 340
168 501
168 278
168 534
168 184
168 285
168 511
169 485
169 580
169 393
169 606
169 171
169 526
169 753
169 594
169 755
169 502
169 632
169 185
169 602
169 445
169 446
169 703
170 439
170 450
170 199
170 648
170 606
170 778
170 523
170 300
170 664
170 750
170 241
170 626
170 343
170 472
170 378
170 253
170 572
171 393
171 777
171 538
171 678
171 679
171 681
171 557
171 303
171 434
171 438
171 317
171 199
171 585
171 331
171 215
171 749
171 371
171 252
172 481
172 770
172 516
172 644
172 616
172 441
172 236
172 537
172 239
172 212
172 181
172 341
172 727
172 539
172 316
173 258
173 291
173 261
173 323
173 449
173 613
173 457
173 459
173 493
173 334
173 716
173 780
173 497
173 561
173 667
173 572
174 608
174 609
174 482
174 483
174 420
174 676
174 647
174 233
174 617
174 653
174 337
174 339
174 370
174 466
174 661
174 669
175 391
175 394
175 275
175 667
175 547
175 676
175 551
175 309
175 449
175 457
175 206
175 463
175 350
175 479
175 226
175 239
175 757
175 760
176 772
176 400
176 310
176 567
176 697
176 315
176 187
176 705
176 588
176 594
176 347
176 482
176 359
176 362
176 755
176 638
177 225
177 579
177 517
177 773
177 651
177 684
177 403
177 725
177 216
177 509
177 447
178 407
178 289
178 648
178 331
178 782
178 562
178 595
178 404
178 247
178 696
178 633
178 541
178 223
179 290
179 503
179 484
179 516
179 580
179 701
179 473
179 269
179 237
179 792
179 499
179 311
179 438
179 796
179 253
179 574
180 650
180 402
180 531
180 790
180 408
180 283
180 559
180 690
180 189
180 193
180 450
180 326
180 201
180 332
180 205
180 589
180 469
180 227
180 355
180 489
180 622
180 377
181 263
181 525
181 400
181 532
181 405
181 278
181 665
181 410
181 671
181 549
181 424
181 453
181 333
181 233
181 234
181 362
181 752
182 384
182 264
182 275
182 283
182 557
182 690
182 696
182 443
182 329
182 458
182 715
182 208
182 746
182 756
182 503
182 632
182 633
183 706
183 483
183 516
183 710
183 773
183 493
183 750
183 464
183 528
183 434
183 572
183 438
183 540
183 311
183 671
184 521
184 782
184 278
184 675
184 423
184 682
184 432
184 311
184 318
184 202
184 330
184 720
184 722
184 614
184 757
185 350
185 547
185 390
185 518
185 520
185 617
185 650
185 748
185 561
185 658
185 792
185 468
185 698
185 697
185 282
185 188
185 543
186 568
186 600
186 682
186 686
186 594
186 758
186 567
186 344
186 666
186 703
187 515
187 517
187 264
187 524
187 671
187 548
187 684
187 312
187 696
187 196
187 204
187 588
187 735
187 480
187 609
187 743
187 247
187 249
187 637
188 259
188 785
188 288
188 559
188 571
188 701
188 456
188 585
188 715
188 214
188 476
188 223
188 614
188 231
188 620
188 375
189 615
189 743
189 331
189 492
189 462
189 371
189 660
189 567
189 692
189 796
190 393
190 302
190 399
190 592
190 597
190 407
190 408
190 507
190 542
191 609
191 573
191 390
191 487
191 297
191 361
191 710
191 591
191 560
191 699
191 500
191 409
191 219
191 476
191 317
192 768
192 354
192 328
192 585
192 618
192 459
192 269
192 744
192 746
192 210
192 211
192 530
192 502
192 534
192 596
192 635
192 222
193 668
193 312
193 386
193 229
193 490
193 759
193 527
193 529
193 212
193 214
193 571
193 284
193 574
193 543
194 258
194 613
194 422
194 200
194 201
194 774
194 791
194 245
194 469
194 533
194 408
194 510
194 383
195 384
195 480
195 677
195 294
195 362
195 683
195 428
195 237
195 720
195 597
195 505
195 347
195 733
195 446
196 480
196 260
196 518
196 455
196 747
196 494
196 431
196 307
196 245
196 468
196 723
196 668
196 317
197 261
197 780
197 665
197 410
197 541
197 681
197 298
197 712
197 611
197 740
197 485
197 231
197 618
197 366
197 625
197 374
197 248
198 387
198 550
198 296
198 360
198 203
198 621
198 628
198 533
198 665
198 602
198 253
198 670
199 390
199 400
199 405
199 535
199 550
199 425
199 564
199 309
199 579
199 357
199 486
199 366
199 371
199 633
199 511
200 387
200 516
200 775
200 272
200 674
200 293
200 295
200 679
200 298
200 554
200 691
200 699
200 444
200 338
200 732
200 610
200 763
201 248
201 512
201 261
201 674
201 774
201 264
201 424
201 496
201 371
201 435
201 346
201 699
201 351
202 769
202 356
202 263
202 776
202 715
202 495
202 624
202 305
202 369
202 561
202 786
202 759
202 380
203 516
203 263
203 643
203 649
203 285
203 580
203 208
203 345
203 224
203 623
203 752
204 672
204 450
204 420
204 265
204 619
204 654
204 495
204 497
204 247
204 248
204 729
204 444
204 286
205 477
205 257
205 675
205 485
205 422
205 521
205 586
205 765
205 302
205 378
205 464
205 755
205 214
205 630
206 775
206 778
206 277
206 535
206 544
206 571
206 318
206 350
206 223
206 353
206 243
206 244
206 372
206 757
206 255
207 477
207 261
207 519
207 235
207 274
207 307
207 500
207 532
207 767
207 793
207 760
207 377
207 445
207 287
208 641
208 389
208 266
208 537
208 795
208 798
208 673
208 423
208 427
208 300
208 562
208 693
208 453
208 590
208 601
208 245
208 762
209 781
209 782
209 528
209 797
209 548
209 549
209 435
209 724
209 347
209 603
209 370
209 758
209 509
209 766
210 288
210 385
210 408
210 776
210 522
210 556
210 397
210 784
210 305
210 275
210 436
210 277
210 475
210 790
210 315
210 797
211 389
211 524
211 397
211 431
211 559
211 435
211 571
211 703
211 322
211 457
211 330
211 721
211 218
211 604
211 732
211 742
211 237
211 506
212 260
212 391
212 648
212 410
212 667
212 548
212 293
212 453
212 720
212 473
212 603
212 738
212 621
212 375
212 633
213 448
213 769
213 773
213 525
213 781
213 335
213 304
213 337
213 567
213 539
213 378
213 251
213 476
214 513
214 677
214 423
214 690
214 567
214 696
214 586
214 716
214 598
214 728
214 354
214 613
214 234
214 373
215 610
215 229
215 617
215 621
215 468
215 407
215 316
216 545
216 322
216 611
216 707
216 363
216 720
216 659
216 632
216 279
216 605
217 259
217 742
217 383
217 713
217 236
217 270
217 655
217 735
217 372
217 791
217 761
217 506
218 291
218 612
218 676
218 708
218 425
218 398
218 781
218 624
218 783
218 308
218 659
218 790
218 249
218 762
219 320
219 389
219 708
219 583
219 489
219 511
219 492
219 528
219 784
219 307
219 441
219 602
219 763
219 572
219 317
220 582
220 391
220 710
220 759
220 685
220 561
220 563
220 729
220 755
220 472
220 537
220 506
221 354
221 675
221 676
221 727
221 651
221 716
221 304
221 241
221 627
221 785
221 373
221 568
221 477
221 319
222 609
222 640
222 265
222 455
222 431
222 272
222 304
222 463
222 464
222 530
222 595
222 655
222 606
223 641
223 284
223 669
223 561
223 700
223 587
223 471
223 352
223 233
223 618
223 234
223 235
223 363
223 496
223 372
223 245
223 503
224 392
224 523
224 272
224 532
224 414
224 670
224 688
224 697
224 316
224 448
224 458
224 592
224 720
224 475
224 617
224 745
224 620
224 756
224 378
224 254
225 455
225 588
225 734
225 526
225 559
225 528
225 627
225 469
225 533
225 726
225 476
225 412
225 253
225 606
225 575
226 259
226 263
226 779
226 663
226 792
226 415
226 290
226 549
226 680
226 434
226 693
226 321
226 718
226 738
226 240
226 504
226 255
227 576
227 673
227 646
227 268
227 687
227 562
227 404
227 790
227 542
228 485
228 543
228 556
228 433
228 341
228 508
228 317
228 413
228 415
229 771
229 651
229 653
229 535
229 799
229 549
229 554
229 693
229 442
229 571
229 327
229 587
229 334
229 345
229 475
229 348
229 350
229 737
229 362
229 755
230 482
230 389
230 358
230 599
230 614
230 299
230 620
230 654
230 680
230 304
230 273
230 464
230 403
230 628
230 691
230 715
230 762
231 320
231 325
231 675
231 457
231 585
231 718
231 285
232 776
232 269
232 793
232 414
232 678
232 424
232 555
232 439
232 697
232 583
232 460
232 602
232 730
232 604
232 488
232 235
232 495
232 753
233 384
233 257
233 407
233 565
233 711
233 717
233 595
233 726
233 731
233 359
233 496
233 629
233 760
233 250
233 381
234 780
234 654
234 279
234 282
234 539
234 668
234 566
234 599
234 728
234 370
234 247
235 291
235 387
235 522
235 441
235 377
236 640
236 546
236 495
236 375
237 482
237 261
237 326
237 617
237 397
237 302
237 624
237 245
237 532
237 726
237 285
237 574
237 319
238 353
238 578
238 550
238 264
238 394
238 395
238 734
238 337
238 402
238 689
238 792
238 508
238 572
239 640
239 356
239 712
239 393
239 555
239 269
239 462
239 432
239 588
239 506
239 715
239 596
239 662
239 312
239 250
239 604
240 324
240 484
240 520
240 425
240 266
240 778
240 556
240 588
240 720
240 721
240 758
240 280
240 282
240 794
240 668
240 799
241 578
241 292
241 423
241 364
241 760
241 563
241 248
241 251
241 286
242 388
242 646
242 774
242 778
242 779
242 780
242 526
242 399
242 781
242 788
242 536
242 796
242 545
242 290
242 692
242 573
242 318
242 482
242 359
242 381
242 637
242 382
243 610
243 644
243 296
243 713
243 490
243 381
243 404
243 310
243 726
243 602
243 349
243 510
244 385
244 327
244 456
244 491
244 658
244 756
244 663
244 729
244 668
244 478
245 259
245 313
245 359
245 424
245 447
245 334
245 569
245 720
245 794
245 635
246 776
246 531
246 790
246 541
246 419
246 559
246 305
246 561
246 307
246 314
246 464
246 348
246 610
246 364
246 498
246 501
246 504
246 765
247 641
247 446
247 422
247 392
247 574
247 607
247 618
247 272
247 599
247 442
247 413
247 351
248 480
248 355
248 419
248 796
248 456
248 266
248 777
248 559
248 277
248 731
248 377
248 411
248 380
248 733
249 673
249 494
249 558
249 560
249 306
249 275
249 757
249 278
249 381
249 543
250 675
250 293
250 266
250 363
250 428
250 617
250 651
250 371
250 563
250 726
250 316
251 385
251 773
251 262
251 647
251 777
251 396
251 529
251 404
251 553
251 683
251 454
251 713
251 349
251 609
251 361
251 363
251 365
251 506
252 352
252 451
252 646
252 296
252 361
252 554
252 765
252 654
252 633
252 403
252 533
252 342
252 377
253 514
253 739
253 764
253 765
253 270
253 308
253 404
253 375
253 698
253 795
253 316
253 543
254 257
254 774
254 717
254 625
254 343
254 443
254 732
255 514
255 642
255 388
255 265
255 780
255 270
255 669
255 676
255 426
255 311
255 701
255 717
255 477
255 636
256 417
256 323
256 420
256 488
256 746
256 441
256 524
256 621
256 664
256 336
256 400
256 308
256 403
256 507
256 565
256 789
256 283
256 606
257 258
257 550
257 710
257 269
257 462
257 305
257 337
257 685
257 781
257 783
257 311
257 375
258 421
258 391
258 489
258 556
258 633
258 767
259 483
259 357
259 674
259 394
259 621
259 398
259 367
259 494
259 506
259 761
259 472
259 444
259 317
259 574
260 449
260 291
260 515
260 677
260 339
260 729
260 794
260 477
260 351
261 649
261 650
261 524
261 429
261 432
261 462
261 464
261 611
261 363
261 368
261 370
261 632
261 637
262 390
262 779
262 787
262 286
262 424
262 430
262 689
262 568
262 578
262 587
262 476
262 608
262 747
262 367
262 370
262 499
262 383
263 291
263 677
263 584
263 617
263 557
263 716
263 464
263 724
263 312
263 317
264 576
264 640
264 738
264 484
264 644
264 422
264 332
264 365
264 302
264 627
264 308
264 469
264 636
264 575
265 769
265 520
265 669
265 288
265 695
265 441
265 700
265 579
265 587
265 464
265 595
265 599
265 348
265 751
265 504
266 389
266 526
266 275
266 404
266 407
266 299
266 445
266 447
266 575
266 323
266 709
266 582
266 588
266 468
266 729
266 349
266 734
266 762
266 487
266 637
266 382
267 668
267 769
267 484
267 463
267 753
267 341
267 568
267 606
268 446
268 548
268 681
268 459
268 396
268 684
268 798
268 400
268 273
268 560
268 313
268 572
268 350
269 512
269 648
269 521
269 527
269 403
269 796
269 678
269 297
269 688
269 441
269 704
269 585
269 475
269 495
269 507
269 509
270 386
270 643
270 279
270 425
270 556
270 688
270 316
270 577
270 582
270 328
270 598
270 474
270 475
270 729
270 351
270 616
270 490
270 752
271 416
271 732
271 520
271 552
271 683
271 784
271 372
271 533
271 725
271 503
271 760
271 634
272 288
272 354
272 515
272 453
272 746
272 427
272 511
272 776
272 462
272 782
272 344
272 279
272 383
273 385
273 675
273 519
273 614
273 623
273 624
273 625
273 721
273 534
273 572
273 479
274 480
274 354
274 355
274 503
274 357
274 645
274 674
274 328
274 680
274 681
274 745
274 304
274 435
274 629
274 279
274 415
275 515
275 284
275 290
275 298
275 300
275 684
275 690
275 439
275 567
275 571
275 449
275 720
275 633
276 769
276 355
276 395
276 431
276 432
276 783
276 402
276 602
276 439
276 346
276 318
276 445
277 706
277 549
277 361
277 560
277 337
277 690
277 278
277 694
277 603
277 379
277 700
277 286
278 672
278 354
278 355
278 360
278 651
278 557
278 495
278 311
278 570
279 770
279 519
279 785
279 407
279 296
279 434
279 562
279 571
279 699
279 586
279 598
279 743
279 619
279 498
279 759
279 379
279 508
280 673
280 642
280 516
280 550
280 781
280 530
280 407
280 505
280 285
280 735
281 609
281 482
281 414
281 705
281 745
281 302
281 303
281 532
281 596
281 660
281 789
281 408
281 382
282 352
282 609
282 706
282 776
282 330
282 426
282 586
282 431
282 465
282 600
282 626
282 789
282 504
282 763
282 607
283 576
283 641
283 421
283 680
283 461
283 494
283 499
283 532
283 375
283 659
283 505
283 506
283 793
283 798
284 384
284 609
284 549
284 359
284 583
284 745
284 524
284 431
284 632
284 793
284 315
285 517
285 395
285 540
285 671
285 688
285 314
285 575
285 721
285 345
285 475
285 732
285 611
286 653
286 414
286 307
286 566
286 441
286 572
286 316
286 455
286 462
286 340
286 357
286 755
286 760
286 382
287 352
287 672
287 549
287 334
287 470
287 509
287 350
288 640
288 651
288 795
288 539
288 418
288 678
288 579
288 345
288 602
288 479
288 362
288 364
289 544
289 321
289 770
289 291
289 419
289 612
289 646
289 631
289 556
289 333
289 591
289 693
289 572
289 381
289 574
290 414
290 437
290 695
290 329
290 716
290 343
290 602
290 479
290 753
290 498
290 754
290 755
291 640
291 646
291 780
291 532
291 410
291 430
291 686
291 432
291 693
291 698
291 574
291 702
291 320
291 451
291 354
291 738
291 616
291 623
291 503
291 633
291 766
292 417
292 483
292 390
292 489
292 299
292 491
292 523
292 367
292 560
292 720
292 564
292 567
292 694
292 668
292 733
293 406
293 663
293 420
293 441
293 583
293 330
293 591
293 472
293 477
293 735
293 610
293 740
293 625
293 372
294 352
294 514
294 388
294 520
294 521
294 650
294 714
294 719
294 307
294 404
294 470
294 760
295 396
295 660
295 537
295 665
295 304
295 310
295 440
295 578
295 714
295 474
295 731
295 608
295 354
295 356
295 359
295 498
295 756
295 636
295 767
296 779
296 417
296 554
296 684
296 302
296 314
296 577
296 723
296 340
296 604
296 735
296 619
296 506
296 755
296 502
296 378
296 507
297 576
297 541
297 355
297 383
297 521
297 553
297 780
297 590
297 431
297 305
297 787
297 475
297 413
298 512
298 663
298 793
298 424
298 557
298 431
298 305
298 310
298 574
298 451
298 707
298 602
298 603
298 482
298 610
298 357
298 614
298 487
298 510
299 518
299 648
299 649
299 653
299 553
299 301
299 558
299 560
299 689
299 469
299 728
299 478
299 479
299 612
299 627
299 380
299 636
300 384
300 640
300 779
300 529
300 416
300 547
300 685
300 563
300 565
300 445
300 593
300 467
300 598
300 600
300 483
300 635
301 352
301 350
301 609
301 610
301 357
301 394
301 336
301 691
301 788
301 540
301 343
301 767
302 771
302 796
302 420
302 446
302 581
302 585
302 330
302 591
302 468
302 343
302 476
302 478
302 621
302 751
302 754
302 627
302 761
302 633
303 384
303 509
303 513
303 421
303 550
303 680
303 588
303 430
303 722
303 531
303 691
303 317
303 767
304 640
304 403
304 406
304 539
304 439
304 447
304 449
304 335
304 342
304 472
304 364
304 757
305 531
305 536
305 666
305 540
305 314
305 701
305 582
305 330
305 334
305 599
305 475
305 353
305 739
305 488
305 510
306 641
306 354
306 644
306 423
306 360
306 552
306 586
306 537
306 529
306 373
306 726
306 408
307 769
307 674
307 359
307 584
307 635
307 523
307 492
307 646
307 746
307 407
307 634
307 570
308 533
308 789
308 435
308 575
308 578
308 588
308 461
308 727
308 347
308 479
308 356
308 612
308 613
308 757
308 511
309 456
309 689
309 564
309 507
309 639
310 544
310 608
310 770
310 359
310 329
310 455
310 458
310 679
310 499
310 411
310 413
311 660
311 789
311 673
311 551
311 572
311 457
311 713
311 600
311 351
311 618
311 380
311 633
311 508
312 645
312 646
312 397
312 535
312 410
312 668
312 414
312 434
312 690
312 440
312 337
312 373
312 759
313 700
313 324
313 517
313 582
313 682
313 587
313 463
313 432
313 403
313 787
313 698
313 412
313 669
313 606
314 321
314 388
314 361
314 424
314 585
314 537
314 616
314 779
314 433
314 797
314 376
314 377
314 540
314 639
315 645
315 773
315 651
315 781
315 657
315 666
315 670
315 427
315 689
315 692
315 706
315 583
315 589
315 602
315 474
315 481
315 737
315 502
315 766
316 798
316 546
316 681
316 699
316 700
316 579
316 582
316 715
316 468
316 478
316 748
316 759
316 379
316 510
316 383
317 770
317 518
317 780
317 407
317 792
317 539
317 414
317 702
317 712
317 465
317 361
317 625
317 765
318 549
318 584
318 568
318 734
318 336
318 340
318 402
318 438
318 658
318 764
318 413
318 702
318 703
319 741
319 363
319 492
319 523
319 632
319 664
319 716
319 595
319 746
319 505
320 776
320 406
320 543
320 421
320 450
320 712
320 458
320 589
320 335
320 349
320 490
320 365
320 498
320 510
321 643
321 397
321 401
321 786
321 424
321 690
321 449
321 717
321 728
321 606
321 612
321 615
321 499
321 762
321 507
321 638
322 700
322 612
322 613
322 678
322 586
322 427
322 781
322 783
322 721
322 467
322 690
322 724
322 754
322 412
323 772
323 617
323 556
323 526
323 625
323 694
324 350
324 769
324 579
324 584
324 491
324 531
324 404
324 373
324 342
324 630
324 698
324 700
324 735
325 640
325 391
325 363
325 555
325 586
325 399
325 654
325 686
325 702
325 709
325 629
325 703
326 520
326 684
326 558
326 621
326 753
326 506
326 637
327 510
327 741
327 521
327 559
327 599
327 474
327 508
327 350
328 399
328 657
328 405
328 795
328 542
328 692
328 566
328 577
328 452
328 722
328 485
328 750
328 755
328 631
329 636
329 706
329 788
329 792
329 412
330 515
330 388
330 518
330 659
330 791
330 417
330 576
330 583
330 594
330 468
330 481
330 484
330 358
331 769
331 700
331 503
331 615
331 711
331 718
331 538
331 562
331 595
331 597
331 754
331 442
331 572
332 769
332 772
332 773
332 394
332 778
332 792
332 566
332 577
332 706
332 334
332 462
332 464
332 478
332 363
332 764
333 389
333 390
333 497
333 499
333 436
333 758
333 791
333 475
333 380
334 769
334 776
334 400
334 785
334 538
334 675
334 552
334 687
334 689
334 456
334 478
334 629
334 381
335 389
335 709
335 648
335 434
335 373
335 667
336 352
336 769
336 772
336 345
336 492
336 461
336 656
336 373
337 674
337 675
337 736
337 745
337 522
337 460
337 575
337 591
337 506
337 372
337 598
337 410
337 511
338 736
338 387
338 579
338 359
338 489
338 643
338 427
338 621
338 494
338 367
338 590
338 685
338 562
338 403
338 660
338 703
338 383
339 450
339 362
339 684
339 368
339 400
339 595
339 534
339 795
339 796
339 765
339 542
340 451
340 517
340 652
340 685
340 462
340 594
340 722
340 566
340 408
340 537
340 570
341 357
341 614
341 774
341 364
341 715
341 627
341 342
341 762
341 700
341 350
342 393
342 394
342 660
342 790
342 565
342 441
342 572
342 712
342 462
342 599
342 473
342 349
342 623
342 625
342 767
343 386
343 648
343 713
343 406
343 694
344 407
344 625
344 395
344 465
344 411
344 531
344 563
344 375
344 536
344 441
344 379
344 731
345 522
345 779
345 402
345 406
345 407
345 798
345 546
345 559
345 564
345 704
345 604
345 481
345 631
346 417
346 454
346 518
346 424
346 399
346 530
346 657
346 372
346 663
346 755
346 758
346 411
346 412
347 518
347 647
347 522
347 780
347 665
347 547
347 684
347 431
347 433
347 445
347 448
347 712
347 458
347 597
347 614
347 368
347 373
347 766
348 737
348 611
348 771
348 773
348 462
348 687
348 498
348 724
348 507
348 541
349 391
349 777
349 396
349 401
349 664
349 667
349 798
349 423
349 563
349 565
349 701
349 454
349 585
349 727
349 733
349 619
349 368
349 758
349 761
349 762
349 507
349 383
350 736
350 614
350 457
350 778
350 431
350 767
350 596
350 788
351 487
351 647
351 621
351 465
351 594
351 538
352 395
352 656
352 532
352 407
352 550
352 563
352 695
352 705
352 450
352 579
352 716
352 735
352 738
352 362
352 370
352 755
352 628
352 377
353 480
353 707
353 740
353 647
353 553
353 617
353 651
353 365
353 621
353 686
353 691
353 500
353 501
354 396
354 652
354 531
354 427
354 432
354 588
354 591
354 475
354 607
354 489
354 381
354 383
355 576
355 608
355 419
355 376
355 642
355 437
355 692
355 478
356 742
356 615
356 635
356 649
356 684
356 653
356 558
356 497
356 531
356 754
356 632
356 442
357 764
357 560
357 401
357 572
357 630
357 407
357 504
357 602
357 540
358 769
358 421
358 518
358 457
358 650
358 748
358 591
358 753
358 564
358 374
358 601
358 634
358 667
359 512
359 392
359 647
359 526
359 786
359 421
359 427
359 556
359 437
359 695
359 581
359 467
359 732
359 743
359 493
359 760
359 510
360 548
360 646
360 716
360 574
360 383
361 387
361 773
361 648
361 649
361 650
361 397
361 782
361 414
361 569
361 724
361 725
361 504
361 377
362 661
362 535
362 665
362 669
362 686
362 709
362 459
362 464
362 752
362 759
362 506
362 635
363 393
363 541
363 430
363 481
363 615
363 744
363 505
363 506
363 507
364 449
364 386
364 457
364 395
364 755
364 785
364 599
365 503
365 740
365 711
365 663
365 498
365 500
365 725
366 649
366 659
366 539
366 670
366 418
366 674
366 548
366 425
366 553
366 685
366 695
366 451
366 712
366 459
366 587
366 589
367 768
367 580
367 457
367 429
367 368
367 400
367 431
367 439
367 408
367 602
367 541
367 382
367 799
368 519
368 521
368 659
368 683
368 698
368 443
368 571
368 445
368 455
368 465
368 627
368 379
369 583
369 493
369 718
369 370
369 500
369 756
369 504
369 477
369 414
370 512
370 393
370 664
370 456
370 586
370 463
370 719
370 465
370 619
370 628
370 635
371 608
371 545
371 769
371 573
371 669
371 781
371 529
371 757
371 535
371 571
372 387
372 739
372 679
372 432
372 496
372 527
372 563
372 444
372 750
373 609
373 579
373 452
373 455
373 476
373 711
373 560
373 757
373 729
373 634
373 380
374 386
374 392
374 586
374 778
374 499
374 406
374 439
374 760
374 443
375 766
375 536
375 545
375 555
375 689
375 568
375 696
375 710
375 585
375 594
375 738
375 612
375 631
375 616
375 503
375 377
375 763
375 510
375 639
376 774
376 647
376 392
376 776
376 784
376 403
376 409
376 414
376 678
376 435
376 568
376 441
376 448
376 580
376 584
376 713
376 587
376 612
376 615
377 643
377 648
377 653
377 401
377 787
377 790
377 542
377 683
377 569
377 697
377 703
377 706
377 468
377 508
378 384
378 415
378 584
378 497
378 434
378 379
378 404
378 475
378 499
378 507
378 629
379 646
379 535
379 554
379 684
379 687
379 465
379 472
379 613
379 506
380 482
380 709
380 679
380 742
380 695
380 493
380 529
380 531
380 628
380 660
380 445
381 770
381 677
381 429
381 431
381 693
381 443
381 723
381 469
381 738
381 628
382 544
382 704
382 414
382 643
382 771
382 488
382 616
382 495
382 465
382 497
382 626
382 761
382 411
382 732
383 512
383 647
383 660
383 543
383 685
383 691
383 439
383 714
383 463
383 465
383 601
383 477
383 483
383 614
383 757
384 517
384 647
384 649
384 781
384 399
384 792
384 793
384 667
384 713
384 722
384 467
384 599
384 736
384 490
384 499
384 758
384 761
385 710
385 585
385 797
385 396
385 667
385 560
385 626
385 412
385 605
385 702
386 401
386 532
386 795
386 540
387 674
387 454
387 779
387 780
387 462
387 797
387 496
387 661
387 668
387 637
388 673
388 642
388 678
388 775
388 619
388 434
388 595
388 505
389 546
389 419
389 650
389 461
389 411
389 530
389 748
389 794
389 477
390 513
390 546
390 609
390 457
390 650
390 681
390 714
390 527
390 783
390 791
390 443
391 557
391 594
391 531
391 602
392 608
392 705
392 741
392 523
392 651
392 782
392 595
392 405
392 409
392 730
392 507
392 413
393 416
393 675
393 422
393 649
393 460
393 462
393 751
393 434
393 723
393 758
393 504
393 413
394 450
394 580
394 478
394 551
394 473
394 558
394 500
394 791
394 476
394 414
394 767
395 775
395 457
395 555
395 590
395 760
395 785
395 596
395 571
396 519
396 522
396 402
396 568
396 440
396 711
396 461
396 464
396 599
396 600
396 476
396 479
396 491
396 621
397 643
397 781
397 657
397 786
397 661
397 414
397 694
397 445
397 709
397 719
397 604
397 608
397 614
398 578
398 708
398 711
398 745
398 523
398 586
398 462
398 587
398 506
398 563
398 595
398 504
398 446
399 768
399 769
399 771
399 652
399 655
399 674
399 685
399 450
399 710
399 462
399 597
399 611
400 401
400 786
400 789
400 412
400 672
400 550
400 679
400 439
400 708
400 732
400 734
400 618
400 762
401 770
401 644
401 646
401 527
401 409
401 553
401 556
401 564
401 568
401 469
401 598
401 729
401 611
401 746
401 753
402 768
402 642
402 670
402 683
402 430
402 697
402 444
402 450
402 578
402 720
402 600
402 730
402 496
402 638
403 608
403 453
403 454
403 616
403 528
403 437
403 790
403 607
404 646
404 791
404 553
404 436
404 695
404 714
404 716
404 595
404 599
404 620
404 622
405 545
405 644
405 522
405 649
405 607
405 495
405 760
405 466
405 787
405 468
405 437
405 789
405 538
405 732
406 640
406 522
406 524
406 796
406 681
406 431
406 582
406 715
406 481
406 490
406 511
407 412
407 718
407 611
407 614
407 622
407 629
407 634
407 767
408 779
408 661
408 663
408 672
408 423
408 428
408 560
408 576
408 585
408 723
408 469
408 608
408 754
409 706
409 678
409 615
409 488
409 684
409 627
409 629
409 638
410 782
410 529
410 668
410 678
410 562
410 574
410 450
410 580
410 599
410 619
410 492
410 758
410 765
411 423
411 478
411 702
411 688
411 792
411 666
411 725
411 663
411 669
412 552
412 437
412 565
412 580
412 454
412 712
412 489
412 622
412 496
413 515
413 522
413 653
413 526
413 542
413 568
413 709
413 463
413 727
413 475
413 486
413 746
413 497
413 503
414 770
414 771
414 665
414 793
414 671
414 430
414 699
414 462
414 733
414 498
415 416
415 651
415 601
415 500
415 505
415 447
416 673
416 491
416 615
416 528
416 499
416 758
416 730
417 677
417 426
417 554
417 442
417 564
417 726
417 727
418 422
418 651
418 494
418 561
418 691
418 469
418 539
419 783
419 785
419 547
419 420
419 549
419 687
419 689
419 692
419 453
419 738
419 490
419 491
420 641
420 770
420 775
420 791
420 797
420 697
420 712
420 458
420 727
420 728
420 605
420 617
420 490
420 748
421 680
421 682
421 748
421 429
421 430
421 626
421 467
421 690
421 757
421 604
422 521
422 681
422 717
422 559
422 593
422 703
422 792
422 437
422 569
422 702
423 705
423 769
423 454
423 581
423 615
423 619
423 664
423 699
424 780
424 659
424 685
424 712
424 612
424 486
424 749
424 754
425 776
425 534
425 793
425 799
425 550
425 560
425 470
425 732
425 498
426 457
426 684
426 691
426 438
426 601
426 668
426 701
427 777
427 651
427 781
427 792
427 682
427 436
427 441
427 457
427 495
427 631
428 486
428 551
428 613
428 733
428 588
428 429
428 591
428 697
428 471
428 764
428 605
429 477
429 707
429 648
429 490
429 621
429 622
429 540
429 534
429 693
429 799
430 773
430 559
430 623
430 695
430 570
430 668
431 512
431 778
431 525
431 556
431 560
431 572
431 716
431 606
431 738
432 771
432 534
432 536
432 680
432 691
432 584
432 716
432 739
432 486
432 751
432 627
433 576
433 644
433 783
433 532
433 728
433 731
434 482
434 492
434 651
434 664
434 723
434 468
434 476
434 444
434 539
435 769
435 514
435 554
435 557
435 591
435 562
435 657
436 652
436 550
436 677
436 442
436 459
436 604
436 734
436 752
436 753
436 758
437 771
437 655
437 656
437 680
437 555
437 721
437 735
437 489
437 496
437 625
438 546
438 612
438 710
438 458
438 596
438 472
439 515
439 686
439 696
439 714
439 597
439 726
439 728
439 746
439 509
440 641
440 771
440 581
440 683
440 718
440 782
440 689
440 571
441 584
441 649
441 760
441 562
441 788
442 599
442 631
442 742
442 589
442 590
442 718
442 720
442 625
442 445
442 670
443 641
443 732
443 775
443 779
443 664
443 508
444 773
444 656
444 669
444 564
444 446
444 609
445 522
445 661
445 680
445 684
445 576
445 594
445 735
445 612
445 614
445 759
445 639
446 535
446 488
446 553
446 734
446 470
446 573
447 516
447 794
447 799
447 693
447 709
447 583
447 613
447 496
447 756
447 639
448 480
448 548
448 518
448 461
448 783
448 657
448 533
448 758
448 790
448 766
449 587
449 493
449 661
449 632
449 765
450 539
450 672
450 558
450 709
450 456
450 587
450 716
450 724
450 740
450 628
450 633
451 460
451 781
451 463
451 502
451 570
451 635
451 763
452 640
452 643
452 781
452 667
452 553
452 556
452 583
452 718
452 469
452 750
452 497
452 639
453 770
453 515
453 777
453 564
453 587
453 740
453 491
453 751
453 764
454 769
454 771
454 678
454 649
454 473
454 522
454 682
454 777
454 500
455 640
455 649
455 525
455 663
455 546
455 457
455 458
455 589
455 720
455 724
455 472
455 476
455 505
456 608
456 601
456 562
457 527
457 705
457 579
457 718
457 749
458 524
458 655
458 537
458 672
458 553
458 567
458 705
458 606
458 623
458 625
458 498
459 487
459 616
459 554
459 623
459 684
459 498
459 748
459 631
459 731
459 573
459 575
460 544
460 706
460 777
460 661
461 673
461 581
461 525
461 620
461 474
461 566
461 697
461 701
461 734
462 527
462 675
462 473
462 474
462 603
462 616
462 618
462 639
463 742
463 631
463 686
463 506
463 755
464 770
464 687
464 691
464 593
465 642
465 701
465 691
465 735
465 601
466 706
466 711
466 520
466 553
466 594
466 565
466 759
466 506
467 668
467 732
467 715
467 747
467 721
467 596
467 794
467 604
468 650
468 778
468 790
468 665
468 799
468 551
468 552
468 564
468 587
468 606
468 483
469 516
469 536
469 727
469 743
469 591
469 784
469 595
470 771
470 743
470 489
470 780
470 560
470 562
470 595
470 722
470 787
470 636
471 481
471 742
471 551
471 526
471 686
471 721
471 532
471 696
471 473
471 637
472 669
472 679
472 696
472 570
472 574
472 475
472 742
472 746
472 624
472 628
473 580
473 613
473 566
473 569
473 572
473 702
473 479
474 554
474 565
475 651
475 783
475 534
475 546
475 547
475 486
475 746
475 637
476 646
476 585
476 620
477 642
477 664
477 560
477 583
477 592
477 486
477 746
477 496
477 504
477 636
477 509
478 580
478 771
478 776
478 794
478 535
478 734
479 640
479 515
479 650
479 533
479 685
479 690
479 563
479 569
479 603
479 733
479 496
480 515
480 616
480 705
480 765
480 508
480 659
480 540
481 482
481 597
482 621
482 593
482 601
483 644
483 584
483 586
483 621
483 566
483 633
483 794
484 518
484 589
484 720
484 659
484 533
484 661
484 691
484 693
485 727
485 555
485 689
485 693
485 694
485 538
485 606
486 609
486 550
486 775
486 778
486 590
486 593
486 690
486 718
486 533
486 536
486 606
487 651
487 798
487 733
487 766
488 577
488 649
488 619
488 632
488 791
488 593
488 625
488 659
488 534
488 630
488 669
489 523
489 765
489 787
489 665
489 723
489 596
489 724
489 726
489 602
489 612
489 491
489 631
489 509
490 641
490 517
490 775
490 536
490 676
490 554
490 688
490 561
490 570
490 494
491 736
491 529
491 690
491 603
491 573
492 610
492 675
492 516
492 708
492 575
492 787
493 652
493 589
493 559
493 756
493 664
493 799
494 550
494 649
494 622
494 690
494 729
494 789
494 798
495 651
495 781
495 673
495 558
495 691
495 695
495 702
495 604
495 628
495 505
495 507
496 777
496 658
496 550
496 551
496 689
496 690
496 714
496 603
496 508
497 641
497 515
497 605
497 708
497 711
497 500
497 699
497 763
498 523
498 787
498 790
498 670
498 563
498 587
498 714
498 715
498 609
498 737
498 611
498 747
499 659
499 533
499 561
499 566
499 572
499 597
499 746
499 625
500 654
500 655
500 528
500 657
500 799
500 590
500 594
500 722
500 729
500 608
500 744
500 748
501 677
501 680
501 712
501 558
501 596
501 694
501 507
501 575
502 640
502 772
502 651
502 595
502 598
503 574
503 525
503 626
503 691
503 634
503 730
504 609
504 738
504 783
504 659
504 692
504 795
505 515
505 541
505 673
505 580
505 707
505 619
505 766
506 525
506 783
506 559
506 696
506 703
506 706
506 580
506 718
506 728
506 610
506 753
507 517
507 646
507 679
507 682
507 719
507 602
507 732
507 619
508 774
508 647
508 561
508 785
508 598
508 789
509 612
509 727
509 607
509 789
509 732
510 617
510 558
510 539
511 786
511 789
511 668
511 594
511 597
511 600
511 743
511 751
511 637
512 655
512 781
512 792
512 672
512 552
512 685
512 698
512 591
512 607
512 612
513 742
513 554
513 585
513 587
513 592
514 549
514 680
514 780
514 782
514 719
514 752
514 535
514 536
514 542
515 580
515 542
515 646
515 595
516 528
516 534
516 539
516 683
516 685
516 567
516 695
516 701
516 717
516 608
516 739
516 619
516 626
517 584
517 752
517 689
517 691
517 564
517 568
517 636
518 582
518 648
518 565
519 685
519 722
520 711
520 744
520 625
520 594
520 752
520 533
520 668
520 798
521 609
521 536
521 614
521 678
521 742
521 747
521 787
521 759
521 794
522 641
522 788
522 791
522 686
522 592
522 767
523 578
523 705
523 737
523 592
523 565
523 570
523 635
523 637
524 748
524 623
524 533
524 661
524 762
525 550
525 551
525 717
525 785
525 723
526 535
526 552
526 647
526 759
526 791
526 562
527 646
527 712
527 719
527 781
527 756
527 762
527 700
528 549
528 791
528 628
528 539
528 605
529 708
529 686
529 689
529 531
529 570
529 725
530 576
530 745
530 652
530 566
530 631
531 642
531 585
531 623
531 754
532 769
532 773
532 779
532 674
532 679
532 699
532 721
532 726
533 785
533 547
533 552
533 684
533 562
533 570
533 717
534 772
534 674
534 592
535 795
535 705
535 646
535 601
535 541
536 704
536 557
536 563
536 698
537 776
537 651
537 653
537 685
537 558
537 710
537 596
537 736
537 766
538 580
538 791
538 671
538 767
538 727
539 647
539 654
539 660
539 695
539 586
539 611
539 756
539 762
540 551
540 552
540 746
540 651
540 759
540 753
540 629
540 725
541 642
541 645
541 790
541 665
541 795
541 710
541 721
541 624
541 639
542 795
542 715
542 621
542 622
542 784
542 755
542 695
542 571
543 789
543 665
543 798
543 555
543 557
543 685
543 562
543 586
543 735
543 621
543 629
543 632
544 548
544 614
544 743
544 654
544 626
545 549
545 553
545 586
545 752
545 561
545 633
545 597
546 578
546 616
546 740
546 690
546 765
547 550
547 583
547 635
547 781
547 656
547 751
547 752
548 598
549 648
549 565
550 652
550 784
550 704
550 593
550 614
550 627
550 765
551 769
551 778
551 785
551 671
551 675
551 689
551 696
551 575
551 605
551 758
551 633
552 774
552 655
552 659
552 692
552 573
552 708
552 587
552 591
552 718
552 617
552 639
553 579
553 677
553 606
553 786
554 643
554 774
554 794
554 799
554 695
554 700
554 710
554 715
554 728
554 612
554 629
554 758
555 577
555 619
555 575
555 685
555 593
555 659
555 665
556 648
556 669
556 728
556 573
557 673
557 707
557 621
557 597
557 662
557 797
557 638
558 615
558 650
558 681
558 598
558 667
559 771
559 563
559 724
559 599
559 731
560 643
560 673
560 679
560 684
560 688
560 636
561 640
561 779
561 688
561 565
561 720
561 597
561 602
561 765
562 648
562 660
562 793
562 672
562 698
562 723
563 796
563 799
563 692
563 580
563 708
563 716
563 721
563 726
563 608
563 615
563 750
564 640
564 641
564 768
564 648
564 671
564 682
564 572
564 617
565 710
565 648
565 618
565 733
565 591
566 770
566 658
566 673
566 679
566 585
566 728
566 624
567 712
567 744
567 794
567 594
567 630
567 667
567 735
568 701
568 639
568 598
568 799
568 796
569 704
569 613
569 637
569 746
569 718
569 655
569 633
569 596
569 605
569 702
570 772
570 673
570 571
570 702
570 719
570 729
570 610
571 643
571 778
571 652
571 705
571 602
572 582
572 715
572 746
572 629
572 632
573 777
573 671
573 799
573 676
573 679
573 680
573 692
573 578
573 716
574 714
574 656
574 699
575 785
575 691
575 593
575 595
575 724
575 725
575 608
575 613
575 634
576 774
576 778
576 728
576 657
576 753
576 665
577 580
577 589
577 760
577 667
578 772
578 613
578 615
578 775
578 595
578 625
578 603
579 782
579 671
579 683
579 692
579 701
579 591
579 752
580 775
580 656
580 795
580 717
581 772
581 584
581 754
581 604
582 642
582 775
582 623
582 722
582 669
583 770
583 597
583 697
584 674
584 652
584 753
584 628
584 697
584 785
585 771
585 649
585 657
585 596
585 613
585 761
586 798
587 775
587 650
587 792
587 608
587 741
587 761
588 672
588 797
588 626
588 628
588 724
588 695
589 663
590 768
590 718
590 724
590 759
590 728
590 798
591 646
591 746
591 597
591 795
592 641
592 770
592 651
592 635
593 613
593 623
593 626
593 700
593 798
594 764
595 791
595 686
595 618
595 749
595 758
596 788
596 676
596 683
596 718
596 721
596 633
597 644
597 661
597 670
597 704
597 720
597 738
598 640
598 779
598 781
598 661
598 704
598 616
598 746
598 756
599 762
599 655
599 719
599 799
600 707
600 683
600 731
601 687
601 624
601 728
601 724
601 786
602 774
602 782
602 785
602 692
602 726
602 606
602 745
603 774
603 765
603 620
603 671
603 699
604 739
604 614
605 654
605 658
605 788
605 673
605 682
605 706
605 719
605 720
605 737
605 615
605 639
606 648
606 789
606 681
606 686
606 622
606 623
606 755
606 634
607 608
607 799
608 774
608 776
608 663
608 613
608 766
609 665
609 798
609 682
609 693
609 740
609 614
609 755
609 638
610 704
610 643
610 678
610 693
610 698
610 799
611 788
611 798
611 619
611 624
611 763
612 707
612 771
612 701
612 651
612 791
613 771
613 646
613 655
613 721
613 743
613 623
613 762
613 638
614 791
615 618
615 748
615 696
615 694
616 642
616 673
616 784
616 691
616 696
617 672
617 778
617 715
617 662
617 694
618 672
618 695
618 635
620 642
620 679
620 750
620 784
620 723
620 758
621 789
621 794
621 726
621 736
621 749
621 754
622 672
622 705
622 776
622 715
622 686
622 790
622 731
623 744
623 687
624 695
624 795
625 641
625 674
625 655
625 695
626 658
626 728
627 714
627 724
628 719
628 763
629 642
629 773
629 756
629 693
630 778
630 686
630 752
630 726
630 696
630 790
630 634
631 744
631 683
632 704
632 689
632 788
633 683
634 678
634 748
634 718
634 762
635 645
635 669
635 673
635 674
635 702
635 703
635 723
635 735
636 736
636 643
636 750
636 639
637 770
637 771
637 651
637 789
637 791
637 795
637 697
637 740
637 751
638 768
638 730
639 732
639 753
640 686
640 718
640 739
640 744
642 651
643 672
643 681
643 704
643 729
643 748
644 786
646 781
646 745
647 741
647 777
647 735
647 756
647 730
648 669
648 714
648 723
648 744
648 746
648 753
649 771
649 747
649 729
649 799
650 749
650 691
650 734
651 662
651 697
651 708
651 754
651 758
652 770
652 687
652 695
653 656
653 686
653 732
654 714
655 731
656 680
656 795
657 692
658 780
658 798
658 696
659 787
659 799
659 696
659 700
660 685
660 782
660 755
661 789
662 709
662 678
662 720
662 751
662 724
663 778
664 776
664 786
664 788
664 791
664 798
664 738
664 749
664 754
666 706
666 677
666 741
666 742
666 798
666 734
667 704
667 693
668 680
668 751
668 725
668 794
669 697
669 765
670 745
671 732
671 689
671 731
671 756
672 711
672 716
673 686
674 675
674 777
674 686
674 799
676 677
676 760
676 699
677 711
677 687
677 753
678 707
678 726
678 737
678 754
678 764
679 769
679 696
679 759
679 699
680 768
680 777
680 721
681 746
681 778
681 758
682 707
682 775
683 795
683 783
684 770
684 775
684 781
685 769
685 738
686 695
686 725
686 743
687 711
687 753
688 765
688 715
688 778
688 720
688 750
688 788
688 760
688 700
688 735
689 794
689 708
689 745
689 746
690 695
690 791
691 791
691 699
692 754
692 796
693 766
694 792
694 698
694 794
695 796
695 704
696 708
696 753
697 792
698 716
698 788
699 791
700 744
700 735
701 774
701 790
701 721
701 724
701 742
701 756
702 730
702 732
703 767
705 777
705 797
705 717
705 747
705 754
705 755
705 767
706 787
707 777
707 715
707 750
707 790
707 763
708 734
709 737
709 739
710 773
710 747
711 783
711 791
712 755
712 731
713 741
713 716
713 766
713 767
714 781
714 718
714 719
714 782
715 785
716 754
717 750
717 719
717 722
718 785
718 760
719 796
720 777
720 788
720 742
720 755
721 790
724 725
724 744
724 751
724 761
725 772
725 774
725 791
726 795
726 754
726 761
726 763
727 763
727 731
728 750
728 755
729 764
729 771
729 774
729 751
729 767
730 769
731 739
731 761
733 769
733 758
735 784
735 794
735 765
736 790
737 760
740 779
740 753
740 790
740 793
742 796
743 775
744 781
745 757
745 760
746 771
746 775
746 779
746 787
746 751
747 787
749 756
749 791
749 765
750 777
750 780
750 781
750 792
751 786
751 793
752 753
753 772
753 762
754 799
756 772
757 777
757 763
759 760
759 767
766 789
766 796
767 770
767 784
767 792
769 772
769 786
770 787
773 781
777 787
777 797
778 799
782 796
782 794
784 799
784 793
784 794
787 789
794 797
