800 8000
0 385
0 4
0 139
0 783
0 145
0 533
0 292
0 425
0 426
0 302
0 305
0 309
0 572
0 576
0 322
0 578
0 205
0 336
0 598
0 727
0 344
0 93
0 355
0 747
0 365
0 497
0 375
0 120
1 420
1 389
1 740
1 774
1 27
1 91
1 346
1 365
1 246
1 374
1 248
1 502
1 282
1 59
1 667
1 543
2 256
2 321
2 258
2 354
2 228
2 5
2 355
2 513
2 424
2 613
2 650
2 459
2 17
2 179
2 52
2 341
2 597
2 443
2 508
2 765
3 477
3 736
3 9
3 10
3 202
3 745
3 14
3 238
3 783
3 531
3 116
3 276
3 662
3 26
3 253
3 799
4 776
4 268
4 780
4 274
4 404
4 533
4 155
4 157
4 414
4 36
4 166
4 44
4 173
4 174
4 570
4 458
4 78
4 213
4 735
4 351
4 625
4 628
4 253
5 266
5 268
5 141
5 525
5 271
5 654
5 279
5 794
5 796
5 418
5 37
5 429
5 687
5 689
5 691
5 195
5 589
5 469
5 614
5 368
5 633
5 122
6 609
6 471
6 131
6 292
6 478
6 482
6 523
6 13
6 569
6 592
6 466
6 724
6 150
6 375
6 376
6 217
6 603
6 318
7 129
7 385
7 783
7 528
7 659
7 798
7 673
7 681
7 172
7 688
7 178
7 566
7 455
7 76
7 720
7 468
7 86
7 342
7 727
7 91
7 609
7 112
7 627
7 244
7 122
7 126
8 640
8 289
8 34
8 386
8 454
8 327
8 218
8 363
8 430
8 750
8 560
8 17
8 50
8 465
8 405
8 57
8 154
8 443
8 701
9 224
9 608
9 485
9 550
9 613
9 393
9 425
9 447
9 46
9 15
9 431
9 639
9 434
9 628
9 693
9 379
9 255
10 194
10 226
10 546
10 675
10 104
10 364
10 781
10 750
10 149
10 310
10 55
10 216
10 569
10 507
11 385
11 770
11 20
11 24
11 668
11 540
11 425
11 44
11 301
11 689
11 695
11 192
11 705
11 194
11 200
11 712
11 462
11 465
11 593
11 730
11 483
11 102
11 490
11 637
12 13
12 20
12 21
12 790
12 35
12 165
12 45
12 689
12 317
12 190
12 196
12 589
12 334
12 592
12 601
12 232
12 492
12 117
12 630
12 633
12 122
12 507
13 486
13 104
13 587
13 684
13 728
13 274
13 626
13 659
13 690
13 729
13 664
13 601
13 250
13 157
13 735
14 672
14 161
14 382
14 163
14 70
14 455
14 774
14 265
14 234
14 302
14 335
14 559
14 625
14 658
14 563
14 633
14 90
14 347
14 158
15 392
15 777
15 527
15 656
15 146
15 20
15 535
15 795
15 543
15 174
15 691
15 202
15 459
15 467
15 85
15 598
15 731
15 478
15 353
15 112
15 373
15 763
16 486
16 263
16 520
16 394
16 555
16 560
16 315
16 592
16 435
16 626
16 688
16 787
16 347
16 670
17 386
17 644
17 390
17 269
17 273
17 408
17 685
17 442
17 315
17 188
17 580
17 714
17 206
17 719
17 734
17 110
17 751
17 632
17 764
17 510
18 509
18 610
18 134
18 328
18 712
18 394
18 714
18 733
18 461
18 748
18 687
18 81
18 625
18 689
18 753
18 90
18 157
18 799
19 515
19 403
19 409
19 796
19 542
19 158
19 548
19 560
19 306
19 566
19 313
19 575
19 459
19 727
19 731
19 480
19 608
19 364
19 622
19 760
19 507
19 124
20 128
20 768
20 272
20 404
20 149
20 536
20 666
20 794
20 670
20 420
20 50
20 445
20 68
20 325
20 96
20 100
20 616
20 242
20 244
20 628
20 502
20 510
21 645
21 785
21 147
21 415
21 574
21 62
21 453
21 582
21 332
21 466
21 339
21 727
21 472
21 346
21 731
21 740
21 357
21 105
21 367
21 751
21 499
22 512
22 764
22 70
22 422
22 168
22 328
22 615
22 711
22 777
22 333
22 110
22 113
22 403
22 278
22 631
22 726
22 442
22 315
22 92
23 648
23 527
23 148
23 661
23 408
23 665
23 284
23 544
23 686
23 53
23 314
23 60
23 65
23 79
23 592
23 213
23 599
23 475
23 355
23 237
23 621
23 380
23 379
23 508
23 767
24 129
24 773
24 137
24 394
24 406
24 410
24 36
24 551
24 168
24 303
24 431
24 439
24 708
24 455
24 720
24 343
24 349
24 745
24 749
24 495
24 497
24 625
24 243
25 704
25 642
25 516
25 678
25 167
25 295
25 265
25 616
25 237
25 621
25 111
25 530
25 147
25 148
25 53
25 723
25 122
25 158
26 390
26 394
26 523
26 141
26 655
26 291
26 294
26 678
26 695
26 444
26 701
26 68
26 582
26 455
26 331
26 718
26 352
26 491
26 756
26 245
26 631
26 506
26 381
26 767
27 98
27 35
27 68
27 446
27 610
27 199
27 168
27 710
27 742
27 143
27 623
27 467
27 214
27 310
27 537
27 667
27 222
28 194
28 291
28 582
28 200
28 105
28 328
28 424
28 236
28 237
28 681
28 748
28 721
28 246
28 634
28 92
28 381
28 413
29 131
29 517
29 781
29 669
29 797
29 545
29 418
29 292
29 420
29 46
29 687
29 314
29 576
29 452
29 580
29 339
29 341
29 474
29 604
29 122
29 618
29 370
29 121
29 378
30 576
30 260
30 69
30 329
30 394
30 587
30 683
30 505
30 721
30 179
30 789
30 249
30 666
30 731
30 125
31 192
31 608
31 162
31 261
31 712
31 266
31 714
31 300
31 207
31 463
31 241
31 628
31 55
31 666
31 475
32 514
32 772
32 646
32 536
32 668
32 33
32 34
32 422
32 681
32 54
32 579
32 336
32 723
32 732
32 223
32 480
32 366
32 367
32 497
32 371
32 627
32 374
32 249
32 507
32 126
33 256
33 640
33 386
33 390
33 518
33 525
33 403
33 150
33 44
33 173
33 557
33 305
33 568
33 573
33 191
33 575
33 576
33 577
33 212
33 469
33 474
33 488
33 238
33 624
33 499
33 117
33 631
33 638
34 259
34 516
34 649
34 533
34 545
34 422
34 298
34 303
34 54
34 197
34 710
34 330
34 461
34 348
34 223
34 355
34 486
34 368
34 241
34 511
35 195
35 422
35 360
35 695
35 332
35 496
35 369
35 210
35 306
35 403
35 626
35 475
35 627
35 345
35 314
35 669
36 393
36 394
36 400
36 658
36 678
36 169
36 681
36 685
36 564
36 321
36 323
36 456
36 202
36 92
36 484
36 357
36 108
36 620
36 371
36 765
37 704
37 545
37 420
37 616
37 585
37 682
37 619
37 365
37 461
37 143
37 781
37 666
37 730
37 186
37 251
37 351
38 128
38 608
38 674
38 168
38 682
38 109
38 142
38 207
38 112
38 591
38 530
38 499
38 788
38 246
38 662
38 376
38 154
38 315
38 318
38 607
39 293
39 742
39 135
39 105
39 143
39 209
39 178
39 339
39 246
39 534
39 600
39 379
39 668
40 384
40 259
40 517
40 645
40 781
40 787
40 286
40 671
40 291
40 548
40 431
40 176
40 188
40 323
40 579
40 70
40 586
40 716
40 477
40 229
40 489
40 493
41 480
41 495
41 304
41 49
41 498
41 687
41 752
41 783
41 798
41 407
41 799
41 793
41 762
41 603
41 702
41 127
42 516
42 645
42 264
42 649
42 266
42 401
42 278
42 157
42 415
42 182
42 713
42 718
42 336
42 465
42 215
42 96
42 357
42 106
42 748
42 367
42 495
42 638
43 641
43 643
43 653
43 273
43 529
43 531
43 533
43 535
43 154
43 670
43 545
43 295
43 304
43 188
43 573
43 577
43 221
43 230
43 489
43 492
43 759
43 123
43 639
44 546
44 387
44 106
44 75
44 234
44 555
44 588
44 684
44 211
44 340
44 435
44 597
44 627
44 185
44 219
44 763
44 318
44 703
45 352
45 225
45 449
45 480
45 738
45 357
45 199
45 776
45 233
45 299
45 685
45 431
45 500
45 699
45 94
45 543
46 320
46 165
46 454
46 231
46 264
46 616
46 493
46 47
46 562
46 699
46 84
46 724
46 118
46 788
46 632
46 91
46 316
46 62
47 288
47 194
47 751
47 517
47 709
47 135
47 713
47 301
47 653
47 496
47 686
47 434
47 115
47 308
47 149
47 469
47 630
47 719
47 639
48 513
48 133
48 775
48 393
48 532
48 661
48 667
48 412
48 160
48 419
48 553
48 299
48 570
48 718
48 336
48 214
48 356
48 229
48 613
48 497
48 376
48 121
48 254
49 742
49 479
49 427
49 364
49 714
49 302
49 688
49 722
49 663
49 152
49 537
49 90
49 155
49 572
49 159
50 130
50 770
50 164
50 535
50 581
50 168
50 300
50 792
50 274
50 275
50 437
50 86
50 503
50 690
50 755
50 90
50 284
50 413
50 510
51 704
51 65
51 161
51 449
51 482
51 70
51 584
51 169
51 554
51 141
51 237
51 622
51 722
51 244
51 501
51 630
51 724
51 120
51 187
51 221
52 512
52 258
52 274
52 147
52 402
52 407
52 664
52 791
52 295
52 303
52 689
52 180
52 700
52 703
52 575
52 590
52 87
52 88
52 610
52 742
52 363
52 623
52 119
53 768
53 290
53 102
53 231
53 263
53 524
53 781
53 399
53 783
53 529
53 435
53 565
53 215
53 317
54 128
54 609
54 516
54 293
54 641
54 736
54 202
54 299
54 778
54 112
54 209
54 657
54 658
54 564
54 761
54 59
54 700
54 253
54 158
55 545
55 705
55 292
55 319
55 772
55 200
55 137
55 265
55 396
55 776
55 782
55 657
55 338
55 572
55 151
55 220
55 62
56 97
56 101
56 392
56 201
56 585
56 268
56 109
56 556
56 625
56 594
56 597
56 246
56 473
56 602
56 603
56 93
56 606
57 262
57 264
57 138
57 265
57 648
57 539
57 548
57 422
57 295
57 186
57 700
57 702
57 318
57 713
57 333
57 224
57 739
57 231
57 104
57 251
57 755
57 507
57 765
58 545
58 195
58 510
58 472
58 551
58 377
58 582
58 743
58 236
58 365
58 782
58 61
58 309
58 412
58 88
58 185
58 284
58 93
58 94
59 290
59 323
59 292
59 545
59 426
59 203
59 268
59 555
59 78
59 497
59 498
59 405
59 151
59 470
59 315
59 286
59 735
60 641
60 482
60 546
60 535
60 264
60 201
60 523
60 172
60 268
60 588
60 143
60 400
60 529
60 623
60 686
60 406
60 218
60 603
61 609
61 287
61 740
61 136
61 553
61 77
61 241
61 82
61 474
61 723
61 759
61 184
61 669
61 542
61 63
62 512
62 515
62 261
62 263
62 139
62 276
62 534
62 663
62 795
62 284
62 676
62 550
62 295
62 190
62 447
62 71
62 72
62 332
62 717
62 78
62 470
62 114
62 501
62 759
62 507
63 480
63 449
63 705
63 67
63 328
63 424
63 745
63 652
63 461
63 302
63 686
63 751
63 537
63 382
64 580
64 644
64 742
64 330
64 267
64 780
64 402
64 347
64 509
65 407
65 480
65 513
65 387
65 732
65 743
65 203
65 109
65 301
65 589
65 633
65 82
65 436
65 181
65 594
65 504
65 409
65 602
65 476
66 135
66 265
66 523
66 526
66 399
66 794
66 154
66 666
66 564
66 191
66 79
66 596
66 469
66 598
66 358
66 359
66 742
66 110
66 629
66 121
66 507
66 381
67 274
67 405
67 281
67 795
67 542
67 543
67 160
67 161
67 286
67 435
67 565
67 312
67 440
67 184
67 189
67 451
67 462
67 81
67 89
67 220
67 356
67 499
67 759
68 131
68 136
68 139
68 402
68 275
68 786
68 665
68 414
68 673
68 421
68 681
68 439
68 577
68 580
68 329
68 337
68 598
68 726
68 217
68 234
68 109
68 242
68 756
68 629
68 119
68 251
69 101
69 296
69 715
69 653
69 717
69 367
69 79
69 463
69 114
69 434
69 436
69 498
69 694
69 504
69 441
69 571
69 732
70 166
70 615
70 264
70 74
70 490
70 473
70 621
70 713
70 464
70 717
70 779
70 244
70 566
70 345
70 158
71 448
71 578
71 612
71 134
71 377
71 585
71 670
71 300
71 654
71 495
71 80
71 735
71 372
71 571
71 664
71 281
71 219
71 413
71 543
72 548
72 774
72 423
72 519
72 712
72 780
72 173
72 273
72 178
72 146
72 597
72 793
72 91
72 221
73 449
73 162
73 323
73 675
73 646
73 488
73 584
73 522
73 683
73 716
73 717
73 463
73 80
73 145
73 274
73 566
73 471
73 536
73 790
73 413
74 512
74 775
74 651
74 542
74 547
74 168
74 170
74 687
74 176
74 561
74 196
74 76
74 717
74 592
74 341
74 597
74 90
74 225
74 353
74 740
74 107
74 753
75 704
75 611
75 771
75 709
75 390
75 647
75 745
75 235
75 240
75 465
75 85
75 342
75 437
75 798
75 191
76 132
76 197
76 260
76 356
76 516
76 581
76 332
76 744
76 777
76 144
76 176
76 114
76 723
76 784
76 117
76 280
76 475
76 125
77 128
77 673
77 259
77 323
77 515
77 134
77 135
77 678
77 681
77 250
77 267
77 638
77 366
77 175
77 594
77 404
77 373
77 343
77 218
77 606
78 676
78 168
78 635
78 670
78 332
78 141
78 685
78 79
78 716
78 717
78 626
78 83
78 373
78 695
78 186
78 445
78 703
79 264
79 648
79 795
79 160
79 161
79 544
79 674
79 686
79 433
79 308
79 315
79 333
79 720
79 86
79 471
79 600
79 342
79 353
79 111
79 501
79 758
80 737
80 541
80 389
80 773
80 488
80 300
80 365
80 302
80 210
80 502
80 535
80 700
80 285
81 128
81 654
81 536
81 410
81 157
81 677
81 554
81 179
81 564
81 312
81 582
81 205
81 589
81 476
81 477
81 222
81 742
81 248
81 123
81 383
82 482
82 199
82 583
82 650
82 205
82 667
82 431
82 559
82 338
82 404
82 730
82 312
82 505
82 250
82 283
82 508
82 126
82 763
83 352
83 579
83 679
83 711
83 298
83 139
83 203
83 491
83 112
83 274
83 725
83 695
83 216
83 733
83 766
84 514
84 578
84 164
84 771
84 326
84 327
84 522
84 586
84 684
84 301
84 688
84 339
84 244
84 468
84 310
84 313
84 94
85 448
85 482
85 389
85 440
85 710
85 520
85 105
85 266
85 494
85 112
85 656
85 150
85 280
85 474
85 123
85 316
85 701
86 352
86 354
86 382
86 580
86 708
86 345
86 713
86 776
86 174
86 537
86 766
86 627
86 501
86 254
86 313
86 509
86 286
86 447
87 738
87 104
87 618
87 746
87 556
87 173
87 597
87 534
87 471
87 600
87 539
87 668
87 375
88 640
88 523
88 400
88 529
88 786
88 409
88 668
88 670
88 686
88 559
88 560
88 693
88 694
88 193
88 459
88 589
88 722
88 341
88 472
88 474
88 477
88 237
88 373
88 248
88 633
88 634
88 252
89 544
89 612
89 521
89 745
89 139
89 299
89 749
89 778
89 208
89 241
89 337
89 529
89 726
89 727
89 94
89 252
89 540
89 190
89 511
90 769
90 412
90 673
90 550
90 168
90 568
90 580
90 198
90 200
90 330
90 212
90 731
90 352
90 102
90 748
90 627
90 761
90 636
91 641
91 388
91 645
91 650
91 781
91 400
91 798
91 425
91 299
91 698
91 577
91 323
91 712
91 338
91 345
91 346
91 613
91 617
91 624
91 370
91 377
91 506
91 765
92 289
92 226
92 741
92 263
92 631
92 777
92 238
92 655
92 497
92 306
92 467
92 627
92 753
92 311
92 665
92 542
93 385
93 386
93 643
93 786
93 552
93 682
93 430
93 566
93 576
93 325
93 718
93 211
93 723
93 724
93 728
93 731
93 477
93 491
93 240
93 752
93 761
94 185
94 579
94 549
94 712
94 330
94 505
94 560
94 465
94 178
94 115
94 307
94 498
94 531
94 625
94 187
94 220
94 690
95 641
95 713
95 459
95 365
95 557
95 687
95 751
95 305
95 146
95 435
95 181
95 469
95 407
95 760
95 729
95 761
95 383
96 356
96 198
96 167
96 584
96 745
96 523
96 650
96 397
96 559
96 113
96 177
96 690
96 725
96 726
96 664
96 345
96 219
96 318
97 547
97 325
97 230
97 527
97 272
97 754
97 211
97 148
97 665
97 444
97 252
98 416
98 165
98 329
98 365
98 575
98 239
98 498
98 756
98 698
98 600
98 601
98 218
98 157
98 382
98 447
99 129
99 577
99 387
99 551
99 695
99 205
99 593
99 792
99 277
99 631
99 120
99 217
99 445
100 727
100 588
100 237
100 141
100 207
100 734
100 498
100 435
100 116
100 310
100 468
100 507
100 345
100 562
100 315
100 667
100 445
100 723
101 384
101 257
101 513
101 777
101 522
101 525
101 144
101 661
101 411
101 168
101 426
101 184
101 191
101 193
101 578
101 206
101 463
101 208
101 611
101 491
101 751
101 116
101 500
101 759
102 545
102 292
102 165
102 708
102 154
102 199
102 233
102 409
102 267
102 461
102 175
102 209
102 146
102 792
102 185
102 539
103 512
103 356
103 550
103 368
103 560
103 627
103 469
103 537
103 125
104 514
104 776
104 142
104 530
104 534
104 674
104 675
104 311
104 190
104 575
104 706
104 455
104 712
104 587
104 607
104 736
104 744
104 494
104 756
104 249
104 250
104 380
105 610
105 163
105 535
105 328
105 137
105 615
105 589
105 239
105 208
105 463
105 148
105 503
105 630
105 762
105 285
105 447
106 545
106 163
106 549
106 486
106 684
106 302
106 686
106 432
106 688
106 791
106 341
106 150
106 695
106 726
106 762
106 446
107 416
107 704
107 483
107 580
107 740
107 520
107 493
107 430
107 431
107 624
107 337
107 722
107 760
107 532
107 597
107 628
107 696
107 316
108 323
108 291
108 229
108 459
108 685
108 462
108 303
108 432
108 753
108 729
108 797
108 318
109 259
109 263
109 649
109 525
109 275
109 152
109 282
109 667
109 166
109 310
109 315
109 580
109 711
109 590
109 719
109 468
109 220
109 741
109 488
109 110
109 368
109 247
110 736
110 768
110 644
110 549
110 486
110 772
110 591
110 435
110 436
110 310
110 121
110 540
110 669
110 604
111 509
111 164
111 479
111 747
111 204
111 113
111 315
111 657
111 404
111 442
111 283
111 476
111 381
111 702
111 415
112 360
112 663
112 267
112 299
112 395
112 142
112 239
112 113
112 558
112 559
112 593
112 726
112 622
112 795
112 767
113 513
113 418
113 422
113 202
113 717
113 302
113 752
113 435
113 793
113 537
113 122
113 638
114 530
114 533
114 792
114 537
114 282
114 163
114 678
114 171
114 686
114 305
114 562
114 439
114 701
114 206
114 595
114 231
114 492
114 627
114 124
115 512
115 262
115 532
115 534
115 791
115 665
115 799
115 425
115 553
115 178
115 566
115 571
115 573
115 583
115 334
115 337
115 215
115 472
115 217
115 729
115 607
115 234
115 365
115 627
115 758
115 247
116 769
116 229
116 452
116 268
116 620
116 174
116 720
116 370
116 660
116 601
116 218
116 351
117 771
117 203
117 173
117 140
117 238
117 272
117 211
117 372
117 341
117 507
117 343
117 187
118 256
118 514
118 484
118 772
118 653
118 591
118 600
118 121
118 346
119 609
119 131
119 581
119 772
119 574
119 169
119 557
119 174
119 687
119 272
119 718
119 434
119 314
119 222
120 128
120 392
120 139
120 523
120 270
120 274
120 277
120 673
120 298
120 187
120 707
120 204
120 465
120 732
120 611
120 239
120 242
120 759
120 121
121 321
121 230
121 423
121 680
121 743
121 204
121 717
121 430
121 496
121 760
121 437
121 633
121 351
122 642
122 771
122 403
122 282
122 421
122 678
122 555
122 305
122 439
122 699
122 452
122 467
122 345
122 348
122 224
122 610
122 753
122 634
122 639
123 256
123 640
123 643
123 136
123 652
123 401
123 149
123 410
123 430
123 314
123 201
123 459
123 587
123 718
123 719
123 594
123 358
123 759
123 758
123 503
124 700
124 732
124 553
124 171
124 715
124 207
124 176
124 465
124 721
124 728
124 786
124 504
124 188
124 157
124 191
125 770
125 134
125 136
125 521
125 789
125 544
125 434
125 567
125 218
125 603
125 220
125 478
125 607
125 481
125 741
125 493
125 238
125 249
125 634
125 126
126 228
126 229
126 136
126 551
126 765
126 299
126 399
126 432
126 783
126 436
126 437
126 665
126 508
126 318
127 672
127 417
127 706
127 131
127 419
127 548
127 643
127 233
127 331
127 205
127 494
127 589
127 306
127 370
127 182
127 215
127 569
127 698
127 479
128 644
128 261
128 523
128 652
128 278
128 415
128 546
128 305
128 562
128 443
128 476
128 348
128 220
128 234
128 749
128 383
129 416
129 161
129 196
129 325
129 459
129 779
129 173
129 366
129 494
129 752
129 626
129 500
129 634
129 667
129 220
129 253
129 190
130 770
130 227
130 535
130 389
130 709
130 744
130 233
130 235
130 750
130 335
130 272
130 183
130 536
130 347
131 258
131 393
131 655
131 788
131 409
131 541
131 799
131 547
131 690
131 695
131 698
131 700
131 190
131 469
131 735
131 226
131 498
131 248
131 763
131 637
131 382
132 518
132 360
132 298
132 558
132 303
132 368
132 528
132 178
132 343
132 700
132 317
133 545
133 611
133 390
133 166
133 472
133 648
133 531
133 659
133 724
133 216
133 730
133 378
133 763
133 350
134 387
134 783
134 276
134 789
134 283
134 295
134 423
134 435
134 436
134 443
134 706
134 718
134 335
134 730
134 351
134 626
134 633
134 635
135 448
135 708
135 740
135 198
135 351
135 520
135 174
135 176
135 367
135 752
135 659
135 695
135 570
135 348
135 573
135 223
136 514
136 647
136 784
136 275
136 665
136 291
136 164
136 679
136 194
136 450
136 706
136 329
136 469
136 348
136 606
136 224
136 611
136 747
136 750
136 496
136 627
136 246
136 758
136 249
136 507
137 191
137 319
137 567
137 709
137 584
137 523
137 791
137 366
137 594
137 767
137 502
137 247
137 630
137 216
138 705
138 514
138 546
138 358
138 393
138 426
138 684
138 333
138 271
138 560
138 337
138 465
138 500
138 503
138 221
138 222
138 445
139 768
139 709
139 230
139 326
139 486
139 681
139 774
139 331
139 429
139 786
139 755
139 599
139 443
140 704
140 290
140 674
140 197
140 552
140 362
140 683
140 173
140 302
140 526
140 529
140 403
140 563
140 631
140 601
140 380
141 261
141 776
141 793
141 543
141 430
141 573
141 580
141 336
141 213
141 349
141 222
141 735
141 480
141 227
141 740
141 761
141 639
142 640
142 515
142 389
142 792
142 536
142 540
142 171
142 192
142 448
142 581
142 713
142 336
142 470
142 218
142 351
142 741
142 629
142 759
142 508
143 770
143 144
143 529
143 404
143 791
143 546
143 422
143 550
143 175
143 306
143 703
143 196
143 198
143 588
143 335
143 464
143 723
143 219
143 351
143 632
143 507
144 673
144 287
144 390
144 711
144 585
144 619
144 173
144 270
144 436
144 341
144 696
144 697
144 733
144 446
144 159
145 610
145 517
145 199
145 711
145 751
145 723
145 662
145 632
145 313
145 443
145 380
145 351
146 288
146 234
146 269
146 463
146 623
146 657
146 212
146 500
146 509
147 399
147 662
147 667
147 298
147 172
147 429
147 432
147 577
147 459
147 715
147 210
147 340
147 726
147 477
147 226
147 231
147 743
147 246
147 634
148 386
148 773
148 264
148 265
148 528
148 283
148 678
148 168
148 430
148 440
148 459
148 204
148 725
148 342
148 222
148 359
148 247
148 509
149 514
149 393
149 394
149 786
149 787
149 152
149 411
149 680
149 696
149 320
149 197
149 582
149 585
149 472
149 732
149 224
149 623
149 369
149 759
149 765
150 193
150 485
150 613
150 459
150 523
150 333
150 429
150 559
150 717
150 370
150 471
150 760
150 538
150 286
150 255
151 641
151 518
151 654
151 543
151 544
151 674
151 699
151 445
151 711
151 463
151 723
151 473
151 742
151 232
151 233
151 235
151 626
151 500
151 374
151 376
151 382
152 515
152 772
152 263
152 519
152 525
152 662
152 539
152 544
152 307
152 695
152 443
152 449
152 325
152 464
152 467
152 226
152 365
152 241
152 754
152 756
152 245
152 248
152 508
152 509
153 706
153 605
153 733
153 521
153 459
153 204
153 301
153 430
153 748
153 208
153 751
153 754
153 243
153 761
153 342
153 470
153 409
153 221
154 768
154 321
154 450
154 451
154 389
154 642
154 741
154 655
154 243
154 787
154 249
154 474
154 411
154 380
154 670
154 383
155 480
155 673
155 323
155 676
155 713
155 586
155 396
155 588
155 177
155 657
155 722
155 405
155 597
155 785
155 790
155 764
156 234
156 460
156 431
156 445
156 574
156 191
157 390
157 268
157 792
157 542
157 418
157 561
157 568
157 188
157 706
157 329
157 602
157 248
157 355
157 741
157 369
157 376
157 511
158 739
158 646
158 716
158 205
158 238
158 273
158 536
158 250
158 636
158 509
159 481
159 259
159 355
159 197
159 646
159 520
159 635
159 330
159 744
159 204
159 174
159 369
159 563
159 436
159 345
159 250
159 507
159 348
159 734
160 514
160 259
160 653
160 662
160 288
160 427
160 305
160 689
160 564
160 312
160 195
160 709
160 334
160 721
160 343
160 605
160 735
160 229
160 373
160 382
161 261
161 778
161 651
161 527
161 667
161 796
161 541
161 170
161 560
161 693
161 710
161 590
161 602
161 226
161 630
161 507
161 638
162 512
162 227
162 387
162 229
162 325
162 233
162 170
162 235
162 458
162 493
162 591
162 683
162 241
162 784
163 705
163 769
163 451
163 675
163 550
163 392
163 520
163 495
163 305
163 243
163 435
163 501
163 661
163 311
163 724
163 634
163 475
164 516
164 645
164 772
164 391
164 519
164 525
164 795
164 543
164 675
164 551
164 306
164 566
164 567
164 439
164 450
164 330
164 337
164 214
164 607
164 354
164 372
164 503
165 385
165 226
165 258
165 709
165 710
165 654
165 432
165 401
165 658
165 531
165 411
165 757
165 315
165 796
165 446
166 643
166 388
166 200
166 488
166 586
166 669
166 786
166 212
166 788
166 599
166 377
166 250
166 667
166 445
167 225
167 322
167 641
167 228
167 549
167 168
167 457
167 745
167 398
167 787
167 469
167 789
167 791
167 474
167 667
167 796
167 730
168 516
168 272
168 785
168 797
168 298
168 306
168 329
168 460
168 461
168 589
168 719
168 476
168 353
168 360
168 363
168 501
168 757
168 375
168 382
169 577
169 514
169 359
169 701
169 553
169 266
169 522
169 271
169 596
169 729
169 314
169 379
169 381
170 480
170 193
170 344
170 261
170 356
170 417
170 264
170 233
170 488
170 461
170 432
170 184
170 542
171 520
171 529
171 658
171 663
171 539
171 675
171 553
171 438
171 568
171 192
171 708
171 333
171 461
171 592
171 470
171 481
171 483
171 613
171 360
171 621
172 738
172 518
172 265
172 235
172 590
172 241
172 532
172 533
172 278
172 343
172 756
172 410
173 386
173 708
173 447
173 457
173 553
173 718
173 639
173 433
173 342
173 509
173 286
173 351
174 640
174 193
174 517
174 613
174 231
174 393
174 663
174 299
174 671
174 722
174 693
174 696
174 537
174 762
175 578
175 483
175 518
175 667
175 528
175 273
175 466
175 467
175 310
175 251
175 508
175 510
176 256
176 546
176 452
176 261
176 678
176 428
176 460
176 734
176 748
176 305
176 793
176 794
176 219
176 382
177 292
177 582
177 681
177 746
177 396
177 559
177 593
177 690
177 755
177 729
177 214
177 279
177 664
177 249
177 511
178 577
178 354
178 478
178 677
178 237
178 719
178 186
178 479
179 357
179 582
179 487
179 520
179 585
179 490
179 586
179 204
179 715
179 782
179 403
179 667
179 284
180 544
180 354
180 732
180 452
180 676
180 550
180 332
180 460
180 719
180 336
180 368
180 275
180 308
180 467
180 628
180 220
181 482
181 740
181 197
181 229
181 742
181 456
181 426
181 235
181 314
181 651
181 652
181 628
181 246
181 758
181 250
181 604
182 772
182 520
182 528
182 656
182 533
182 282
182 290
182 430
182 324
182 459
182 224
182 609
182 611
182 739
182 229
182 377
182 747
182 369
182 370
182 759
182 761
183 257
183 741
183 582
183 743
183 681
183 234
183 363
183 367
183 368
183 431
183 242
183 623
183 658
183 278
183 410
183 347
183 382
183 255
184 398
184 275
184 282
184 310
184 568
184 312
184 316
184 213
184 472
184 481
184 226
184 741
184 616
184 240
184 500
184 631
184 252
184 767
185 289
185 674
185 263
185 473
185 623
185 369
185 373
185 246
185 663
185 190
186 707
186 461
186 275
186 340
186 245
186 405
186 500
186 628
186 665
186 692
187 322
187 195
187 387
187 446
187 230
187 547
187 424
187 578
187 650
187 395
187 620
187 721
187 349
188 544
188 454
188 550
188 552
188 330
188 584
188 680
188 781
188 783
188 336
188 309
188 278
188 406
188 438
188 252
189 321
189 578
189 676
189 551
189 744
189 301
189 589
189 688
189 241
189 626
189 275
189 694
189 567
189 665
190 770
190 656
190 273
190 282
190 675
190 292
190 563
190 587
190 590
190 211
190 598
190 231
190 489
190 490
190 505
190 378
191 389
191 275
191 659
191 410
191 795
191 413
191 796
191 416
191 548
191 677
191 551
191 424
191 299
191 689
191 442
191 314
191 701
191 487
191 239
191 245
191 503
191 377
191 253
192 636
192 739
192 329
192 491
192 366
192 620
192 625
192 306
192 339
192 656
192 767
192 214
192 312
192 476
192 316
193 233
193 720
193 277
193 730
193 700
193 734
194 227
194 333
194 378
194 527
194 369
194 434
194 749
194 629
194 727
194 250
194 542
194 255
195 288
195 289
195 795
195 549
195 585
195 681
195 346
195 557
195 621
195 442
195 307
195 539
195 217
195 701
195 735
196 736
196 673
196 515
196 324
196 579
196 328
196 520
196 428
196 684
196 239
196 208
196 468
196 503
196 504
197 613
197 234
197 397
197 428
197 464
197 657
197 338
197 690
197 724
197 501
197 597
197 217
197 661
197 412
198 480
198 545
198 390
198 327
198 329
198 745
198 429
198 528
198 560
198 338
198 499
198 626
198 441
198 475
198 220
199 321
199 516
199 326
199 296
199 297
199 635
199 760
199 785
199 731
199 535
199 216
199 602
199 284
199 350
200 645
200 519
200 775
200 779
200 783
200 402
200 661
200 557
200 446
200 319
200 584
200 588
200 208
200 720
200 721
200 604
200 348
200 502
201 384
201 647
201 744
201 394
201 395
201 366
201 399
201 660
201 757
201 282
201 766
201 447
202 512
202 672
202 260
202 547
202 676
202 264
202 338
202 627
202 660
202 693
202 535
202 280
202 703
202 507
202 766
202 415
203 390
203 787
203 283
203 287
203 557
203 698
203 314
203 444
203 702
203 446
203 704
203 589
203 336
203 728
203 608
203 737
203 746
203 622
203 367
203 760
204 654
204 531
204 547
204 567
204 568
204 580
204 211
204 468
204 735
204 740
204 233
204 234
204 242
204 243
204 504
205 636
205 354
205 386
205 674
205 647
205 711
205 521
205 743
205 561
205 724
205 664
205 444
205 509
206 323
206 387
206 452
206 582
206 232
206 360
206 772
206 557
206 467
206 561
206 216
206 634
206 347
206 765
207 544
207 705
207 770
207 773
207 584
207 649
207 588
207 431
207 337
207 529
207 593
207 212
207 309
207 408
207 441
207 701
208 392
208 273
208 405
208 406
208 534
208 662
208 798
208 688
208 691
208 692
208 310
208 566
208 447
208 585
208 330
208 715
208 486
208 618
208 235
208 503
209 482
209 514
209 376
209 230
209 587
209 462
209 463
209 696
209 728
209 565
209 791
209 248
209 665
209 731
210 416
210 636
210 580
210 326
210 559
210 467
210 659
210 661
210 693
210 284
211 451
211 357
211 582
211 677
211 392
211 555
211 300
211 492
211 651
211 702
211 631
211 252
212 772
212 264
212 396
212 786
212 417
212 556
212 434
212 563
212 586
212 714
212 463
212 591
212 734
212 227
212 491
212 372
212 501
212 383
213 518
213 523
213 552
213 305
213 690
213 436
213 710
213 712
213 467
213 222
213 351
213 740
213 249
213 615
213 623
213 628
213 757
213 505
214 448
214 742
214 650
214 427
214 555
214 685
214 366
214 335
214 368
214 746
214 749
214 533
214 664
214 537
214 287
215 359
215 680
215 651
215 237
215 301
215 398
215 575
215 697
215 221
215 734
216 771
216 262
216 518
216 782
216 793
216 666
216 285
216 547
216 456
216 714
216 484
216 487
216 233
216 628
216 509
216 639
217 417
217 486
217 675
217 741
217 302
217 591
217 622
217 403
217 659
217 280
217 766
217 767
218 386
218 546
218 578
218 707
218 679
218 330
218 267
218 490
218 429
218 687
218 529
218 658
218 473
218 285
219 576
219 354
219 739
219 260
219 420
219 612
219 713
219 304
219 532
219 694
219 375
219 666
219 348
219 221
220 521
220 656
220 792
220 794
220 676
220 553
220 685
220 451
220 583
220 711
220 589
220 719
220 223
220 738
220 619
220 752
221 352
221 257
221 226
221 449
221 228
221 302
221 569
221 784
222 288
222 257
222 678
222 391
222 458
222 715
222 270
222 495
222 760
222 433
222 784
222 692
222 696
222 319
223 322
223 579
223 230
223 519
223 552
223 298
223 394
223 680
223 683
223 238
223 240
223 754
223 701
224 291
224 264
224 377
224 712
224 333
224 746
224 367
224 400
224 591
224 595
224 787
224 799
225 449
225 762
225 676
225 517
225 613
225 328
225 267
225 554
225 719
225 241
225 434
225 346
225 508
225 797
226 548
226 261
226 518
226 611
226 774
226 568
226 702
226 431
226 560
226 244
226 723
226 378
227 736
227 610
227 391
227 488
227 616
227 525
227 590
227 532
227 662
227 729
227 281
227 415
228 256
228 353
228 483
228 644
228 326
228 232
228 423
228 266
228 395
228 554
228 620
228 431
228 497
228 596
228 724
229 448
229 478
229 233
229 746
229 428
229 495
229 755
229 278
229 633
229 763
229 703
230 610
230 287
230 711
230 680
230 394
230 653
230 366
230 495
230 688
230 436
230 698
230 314
231 518
231 398
231 531
231 292
231 566
231 726
231 605
231 734
231 739
231 743
231 362
231 368
231 753
231 499
231 500
231 504
232 645
232 743
232 680
232 329
232 427
232 236
232 557
232 559
232 688
232 530
232 756
232 405
232 437
232 472
232 380
232 254
233 776
233 393
233 287
233 572
233 452
233 325
233 351
233 738
233 364
233 621
233 755
234 273
234 424
234 683
234 687
234 435
234 311
234 448
234 712
234 329
234 481
234 486
234 762
234 251
234 508
235 772
235 777
235 269
235 421
235 679
235 562
235 437
235 579
235 325
235 592
235 600
235 473
235 354
235 744
235 236
235 367
235 381
235 638
236 771
236 394
236 655
236 402
236 416
236 421
236 427
236 683
236 302
236 438
236 442
236 573
236 453
236 461
236 596
236 354
236 610
236 365
236 621
236 755
237 647
237 775
237 794
237 540
237 295
237 428
237 687
237 439
237 696
237 314
237 324
237 459
237 339
237 341
237 737
237 611
237 751
237 753
237 759
237 760
237 761
238 480
238 350
238 612
238 773
238 427
238 780
238 431
238 597
238 376
238 476
239 769
239 517
239 396
239 400
239 790
239 664
239 665
239 285
239 671
239 705
239 716
239 341
239 486
239 754
239 244
239 374
239 630
239 761
240 636
240 705
240 383
240 296
240 489
240 363
240 271
240 463
240 760
240 784
240 565
240 794
240 349
241 537
241 795
241 668
241 670
241 414
241 798
241 546
241 677
241 428
241 336
241 472
241 347
241 358
241 379
242 608
242 545
242 514
242 457
242 314
242 621
242 410
242 371
242 564
242 374
242 665
242 250
242 729
242 316
242 703
243 673
243 769
243 675
243 616
243 747
243 719
243 625
243 307
243 755
243 693
243 758
244 773
244 774
244 651
244 780
244 401
244 666
244 282
244 414
244 684
244 438
244 710
244 727
244 611
244 502
244 630
244 764
245 386
245 579
245 426
245 458
245 314
245 365
245 429
245 461
245 600
245 655
245 735
245 660
245 470
245 349
246 514
246 270
246 526
246 534
246 663
246 685
246 686
246 433
246 691
246 695
246 446
246 326
246 334
246 731
246 252
247 481
247 517
247 302
247 463
247 557
247 590
247 658
247 659
247 752
247 782
247 440
247 786
248 261
248 779
248 661
248 434
248 310
248 440
248 329
248 335
248 733
248 741
248 358
248 365
248 375
248 760
248 761
248 378
249 518
249 653
249 403
249 406
249 559
249 305
249 573
249 701
249 575
249 707
249 339
249 480
249 736
249 750
249 755
250 514
250 771
250 260
250 791
250 665
250 410
250 421
250 680
250 553
250 447
250 450
250 580
250 327
250 719
250 729
250 360
250 493
250 376
250 378
250 507
250 636
251 384
251 259
251 264
251 425
251 266
251 456
251 458
251 302
251 616
251 751
251 435
251 277
251 408
251 443
251 412
251 381
252 388
252 531
252 297
252 429
252 557
252 318
252 707
252 456
252 478
252 483
252 362
252 626
252 755
252 760
252 506
253 544
253 323
253 420
253 426
253 727
253 365
253 653
253 591
253 307
253 435
253 628
253 471
253 502
253 540
254 512
254 577
254 668
254 259
254 769
254 264
254 362
254 649
254 428
254 401
254 592
254 757
254 409
254 508
254 477
255 426
255 428
255 430
255 671
255 337
255 307
255 565
255 504
255 598
255 634
255 761
255 478
255 383
256 385
256 513
256 643
256 389
256 791
256 537
256 284
256 291
256 563
256 695
256 569
256 710
256 340
256 727
256 472
256 733
256 736
256 499
256 633
256 380
257 420
257 428
257 408
258 290
258 676
258 677
258 524
258 429
258 622
258 528
258 433
258 373
258 596
258 570
259 264
259 393
259 649
259 779
259 791
259 281
259 539
259 550
259 300
259 310
259 448
259 324
259 723
259 349
259 482
259 366
260 456
260 397
260 590
260 664
260 656
260 633
260 402
260 716
260 721
260 309
260 408
260 571
260 767
261 775
261 526
261 653
261 660
261 278
261 665
261 288
261 680
261 568
261 334
261 464
261 614
261 372
261 629
261 376
261 506
261 638
262 480
262 289
262 488
262 266
262 523
262 734
262 526
262 369
262 530
262 596
262 533
262 406
262 725
262 785
262 478
263 650
263 283
263 547
263 294
263 553
263 569
263 699
263 321
263 454
263 331
263 464
263 465
263 608
263 356
263 743
263 748
263 623
263 373
264 269
264 273
264 291
264 569
264 459
264 588
264 592
264 467
264 728
264 606
264 370
264 501
265 294
265 362
265 441
265 651
265 778
265 369
265 401
265 534
265 605
265 638
266 771
266 644
266 524
266 526
266 785
266 283
266 668
266 286
266 419
266 297
266 303
266 320
266 721
266 340
266 622
267 768
267 652
267 661
267 534
267 542
267 299
267 683
267 697
267 454
267 336
267 594
267 725
267 601
267 742
267 757
267 631
268 389
268 452
268 796
268 393
268 618
268 491
268 524
268 301
268 671
268 720
268 597
268 607
269 641
269 510
269 391
269 683
269 716
269 785
269 407
269 472
269 634
269 382
269 703
270 384
270 769
270 675
270 548
270 676
270 299
270 556
270 563
270 308
270 436
270 693
270 449
270 455
270 329
270 609
270 738
270 361
270 618
270 745
271 643
271 358
271 510
271 542
271 330
271 681
271 664
271 778
271 593
271 759
271 312
271 572
271 285
271 446
272 422
272 669
272 618
272 657
272 402
272 500
272 381
273 512
273 522
273 523
273 528
273 789
273 538
273 289
273 295
273 437
273 452
273 715
273 462
273 597
273 725
273 599
273 762
274 581
274 777
274 459
274 537
274 431
274 664
274 633
274 371
274 719
274 345
274 474
274 766
275 394
275 675
275 448
275 449
275 588
275 594
275 726
275 734
275 489
275 498
275 754
275 760
275 763
275 382
276 771
276 422
276 554
276 428
276 498
276 790
276 536
276 506
277 672
277 356
277 421
277 440
277 383
277 456
277 581
277 614
277 491
277 622
277 754
277 595
277 788
277 761
277 345
277 413
277 351
278 290
278 489
278 473
278 666
278 347
278 381
278 413
279 769
279 386
279 643
279 775
279 776
279 619
279 687
279 759
279 729
279 572
280 289
280 450
280 705
280 741
280 281
280 427
280 586
280 724
280 504
280 282
280 445
281 386
281 776
281 649
281 524
281 531
281 283
281 546
281 293
281 679
281 424
281 426
281 307
281 436
281 313
281 442
281 323
281 582
281 583
281 459
281 470
281 727
281 473
281 477
281 608
281 611
281 503
282 515
282 390
282 402
282 423
282 304
282 568
282 444
282 319
282 449
282 713
282 592
282 593
282 483
282 739
282 613
282 486
283 513
283 775
283 651
283 525
283 785
283 409
283 412
283 675
283 420
283 697
283 456
283 588
283 597
283 617
284 385
284 450
284 480
284 292
284 481
284 482
284 487
284 525
284 782
284 469
284 764
284 285
284 607
285 769
285 454
285 295
285 701
285 682
285 587
285 714
285 743
285 529
285 592
285 728
285 635
285 413
285 638
286 789
286 678
286 622
286 367
286 763
286 501
286 568
286 633
286 538
286 380
286 311
286 730
286 575
287 454
287 457
287 554
287 555
287 714
287 798
287 566
287 728
287 350
287 447
288 419
288 294
288 295
288 776
288 329
288 553
288 618
288 624
288 752
288 567
288 506
288 415
289 771
289 644
289 646
289 779
289 785
289 788
289 407
289 664
289 539
289 559
289 456
289 721
289 723
289 354
289 355
289 744
289 620
289 751
289 497
289 375
289 377
290 585
290 301
290 433
290 437
290 537
290 314
290 694
290 317
290 318
291 485
291 717
291 442
291 720
291 658
292 509
292 451
292 317
292 395
292 559
292 591
292 592
292 379
292 404
292 440
293 353
293 547
293 680
293 398
293 591
293 432
293 601
293 531
294 581
294 454
294 776
294 377
294 713
294 684
294 714
294 633
294 594
294 563
294 726
294 472
294 313
294 571
295 318
295 482
295 483
295 772
295 389
295 733
295 528
295 626
295 311
295 602
296 544
296 546
296 548
296 644
296 392
296 425
296 426
296 459
296 490
296 649
296 664
296 465
296 663
296 440
296 665
296 379
297 704
297 546
297 707
297 356
297 326
297 392
297 650
297 651
297 781
297 593
297 753
297 630
297 667
297 381
297 445
298 512
298 383
298 615
298 568
298 491
298 364
298 782
298 690
298 692
298 375
298 697
298 605
299 769
299 403
299 662
299 665
299 428
299 572
299 576
299 334
299 343
299 476
299 735
299 481
299 749
299 366
299 639
300 673
300 503
300 611
300 709
300 551
300 523
300 721
300 340
300 407
300 378
301 391
301 392
301 397
301 525
301 780
301 784
301 402
301 530
301 321
301 323
301 598
301 349
301 351
301 483
301 358
301 369
301 626
301 632
302 768
302 516
302 658
302 787
302 668
302 422
302 679
302 329
302 596
302 601
302 605
302 479
302 357
302 486
302 370
302 499
302 503
302 760
303 448
303 419
303 376
303 546
303 619
303 528
303 688
303 340
303 310
303 503
303 628
303 662
303 348
303 730
304 544
304 676
304 741
304 615
304 648
304 395
304 560
304 406
304 311
304 408
304 502
304 766
304 639
305 320
305 646
305 617
305 702
305 464
305 755
305 789
305 733
305 574
306 480
306 577
306 645
306 739
306 713
306 330
306 745
306 778
306 373
306 762
306 733
307 705
307 427
307 555
307 461
307 734
307 735
307 532
308 321
308 326
308 743
308 744
308 523
308 396
308 685
308 404
308 346
308 541
309 353
309 700
309 764
309 392
309 791
309 334
309 340
309 507
309 475
309 765
309 671
310 790
310 665
310 666
310 796
310 543
310 686
310 568
310 319
310 578
310 711
310 329
310 586
310 336
310 464
310 592
310 482
310 618
310 747
310 375
311 512
311 324
311 460
311 407
312 641
312 643
312 520
312 396
312 780
312 665
312 667
312 799
312 418
312 552
312 431
312 570
312 742
312 369
312 755
312 502
313 641
313 325
313 423
313 583
313 711
313 638
313 396
313 686
313 724
313 566
313 476
313 478
314 407
314 795
314 556
314 686
314 444
314 323
314 327
314 456
314 329
314 721
314 731
314 738
314 625
314 639
315 640
315 646
315 657
315 696
315 453
315 464
315 476
315 741
315 489
315 490
315 746
315 499
315 381
316 673
316 386
316 451
316 408
316 472
316 456
316 583
316 648
316 714
316 429
316 346
317 614
317 644
317 616
317 395
317 459
317 652
317 684
317 338
317 693
317 407
317 665
317 666
317 411
317 700
318 320
318 451
318 769
318 329
318 719
318 531
318 795
319 421
319 710
319 391
319 583
319 759
319 333
319 470
319 502
319 539
319 351
320 322
320 739
320 647
320 775
320 490
320 505
320 433
320 538
320 727
320 377
320 378
320 509
321 704
321 392
321 363
321 523
321 654
321 720
321 437
321 700
322 643
322 676
322 485
322 771
322 427
322 526
322 433
322 691
322 564
322 767
322 475
322 603
323 390
323 779
323 405
323 410
323 412
323 541
323 544
323 418
323 691
323 335
323 591
323 740
323 360
323 621
323 367
323 626
323 499
323 508
324 769
324 579
324 616
324 395
324 784
324 404
324 405
324 700
324 735
325 645
325 787
325 792
325 409
325 797
325 415
325 552
325 556
325 569
325 698
325 605
325 740
325 631
326 775
326 650
326 781
326 536
326 799
326 544
326 680
326 556
326 694
326 447
326 579
326 712
326 339
326 474
326 475
326 360
326 632
326 509
327 485
327 614
327 680
327 745
327 654
327 527
327 337
327 562
327 371
327 628
327 727
327 536
327 603
328 577
328 421
328 635
328 663
328 395
328 511
328 429
328 526
328 779
328 343
328 441
328 443
329 641
329 786
329 542
329 683
329 443
329 572
329 712
329 462
329 480
329 748
329 757
329 382
330 644
330 648
330 528
330 536
330 793
330 538
330 542
330 420
330 701
330 708
330 584
330 597
330 351
330 366
330 759
331 644
331 360
331 391
331 775
331 620
331 777
331 462
331 750
331 560
331 341
331 790
331 727
331 539
332 612
332 637
332 709
332 775
332 395
332 716
332 465
332 689
332 569
332 730
332 349
332 445
333 549
333 456
333 763
333 689
333 755
333 634
333 475
333 572
333 765
334 704
334 707
334 356
334 484
334 680
334 394
334 397
334 779
334 401
334 434
334 562
334 598
334 722
334 445
335 545
335 644
335 705
335 582
335 536
335 494
335 654
335 690
335 762
335 412
335 797
336 519
336 782
336 414
336 415
336 576
336 465
336 593
336 340
336 606
336 483
336 618
336 619
336 496
337 481
337 674
337 737
337 389
337 422
337 552
337 751
337 726
338 407
338 450
338 514
338 484
338 516
338 550
338 457
338 621
338 750
338 782
338 368
338 562
338 596
339 456
339 536
339 362
339 746
339 528
339 470
339 791
339 376
339 635
339 380
340 520
340 398
340 526
340 528
340 408
340 546
340 698
340 576
340 609
340 740
340 621
340 627
340 373
340 508
341 736
341 547
341 643
341 637
341 593
341 370
341 767
341 538
341 668
341 542
341 383
342 677
342 525
342 750
342 497
342 567
343 356
343 360
343 616
343 592
343 633
343 628
343 758
343 439
343 377
343 541
344 451
344 483
344 421
344 517
344 611
344 644
344 585
344 394
344 493
344 752
344 754
344 604
345 742
345 649
345 479
345 586
345 682
345 429
345 684
345 591
345 713
345 402
345 664
346 354
346 356
346 418
346 515
346 674
346 425
346 776
346 588
346 656
346 401
346 499
346 627
347 545
347 451
347 573
347 422
347 701
347 719
347 721
347 628
347 665
347 539
347 413
348 771
348 654
348 787
348 404
348 405
348 543
348 544
348 424
348 558
348 691
348 695
348 699
348 356
348 485
348 754
348 371
349 481
349 355
349 741
349 523
349 593
349 404
349 443
349 564
349 350
350 738
350 707
350 510
350 615
350 742
350 777
350 363
350 533
350 444
350 382
351 389
351 424
351 436
351 440
351 450
351 712
351 592
351 361
351 760
352 361
352 425
352 427
352 720
352 755
352 790
352 505
352 700
353 643
353 453
353 680
353 557
353 558
353 433
353 465
353 686
353 688
353 728
354 360
354 464
354 602
354 756
354 476
354 734
355 549
355 518
355 581
355 583
355 710
355 717
355 560
355 370
355 629
355 790
355 441
356 480
356 611
356 586
356 621
356 368
356 538
356 628
356 735
357 527
357 667
357 414
357 673
357 418
357 678
357 429
357 439
357 474
357 486
357 359
357 615
357 496
357 373
357 630
358 472
358 635
358 775
358 588
358 664
358 500
358 438
358 759
358 539
358 797
359 421
359 453
359 582
359 682
359 744
359 428
359 556
359 563
359 595
359 728
360 387
360 774
360 391
360 537
360 668
360 678
360 685
360 430
360 593
360 595
360 470
360 750
360 753
361 480
361 737
361 485
361 613
361 796
361 399
361 722
361 467
361 760
361 636
361 478
362 646
362 616
362 683
362 364
362 718
362 434
362 532
362 533
362 598
362 722
363 535
363 679
363 393
363 743
363 428
363 492
363 366
363 750
363 693
363 756
363 408
363 441
363 730
363 507
364 548
364 741
364 435
364 539
365 773
365 520
365 649
365 776
365 399
365 527
365 529
365 791
365 792
365 689
365 435
365 564
365 572
365 705
365 620
365 753
365 639
366 775
366 650
366 522
366 651
366 410
366 795
366 555
366 556
366 430
366 684
366 695
366 710
366 608
366 748
366 494
366 368
366 762
366 764
367 516
367 644
367 542
367 536
367 396
367 526
367 720
367 594
367 472
368 770
368 494
368 465
368 794
368 604
368 382
368 735
369 743
369 394
369 479
369 490
369 600
369 745
369 601
369 780
369 735
369 762
370 793
370 671
370 544
370 680
370 557
370 706
370 467
370 735
370 488
370 745
370 504
370 633
370 635
370 380
370 383
371 512
371 383
371 531
371 406
371 663
371 407
371 414
371 581
371 468
371 605
371 735
371 746
371 619
371 751
371 499
371 639
372 581
372 714
372 779
372 591
372 636
373 513
373 391
373 659
373 792
373 796
373 541
373 584
373 719
373 592
373 726
373 475
373 609
373 613
373 498
373 505
373 763
374 617
374 650
374 459
374 745
374 778
374 623
374 756
374 569
374 795
374 700
375 481
375 451
375 513
375 686
375 569
375 756
375 566
375 572
375 702
376 391
376 523
376 407
376 537
376 547
376 686
376 450
376 583
376 733
376 608
376 620
376 623
376 758
377 547
377 429
377 565
377 698
377 443
377 445
377 451
377 711
377 461
377 720
377 477
377 734
377 490
378 417
378 484
378 709
378 574
378 553
378 765
378 760
378 755
378 596
378 795
379 646
379 539
379 412
379 542
379 543
379 432
379 689
379 453
379 713
379 478
379 738
379 484
379 747
379 750
379 629
379 638
380 517
380 553
380 523
380 397
380 591
380 561
380 722
380 754
380 790
380 447
381 387
381 397
381 403
381 413
381 557
381 689
381 564
381 702
381 585
381 593
381 466
381 480
381 634
381 639
382 644
382 775
382 791
382 410
382 566
382 453
382 467
382 727
382 734
382 622
382 627
383 450
383 712
383 651
383 717
383 442
383 795
384 642
384 387
384 550
384 554
384 745
384 460
384 589
384 656
384 402
384 475
384 503
384 698
384 603
384 798
385 449
385 547
385 772
385 552
385 588
385 759
385 762
385 763
385 604
386 513
386 642
386 772
386 528
386 660
386 541
386 429
386 559
386 702
386 746
386 504
386 505
386 508
387 483
387 549
387 580
387 465
387 502
387 540
388 577
388 771
388 764
388 655
388 497
388 466
388 722
388 662
388 540
388 511
389 641
389 405
389 411
389 414
389 424
389 685
389 689
389 715
389 724
389 729
389 618
389 750
389 507
390 784
390 662
390 541
390 680
390 565
390 454
390 582
390 718
390 596
390 599
390 605
390 748
390 635
391 518
391 395
391 526
391 663
391 688
391 693
391 456
391 597
391 604
391 758
391 507
391 636
391 766
392 642
392 785
392 422
392 687
392 688
392 698
392 445
392 713
392 590
392 726
392 734
392 737
392 487
392 632
392 508
392 637
393 521
393 403
393 790
393 791
393 546
393 419
393 700
393 445
393 738
393 489
393 501
393 505
394 399
394 401
394 535
394 416
394 544
394 689
394 573
394 739
395 771
395 644
395 772
395 773
395 780
395 411
395 674
395 550
395 425
395 478
395 613
395 633
396 451
396 764
396 423
396 680
396 461
396 432
396 662
396 444
396 539
396 607
397 544
397 488
397 585
397 639
397 441
397 443
397 607
398 674
398 643
398 465
398 404
398 730
398 414
398 671
399 773
399 456
399 459
399 530
399 724
399 533
399 444
400 449
400 736
400 455
400 568
400 524
400 784
400 563
400 596
400 724
400 479
401 411
401 548
401 421
401 680
401 558
401 599
401 734
401 480
401 613
401 743
401 621
401 750
401 502
402 672
402 705
402 553
402 466
402 602
402 470
402 695
403 700
403 580
403 487
403 733
403 522
403 553
403 791
403 508
404 483
404 614
404 676
404 649
404 406
404 597
404 536
404 634
404 476
405 772
405 551
405 552
405 553
405 561
405 694
405 579
405 714
405 464
405 597
405 489
405 634
405 506
406 674
406 675
406 549
406 710
406 552
406 591
406 655
406 656
406 729
406 567
406 753
407 793
407 540
407 671
407 675
407 562
407 440
407 698
407 456
407 728
408 672
408 704
408 551
408 425
408 429
408 526
408 528
408 589
408 505
409 768
409 419
409 467
409 697
409 759
409 442
410 642
410 419
410 454
410 715
410 493
410 430
410 786
410 629
410 572
411 646
411 526
411 683
411 562
411 694
411 577
411 456
411 719
411 594
411 605
411 482
411 740
411 491
411 757
412 599
412 635
412 650
412 428
412 781
412 566
412 567
412 697
412 476
413 652
413 419
413 420
413 553
413 432
413 561
413 434
413 706
413 587
413 719
413 616
413 617
413 755
413 756
414 544
414 608
414 707
414 713
414 714
414 654
414 690
414 533
414 755
414 631
414 636
415 537
415 540
415 797
415 418
415 547
415 551
415 443
415 700
415 580
415 717
415 718
415 614
415 627
415 631
416 546
416 643
416 614
416 648
416 555
416 526
416 495
416 746
417 644
417 422
417 456
417 590
417 431
417 564
417 603
417 540
418 481
418 546
418 643
418 472
418 485
418 552
418 490
418 644
418 687
418 760
418 445
418 542
419 517
419 527
419 529
419 530
419 788
419 553
419 558
419 563
419 702
419 588
419 716
419 721
419 611
419 623
419 751
419 626
419 632
420 786
420 540
420 797
420 422
420 677
420 430
420 432
420 436
420 575
420 717
420 472
420 740
420 485
420 505
421 545
421 554
421 632
421 749
421 780
421 499
422 453
422 516
422 740
422 520
422 694
422 607
423 485
423 650
423 748
423 721
424 513
424 710
424 476
424 663
424 458
424 618
424 778
424 594
424 563
424 437
425 514
425 451
425 774
425 584
425 784
425 593
425 498
425 727
425 796
426 480
426 673
426 646
426 447
426 727
426 495
426 753
426 567
426 760
426 789
426 604
427 487
427 504
427 523
427 685
427 779
427 562
427 467
427 500
427 626
427 730
428 446
428 487
428 557
428 465
428 752
428 597
429 769
429 653
429 797
429 544
429 559
429 703
429 579
429 602
429 622
430 543
430 680
430 709
430 724
430 600
430 731
430 632
430 634
431 481
431 485
431 744
431 524
431 493
431 633
432 576
432 446
432 626
432 566
432 759
432 504
432 697
433 512
433 610
433 776
433 702
433 526
433 495
433 558
433 559
433 658
433 502
433 442
433 636
434 551
434 680
434 555
434 743
434 589
434 690
434 723
434 444
435 524
435 655
435 788
435 440
435 710
435 601
435 607
435 754
435 764
436 797
436 684
436 480
436 608
436 741
436 742
436 744
436 764
436 638
437 578
437 641
437 645
437 669
437 569
437 528
437 531
437 761
437 662
437 790
437 445
438 483
438 583
438 657
438 598
438 729
438 798
439 449
439 546
439 773
439 587
439 620
439 748
439 750
439 497
439 538
439 532
440 610
440 549
440 460
440 495
440 530
440 467
440 722
440 508
441 608
441 641
441 486
441 741
441 460
441 524
441 445
442 769
442 773
442 661
442 688
442 701
442 446
442 725
442 602
442 485
442 745
442 501
442 510
443 453
443 742
443 492
443 468
443 532
443 764
444 450
444 578
444 517
444 463
444 491
444 495
444 730
444 764
445 774
445 520
445 522
445 526
445 552
445 446
445 582
445 714
445 591
445 722
445 603
445 750
445 500
445 763
446 544
446 768
446 454
446 651
446 777
446 504
447 772
447 521
447 781
447 527
447 723
447 480
447 619
447 504
447 767
448 522
448 782
448 792
448 543
448 553
448 685
448 459
448 732
448 484
448 619
448 754
448 630
448 507
449 483
449 705
449 747
449 524
449 602
449 598
450 587
450 650
450 525
450 604
450 779
450 471
450 665
451 647
451 797
451 553
451 688
451 704
451 722
451 602
451 481
452 489
452 651
452 529
452 689
453 609
453 716
453 766
453 798
453 470
454 772
454 521
454 781
454 661
454 672
454 687
454 697
454 710
454 726
454 599
454 481
454 490
455 610
455 710
455 492
455 728
455 575
456 517
456 648
456 669
456 686
456 711
457 641
457 679
457 621
457 719
457 660
457 600
457 731
457 606
458 704
458 705
458 610
458 646
458 679
458 683
458 462
458 761
458 665
458 794
459 665
459 541
459 575
459 471
459 602
459 480
459 607
459 743
460 710
460 585
460 714
460 685
460 463
460 591
460 721
460 694
460 667
460 541
461 648
461 729
461 471
461 760
461 795
461 573
462 548
462 485
462 612
462 690
462 602
462 507
462 478
463 794
463 521
463 621
463 685
463 692
463 762
464 736
464 641
464 705
464 618
464 714
464 588
464 695
464 667
465 522
465 545
465 676
465 686
465 588
465 760
465 498
465 627
465 639
466 512
466 513
466 576
466 577
466 484
466 517
466 521
466 745
466 591
466 532
466 502
466 534
466 661
466 539
467 476
467 602
467 690
468 700
468 517
468 519
468 548
468 490
468 654
468 530
468 499
468 724
468 792
468 636
469 739
469 614
469 742
469 743
469 747
469 723
470 512
470 522
470 659
470 788
470 675
470 561
470 604
470 612
470 743
470 489
471 548
471 556
471 685
471 627
471 694
471 790
471 667
471 572
471 799
472 519
472 650
472 549
472 680
472 685
472 704
472 479
473 795
473 642
473 518
473 752
473 788
473 565
473 667
474 610
474 642
474 670
474 628
474 694
474 786
474 542
475 772
475 479
475 782
475 498
475 756
476 771
476 778
476 785
476 663
476 667
476 676
476 711
476 594
476 727
476 478
476 738
476 488
476 497
477 643
477 520
477 585
477 600
477 606
477 702
477 783
477 688
477 532
477 787
477 793
477 759
478 513
478 518
478 653
478 655
478 562
478 716
478 723
478 606
478 491
478 748
478 499
479 675
479 607
479 658
479 567
480 543
480 728
480 609
480 753
481 567
481 707
481 581
481 587
481 599
481 759
481 750
481 751
482 769
482 518
482 646
482 654
482 535
482 682
482 685
482 687
482 588
482 595
483 705
483 620
483 686
483 693
483 731
484 673
484 546
484 768
484 551
484 584
484 495
484 720
484 728
484 566
484 730
484 606
485 527
485 786
485 792
485 675
485 551
485 689
485 691
485 695
485 704
485 580
485 611
485 742
485 750
485 625
485 498
486 645
486 537
486 796
486 710
486 583
486 741
486 618
486 620
487 547
487 644
487 678
487 690
487 499
487 757
487 572
488 738
488 621
488 593
488 658
488 628
488 753
488 662
488 631
488 575
489 577
489 706
489 644
489 772
489 663
489 702
489 495
489 729
489 508
490 612
490 780
490 622
490 688
490 570
490 575
491 732
491 615
491 552
491 784
491 538
491 696
492 621
492 685
492 717
492 780
492 690
492 791
493 512
493 733
493 778
493 718
493 530
493 658
493 785
493 505
493 798
494 610
494 611
494 549
494 522
494 780
494 658
494 595
494 735
495 702
495 714
495 730
495 541
496 686
496 669
496 766
497 640
497 647
497 526
497 696
497 560
497 662
497 726
497 572
498 768
498 520
498 786
498 799
498 553
498 574
498 732
498 734
498 621
498 751
498 505
499 649
499 777
499 662
499 678
499 710
499 727
499 732
500 768
500 652
500 781
500 625
500 722
500 792
500 630
501 609
501 517
501 657
501 757
502 642
502 777
502 784
502 669
502 704
502 708
502 594
502 602
502 762
502 639
503 589
503 623
503 725
503 757
503 603
504 764
504 796
504 555
504 607
504 747
504 786
505 580
505 663
505 592
505 729
505 539
506 548
506 648
506 713
506 721
506 566
506 724
507 513
507 769
507 555
507 731
507 608
507 745
507 752
507 629
508 513
508 650
508 708
508 593
508 600
508 620
508 749
508 761
509 513
509 516
509 782
509 672
509 566
509 695
509 583
509 758
509 634
509 765
510 780
510 717
511 737
511 590
511 601
511 766
512 771
512 657
512 793
512 795
512 717
512 592
512 734
512 624
513 641
513 541
513 675
513 549
513 551
513 681
513 602
513 632
513 638
514 737
514 631
514 525
514 559
514 758
514 795
515 673
515 584
515 618
515 560
515 531
515 659
515 566
515 572
516 643
516 669
516 670
516 553
516 701
516 579
516 582
516 583
516 598
516 634
517 642
517 790
517 680
517 556
517 599
517 743
518 646
518 774
518 525
518 674
518 717
518 601
518 614
518 749
519 640
519 641
519 676
519 764
519 536
519 618
519 680
519 601
519 699
519 700
520 647
520 659
520 713
520 722
520 608
520 740
521 644
521 680
521 733
521 523
521 556
521 599
521 795
522 608
522 541
522 748
522 558
522 531
522 532
522 594
522 686
523 794
523 544
523 577
523 587
523 591
523 613
524 580
524 782
524 561
524 723
524 788
524 762
525 658
525 791
525 538
525 795
525 545
525 722
525 749
525 751
525 755
525 638
526 668
526 795
526 685
526 693
526 712
526 715
526 588
526 744
526 748
526 758
527 613
527 648
527 746
527 748
527 590
527 753
527 562
528 758
528 602
528 790
529 530
529 796
529 713
529 714
529 598
529 621
529 754
529 636
530 651
530 790
530 672
530 553
530 684
530 693
530 718
530 599
530 733
530 744
530 748
530 630
531 647
531 780
531 557
531 564
531 721
531 761
531 767
532 787
532 795
532 675
532 696
532 718
532 729
532 732
532 733
532 627
533 769
533 771
533 775
533 779
533 787
533 660
533 672
533 700
533 701
533 734
533 741
533 751
533 753
534 549
534 593
534 594
534 571
534 796
535 668
535 744
535 713
535 720
535 752
535 728
535 734
536 652
536 794
536 796
536 724
536 620
536 632
537 770
537 647
537 776
537 540
537 669
537 558
537 696
537 725
537 598
537 749
537 627
538 672
538 746
538 561
538 657
538 696
539 653
539 781
539 790
539 681
539 561
539 691
539 717
539 740
539 746
540 631
540 797
540 748
540 624
540 696
541 554
541 688
542 791
542 699
542 613
542 761
542 636
542 637
542 763
543 580
543 744
543 685
543 789
543 799
544 780
544 658
544 552
544 705
544 722
544 725
544 729
544 730
544 744
544 625
544 764
545 588
545 774
545 729
546 640
546 705
546 582
546 589
546 635
547 582
547 610
547 792
547 603
548 773
548 646
548 767
548 675
548 684
548 560
548 700
548 717
548 600
548 627
549 584
549 652
549 601
549 733
549 639
550 600
550 686
550 691
550 568
550 665
551 576
551 736
551 709
551 575
551 624
551 794
552 769
552 646
552 779
552 792
552 687
552 564
552 704
552 595
552 612
552 767
553 777
553 779
553 786
553 789
553 722
554 673
554 637
554 617
554 714
554 683
554 765
554 686
554 793
555 770
555 646
555 652
555 665
555 681
555 684
555 566
555 571
555 610
555 762
555 618
556 608
556 577
556 580
556 687
556 696
556 797
557 641
557 668
557 678
557 682
557 699
557 586
557 721
557 614
557 746
557 749
557 758
558 707
558 796
558 615
558 648
558 654
558 789
559 654
559 628
559 633
559 796
559 733
560 770
560 778
560 665
560 798
560 586
560 594
560 620
560 625
560 757
561 774
561 583
561 717
561 631
562 610
562 587
562 651
562 628
562 657
562 632
563 642
563 706
563 585
563 775
563 715
563 722
564 708
564 626
564 735
564 568
564 796
564 703
565 708
565 771
565 719
565 597
565 598
565 661
565 795
565 701
566 787
566 674
566 714
567 769
567 739
568 619
568 728
568 734
568 626
568 749
569 610
569 584
569 744
569 607
569 729
570 609
570 659
570 598
571 669
571 617
571 742
571 683
571 660
571 759
571 600
571 665
571 573
571 766
572 665
572 667
572 669
572 692
572 583
572 723
572 601
572 752
573 685
574 640
574 765
575 706
575 770
575 714
575 655
575 626
575 788
575 767
576 745
576 791
576 591
576 691
576 756
576 783
576 600
577 640
577 651
577 726
577 735
577 612
578 640
578 646
578 677
578 714
578 717
578 662
579 673
579 616
579 663
579 717
579 623
579 659
579 630
579 795
580 640
580 648
580 794
580 691
580 745
580 753
581 617
581 620
581 621
581 592
581 761
581 697
581 796
581 767
582 780
582 694
582 762
583 645
583 785
583 684
583 696
583 708
583 750
583 638
583 639
584 620
584 784
585 610
585 681
585 632
585 729
585 698
585 671
586 654
586 783
586 788
586 700
586 735
587 747
587 781
587 604
588 709
589 737
589 739
589 647
589 692
589 794
590 608
590 644
590 705
590 768
590 648
590 653
590 655
590 685
591 779
591 655
591 698
591 720
591 758
591 761
592 777
592 680
592 620
592 621
593 684
593 687
593 693
593 594
593 597
593 727
593 735
593 741
593 763
594 785
594 668
594 728
594 625
594 635
594 763
595 608
595 771
595 778
595 624
595 599
595 767
596 676
596 754
596 702
597 774
597 687
597 699
597 717
597 738
597 739
598 609
598 737
598 617
598 634
598 693
599 768
599 738
599 643
599 745
599 625
599 725
599 639
600 654
600 799
600 607
600 737
600 614
600 620
600 623
601 740
601 709
601 622
601 651
601 719
602 773
602 749
603 631
603 604
603 622
603 685
603 659
604 775
604 757
604 789
604 667
604 735
605 611
605 720
605 765
606 677
606 783
606 656
607 710
607 751
607 766
608 778
608 659
608 789
608 667
608 680
608 694
608 609
608 737
608 638
609 679
609 649
609 724
609 746
609 794
609 662
610 770
610 781
610 611
610 624
610 629
610 631
611 690
611 708
611 737
611 766
612 742
612 635
612 628
612 660
612 663
613 770
613 773
613 777
613 782
613 733
614 620
614 758
615 739
615 679
615 649
615 726
616 701
616 741
616 655
616 658
616 725
617 641
617 663
617 746
617 657
618 641
618 657
618 784
618 786
618 796
618 684
618 729
619 665
619 762
619 637
620 768
620 652
620 790
620 713
620 638
621 643
621 772
621 788
621 793
621 796
621 700
621 718
621 722
621 737
621 754
622 777
622 692
622 789
622 669
623 648
623 776
623 781
623 661
623 788
624 672
624 736
624 648
624 683
624 667
624 657
624 703
625 687
625 761
625 633
626 682
626 684
627 783
628 663
628 799
628 680
628 690
628 724
629 740
629 785
629 723
629 632
629 667
631 646
631 650
631 654
631 682
631 724
631 733
631 742
631 754
632 664
633 769
633 715
633 718
634 645
634 772
634 774
634 663
634 795
634 671
634 677
634 737
634 747
634 639
635 710
635 746
635 748
635 780
635 699
636 660
637 738
637 741
637 656
637 784
637 785
637 787
638 737
638 677
638 799
639 687
640 728
640 657
640 731
641 643
641 711
641 721
641 722
642 680
642 682
642 656
643 786
644 653
644 665
644 799
644 705
644 715
644 721
645 673
645 718
645 735
646 779
646 786
646 788
646 793
646 796
647 674
647 739
648 672
649 749
649 657
649 759
649 728
649 765
650 675
650 770
650 773
651 717
651 784
651 693
651 754
652 790
653 783
653 691
653 789
654 783
654 787
655 743
655 735
656 687
656 760
657 780
657 670
657 719
657 753
658 770
658 796
658 671
658 686
658 689
658 753
658 764
659 677
659 710
660 697
661 709
661 713
661 669
662 770
662 709
662 724
663 666
663 737
663 746
663 750
664 672
664 674
664 686
664 671
665 785
665 691
665 719
666 707
666 774
666 722
667 787
667 677
667 705
667 713
667 729
667 735
667 740
668 753
668 755
668 790
668 763
669 795
669 771
669 759
669 722
670 782
670 722
670 785
671 685
671 699
672 762
672 733
672 719
673 684
673 780
673 699
674 683
674 755
674 763
675 707
676 732
676 754
676 693
677 771
677 716
677 751
677 764
678 737
678 710
678 761
679 715
680 772
680 785
680 792
680 681
680 691
680 694
680 703
680 718
680 725
680 752
680 757
680 759
681 786
681 788
681 758
682 729
683 782
683 796
683 702
683 751
683 762
684 790
684 687
684 704
684 733
685 781
685 715
685 753
685 765
686 738
687 704
687 726
688 732
689 713
689 730
689 737
689 754
689 763
690 783
691 713
691 745
691 725
691 726
692 755
692 697
693 776
693 700
694 769
694 771
694 775
694 749
694 698
695 736
696 736
696 754
696 730
696 799
697 798
697 786
697 734
698 751
698 767
699 768
699 705
699 760
700 786
700 706
700 765
701 787
701 703
701 733
701 740
702 780
702 720
702 734
702 735
702 756
702 758
703 777
703 748
703 798
703 766
705 715
705 718
705 719
707 749
707 750
708 771
709 750
709 729
710 781
710 749
710 759
711 772
711 726
712 748
712 752
712 755
713 771
714 786
714 717
714 735
714 758
715 747
716 747
717 797
717 721
717 725
717 731
717 740
717 748
717 755
717 761
718 724
719 793
719 795
719 748
719 753
719 766
720 788
720 733
720 735
720 738
720 755
722 741
723 777
724 754
725 747
727 787
728 775
728 780
728 763
729 730
729 765
730 757
731 784
733 794
733 744
734 796
734 746
734 754
734 756
736 757
738 772
739 770
739 771
739 753
739 792
741 799
741 760
742 769
743 786
743 761
744 781
745 757
745 758
746 794
747 799
749 781
749 754
749 797
750 770
751 771
751 788
752 765
753 777
753 758
753 760
754 756
754 757
755 758
756 762
756 766
756 788
757 780
758 771
758 765
758 759
760 796
765 769
765 775
767 777
767 784
769 780
772 795
772 797
773 774
774 795
776 782
793 796
796 797
