800 2400
0 153
0 751
1 453
1 485
1 755
1 437
1 342
2 34
2 387
2 712
2 201
2 625
2 126
3 416
3 130
3 163
3 290
3 177
3 146
3 184
3 217
4 704
4 546
4 489
4 266
4 336
4 600
4 281
4 126
5 23
6 361
6 44
6 206
7 705
7 323
7 67
7 621
7 142
7 190
8 36
8 106
8 44
8 560
8 722
8 180
8 310
8 698
9 216
9 658
9 508
9 334
10 494
10 399
10 690
10 563
10 723
10 638
11 521
11 282
11 19
11 253
12 199
12 404
12 405
12 23
12 375
12 501
12 410
13 453
13 605
13 21
13 639
14 59
14 668
14 251
15 67
15 164
15 553
15 144
15 82
15 439
16 297
16 681
16 555
16 461
16 45
16 558
17 49
17 426
17 262
17 31
18 128
18 386
18 738
18 619
18 76
18 141
18 433
18 507
18 733
18 703
19 705
19 46
19 144
19 252
19 22
19 540
20 420
20 616
20 431
20 337
20 341
20 344
20 127
20 478
20 415
21 576
21 524
21 623
21 562
21 563
21 376
21 218
22 123
22 665
22 326
22 767
23 135
23 265
23 170
23 618
23 342
23 634
23 571
24 481
24 647
24 268
24 430
24 273
24 246
24 223
25 225
25 675
25 613
25 299
25 364
25 333
25 591
25 657
25 437
25 119
25 57
25 189
26 294
26 167
26 328
26 622
26 528
26 403
27 132
28 194
28 178
28 685
29 217
29 265
29 686
29 239
29 726
29 153
29 315
29 188
29 30
30 448
30 418
30 584
30 618
30 273
30 120
30 474
30 543
31 162
31 514
31 453
31 135
31 267
31 140
31 555
31 656
31 760
31 505
32 263
32 554
32 50
32 309
32 663
32 152
32 633
32 92
33 648
33 137
33 688
33 711
34 257
35 157
36 352
36 357
36 102
36 69
36 38
36 682
36 379
37 674
37 603
37 372
37 796
37 775
38 297
38 170
38 422
39 219
39 365
39 262
40 89
40 739
41 768
41 621
41 420
41 117
41 119
42 395
42 591
42 175
42 434
42 660
42 603
42 382
42 735
43 786
43 463
44 551
44 584
44 301
44 109
44 786
44 435
44 703
45 229
45 122
45 632
45 117
46 370
47 704
47 481
47 167
47 587
47 463
47 784
47 149
47 153
47 543
48 640
48 354
48 712
48 301
48 173
48 113
48 795
49 448
49 98
49 297
49 555
49 636
50 203
50 589
50 77
50 752
50 210
51 588
51 365
51 463
51 371
51 52
51 627
51 414
52 704
52 569
52 687
53 160
53 515
53 330
53 78
53 788
53 248
53 474
53 794
53 799
54 210
54 194
54 235
54 652
54 246
55 544
55 647
55 491
55 334
55 238
55 501
55 157
56 364
56 212
56 246
56 280
56 729
56 478
57 487
57 460
57 212
57 248
57 220
57 541
57 414
58 480
58 550
58 520
58 747
58 565
58 277
58 343
58 766
59 164
59 363
59 493
59 442
59 251
59 445
59 255
60 312
60 674
60 538
60 771
60 117
61 421
61 269
61 462
61 335
61 308
61 470
62 225
62 626
62 371
62 726
62 297
63 352
63 323
63 529
63 437
63 661
63 441
64 560
64 66
64 148
64 237
64 206
65 770
65 388
65 228
65 230
65 72
65 552
65 78
65 401
66 194
66 489
66 138
66 511
66 239
66 241
66 373
66 121
66 287
67 449
67 773
67 277
67 726
67 123
67 734
68 636
68 412
68 477
68 680
68 127
69 256
69 743
69 424
69 240
69 594
69 147
69 437
69 509
70 352
70 483
70 511
70 332
70 142
70 795
70 575
71 256
71 225
71 72
71 105
71 491
71 493
71 178
71 700
72 357
72 110
72 496
72 433
72 465
72 342
72 599
72 569
72 570
73 193
73 323
73 295
73 682
73 654
73 275
73 243
73 596
73 251
74 304
74 665
75 715
75 589
75 83
75 404
75 243
75 157
76 640
76 385
76 289
76 211
76 604
77 107
77 774
77 207
78 547
78 137
78 585
78 235
78 270
78 788
78 86
78 726
79 539
79 709
79 246
80 512
80 257
80 483
80 763
80 540
80 637
81 129
81 741
81 701
81 749
81 400
81 248
81 637
82 711
82 587
82 112
82 83
82 601
82 572
82 701
83 290
83 293
83 432
83 223
84 204
84 398
84 114
84 249
84 444
84 703
85 263
85 712
85 299
85 267
85 364
85 592
85 663
86 401
86 498
86 714
87 704
87 321
87 268
87 545
88 520
88 505
88 243
88 717
89 705
89 153
89 643
89 675
89 294
89 430
89 623
89 208
89 628
89 181
89 756
89 121
90 568
90 668
90 386
90 307
90 396
91 160
91 102
91 433
91 563
91 314
91 573
91 351
92 401
93 160
93 260
93 229
93 457
93 109
93 237
93 749
93 220
95 577
95 667
95 604
96 221
96 613
96 363
96 165
97 290
97 325
97 584
97 655
97 119
97 502
97 406
97 701
98 306
98 439
100 347
101 456
101 409
101 492
102 724
102 318
102 463
103 164
104 576
104 715
104 467
104 116
104 723
104 471
104 703
105 743
105 300
105 342
105 310
105 347
106 424
106 780
106 493
106 462
106 207
106 443
106 222
108 198
108 168
108 521
108 553
108 650
108 268
108 556
108 680
108 154
108 411
109 512
109 610
109 649
109 632
109 401
109 470
109 248
109 223
110 160
110 196
110 453
110 580
110 232
110 723
110 345
110 572
111 329
111 394
111 222
111 215
112 548
112 779
112 174
112 400
112 369
112 435
112 374
112 732
112 285
112 702
113 611
113 132
113 367
113 497
113 370
113 147
113 541
113 382
114 582
114 585
114 243
114 789
114 502
114 602
115 421
115 391
115 457
115 148
115 565
115 374
115 470
115 383
116 331
116 302
116 689
116 370
116 564
116 670
117 520
117 779
117 205
117 333
117 305
118 796
118 486
118 271
118 312
118 249
118 602
118 284
118 765
119 739
119 281
119 558
119 145
119 412
119 733
120 128
120 642
120 451
120 510
120 563
121 651
121 597
121 381
122 400
122 363
122 796
122 734
123 768
123 482
123 498
123 635
123 605
123 447
124 379
124 371
124 540
124 301
124 647
125 312
125 742
125 715
125 399
125 760
125 626
125 184
125 379
125 191
126 577
126 261
126 490
126 652
126 787
126 791
126 728
126 444
126 510
127 197
127 424
127 426
127 620
128 682
128 429
128 625
128 215
128 473
129 515
129 583
129 176
129 529
129 287
130 192
130 514
130 354
130 615
130 786
132 558
132 591
132 433
132 504
132 379
133 433
133 317
133 701
133 253
133 359
134 566
134 668
134 148
134 228
134 198
135 690
135 459
135 238
136 193
136 370
136 659
136 212
136 454
137 480
137 675
137 398
137 431
137 667
138 411
138 614
139 393
139 618
139 646
140 224
140 338
140 181
140 230
141 250
141 586
141 495
142 198
142 713
142 396
142 473
142 594
142 632
142 313
142 285
143 736
143 655
144 422
144 524
144 686
144 500
145 704
145 186
145 523
146 674
146 292
146 498
146 184
146 636
146 703
147 292
147 782
147 372
147 663
147 540
147 542
148 161
148 296
148 361
148 456
148 208
148 627
148 536
148 603
149 640
149 698
149 541
150 610
150 262
150 300
150 751
150 240
150 627
151 516
151 388
151 293
151 751
152 521
152 354
152 610
153 176
153 347
153 670
154 480
154 361
154 686
155 681
155 761
155 196
155 509
155 574
156 696
156 730
156 508
156 279
157 226
157 402
157 570
157 571
158 426
158 715
158 236
158 589
158 444
158 543
159 411
159 492
160 641
160 166
160 649
160 497
160 434
160 788
161 416
161 509
161 276
161 633
162 399
162 234
163 713
163 683
163 726
163 777
164 357
164 391
164 525
164 689
164 434
164 408
165 513
165 707
165 295
165 242
165 403
166 505
166 790
166 358
166 680
167 449
167 355
167 745
167 459
167 396
167 505
167 336
167 721
167 473
168 329
168 789
168 181
168 759
169 240
169 425
169 247
170 554
171 480
171 361
171 682
171 652
171 590
171 503
171 319
172 738
172 742
172 615
172 630
172 599
172 795
173 236
173 366
173 566
173 762
173 412
174 259
175 386
175 484
175 399
175 275
175 341
175 598
175 635
176 421
176 490
176 347
176 381
176 447
177 676
177 682
177 302
177 435
177 346
178 354
178 680
178 619
178 461
178 368
178 275
179 641
179 354
179 637
180 224
180 482
180 613
180 618
180 379
181 296
181 725
182 512
182 601
182 314
182 221
182 494
183 647
183 225
183 306
183 631
183 313
184 667
185 585
185 321
185 736
186 404
186 429
187 545
187 290
187 738
187 196
187 617
187 508
187 627
187 599
187 540
188 202
188 554
188 528
188 375
188 220
189 385
189 356
189 712
189 681
189 766
190 577
190 581
190 532
190 247
190 733
191 522
191 686
191 463
191 405
191 472
191 697
191 541
192 674
192 619
193 354
193 389
193 489
193 203
193 688
193 752
193 217
194 640
194 742
194 425
194 489
194 495
195 647
195 456
195 650
195 430
195 367
195 656
195 792
195 255
196 751
196 359
197 440
197 457
197 247
197 576
198 454
198 519
198 425
198 303
198 221
199 712
199 505
199 461
200 569
200 364
200 214
201 393
201 734
202 721
202 420
202 212
203 433
203 234
203 206
204 642
204 648
204 494
204 662
204 664
205 772
205 581
205 402
205 633
205 223
206 768
206 547
206 742
206 519
207 257
207 642
207 591
207 272
207 530
207 532
207 411
208 768
208 531
208 407
208 570
209 633
210 517
210 357
210 333
210 598
210 248
211 514
211 615
211 536
211 468
211 598
211 376
211 601
212 273
212 351
213 293
213 679
213 524
213 306
213 308
213 533
213 728
213 219
214 490
214 758
214 719
215 612
215 230
215 374
215 287
216 673
216 775
216 780
216 301
216 528
216 401
216 565
217 362
217 465
217 626
217 566
217 767
218 743
218 522
218 402
218 340
218 788
218 254
218 511
219 679
219 749
219 410
219 701
220 323
220 618
220 784
220 536
221 736
222 291
222 368
222 497
222 442
223 256
223 483
223 334
223 661
223 281
223 282
224 706
224 387
224 299
224 447
225 676
225 724
225 477
226 710
226 396
226 494
226 686
226 498
226 598
226 254
227 523
228 353
228 557
228 592
228 273
228 242
228 308
228 540
228 798
229 640
229 742
229 713
229 267
229 459
229 493
229 271
229 655
229 628
230 393
230 745
230 590
230 243
231 633
231 737
231 745
231 629
231 287
232 686
232 278
232 569
232 666
232 635
232 671
233 619
233 545
233 539
233 569
234 578
234 356
234 524
234 302
234 718
234 499
234 476
234 543
235 640
235 667
236 272
236 523
236 238
237 517
237 490
237 395
237 724
237 478
238 459
239 673
239 776
239 660
239 405
239 443
240 386
240 587
240 788
240 411
241 322
241 516
241 740
241 523
241 396
241 534
242 457
242 335
242 313
242 350
243 267
243 556
243 590
243 716
243 272
243 407
243 477
244 768
244 323
244 617
244 302
244 721
244 499
244 285
245 739
245 397
246 704
246 769
246 453
246 401
246 474
246 597
246 729
247 588
247 557
247 372
247 509
248 450
248 706
248 651
248 279
248 666
249 330
249 497
249 338
249 405
250 294
250 455
250 296
250 360
250 330
250 553
250 374
251 485
251 585
251 618
251 509
252 732
252 325
252 486
252 502
253 545
253 753
253 705
254 356
254 419
254 671
255 748
256 354
256 323
256 420
256 761
256 734
257 785
257 678
258 648
258 641
258 314
258 681
258 764
259 513
259 665
260 400
260 622
260 735
261 473
261 458
261 654
262 643
262 529
262 373
262 791
263 415
264 517
264 362
264 334
264 275
264 692
264 725
265 457
265 722
265 631
265 574
266 353
266 791
266 671
267 769
267 392
267 649
267 586
267 716
267 653
267 692
268 502
268 507
268 763
269 461
269 485
269 278
270 352
270 522
270 630
271 513
271 450
271 323
271 490
271 460
271 524
271 433
271 307
271 531
271 794
272 328
272 624
272 433
272 663
272 444
273 330
273 347
274 688
274 602
274 467
274 599
275 784
275 531
275 661
275 761
276 280
276 620
276 286
277 352
277 610
277 518
277 487
277 426
277 618
277 300
277 526
278 345
278 608
279 436
279 506
280 450
280 399
280 757
280 316
281 667
282 363
282 356
282 630
283 754
283 429
283 519
284 641
284 386
284 682
284 555
284 540
284 606
285 481
285 776
285 747
285 761
285 415
286 641
286 776
286 395
286 499
286 759
286 699
286 668
287 290
287 624
287 507
288 710
288 616
288 331
288 465
288 561
288 631
288 764
288 317
288 638
289 619
289 739
290 292
290 774
290 679
290 715
290 763
290 349
290 318
291 331
291 407
292 699
292 606
292 607
293 705
293 610
293 390
293 774
293 532
293 798
294 313
294 314
294 633
294 530
295 360
295 599
295 761
295 343
296 709
296 730
297 745
297 635
298 554
298 557
298 607
299 496
299 410
299 796
300 706
300 389
300 433
300 628
300 603
300 799
301 620
302 436
303 504
303 355
304 360
304 793
305 458
305 565
306 579
306 739
306 421
306 613
306 647
306 648
306 409
307 415
307 679
307 731
308 432
308 599
308 507
308 444
308 798
308 479
309 506
309 763
309 791
309 455
310 449
310 738
310 387
310 765
310 575
310 348
310 637
310 383
311 642
311 755
311 796
311 679
312 457
312 377
312 314
313 520
313 777
313 622
313 665
314 451
314 621
314 685
314 539
315 740
315 661
315 327
316 545
316 744
316 433
316 561
316 350
317 321
317 483
317 361
317 778
317 443
317 670
318 733
318 613
318 719
319 585
319 490
319 494
319 785
320 722
321 631
321 746
321 334
321 629
321 508
322 513
323 672
323 326
324 625
324 658
324 468
324 693
325 392
325 522
325 463
325 626
325 564
325 474
326 488
326 433
327 515
327 554
327 630
328 634
330 423
330 407
330 347
330 510
330 671
331 496
331 720
331 787
331 726
331 730
332 565
332 686
332 517
334 419
334 359
334 457
334 479
334 428
335 513
335 446
335 530
335 574
336 396
336 751
336 564
336 694
336 664
337 651
337 735
338 740
338 781
338 501
338 440
338 762
339 392
339 425
339 642
340 725
340 737
340 482
340 677
341 422
341 586
341 437
341 639
342 392
342 750
342 789
343 722
343 534
343 442
343 735
344 619
344 423
345 449
345 471
345 505
346 640
346 641
346 502
346 375
346 376
347 515
347 520
348 761
348 790
349 617
349 356
349 354
349 370
350 463
350 383
351 360
351 573
351 654
352 672
352 432
352 791
353 740
353 438
353 647
354 524
355 610
355 743
355 598
355 631
355 379
356 768
356 389
356 510
356 377
356 795
356 703
357 558
357 375
358 729
358 387
358 694
359 373
359 463
360 551
360 525
361 389
361 758
361 504
362 656
362 725
363 772
363 429
363 507
364 613
364 462
364 693
365 775
365 374
366 731
366 628
366 534
367 749
367 689
367 564
367 694
368 376
368 537
368 509
369 450
369 390
369 395
369 683
369 560
369 666
370 620
370 786
370 437
370 639
371 704
371 549
371 775
371 602
371 478
372 617
372 705
373 548
373 742
373 650
374 546
374 523
374 461
374 501
375 583
375 555
375 530
375 439
376 490
376 588
376 624
377 423
377 621
377 526
377 666
378 706
378 796
378 542
378 399
379 645
379 591
379 759
380 592
380 756
380 588
380 397
380 574
381 692
381 646
382 499
382 642
383 641
383 518
383 536
383 442
384 440
384 426
384 797
385 590
385 727
386 708
386 399
387 621
387 629
387 599
388 620
388 518
389 632
390 603
390 395
390 654
391 544
391 638
392 521
392 728
392 670
394 668
394 419
394 412
394 774
395 794
396 672
396 761
397 601
397 642
397 435
399 542
400 673
400 497
400 628
400 664
401 450
401 554
401 655
401 690
401 500
401 795
402 505
402 575
403 649
403 422
403 666
405 610
405 433
406 457
406 693
407 633
408 605
408 799
409 419
409 661
409 790
409 475
410 472
410 559
411 457
411 431
411 496
412 420
412 442
412 414
413 681
413 562
413 622
414 773
414 669
414 429
414 731
414 509
415 421
415 486
415 745
415 689
415 665
416 425
416 746
416 588
416 493
416 446
417 521
417 621
417 766
417 575
418 754
418 662
418 580
418 702
419 649
419 691
419 565
419 695
420 544
420 556
420 474
421 672
421 483
422 553
422 565
422 511
423 504
423 589
423 750
423 729
424 704
424 680
424 540
425 608
425 677
425 730
426 544
426 736
426 611
426 484
426 551
426 648
427 553
427 746
427 589
427 461
427 623
427 536
427 571
428 688
428 744
428 722
429 644
429 433
429 727
430 740
430 778
430 792
430 626
430 437
430 446
432 799
433 613
434 608
434 579
434 600
435 646
435 524
435 639
436 488
436 713
436 459
436 692
436 724
436 446
437 719
437 532
438 456
438 533
439 653
440 765
440 460
441 706
441 463
441 564
441 782
442 651
442 620
442 686
442 559
442 728
443 577
443 708
443 701
443 652
443 748
443 655
443 656
444 453
444 747
444 655
444 626
445 744
445 745
446 770
446 491
446 496
447 778
448 646
448 498
448 788
448 789
449 451
449 521
449 650
449 589
449 786
449 761
450 480
450 724
451 713
451 741
452 788
453 732
454 648
454 747
454 538
454 571
455 640
455 495
456 517
456 616
456 764
457 613
457 524
457 665
457 763
458 610
458 587
458 772
459 737
460 746
460 492
460 558
460 750
460 735
460 543
462 514
462 533
462 764
463 523
463 654
463 562
463 507
465 781
465 663
465 536
465 702
466 657
466 646
467 480
467 560
467 659
467 635
468 496
469 752
469 585
469 626
469 767
470 517
470 525
470 754
471 705
471 734
471 790
472 552
472 697
472 631
473 691
473 729
473 670
474 740
474 792
474 728
474 479
475 704
475 634
475 740
475 497
476 777
476 660
476 702
476 503
477 533
478 770
479 643
479 561
479 725
481 675
481 623
481 721
483 584
483 501
483 630
484 704
484 534
485 514
486 788
487 489
487 622
487 531
487 570
487 702
488 616
488 736
488 675
489 529
489 596
489 635
490 545
490 642
490 611
490 700
491 617
491 650
491 784
491 721
491 535
492 693
493 673
493 586
493 652
493 626
493 661
494 659
494 597
494 634
495 602
496 523
496 526
496 561
497 752
497 797
498 729
499 644
499 581
499 752
499 700
500 626
502 640
502 644
502 618
502 793
503 730
504 644
504 626
504 505
505 616
505 745
507 702
508 583
508 529
508 601
509 582
509 711
509 744
509 752
509 725
510 583
510 563
511 586
511 530
512 742
513 627
513 767
515 646
516 545
516 609
516 598
516 798
517 711
517 573
517 639
518 669
519 625
520 609
520 546
520 581
520 551
520 566
521 547
521 643
521 778
521 569
522 712
522 594
522 595
523 663
524 649
525 575
526 707
527 696
527 548
527 711
528 691
529 556
529 591
529 571
530 715
530 534
531 605
532 652
533 740
534 769
534 788
535 677
535 707
536 585
536 620
537 629
538 614
538 619
539 586
540 740
540 757
540 763
541 589
542 674
542 647
542 712
543 576
543 644
544 674
544 749
545 616
545 689
546 587
546 783
547 681
547 729
548 753
548 594
548 720
549 702
549 675
549 606
552 752
552 678
552 736
553 560
553 657
553 639
555 712
556 713
556 717
556 782
556 603
557 742
557 615
557 757
557 763
558 710
558 623
558 598
558 601
559 579
559 622
559 754
559 666
559 698
559 793
559 639
560 581
560 600
561 714
561 622
562 683
562 590
562 669
563 703
564 677
564 657
565 632
566 605
567 663
568 688
568 618
569 644
569 691
569 634
570 741
570 721
572 749
573 625
573 579
574 696
574 765
575 582
575 754
576 577
576 714
576 753
576 735
577 716
578 734
579 749
580 656
580 654
580 604
581 622
581 796
583 733
584 700
585 631
586 594
587 643
588 621
589 597
590 710
590 762
591 739
591 613
592 768
592 623
593 706
593 687
595 795
595 706
595 787
595 666
596 756
597 710
597 715
597 620
597 751
597 660
597 669
598 773
600 643
601 795
602 674
602 631
603 723
603 628
604 779
604 758
604 605
605 644
607 617
608 764
608 687
610 618
611 781
613 710
614 775
615 647
615 651
616 649
618 762
619 630
619 665
620 722
620 662
621 742
621 689
621 629
625 775
627 795
627 793
628 749
628 793
629 789
630 789
631 792
633 769
633 680
633 710
633 728
635 641
636 726
636 706
637 788
638 661
639 701
640 749
640 692
640 671
641 779
642 740
643 647
643 690
644 645
644 783
644 657
645 789
646 687
647 735
648 760
649 665
649 794
650 715
652 756
654 770
654 779
654 752
654 723
654 787
654 666
656 736
658 737
658 726
658 660
659 715
660 705
661 772
661 714
661 763
666 711
666 784
667 672
671 774
671 686
672 742
675 694
677 781
677 754
678 767
681 754
681 726
683 712
687 705
687 709
688 707
690 734
691 770
692 749
697 756
700 704
700 779
700 728
701 767
703 758
704 782
704 754
706 739
710 714
712 774
712 716
712 727
713 740
713 725
713 729
716 798
717 793
719 732
720 777
723 743
725 733
725 762
726 778
727 775
728 754
730 778
732 749
733 784
733 763
733 765
734 793
735 739
737 769
737 772
739 776
748 767
748 779
748 764
750 784
752 786
763 775
765 773
770 781
781 782
