800 2000
0 18
0 242
0 507
0 382
0 31
1 752
1 794
1 716
1 20
2 725
3 353
3 681
3 363
3 652
3 499
3 501
3 24
3 413
4 263
4 585
4 204
4 142
4 599
4 442
4 379
5 553
5 18
5 515
5 492
6 376
6 666
6 555
6 444
6 780
7 129
7 709
7 683
7 591
7 790
7 27
7 510
8 257
8 545
8 230
8 616
8 237
8 717
8 112
8 308
8 89
8 699
8 543
9 480
9 228
9 237
9 174
9 697
9 508
9 543
10 660
10 267
10 292
10 511
11 512
11 610
11 484
11 713
11 364
11 247
12 235
12 206
12 671
13 289
13 665
13 19
13 116
13 772
14 618
14 654
14 70
14 263
15 554
15 323
15 269
15 755
16 258
16 519
16 556
16 81
16 182
16 150
16 247
17 321
17 250
18 518
18 398
18 591
18 606
19 64
19 547
19 357
19 133
19 718
19 696
19 542
20 676
20 681
20 400
20 786
20 309
21 545
21 260
21 328
21 652
21 270
21 785
21 59
21 382
22 509
22 319
22 63
23 450
23 637
23 533
23 199
24 548
24 551
24 329
24 400
24 371
24 639
25 488
25 177
25 481
25 310
26 663
26 137
26 421
26 590
26 655
27 609
27 164
27 436
27 373
27 53
27 218
28 185
28 242
28 670
28 564
28 518
29 264
29 531
29 251
29 100
29 427
30 730
30 250
30 372
30 293
30 703
31 131
31 357
31 166
31 679
31 745
31 107
31 116
32 482
32 422
32 105
32 649
32 745
32 435
32 280
32 540
33 480
33 551
33 73
33 50
33 722
33 537
34 768
34 295
34 776
34 777
34 435
34 156
34 61
35 209
35 747
35 196
35 485
35 693
36 358
36 646
36 742
36 585
36 367
36 207
36 629
36 58
36 603
36 190
37 134
37 295
37 685
37 240
37 595
37 284
38 706
38 130
38 234
38 146
38 181
38 120
39 689
39 165
39 767
40 746
40 388
41 236
41 792
41 571
41 476
41 253
41 62
42 320
42 508
42 728
42 606
42 87
43 513
43 300
43 765
44 160
44 705
44 386
44 388
44 780
45 302
45 113
45 366
45 262
45 631
46 729
46 131
46 652
46 702
47 361
47 682
47 739
47 333
47 763
48 256
48 576
48 674
48 483
48 774
48 775
48 562
48 244
48 405
48 503
48 696
48 732
49 297
49 617
49 493
49 206
49 467
49 404
49 407
50 691
50 484
50 301
50 273
51 760
51 194
51 284
51 348
52 720
52 667
52 725
53 532
53 470
54 80
54 554
54 580
55 529
55 667
55 581
55 638
55 653
56 337
56 172
56 505
56 391
57 440
57 625
57 659
57 454
57 102
58 621
58 484
58 701
59 312
59 323
59 507
60 165
60 552
60 425
60 783
60 433
60 628
60 475
61 481
61 147
61 570
62 192
62 107
62 465
63 160
63 364
63 556
63 407
63 346
63 573
64 652
65 708
65 677
65 584
65 201
65 89
65 732
66 624
66 602
66 131
66 629
67 392
67 571
67 742
68 646
68 360
68 749
68 312
68 123
68 540
68 287
69 233
69 554
69 778
69 240
69 148
69 182
69 663
69 216
69 378
70 175
71 355
71 649
71 618
71 402
71 212
71 308
71 510
72 197
72 553
72 85
73 674
73 449
73 777
73 782
74 313
74 484
74 78
75 581
75 781
75 398
75 238
75 624
75 111
75 764
76 249
76 754
76 92
76 537
76 590
77 169
77 92
77 769
79 322
79 756
79 253
79 670
80 656
80 614
80 702
80 253
81 390
81 205
81 141
81 338
81 214
81 246
82 128
82 170
82 620
82 517
83 226
83 92
83 102
84 577
84 516
84 528
84 499
84 116
84 660
84 724
85 726
86 480
86 529
87 329
87 98
87 766
88 431
89 160
89 195
89 302
89 338
91 529
91 678
92 449
92 414
93 258
93 582
93 198
93 432
93 562
93 756
94 472
95 513
95 219
95 435
95 374
96 763
96 325
96 165
96 470
96 766
97 349
97 430
97 775
98 394
98 231
98 780
98 783
99 367
99 245
99 630
99 215
100 513
101 295
101 520
101 110
101 404
101 728
101 604
102 231
102 151
102 251
102 702
103 217
103 258
103 486
103 526
104 128
104 737
104 355
104 293
104 361
104 108
104 507
104 123
105 625
105 308
105 737
106 612
106 548
106 638
107 352
107 418
107 392
107 626
107 216
107 474
107 509
108 740
108 165
108 645
108 710
108 299
108 205
108 345
109 771
109 475
109 366
109 631
110 297
110 405
111 436
111 163
111 701
112 256
112 307
112 737
113 365
113 335
113 749
113 497
113 503
113 411
114 780
114 117
114 662
114 152
114 634
114 571
115 348
115 183
116 384
116 773
116 140
116 783
116 282
117 577
117 674
117 332
117 624
117 692
117 185
117 764
118 140
118 300
119 428
119 678
119 775
120 250
120 702
120 381
120 774
121 129
121 450
121 679
121 456
121 210
121 220
121 536
121 444
121 158
122 314
122 491
122 755
122 239
123 739
123 681
123 525
123 653
123 272
123 756
123 152
123 446
124 665
124 347
124 211
125 416
125 291
125 680
125 521
125 533
125 794
126 163
126 500
126 773
127 200
127 461
127 318
128 296
128 779
128 786
128 567
128 635
129 235
129 749
129 262
130 595
130 742
131 375
131 557
132 555
132 687
133 440
133 236
133 548
134 258
134 488
134 141
134 782
134 791
135 195
135 357
135 431
135 596
135 757
135 374
135 151
135 284
136 737
136 579
136 658
136 595
136 669
136 254
137 321
137 292
137 709
137 783
137 464
137 180
137 509
137 222
138 582
138 781
138 302
139 171
139 621
139 687
139 400
139 402
139 691
139 502
139 319
140 228
140 294
140 199
140 422
140 170
140 554
140 176
140 180
141 166
141 207
141 177
141 633
141 634
141 286
142 496
142 633
142 666
142 598
143 624
143 797
143 587
143 157
144 600
144 409
144 523
144 148
145 777
145 154
145 354
146 257
146 590
146 335
146 434
146 479
147 419
147 492
147 428
147 204
147 637
148 455
148 395
148 715
148 564
148 373
149 736
149 679
150 717
150 474
150 548
150 597
151 160
152 228
152 720
152 434
152 535
153 736
153 743
153 681
153 174
153 670
153 383
154 514
154 483
154 214
155 757
155 378
155 724
155 501
156 485
156 619
156 334
156 559
156 732
157 756
157 269
158 162
158 439
158 190
158 394
159 337
159 209
159 546
159 626
159 751
160 263
160 775
160 556
160 273
160 788
160 278
161 354
161 489
161 367
161 211
161 731
161 350
161 511
162 632
162 553
162 583
163 292
163 693
164 358
164 585
164 618
164 681
164 784
164 785
164 434
164 407
164 472
164 375
165 513
165 482
165 643
165 333
165 466
166 512
166 605
167 664
167 789
168 364
168 490
168 220
168 551
169 325
169 552
169 713
169 209
169 433
169 468
169 759
170 194
170 388
170 720
170 242
170 633
170 415
171 202
172 641
172 346
172 437
172 631
173 688
173 704
174 418
174 488
174 558
174 368
175 346
175 691
175 686
176 563
176 347
176 707
176 215
177 709
177 178
177 538
178 651
178 729
178 589
179 736
179 556
179 445
179 246
179 647
180 267
180 609
181 551
181 719
181 785
181 758
181 504
181 762
182 293
182 486
182 497
182 252
183 576
183 734
183 230
184 411
184 221
184 511
185 384
185 199
185 711
185 792
185 281
185 635
186 642
186 355
186 789
186 207
187 400
187 520
187 664
187 630
188 480
188 499
188 751
189 795
189 310
190 549
190 663
190 457
190 503
190 509
191 633
191 331
191 291
191 342
192 407
192 234
192 675
192 354
193 575
193 389
193 502
193 247
194 768
194 257
194 676
194 460
194 624
195 764
196 548
196 336
196 624
196 242
196 631
196 440
196 697
197 585
197 514
197 787
197 519
198 224
198 743
198 520
198 779
198 653
198 558
198 786
198 372
199 617
199 625
199 474
200 452
200 453
200 747
200 434
200 574
200 703
201 579
201 427
201 494
201 404
201 254
202 272
202 337
202 363
202 577
203 697
203 505
203 667
203 645
204 237
204 510
204 227
205 624
206 626
206 778
206 644
207 768
207 306
207 542
208 675
209 324
209 293
209 451
209 543
209 657
209 403
209 501
209 727
210 720
210 615
211 576
211 692
211 697
212 747
212 365
213 647
213 762
213 299
213 367
214 615
214 719
214 539
214 383
215 460
215 424
215 487
216 552
216 471
217 487
217 430
217 219
217 669
217 445
218 644
218 665
218 468
218 429
219 290
219 287
219 687
220 451
220 692
220 696
221 778
221 659
221 789
222 649
222 331
222 612
222 731
223 417
223 618
223 497
223 777
223 751
224 384
224 448
224 462
224 624
224 699
224 669
225 360
225 564
225 253
225 414
226 379
226 461
226 739
227 376
227 717
227 333
227 776
228 418
228 295
228 271
228 783
228 593
229 488
229 784
229 701
229 391
230 708
230 751
230 403
230 442
231 548
231 631
231 280
231 671
232 560
232 655
232 474
232 508
232 255
233 649
233 268
233 550
234 472
234 265
234 500
234 312
234 252
235 397
235 511
237 699
237 272
238 677
238 303
238 254
238 728
238 702
239 419
239 388
239 453
239 248
239 542
240 490
240 347
240 359
241 282
241 387
241 684
241 365
242 544
242 552
242 564
242 373
242 377
243 293
243 521
243 721
243 313
243 250
243 317
243 287
244 547
244 329
244 762
244 572
244 607
245 355
245 665
245 686
245 655
246 400
247 357
248 663
248 423
248 700
248 629
249 719
249 410
249 274
249 723
249 602
249 443
250 421
250 329
250 798
250 411
251 778
251 319
252 520
252 298
253 770
253 586
253 425
254 764
255 547
255 635
255 648
255 339
255 468
255 500
255 693
255 755
255 539
256 557
256 597
256 729
256 414
257 288
258 450
258 680
258 774
258 532
258 628
259 652
259 527
260 384
260 552
260 686
260 786
260 756
260 476
260 349
262 734
263 741
263 396
263 561
263 499
263 596
264 655
264 425
264 341
264 383
266 568
266 585
266 630
267 528
267 732
267 686
268 272
268 782
268 343
269 576
269 777
269 780
269 504
269 378
270 760
270 473
270 603
270 609
271 474
271 532
271 437
271 526
272 425
272 436
272 661
273 609
273 754
274 548
275 322
275 557
275 413
275 422
276 675
277 544
277 697
277 639
278 605
278 388
278 469
278 351
279 393
279 324
279 365
279 390
279 521
280 798
281 768
281 577
281 612
281 293
281 648
281 620
281 304
283 676
283 766
283 767
284 398
284 539
284 764
285 566
286 612
286 716
286 655
286 786
286 725
286 795
286 381
287 794
287 517
288 642
288 763
288 447
289 737
290 704
290 323
290 523
290 754
290 509
291 723
291 350
292 620
293 409
293 379
294 612
295 738
296 485
296 536
296 347
296 796
296 477
297 316
298 602
298 622
298 332
299 611
300 423
300 694
300 311
301 529
301 581
301 572
301 346
302 675
302 612
302 458
302 530
302 316
303 305
303 611
303 357
304 690
304 381
304 590
305 537
305 738
305 315
305 633
306 600
306 703
306 511
306 751
307 416
307 768
307 713
307 460
307 492
309 438
310 411
310 620
310 423
311 320
311 336
311 557
312 466
313 666
313 590
313 423
314 648
314 744
314 506
314 454
315 533
316 354
316 713
316 340
316 347
316 605
317 555
317 595
317 721
319 428
319 562
319 699
319 603
319 669
320 465
320 751
320 569
321 648
321 339
321 406
321 535
321 376
322 384
322 735
322 790
323 707
323 489
323 400
323 573
324 371
324 422
325 348
325 517
325 488
327 648
327 361
327 385
327 459
327 718
328 739
329 762
329 624
329 723
329 565
329 597
329 508
330 616
330 593
330 647
331 407
331 536
331 388
332 722
332 499
333 565
333 501
333 790
333 600
334 577
334 394
334 523
334 498
334 788
334 341
334 662
335 511
336 370
336 767
336 453
337 499
337 526
338 680
339 772
339 678
339 524
339 657
339 757
339 698
340 552
341 425
341 426
341 563
341 629
341 600
341 731
341 763
342 741
343 665
344 625
344 395
345 479
346 550
346 469
348 426
348 462
348 690
349 501
349 382
349 590
350 420
350 368
350 789
350 440
350 766
351 643
351 691
352 683
352 591
353 640
353 531
353 566
353 664
353 698
354 521
354 500
354 536
355 516
356 636
356 519
357 739
357 771
357 774
357 624
357 690
358 492
358 623
358 561
358 625
358 374
360 376
360 645
360 494
361 492
361 728
363 613
363 717
363 751
363 795
363 669
364 577
364 517
364 703
364 793
364 414
365 389
366 595
366 390
367 419
367 647
367 394
367 503
368 555
368 473
368 375
369 550
369 703
370 614
370 374
370 479
372 374
373 481
373 745
373 683
373 525
373 399
373 691
374 642
374 484
374 615
374 654
374 508
375 784
375 471
375 570
375 635
376 391
377 466
377 667
377 543
378 621
378 566
379 536
379 667
380 641
381 681
381 606
381 781
381 765
381 574
382 712
383 587
383 453
384 386
384 422
384 700
385 751
386 395
386 646
386 615
387 453
387 758
388 579
388 613
388 665
389 768
389 529
389 679
390 754
390 504
390 444
390 573
391 459
391 747
391 433
393 443
394 645
394 582
394 799
395 586
395 650
395 620
395 793
395 414
395 799
396 588
396 453
396 583
397 753
397 794
397 644
398 460
398 464
398 691
398 474
399 708
399 532
399 766
400 787
400 791
400 573
401 730
401 747
402 771
402 785
402 794
402 511
403 732
403 465
404 482
405 794
406 424
406 412
407 649
407 535
408 550
408 422
408 652
408 463
408 596
408 597
409 470
409 793
409 634
409 507
411 732
411 756
411 604
411 637
412 456
412 784
412 719
413 773
413 632
413 740
414 579
414 487
414 430
414 591
414 497
414 531
415 796
415 485
417 633
417 518
418 653
418 431
420 529
420 773
421 480
421 740
421 744
421 720
422 581
422 721
422 792
422 732
424 439
425 642
425 753
426 748
426 623
426 602
426 637
427 469
427 445
429 641
429 765
430 471
430 549
430 791
431 515
432 560
432 538
432 771
432 543
433 598
433 535
433 638
434 683
434 669
436 702
439 521
439 546
441 544
441 669
441 653
441 454
441 486
442 624
442 589
443 668
445 699
445 532
446 761
446 717
447 555
447 596
447 653
447 711
448 454
448 616
448 617
448 689
448 571
449 461
450 787
450 588
451 672
451 748
452 522
452 499
452 580
452 720
453 530
453 789
454 612
454 625
454 727
455 513
455 478
455 495
456 797
457 618
457 677
458 739
458 517
458 583
459 665
459 752
460 584
460 755
460 763
461 560
461 784
463 741
464 596
464 679
465 577
465 740
465 530
465 598
466 608
466 779
466 718
467 660
467 469
468 672
468 662
469 515
469 716
469 748
469 505
471 661
472 574
472 676
473 504
473 797
475 737
475 685
476 784
476 570
477 760
477 715
478 578
478 685
479 672
479 522
479 779
479 589
479 783
480 514
481 718
481 495
481 688
482 577
482 546
482 720
482 626
483 520
483 649
483 686
485 574
486 771
486 687
487 666
487 643
489 696
489 722
489 559
491 758
492 730
493 659
493 716
495 696
495 772
495 625
496 756
497 633
498 784
499 742
499 511
500 646
502 619
502 666
502 609
503 760
504 678
505 625
507 706
507 563
507 757
510 686
511 705
511 769
514 785
514 539
515 737
515 587
515 718
516 635
516 761
516 522
517 744
518 557
518 718
518 730
519 716
520 590
520 535
520 540
521 638
522 675
522 685
522 790
523 571
524 585
524 547
526 570
527 544
527 577
527 770
527 758
528 565
529 752
529 724
530 646
530 758
531 796
531 700
532 588
532 559
532 592
532 541
533 617
534 665
534 679
535 684
537 735
537 787
538 587
538 656
539 716
540 709
540 585
540 754
541 744
542 732
542 616
542 714
542 693
542 604
543 557
543 765
544 618
544 569
544 599
545 776
545 586
546 705
548 571
548 701
549 726
550 723
551 725
554 617
554 751
554 798
555 730
555 636
558 772
559 664
560 615
560 585
560 602
561 640
561 743
561 636
562 583
562 687
562 722
563 717
563 650
564 602
565 769
565 583
565 622
565 720
565 754
565 637
566 697
566 799
569 575
570 688
570 693
571 673
571 644
571 775
571 717
572 701
572 575
574 618
575 716
575 723
576 760
576 701
576 606
577 583
577 728
577 634
578 634
578 699
579 647
579 703
580 740
580 686
582 687
582 692
582 762
583 673
583 706
583 637
583 703
584 592
584 631
585 587
585 714
586 652
588 589
588 754
588 731
588 735
590 680
590 681
591 610
591 788
592 748
593 616
594 655
596 728
597 702
599 714
600 753
600 791
600 632
601 796
602 755
603 752
603 726
606 716
607 782
609 666
610 725
610 766
611 797
613 687
613 754
613 634
613 767
614 792
614 676
615 793
616 667
617 674
618 740
619 624
619 658
619 738
620 764
621 742
622 757
623 714
624 783
624 663
625 758
627 713
629 642
629 649
629 778
629 688
630 683
630 750
631 782
631 788
632 737
634 681
636 699
637 772
637 710
637 723
638 747
638 764
638 799
641 642
643 700
646 678
646 695
649 762
650 709
651 680
652 786
652 759
653 785
653 726
655 792
655 793
657 724
658 791
659 663
663 736
664 686
665 678
666 702
667 692
668 692
670 793
674 737
674 766
677 708
677 745
678 794
678 735
679 704
681 751
686 710
686 722
686 723
687 744
690 718
690 704
691 702
695 699
695 702
695 723
698 760
698 788
699 768
701 791
702 727
703 793
705 796
705 766
706 711
707 755
708 779
708 793
709 731
711 796
713 789
717 754
717 794
721 767
722 785
722 757
722 728
722 794
723 727
729 740
730 773
731 734
733 797
735 749
739 763
744 796
749 765
752 791
757 768
763 781
766 784
767 795
772 784
775 792
779 790
