800 100
1 625
8 389
10 404
15 634
16 578
21 425
24 127
28 509
33 583
34 659
42 422
50 485
51 570
52 512
52 776
62 477
68 204
69 783
70 708
71 186
81 484
89 545
90 298
90 798
97 796
103 154
120 638
128 151
129 162
133 478
137 516
147 177
147 242
150 179
152 549
153 611
155 612
158 241
164 642
165 544
171 286
172 220
173 590
174 784
190 438
196 202
196 787
198 355
206 763
206 606
206 647
218 586
220 491
235 715
236 630
241 657
246 619
246 667
247 640
248 757
287 654
291 721
293 317
320 334
325 745
327 778
332 371
334 600
337 677
342 659
360 718
363 715
378 616
390 514
392 539
392 501
402 777
405 658
408 665
408 652
440 612
441 597
446 459
456 470
480 730
494 530
502 583
509 791
512 700
514 560
552 713
553 696
560 795
577 624
581 766
599 617
632 647
678 697
714 746
725 753
