800 2400
0 1
0 402
0 572
0 638
0 359
1 704
1 228
1 680
1 715
1 109
1 598
1 792
2 472
2 650
2 427
2 103
3 613
3 489
3 781
3 399
3 148
3 410
3 188
3 540
4 257
4 197
4 426
4 109
4 429
4 80
4 149
4 476
5 672
5 550
5 621
5 209
5 346
5 444
6 138
6 652
6 240
6 189
6 475
6 317
7 385
7 36
7 133
7 619
7 492
7 59
8 184
8 477
8 388
8 357
8 445
9 216
9 441
9 134
9 503
10 644
10 357
10 489
10 268
10 495
10 533
10 725
10 797
10 94
11 184
11 313
11 547
11 38
12 89
12 676
12 487
12 220
12 223
13 553
13 782
13 304
13 721
13 752
13 566
14 90
14 430
14 725
14 286
15 481
15 612
15 367
15 112
15 499
15 278
15 55
15 409
15 351
16 410
16 746
16 772
17 152
17 748
17 216
18 712
18 716
18 494
18 561
18 180
18 788
18 733
19 648
19 353
19 364
19 564
19 663
20 481
20 194
20 460
20 590
20 790
20 446
20 287
21 289
21 100
21 262
21 519
21 330
21 111
21 784
22 514
22 637
22 486
22 423
22 49
22 561
22 215
22 504
22 90
22 700
22 93
23 193
23 695
23 235
23 299
23 529
23 178
23 311
24 161
24 39
24 333
24 368
24 658
24 574
25 608
25 645
25 168
25 648
25 76
25 633
25 703
26 640
26 66
26 450
26 612
26 312
26 153
26 605
26 413
27 417
27 261
27 555
27 783
27 189
27 638
28 135
28 296
28 681
28 589
28 506
28 410
28 605
29 784
29 762
29 43
29 326
30 783
31 34
31 299
31 656
31 116
31 376
31 95
32 775
32 301
32 785
32 601
32 474
32 123
33 216
33 401
33 667
33 758
33 703
34 294
34 81
34 657
34 600
34 57
34 474
35 768
35 66
35 75
35 44
35 368
35 628
35 724
36 299
36 652
36 207
36 48
36 88
36 540
37 231
38 514
38 292
38 452
38 50
38 402
38 58
38 765
38 350
39 514
39 227
39 485
39 712
39 402
39 730
39 189
40 753
40 92
40 238
41 324
41 102
41 199
41 713
41 403
41 724
41 215
41 344
41 159
42 531
42 81
42 185
42 70
42 311
43 258
43 68
43 263
43 554
43 91
43 604
44 481
44 273
44 724
44 565
44 90
45 513
45 164
45 741
45 262
45 713
45 427
45 53
45 375
45 280
45 541
46 512
46 75
46 781
46 510
46 199
47 324
47 456
47 427
47 236
47 271
47 561
47 570
47 380
48 676
48 422
48 72
48 138
48 173
48 755
48 245
48 509
49 68
49 325
49 617
49 172
49 697
49 665
49 122
49 348
50 740
50 744
50 113
50 434
50 635
51 169
51 362
51 75
51 299
51 297
51 112
51 528
51 533
51 600
51 473
51 570
52 536
52 482
52 101
52 654
53 102
53 147
53 533
53 346
53 799
54 795
54 753
54 195
54 230
54 247
55 581
55 710
55 455
55 728
55 625
55 184
56 360
56 530
56 546
56 741
56 342
57 513
57 231
57 652
57 303
57 539
58 474
58 772
58 567
59 440
59 788
59 285
59 638
60 318
60 519
60 445
60 174
60 463
61 328
61 194
61 298
61 718
62 404
62 589
62 94
62 647
63 546
63 391
64 512
64 205
64 134
65 304
65 282
65 484
65 501
66 641
66 211
66 277
66 120
66 445
66 767
67 409
67 428
67 100
67 334
67 751
68 449
68 406
68 574
68 287
69 168
69 746
69 762
69 648
69 271
70 194
70 289
71 557
71 307
71 405
71 186
71 124
71 127
72 256
72 618
72 396
72 558
72 80
72 757
72 90
73 640
73 451
73 106
73 341
73 602
73 285
74 736
74 297
74 461
74 718
74 752
75 322
75 547
75 582
75 713
75 235
75 335
75 121
76 358
76 714
76 523
76 462
76 240
76 469
76 218
76 763
77 547
77 395
77 460
77 491
77 780
77 495
77 638
78 644
78 521
78 623
78 720
78 372
78 438
78 506
79 152
79 745
79 234
79 482
79 279
80 736
80 385
80 453
80 427
80 342
81 228
81 343
81 473
81 155
81 190
82 509
82 291
82 99
82 644
82 785
82 597
82 375
82 221
83 417
83 144
83 688
83 502
83 412
83 254
83 447
84 352
84 672
84 197
84 297
84 745
84 759
84 187
85 216
85 692
85 541
85 454
85 247
86 667
86 676
86 246
87 291
87 776
87 585
87 404
87 440
87 287
88 514
88 453
88 389
88 549
88 523
88 143
88 309
88 728
88 538
88 668
89 385
89 453
89 493
89 178
89 243
89 116
90 167
90 685
90 143
90 440
90 606
91 192
91 288
91 111
91 311
91 538
92 738
92 596
92 613
92 558
93 487
93 782
93 592
93 245
93 630
93 126
94 563
94 507
95 399
95 183
95 603
95 253
96 344
96 179
96 311
97 640
97 202
97 460
98 602
98 251
98 118
98 527
99 535
99 298
99 108
99 247
99 442
99 157
100 416
100 354
100 548
100 219
101 771
101 488
101 649
101 685
101 208
101 754
101 410
101 509
102 256
102 676
102 428
102 397
102 763
102 636
102 477
103 416
103 645
103 563
103 440
103 316
104 320
104 306
104 564
104 167
105 377
105 625
105 118
105 526
106 298
106 260
106 316
106 633
107 684
107 212
108 515
108 165
108 218
108 589
108 561
108 724
108 312
108 346
109 480
109 266
109 434
109 469
109 287
110 577
110 674
110 452
110 268
110 653
110 305
110 371
110 790
110 187
111 359
111 300
111 703
111 212
111 637
111 575
112 225
112 385
112 428
112 335
112 594
112 278
112 349
113 785
113 300
113 546
113 370
114 322
114 764
114 578
114 343
115 321
115 267
116 739
116 388
116 197
116 176
116 785
116 242
116 628
116 793
117 640
117 681
117 526
117 124
117 243
117 435
117 119
117 699
117 476
118 704
118 557
119 433
119 378
119 307
120 256
120 161
120 289
120 292
120 353
120 175
121 370
121 333
121 163
121 606
122 481
122 517
122 494
122 495
122 690
122 755
122 798
123 386
123 680
123 617
123 528
123 661
124 738
124 486
124 168
124 308
124 507
124 251
124 668
125 544
125 641
125 708
125 199
125 174
125 623
125 208
125 184
126 642
126 455
126 747
126 505
126 495
126 217
126 156
127 777
127 142
128 177
128 458
128 243
128 172
129 606
129 295
130 138
130 747
130 149
130 661
130 379
130 189
130 671
131 582
131 667
131 780
131 342
131 767
132 325
132 197
132 230
132 613
132 742
132 652
132 304
132 499
132 475
132 440
132 379
133 742
133 746
133 398
133 213
133 703
134 475
134 740
134 582
135 192
135 142
135 783
135 731
135 541
136 161
136 163
136 236
137 312
137 268
137 590
138 323
138 711
138 744
138 235
139 679
139 553
139 490
139 556
139 205
139 434
139 245
139 572
139 798
140 157
140 550
141 208
141 657
141 485
141 766
141 543
142 210
142 551
142 566
143 388
143 284
144 226
144 491
144 691
144 341
144 342
144 665
145 610
145 165
145 778
145 685
145 465
145 499
146 352
146 193
146 258
146 657
146 723
146 502
147 392
147 203
147 620
147 525
147 563
147 149
147 566
147 505
147 730
147 287
148 546
148 675
148 720
148 531
148 414
149 550
149 456
149 174
149 750
149 658
150 449
150 303
150 242
150 691
150 697
150 255
151 714
151 362
151 538
151 214
152 658
152 587
152 349
153 320
153 642
153 168
153 235
153 555
153 501
154 400
154 306
154 252
154 524
154 399
155 384
155 483
155 485
155 487
155 682
156 419
156 755
156 500
156 599
156 792
156 636
156 637
157 757
157 717
158 672
158 546
158 429
158 559
158 693
158 378
158 669
159 325
159 518
159 554
159 556
159 623
159 219
160 746
160 444
160 335
160 207
161 707
161 230
161 367
161 244
162 365
162 179
162 588
162 189
163 586
163 271
163 346
163 443
164 617
164 462
164 667
164 252
164 766
165 517
166 773
166 591
167 530
167 791
168 641
168 612
168 669
168 313
168 329
168 333
168 437
168 380
168 509
169 322
169 200
169 726
169 598
169 375
170 216
170 674
170 413
171 352
171 385
171 590
171 526
171 511
172 227
172 208
172 337
172 786
172 758
172 408
172 222
173 296
173 691
173 578
174 229
174 299
174 400
174 602
174 442
174 283
174 286
175 312
175 708
175 570
175 728
177 748
177 430
177 436
177 213
177 181
177 760
177 666
178 551
178 302
178 692
178 244
179 549
179 489
179 236
179 241
180 695
180 591
180 239
181 779
181 530
181 211
181 759
181 637
182 217
182 385
182 445
183 535
184 449
184 748
184 567
185 480
185 683
185 430
185 468
185 310
185 348
185 318
186 353
186 258
186 433
186 565
186 473
186 698
186 668
187 596
188 266
188 246
189 584
189 236
189 493
190 328
190 715
190 361
190 504
191 518
191 198
191 329
191 239
191 563
191 793
192 506
192 492
192 748
193 778
193 587
193 299
193 786
193 244
193 248
194 452
194 360
194 457
194 568
195 364
195 556
195 431
195 560
195 310
195 344
195 572
195 799
196 707
196 484
196 229
196 739
196 711
196 206
196 719
196 604
197 269
197 274
197 734
197 415
198 347
198 702
199 741
199 327
199 648
199 297
199 335
199 377
199 446
200 768
200 491
200 691
200 570
200 223
201 681
201 299
201 500
201 551
202 240
202 402
202 534
202 696
202 701
203 480
203 742
203 775
203 491
203 692
203 340
203 573
204 611
204 566
205 579
205 611
205 458
205 625
205 786
205 283
205 540
205 575
206 768
206 258
206 389
206 649
206 663
207 705
207 291
207 547
207 238
207 243
208 552
208 747
208 430
208 767
209 229
209 294
209 432
209 245
209 216
210 330
210 355
210 446
210 407
211 261
211 653
212 296
212 395
212 721
212 244
212 763
213 766
213 567
214 576
214 292
214 361
214 434
214 370
214 479
215 609
215 741
215 591
215 724
215 629
215 599
216 768
216 739
216 262
216 426
216 522
216 702
217 352
217 512
217 354
217 676
217 351
218 320
218 384
218 616
218 334
218 752
218 658
218 312
219 266
219 782
219 305
219 663
219 379
220 544
220 672
220 652
220 304
220 284
221 778
221 684
221 495
221 335
221 785
221 533
222 344
222 641
223 355
223 388
223 614
223 241
223 310
223 605
224 273
224 426
224 731
226 256
226 231
226 271
226 631
226 604
226 798
227 496
227 609
227 255
228 521
228 585
229 361
229 634
229 764
231 773
231 299
231 555
231 335
231 595
231 319
232 352
232 524
232 748
232 560
232 433
232 374
232 310
233 640
233 402
233 605
233 742
234 425
234 498
234 644
234 783
235 608
235 385
235 492
235 620
235 654
235 465
235 252
236 769
236 738
236 547
236 237
236 436
236 374
237 514
237 355
237 745
237 522
237 558
237 369
237 370
237 469
237 767
238 395
238 684
238 460
238 473
239 705
239 483
240 490
240 465
240 658
241 672
241 521
241 650
241 631
242 705
242 578
242 485
242 530
243 738
243 581
243 436
243 598
244 436
245 707
245 358
245 460
245 435
245 250
246 625
246 591
246 455
247 360
247 716
247 371
247 377
247 346
248 384
248 683
248 400
248 311
249 528
249 485
249 645
249 319
250 452
250 526
251 291
252 429
252 718
253 416
253 673
253 362
254 776
255 529
255 602
255 438
256 416
256 621
256 433
256 663
256 539
256 510
256 799
257 592
258 683
258 466
258 566
258 473
259 443
259 567
259 327
260 737
260 488
260 364
260 467
260 507
261 347
261 284
261 462
262 562
262 459
263 737
263 732
263 398
263 567
264 421
264 585
264 458
264 268
264 272
264 628
264 375
264 282
264 572
265 725
265 614
266 768
266 650
266 270
266 502
266 635
267 333
267 317
268 291
268 421
268 399
268 655
268 783
268 724
268 533
268 539
269 689
269 691
269 411
269 701
270 540
270 719
271 399
271 569
271 531
271 313
272 609
273 417
273 512
273 546
273 612
273 303
273 338
273 604
273 413
274 512
274 457
274 332
275 617
275 404
275 559
276 483
276 542
276 743
276 747
276 528
276 562
276 730
276 606
277 794
277 334
277 642
278 783
278 685
278 453
279 631
279 681
279 653
279 727
279 413
280 755
280 605
280 742
281 513
281 555
281 428
281 748
281 550
282 431
282 755
282 534
282 381
283 302
283 698
283 608
284 769
284 546
284 732
285 346
285 301
286 706
286 486
286 589
286 535
286 764
287 327
287 721
287 405
288 555
288 722
288 643
289 533
289 579
290 356
290 526
290 400
290 691
290 797
290 511
291 682
292 578
292 579
292 517
292 568
292 526
292 734
293 414
294 491
294 295
295 549
295 428
295 623
295 592
295 476
296 576
296 581
296 392
296 523
296 716
296 602
297 627
298 770
298 648
298 345
299 471
299 420
299 394
299 553
299 336
299 441
299 797
300 640
300 484
300 690
300 785
301 486
301 391
301 693
301 415
302 641
302 483
302 586
302 714
302 479
303 323
303 692
303 635
304 678
304 363
304 527
304 504
305 385
305 633
306 380
306 798
307 577
307 460
307 539
307 667
308 609
308 498
308 316
308 759
309 312
309 595
309 789
309 534
310 313
310 489
310 587
310 653
310 495
310 316
311 484
311 708
311 457
311 592
311 543
312 563
313 677
313 459
313 750
313 498
313 638
314 576
314 420
314 582
314 742
314 457
314 789
314 508
315 675
315 552
315 462
315 400
315 625
315 665
317 590
317 684
318 334
318 631
319 633
319 710
319 526
320 552
321 648
321 753
321 398
322 674
323 431
323 697
324 673
324 426
324 686
324 630
325 738
325 390
325 776
325 459
325 436
325 636
326 626
326 748
326 589
326 503
327 359
327 567
327 665
328 432
328 373
329 707
329 613
329 719
329 751
329 569
330 461
330 657
330 343
331 337
331 735
331 421
331 383
332 636
332 775
332 391
333 608
333 440
333 555
333 624
333 595
333 691
333 413
334 577
334 553
334 733
335 359
335 553
335 658
335 538
336 513
337 595
338 698
339 601
339 497
339 620
340 489
340 750
340 687
340 583
341 755
342 660
342 537
343 476
344 546
344 780
344 752
344 530
344 442
345 544
345 748
345 525
345 622
345 436
345 507
345 764
346 738
346 430
346 798
347 651
347 466
347 533
347 534
347 757
347 408
348 704
348 516
348 517
348 587
348 779
348 785
349 552
349 797
350 601
350 676
350 443
350 628
351 358
351 492
351 408
351 506
351 509
352 519
353 641
353 486
353 763
354 360
354 411
354 573
354 670
355 493
355 766
356 482
356 774
356 535
356 542
356 383
357 364
358 579
358 618
358 594
359 606
359 558
359 569
359 542
359 479
360 674
360 388
360 734
361 647
361 456
361 649
361 651
362 593
362 706
363 444
363 625
363 666
363 700
363 767
364 480
364 530
364 628
364 786
365 745
365 621
365 720
365 594
365 630
365 476
366 452
366 533
366 719
367 473
367 606
368 634
368 564
368 742
369 681
369 587
369 588
369 753
369 569
370 579
370 693
371 558
372 690
372 382
372 771
373 576
373 487
373 713
373 777
373 412
373 414
374 733
375 606
376 616
376 656
376 563
376 732
376 767
377 549
377 780
377 410
377 381
378 391
378 706
378 635
379 521
379 413
379 735
380 786
380 605
381 482
381 427
381 683
381 786
382 386
382 727
383 564
384 608
385 663
385 671
386 746
386 739
387 728
387 652
387 509
387 566
388 621
388 603
389 449
389 450
389 451
389 780
389 654
389 597
389 599
389 601
389 637
390 488
390 785
390 603
390 654
391 420
391 747
391 593
392 395
392 430
393 625
393 606
394 616
395 548
395 479
396 777
396 490
396 651
396 582
397 720
397 561
397 470
397 777
398 655
399 630
400 411
400 570
401 694
401 606
402 710
402 731
403 544
406 687
406 547
406 567
407 772
408 714
409 569
409 693
409 710
410 654
410 443
411 617
411 451
412 547
412 498
412 719
413 736
413 466
414 770
414 511
415 553
415 725
415 541
415 479
416 643
416 644
416 747
416 503
417 749
417 497
417 537
418 507
418 614
418 731
419 690
419 659
419 654
419 575
420 603
420 465
421 641
421 646
421 665
422 581
423 781
423 453
423 758
424 635
424 557
425 730
425 628
425 782
426 640
426 617
426 428
426 723
427 450
427 515
427 582
428 480
428 454
428 614
428 557
428 724
428 793
428 792
428 668
429 580
430 453
430 583
430 458
431 485
431 649
431 746
432 742
432 615
432 649
432 668
433 567
433 530
433 501
434 705
434 456
434 520
434 785
434 763
435 657
435 545
435 535
436 650
437 727
437 478
437 534
438 710
438 467
438 533
439 777
439 470
440 483
440 452
441 786
441 486
443 641
443 578
443 589
444 457
444 748
444 594
445 485
445 567
445 762
446 726
447 708
448 609
448 643
448 667
448 741
449 769
449 589
450 748
450 752
450 758
451 523
452 577
452 547
452 673
452 699
454 576
454 729
454 684
455 480
455 611
455 718
456 522
457 793
457 507
458 770
458 459
458 462
459 660
459 604
460 683
460 570
461 739
461 700
461 463
462 741
463 709
463 617
463 777
464 546
464 634
465 547
465 675
465 742
465 623
465 631
466 472
466 748
467 611
467 486
467 679
467 777
467 718
468 619
468 716
468 536
468 763
468 733
469 540
469 665
470 555
470 729
470 699
470 476
471 746
472 676
472 501
473 547
473 710
473 749
473 604
474 544
474 514
474 742
474 711
474 723
474 475
475 738
475 774
476 576
476 753
477 572
477 589
478 728
478 738
479 705
479 771
479 604
480 721
480 792
481 705
481 499
481 663
481 638
482 745
482 619
482 747
482 497
482 789
482 795
483 742
483 754
484 757
485 669
485 651
486 640
486 589
486 782
486 728
487 577
487 634
488 558
488 638
489 611
489 620
489 593
490 633
490 509
491 663
492 745
493 557
493 665
493 762
494 515
494 530
494 754
494 728
495 784
496 520
496 748
496 704
497 531
497 653
498 594
498 690
498 597
498 543
499 736
499 551
499 558
500 727
500 717
500 580
501 630
502 710
502 790
502 760
502 762
503 627
503 703
504 506
504 796
505 540
506 609
506 514
506 779
507 576
507 575
508 712
508 646
510 774
511 579
511 783
511 561
511 531
511 543
513 674
513 720
513 784
513 728
513 763
514 640
514 536
514 725
515 644
515 687
516 553
517 578
519 791
520 545
520 678
521 761
522 768
522 748
522 558
522 634
522 542
523 562
524 657
524 601
524 763
524 733
525 653
525 785
525 687
526 653
527 601
527 784
528 708
528 554
529 746
530 545
531 753
531 596
531 702
532 768
533 688
533 699
533 787
533 566
534 719
535 675
535 714
535 667
537 703
537 565
537 607
539 622
539 638
540 717
541 614
541 681
541 586
541 659
541 795
542 608
542 699
543 707
543 616
544 620
544 730
545 687
545 575
547 551
547 722
547 754
548 554
548 791
549 672
550 613
550 570
551 707
551 750
552 655
553 578
553 728
553 697
554 681
554 599
554 601
555 641
555 630
555 734
555 671
556 611
557 576
557 768
557 706
557 572
558 684
558 691
559 697
559 798
559 715
561 660
562 714
562 728
562 766
563 744
564 786
565 738
566 584
566 649
566 719
566 755
567 609
567 610
567 773
567 795
568 630
569 674
571 718
571 710
572 796
573 687
574 713
574 686
574 719
574 750
574 662
575 755
576 736
576 647
576 688
576 720
577 759
578 781
578 596
578 659
579 692
579 799
579 638
580 605
581 740
581 789
582 612
582 752
583 733
584 756
586 736
586 780
586 594
587 682
587 747
588 628
588 622
588 798
589 668
589 792
589 665
590 769
592 708
592 776
592 650
592 727
592 688
594 625
595 717
595 782
596 742
596 748
596 727
596 670
597 780
597 708
598 769
598 649
598 671
599 682
599 606
601 798
601 602
601 796
601 639
602 623
603 645
605 668
605 655
607 744
607 716
608 760
609 673
609 623
610 640
611 648
611 765
612 650
613 646
615 786
615 710
616 671
617 653
617 661
618 698
618 779
619 715
619 689
619 735
621 642
622 692
622 729
623 707
623 664
624 690
624 710
625 769
625 796
626 630
626 651
626 678
628 769
628 746
628 697
629 785
630 672
630 740
630 746
631 711
631 681
631 718
631 694
632 665
633 783
633 635
634 772
634 654
634 766
634 730
634 702
635 757
635 698
635 637
636 722
637 790
638 705
640 660
640 662
640 796
641 653
642 772
642 649
643 788
644 689
644 759
645 680
645 691
645 762
646 773
646 751
646 728
648 714
648 685
649 661
650 658
651 752
654 743
657 679
658 775
658 765
659 684
660 776
661 762
661 733
662 724
663 783
667 773
668 791
669 673
671 721
672 755
673 741
674 757
674 703
675 714
675 796
676 764
677 725
677 701
679 700
679 691
680 711
680 713
680 686
683 742
684 738
685 791
685 734
687 692
687 764
689 773
689 711
689 792
690 693
690 696
692 799
693 770
693 743
693 745
693 788
693 797
694 760
694 770
694 705
695 744
695 753
698 752
698 757
699 744
699 759
700 706
702 716
702 792
705 768
710 792
711 725
711 764
719 782
719 767
720 780
721 727
723 777
725 738
726 796
728 743
729 768
729 745
729 783
729 790
735 764
736 793
737 786
739 791
739 751
739 759
762 774
765 778
773 776
784 794
787 797
791 795
793 797
