800 8000
0 259
0 520
0 522
0 395
0 21
0 664
0 541
0 688
0 314
0 598
0 215
0 216
0 345
0 476
0 93
0 606
0 498
0 115
0 116
0 757
0 248
0 635
1 416
1 452
1 198
1 296
1 393
1 170
1 43
1 175
1 401
1 246
1 343
1 798
1 511
2 5
2 645
2 140
2 141
2 400
2 274
2 662
2 411
2 157
2 161
2 424
2 306
2 179
2 311
2 203
2 719
2 336
2 220
2 93
2 222
2 735
2 352
2 245
2 374
3 32
3 481
3 164
3 613
3 230
3 614
3 488
3 713
3 10
3 75
3 595
3 661
3 438
3 568
3 633
3 316
3 318
3 351
4 544
4 258
4 483
4 610
4 229
4 421
4 391
4 611
4 525
4 334
4 143
4 592
4 625
4 530
4 686
4 661
4 789
4 440
4 634
4 284
5 512
5 137
5 783
5 280
5 672
5 687
5 306
5 315
5 703
5 63
5 65
5 705
5 71
5 75
5 83
5 468
5 215
5 222
5 608
5 100
5 373
6 516
6 16
6 785
6 406
6 663
6 416
6 417
6 552
6 682
6 46
6 686
6 308
6 310
6 205
6 472
6 351
6 483
6 101
6 618
6 619
6 623
6 628
7 641
7 642
7 263
7 401
7 794
7 160
7 433
7 693
7 570
7 62
7 69
7 586
7 205
7 717
7 214
7 471
7 600
7 222
7 741
7 614
7 502
7 511
8 448
8 97
8 387
8 422
8 40
8 456
8 14
8 240
8 179
8 501
8 693
8 380
8 506
8 220
8 509
8 798
9 160
9 386
9 67
9 100
9 101
9 582
9 542
9 643
9 775
9 458
9 620
9 206
9 434
9 437
9 757
9 187
9 605
9 286
10 130
10 142
10 146
10 793
10 540
10 288
10 675
10 169
10 685
10 302
10 559
10 177
10 199
10 711
10 459
10 83
10 604
10 608
10 481
10 232
10 622
10 372
10 629
11 224
11 34
11 414
11 542
11 328
11 360
11 362
11 574
11 44
11 268
11 631
11 336
11 594
11 212
11 692
11 503
11 280
11 158
12 646
12 139
12 528
12 149
12 405
12 416
12 171
12 427
12 429
12 302
12 308
12 318
12 447
12 191
12 460
12 464
12 88
12 475
12 360
12 493
12 239
12 497
12 382
13 640
13 516
13 198
13 231
13 489
13 267
13 365
13 238
13 47
13 433
13 529
13 85
13 765
13 351
14 769
14 645
14 652
14 397
14 781
14 535
14 25
14 287
14 421
14 677
14 434
14 53
14 438
14 713
14 206
14 210
14 86
14 215
14 88
14 732
14 477
14 228
14 357
14 104
14 360
14 240
14 499
14 761
15 64
15 384
15 578
15 195
15 196
15 389
15 644
15 762
15 712
15 617
15 44
15 782
15 111
15 633
15 82
15 467
15 117
15 634
15 505
15 538
16 636
16 385
16 707
16 771
16 549
16 39
16 713
16 589
16 207
16 751
16 689
16 499
16 276
16 437
16 150
16 374
16 408
16 124
17 417
17 550
17 359
17 487
17 265
17 511
17 236
17 77
17 45
17 591
17 337
17 401
17 147
17 115
17 657
17 214
17 695
17 633
17 442
17 411
17 383
18 65
18 483
18 740
18 133
18 637
18 295
18 663
18 479
18 529
18 212
18 468
18 375
18 282
18 63
18 382
18 127
19 646
19 263
19 137
19 269
19 525
19 144
19 277
19 796
19 545
19 38
19 167
19 687
19 180
19 63
19 336
19 732
19 611
19 484
19 104
19 360
19 240
19 759
19 760
20 640
20 545
20 259
20 771
20 518
20 679
20 568
20 555
20 108
20 429
20 618
20 714
20 274
20 631
20 344
20 765
20 158
21 257
21 290
21 355
21 417
21 675
21 796
21 360
21 392
21 138
21 523
21 607
21 177
21 369
21 116
21 504
21 153
21 220
21 511
22 32
22 547
22 580
22 165
22 294
22 643
22 232
22 520
22 748
22 696
22 718
22 561
22 402
22 563
22 692
22 343
22 664
22 606
23 768
23 260
23 263
23 405
23 538
23 669
23 161
23 435
23 309
23 56
23 443
23 444
23 706
23 221
23 96
23 742
23 359
23 488
23 238
23 496
23 753
23 249
23 509
24 736
24 610
24 709
24 582
24 168
24 488
24 536
24 331
24 552
24 397
24 302
24 687
24 304
24 592
24 50
24 146
24 438
24 56
24 570
24 126
25 640
25 391
25 392
25 523
25 524
25 143
25 658
25 147
25 277
25 29
25 797
25 287
25 684
25 565
25 699
25 60
25 703
25 576
25 197
25 328
25 713
25 77
25 84
25 728
26 129
26 130
26 653
26 151
26 794
26 796
26 285
26 291
26 547
26 425
26 426
26 442
26 193
26 707
26 200
26 337
26 339
26 470
26 729
26 476
26 741
26 238
26 246
26 248
26 121
26 250
27 293
27 581
27 199
27 138
27 140
27 397
27 752
27 114
27 371
27 500
27 603
27 414
28 165
28 69
28 70
28 264
28 421
28 615
28 650
28 364
28 111
28 210
28 758
28 729
28 794
28 157
29 772
29 391
29 528
29 405
29 158
29 32
29 291
29 548
29 428
29 175
29 564
29 183
29 314
29 190
29 199
29 459
29 470
29 617
29 749
29 624
29 625
30 131
30 446
30 486
30 744
30 765
30 490
30 780
30 434
30 52
30 373
30 789
30 790
30 216
30 409
30 189
30 382
31 417
31 545
31 436
31 565
31 183
31 313
31 195
31 70
31 198
31 330
31 458
31 715
31 334
31 466
31 471
31 88
31 218
31 349
31 222
31 235
31 368
31 369
31 120
31 122
31 510
31 639
32 194
32 258
32 486
32 295
32 746
32 369
32 311
32 115
32 465
32 755
32 310
32 250
32 315
32 158
32 286
33 416
33 672
33 704
33 456
33 585
33 74
33 267
33 441
33 779
33 494
33 622
33 435
33 799
33 311
33 216
33 153
33 122
33 735
34 795
34 225
34 642
34 196
34 100
34 205
34 494
34 399
34 465
34 338
34 627
34 597
34 250
34 251
34 316
34 222
35 192
35 161
35 416
35 163
35 376
35 513
35 74
35 554
35 782
35 735
35 115
35 148
35 405
35 499
35 55
35 56
35 724
35 475
35 511
36 513
36 355
36 421
36 453
36 582
36 490
36 107
36 586
36 111
36 495
36 624
36 783
36 179
36 786
36 792
36 313
36 447
37 390
37 268
37 407
37 154
37 668
37 540
37 681
37 557
37 687
37 179
37 180
37 185
37 583
37 459
37 76
37 722
37 213
37 735
37 485
37 744
37 503
37 636
38 771
38 143
38 530
38 150
38 278
38 794
38 797
38 166
38 681
38 45
38 560
38 180
38 310
38 195
38 69
38 588
38 717
38 346
38 90
38 98
38 486
38 744
38 114
38 245
38 246
38 757
38 634
38 380
38 639
39 643
39 516
39 771
39 652
39 270
39 273
39 784
39 149
39 549
39 169
39 316
39 188
39 707
39 604
39 605
39 480
39 353
39 226
39 482
39 741
39 486
39 751
39 639
40 768
40 321
40 197
40 70
40 330
40 363
40 396
40 619
40 46
40 590
40 211
40 308
40 660
40 88
40 154
40 285
40 350
41 134
41 785
41 536
41 295
41 429
41 688
41 49
41 182
41 310
41 700
41 701
41 320
41 322
41 72
41 86
41 728
41 473
41 730
41 96
41 97
41 231
41 745
41 236
41 622
41 638
42 736
42 260
42 68
42 102
42 293
42 388
42 330
42 746
42 601
42 209
42 624
42 499
42 691
42 183
42 441
42 156
42 797
43 736
43 98
43 134
43 265
43 521
43 638
43 777
43 592
43 274
43 735
43 799
43 757
43 118
43 568
43 409
43 250
43 286
43 127
44 481
44 515
44 68
44 164
44 262
44 71
44 389
44 201
44 491
44 333
44 142
44 559
44 209
44 593
44 734
44 181
44 470
44 286
44 63
45 129
45 522
45 398
45 669
45 157
45 158
45 671
45 674
45 682
45 688
45 564
45 317
45 320
45 194
45 578
45 204
45 461
45 334
45 733
45 222
45 224
45 738
45 490
45 372
46 647
46 783
46 786
46 789
46 538
46 165
46 424
46 426
46 50
46 309
46 54
46 190
46 577
46 709
46 710
46 456
46 457
46 80
46 211
46 84
46 341
46 482
46 498
46 757
46 255
47 192
47 541
47 67
47 100
47 260
47 674
47 675
47 679
47 76
47 109
47 620
47 688
47 625
47 702
47 409
47 285
47 94
48 352
48 289
48 225
48 385
48 448
48 513
48 550
48 263
48 296
48 745
48 591
48 81
48 306
48 180
48 630
48 443
48 479
49 739
49 644
49 741
49 710
49 457
49 75
49 204
49 717
49 747
49 759
49 179
49 533
49 438
49 407
49 571
49 478
49 447
50 132
50 645
50 651
50 528
50 278
50 542
50 798
50 417
50 290
50 296
50 297
50 689
50 695
50 443
50 573
50 72
50 461
50 85
50 599
50 346
50 479
50 223
50 743
50 627
50 122
51 481
51 424
51 663
51 586
51 267
51 650
51 275
51 755
51 597
51 567
51 697
51 762
51 380
51 605
51 798
52 771
52 138
52 779
52 398
52 272
52 412
52 421
52 550
52 427
52 688
52 563
52 184
52 187
52 573
52 574
52 713
52 595
52 358
52 486
52 491
52 622
52 756
53 640
53 408
53 200
53 441
53 428
53 430
53 144
53 654
53 665
53 83
53 339
53 595
53 246
53 661
53 56
53 185
53 250
54 131
54 645
54 519
54 136
54 649
54 523
54 401
54 541
54 292
54 427
54 180
54 695
54 440
54 571
54 444
54 320
54 66
54 586
54 75
54 337
54 470
54 599
54 93
54 354
54 99
54 359
54 615
54 634
54 767
55 513
55 195
55 611
55 776
55 361
55 746
55 620
55 431
55 144
55 527
55 754
55 403
55 122
55 123
55 350
55 543
56 528
56 163
56 292
56 174
56 436
56 60
56 190
56 576
56 323
56 337
56 597
56 346
56 604
56 226
56 750
56 497
56 245
56 249
57 129
57 139
57 523
57 272
57 786
57 788
57 280
57 408
57 668
57 412
57 542
57 291
57 175
57 688
57 179
57 69
57 82
57 83
57 216
57 351
57 609
57 482
58 97
58 195
58 326
58 486
58 106
58 203
58 140
58 618
58 274
58 338
58 84
58 725
58 408
58 121
58 219
58 92
58 413
58 543
59 609
59 579
59 771
59 680
59 682
59 78
59 305
59 371
59 180
59 213
59 597
59 693
59 758
59 479
60 160
60 193
60 611
60 796
60 295
60 301
60 333
60 334
60 336
60 463
60 114
60 686
60 244
60 532
60 762
60 476
61 292
61 389
61 452
61 455
61 733
61 621
61 206
61 495
61 721
61 210
61 339
61 531
61 566
61 152
61 793
61 253
61 382
61 287
62 352
62 609
62 258
62 131
62 450
62 616
62 522
62 746
62 560
62 561
62 306
62 726
62 631
62 792
62 249
62 282
62 507
62 572
62 189
63 650
63 148
63 530
63 150
63 413
63 542
63 173
63 445
63 326
63 80
63 81
63 83
63 222
63 98
63 743
63 746
63 237
63 249
63 762
63 764
63 639
64 139
64 781
64 150
64 282
64 156
64 669
64 673
64 548
64 422
64 552
64 174
64 563
64 581
64 466
64 722
64 727
64 217
64 93
64 738
64 740
64 616
64 106
64 111
64 368
64 507
65 353
65 131
65 259
65 69
65 551
65 582
65 647
65 556
65 435
65 629
65 87
65 477
65 127
66 320
66 257
66 450
66 387
66 612
66 421
66 72
66 683
66 140
66 749
66 305
66 562
66 659
66 276
66 500
66 725
66 539
66 794
66 251
66 797
67 192
67 193
67 385
67 704
67 772
67 583
67 330
67 203
67 428
67 493
67 714
67 745
67 370
67 276
67 214
67 504
67 444
67 412
67 639
68 134
68 326
68 104
68 425
68 362
68 487
68 614
68 651
68 655
68 145
68 696
68 787
68 84
68 799
68 374
68 312
68 537
68 318
68 255
69 384
69 407
69 546
69 549
69 136
69 201
69 681
69 709
69 715
69 173
69 269
69 400
69 790
69 215
69 573
69 94
70 704
70 580
70 485
70 393
70 490
70 124
70 81
70 401
70 83
70 592
70 213
70 118
70 601
70 506
71 514
71 139
71 398
71 407
71 410
71 421
71 550
71 424
71 558
71 439
71 702
71 578
71 77
71 217
71 248
71 486
71 363
71 625
71 117
71 632
72 738
72 408
72 102
72 105
72 107
72 204
72 714
72 335
72 527
72 561
72 435
72 252
72 720
72 788
72 88
72 633
72 699
72 120
73 130
73 99
73 100
73 133
73 546
73 773
73 488
73 106
73 75
73 108
73 620
73 497
73 786
73 724
73 406
73 599
73 666
73 509
73 638
74 194
74 481
74 483
74 326
74 359
74 234
74 426
74 797
74 303
74 532
74 215
74 285
74 446
75 257
75 400
75 273
75 792
75 664
75 794
75 297
75 437
75 700
75 321
75 334
75 335
75 356
75 108
75 237
75 115
75 635
76 770
76 519
76 647
76 785
76 536
76 281
76 289
76 550
76 554
76 446
76 190
76 192
76 712
76 334
76 720
76 224
76 97
76 612
76 359
76 744
76 254
76 383
77 352
77 513
77 361
77 489
77 587
77 556
77 367
77 569
77 84
77 436
77 280
77 155
77 126
78 644
78 134
78 359
78 265
78 365
78 687
78 272
78 178
78 500
78 278
78 343
78 444
78 414
79 162
79 101
79 485
79 423
79 778
79 780
79 148
79 116
79 469
79 471
79 634
79 724
79 282
79 539
80 708
80 135
80 649
80 268
80 397
80 239
80 271
80 272
80 466
80 524
80 755
80 469
80 537
80 346
80 571
81 768
81 322
81 326
81 327
81 488
81 459
81 587
81 302
81 721
81 594
81 597
81 662
81 443
82 535
82 329
82 330
82 272
82 273
82 370
82 467
82 341
82 726
82 348
82 602
82 156
82 478
83 770
83 272
83 403
83 540
83 541
83 161
83 421
83 177
83 565
83 313
83 443
83 697
83 189
83 320
83 449
83 705
83 474
83 732
83 235
83 752
83 383
84 98
84 132
84 294
84 605
84 297
84 683
84 684
84 431
84 525
84 242
84 246
84 375
84 477
84 95
85 513
85 197
85 550
85 615
85 394
85 588
85 242
85 403
85 562
85 280
85 281
85 476
85 318
86 416
86 450
86 420
86 392
86 204
86 558
86 529
86 242
86 213
86 629
86 664
86 764
86 701
87 705
87 737
87 164
87 581
87 681
87 715
87 749
87 111
87 242
87 147
87 786
87 149
87 120
87 347
87 572
87 733
88 228
88 325
88 644
88 232
88 298
88 364
88 686
88 241
88 465
88 115
88 371
88 186
88 508
88 605
89 322
89 515
89 762
89 453
89 478
89 392
89 202
89 331
89 248
89 122
89 507
89 446
90 352
90 161
90 130
90 99
90 419
90 580
90 581
90 743
90 606
90 775
90 427
90 560
90 498
90 181
90 599
90 220
90 413
90 382
90 159
91 224
91 732
91 709
91 109
91 525
91 143
91 463
91 686
91 114
91 760
91 500
91 568
91 570
91 284
91 95
92 128
92 161
92 289
92 642
92 516
92 201
92 426
92 203
92 140
92 523
92 238
92 720
92 474
92 565
92 629
92 280
92 730
93 512
93 197
93 133
93 669
93 584
93 425
93 677
93 775
93 237
93 275
93 407
93 730
93 602
93 763
93 220
93 221
94 642
94 388
94 709
94 359
94 168
94 139
94 140
94 429
94 336
94 401
94 785
94 180
94 277
94 309
94 407
94 470
94 666
94 347
94 286
95 132
95 517
95 141
95 654
95 785
95 663
95 172
95 175
95 701
95 575
95 582
95 457
95 202
95 227
95 229
95 237
95 240
95 756
95 249
95 126
96 133
96 525
96 292
96 555
96 176
96 309
96 451
96 327
96 715
96 462
96 208
96 728
96 475
96 355
96 108
96 749
96 495
96 370
96 760
96 379
97 280
97 290
97 163
97 197
97 536
97 714
97 664
97 607
97 715
97 566
97 151
97 152
97 729
97 381
97 254
97 319
98 768
98 387
98 645
98 273
98 657
98 275
98 285
98 307
98 565
98 441
98 451
98 455
98 200
98 335
98 471
98 476
98 478
98 224
98 614
98 359
98 366
98 754
98 244
98 638
99 481
99 195
99 292
99 643
99 136
99 392
99 429
99 799
99 310
99 475
99 669
99 606
99 159
100 130
100 398
100 657
100 676
100 428
100 308
100 693
100 183
100 315
100 700
100 188
100 704
100 459
100 216
100 474
100 476
100 737
100 235
101 387
101 647
101 400
101 405
101 664
101 537
101 414
101 165
101 694
101 571
101 319
101 329
101 713
101 714
101 340
101 476
101 736
101 486
101 623
101 754
101 503
102 289
102 392
102 298
102 778
102 557
102 766
102 208
102 466
102 404
102 120
102 665
102 379
102 478
102 735
103 160
103 260
103 612
103 328
103 362
103 299
103 333
103 334
103 751
103 336
103 115
103 211
103 403
103 436
103 218
103 670
103 543
104 256
104 515
104 133
104 527
104 149
104 280
104 414
104 546
104 297
104 314
104 194
104 706
104 215
104 230
104 488
104 747
104 112
104 762
104 508
105 544
105 641
105 677
105 454
105 678
105 747
105 269
105 109
105 366
105 400
105 113
105 466
105 621
105 688
105 719
105 374
105 250
106 257
106 419
106 708
106 425
106 585
106 524
106 205
106 302
106 655
106 464
106 715
106 778
106 659
106 342
106 316
107 768
107 138
107 396
107 276
107 281
107 674
107 679
107 297
107 557
107 563
107 696
107 190
107 705
107 345
107 220
107 229
107 359
107 232
107 617
107 754
107 628
107 764
107 511
108 643
108 392
108 147
108 403
108 406
108 792
108 409
108 667
108 682
108 427
108 212
108 599
108 603
108 219
108 482
108 627
108 118
108 376
108 122
108 766
109 512
109 579
109 701
109 329
109 779
109 493
109 113
109 369
109 497
109 660
109 722
109 348
109 156
109 540
109 158
110 289
110 675
110 389
110 198
110 518
110 204
110 365
110 556
110 652
110 530
110 499
110 372
110 117
110 761
110 759
110 217
110 698
111 738
111 227
111 165
111 422
111 648
111 650
111 759
111 658
111 731
111 253
112 743
112 585
112 395
112 141
112 575
112 591
112 432
112 209
112 402
112 342
112 634
112 601
112 122
112 317
112 574
112 447
113 146
113 788
113 407
113 539
113 540
113 670
113 296
113 424
113 301
113 178
113 562
113 180
113 444
113 190
113 319
113 704
113 455
113 462
113 466
113 481
113 354
113 482
113 356
113 250
114 224
114 448
114 354
114 545
114 771
114 134
114 631
114 647
114 465
114 178
114 307
114 372
114 724
114 119
114 281
114 699
114 571
115 256
115 516
115 393
115 529
115 404
115 278
115 280
115 666
115 412
115 542
115 550
115 439
115 570
115 445
115 456
115 725
115 218
115 348
115 360
115 749
115 497
115 625
115 634
115 382
116 129
116 258
116 352
116 737
116 772
116 796
116 490
116 778
116 621
116 239
116 495
116 242
116 720
116 603
116 124
116 573
117 640
117 353
117 773
117 486
117 423
117 429
117 781
117 369
117 210
117 757
117 473
117 347
117 571
118 769
118 642
118 765
118 281
118 795
118 546
118 291
118 678
118 429
118 686
118 702
118 576
118 577
118 203
118 348
118 477
118 606
118 481
118 617
118 492
118 627
118 378
118 253
118 383
119 401
119 660
119 794
119 286
119 161
119 676
119 293
119 422
119 550
119 552
119 297
119 566
119 323
119 457
119 330
119 729
119 606
119 743
119 232
119 748
119 494
119 627
119 373
119 635
119 380
119 382
120 747
120 623
120 433
120 499
120 249
120 506
121 257
121 386
121 195
121 748
121 537
121 399
121 690
121 372
121 404
121 310
121 661
121 441
121 508
121 159
122 644
122 777
122 396
122 403
122 787
122 790
122 292
122 676
122 558
122 437
122 315
122 198
122 326
122 459
122 590
122 594
122 219
122 614
122 618
122 126
123 259
123 292
123 676
123 230
123 294
123 327
123 552
123 617
123 473
123 719
123 213
123 181
123 441
123 637
123 351
124 128
124 652
124 781
124 398
124 278
124 791
124 412
124 669
124 290
124 292
124 551
124 683
124 695
124 568
124 700
124 189
124 330
124 459
124 592
124 210
124 598
124 216
124 730
124 734
124 738
124 356
124 245
125 418
125 739
125 264
125 521
125 395
125 621
125 174
125 560
125 337
125 753
125 213
125 469
125 790
125 157
125 702
126 320
126 352
126 513
126 452
126 581
126 536
126 586
126 491
126 525
126 463
126 435
126 597
126 789
126 251
126 350
127 782
127 162
127 676
127 428
127 690
127 442
127 317
127 445
127 321
127 327
127 715
127 342
127 733
127 482
127 739
127 237
127 499
127 627
127 245
127 502
127 760
127 633
127 766
128 352
128 161
128 576
128 295
128 670
128 207
128 528
128 434
128 179
128 350
129 162
129 232
129 681
129 682
129 523
129 555
129 684
129 207
129 399
129 702
129 181
129 535
129 184
129 379
129 156
129 254
130 675
130 199
130 201
130 618
130 462
130 497
130 753
130 723
130 596
130 439
130 671
131 648
131 776
131 778
131 667
131 541
131 542
131 675
131 677
131 298
131 566
131 333
131 462
131 596
131 346
131 475
131 224
131 618
131 510
132 386
132 644
132 776
132 782
132 274
132 670
132 553
132 566
132 701
132 319
132 456
132 340
132 341
132 471
132 729
132 347
132 612
132 740
132 744
132 371
132 505
133 480
133 736
133 195
133 355
133 516
133 580
133 139
133 267
133 363
133 492
133 556
133 176
133 685
133 786
133 281
134 771
134 519
134 402
134 532
134 406
134 286
134 681
134 183
134 185
134 314
134 587
134 590
134 338
134 608
134 746
134 491
134 622
134 369
134 371
134 245
135 320
135 771
135 164
135 199
135 489
135 458
135 713
135 524
135 654
135 335
135 399
135 625
135 150
135 599
135 796
136 229
136 582
136 679
136 492
136 691
136 407
136 312
136 538
137 293
137 542
137 551
137 298
137 555
137 333
137 722
137 468
137 469
137 500
137 572
137 728
137 539
137 284
137 478
137 223
138 771
138 141
138 270
138 154
138 543
138 799
138 162
138 563
138 191
138 580
138 326
138 715
138 468
138 478
138 350
138 736
138 615
138 364
139 640
139 262
139 398
139 655
139 403
139 406
139 670
139 549
139 167
139 436
139 311
139 447
139 215
139 482
139 361
139 495
139 499
139 631
140 321
140 444
140 769
140 606
140 174
140 654
140 147
140 372
140 505
140 317
140 287
141 774
141 656
141 151
141 667
141 172
141 176
141 446
141 577
141 451
141 714
141 595
141 342
141 357
141 235
141 236
141 367
141 752
141 501
141 757
141 503
141 249
141 638
142 256
142 772
142 261
142 266
142 779
142 144
142 149
142 538
142 155
142 420
142 553
142 304
142 189
142 583
142 202
142 203
142 478
142 497
142 509
142 382
143 770
143 645
143 263
143 765
143 147
143 796
143 292
143 293
143 298
143 176
143 310
143 712
143 586
143 587
143 476
143 353
143 737
143 486
143 749
143 239
143 243
143 637
143 383
144 640
144 768
144 386
144 789
144 428
144 174
144 434
144 436
144 182
144 184
144 578
144 454
144 723
144 218
144 603
144 732
144 220
144 221
144 751
145 259
145 261
145 524
145 654
145 271
145 538
145 684
145 179
145 313
145 442
145 196
145 325
145 728
145 223
145 612
145 744
145 749
145 624
145 503
145 377
145 767
146 452
146 649
146 299
146 176
146 305
146 752
146 755
146 405
146 785
146 759
146 764
146 669
146 383
147 770
147 518
147 775
147 779
147 274
147 407
147 162
147 427
147 177
147 182
147 568
147 571
147 333
147 207
147 212
147 215
147 728
147 609
147 233
147 617
147 618
147 373
147 255
148 384
148 392
148 784
148 529
148 282
148 287
148 672
148 290
148 163
148 419
148 677
148 181
148 199
148 332
148 466
148 480
148 736
148 375
148 508
149 544
149 418
149 738
149 293
149 421
149 744
149 774
149 777
149 334
149 660
149 793
149 702
149 375
150 193
150 227
150 606
150 554
150 492
150 366
150 718
150 276
150 279
150 158
151 290
151 739
151 228
151 679
151 733
151 201
151 428
151 366
151 717
151 671
151 474
151 338
151 728
151 604
151 253
151 287
152 288
152 448
152 610
152 425
152 568
152 681
152 176
152 474
152 665
152 309
152 469
152 534
152 440
152 566
152 154
152 794
152 668
152 478
153 545
153 773
153 422
153 701
153 168
153 203
153 688
153 465
153 723
153 533
153 663
153 345
153 378
153 187
153 253
153 254
154 516
154 391
154 777
154 275
154 404
154 277
154 410
154 168
154 687
154 561
154 436
154 182
154 186
154 315
154 702
154 331
154 589
154 334
154 207
154 717
154 611
154 744
154 746
155 416
155 513
155 673
155 515
155 197
155 614
155 296
155 649
155 177
155 210
155 278
155 630
155 667
155 252
155 797
156 258
156 640
156 708
156 486
156 398
156 399
156 752
156 209
156 305
156 758
156 762
157 420
157 583
157 616
157 775
157 235
157 670
157 429
157 410
157 472
157 218
157 572
157 607
158 385
158 642
158 391
158 652
158 653
158 402
158 658
158 415
158 295
158 687
158 440
158 184
158 568
158 196
158 580
158 458
158 333
158 463
158 215
158 346
158 740
158 751
158 626
158 250
158 508
159 160
159 449
159 546
159 185
159 676
159 326
159 425
159 521
159 748
159 174
159 176
159 595
159 662
159 635
159 636
160 610
160 325
160 171
160 463
160 370
160 757
160 374
160 375
160 248
160 249
160 474
160 635
160 317
160 726
161 353
161 291
161 201
161 393
161 686
161 180
161 213
161 214
161 345
161 247
161 253
162 608
162 645
162 422
162 550
162 168
162 201
162 234
162 267
162 328
162 394
162 751
162 785
162 660
162 662
162 379
162 731
163 771
163 262
163 391
163 268
163 401
163 413
163 290
163 423
163 174
163 564
163 185
163 316
163 572
163 195
163 199
163 483
163 487
163 743
163 361
163 502
163 630
163 381
163 383
164 450
164 548
164 677
164 422
164 231
164 646
164 647
164 774
164 428
164 430
164 653
164 208
164 464
164 310
164 344
164 761
164 221
165 515
165 742
165 359
165 745
165 428
165 752
165 181
165 213
165 346
165 414
165 703
166 449
166 483
166 389
166 358
166 583
166 774
166 458
166 508
166 685
166 688
166 529
166 179
166 373
166 629
166 758
166 188
167 641
167 391
167 650
167 527
167 272
167 280
167 540
167 686
167 175
167 306
167 309
167 467
167 595
167 730
167 346
167 733
167 740
167 357
167 745
167 493
167 366
167 762
168 420
168 249
168 230
168 358
168 647
168 606
168 742
168 204
168 333
168 527
168 560
168 687
168 628
168 533
168 694
168 316
169 608
169 577
169 323
169 446
169 547
169 198
169 777
169 650
169 302
169 208
169 241
169 180
169 437
169 728
169 601
169 667
169 190
169 223
170 416
170 738
170 740
170 582
170 631
170 232
170 361
170 635
170 621
170 657
170 725
170 630
170 375
170 218
170 411
170 444
170 311
171 439
171 326
171 234
171 426
171 651
171 750
171 207
171 623
171 338
171 500
171 724
171 790
171 247
171 536
171 731
171 252
171 733
172 387
172 525
172 658
172 665
172 289
172 417
172 174
172 433
172 188
172 574
172 450
172 582
172 460
172 596
172 602
172 493
172 497
172 625
172 375
172 251
172 508
172 509
173 359
173 551
173 779
173 429
173 685
173 466
173 244
173 759
173 345
173 347
174 258
174 260
174 261
174 516
174 782
174 787
174 660
174 405
174 794
174 426
174 686
174 186
174 576
174 719
174 593
174 210
174 599
174 473
174 626
174 630
175 769
175 516
175 263
175 268
175 782
175 793
175 799
175 559
175 434
175 312
175 706
175 457
175 716
175 207
175 730
175 732
175 351
175 354
175 250
175 496
175 369
175 506
175 766
176 523
176 403
176 797
176 432
176 305
176 688
176 184
176 448
176 714
176 470
176 352
176 481
176 743
176 236
176 379
176 764
177 608
177 641
177 606
177 620
177 462
177 304
177 628
177 758
177 249
177 414
178 322
178 771
178 677
178 360
178 648
178 715
178 338
178 563
178 595
178 214
178 279
178 692
178 247
178 701
178 670
178 319
179 521
179 544
179 183
179 318
179 447
179 191
179 208
179 726
179 217
179 608
179 366
179 629
179 383
180 258
180 521
180 780
180 285
180 289
180 673
180 306
180 437
180 331
180 346
180 605
180 228
180 240
180 496
180 760
180 250
181 640
181 262
181 489
181 427
181 429
181 683
181 400
181 754
181 404
181 507
181 575
182 769
182 269
182 639
182 785
182 792
182 550
182 424
182 432
182 187
182 583
182 201
182 718
182 725
182 344
182 348
182 486
182 752
182 760
182 250
182 507
182 767
183 288
183 354
183 541
183 454
183 647
183 733
183 203
183 428
183 684
183 692
183 472
183 506
183 380
184 642
184 392
184 648
184 536
184 670
184 672
184 558
184 329
184 467
184 724
184 735
184 748
184 749
184 754
184 500
184 507
184 763
185 641
185 386
185 644
185 383
185 232
185 423
185 362
185 485
185 682
185 365
185 748
185 591
185 639
185 370
185 595
185 791
186 267
186 659
186 792
186 677
186 551
186 682
186 684
186 559
186 192
186 449
186 325
186 204
186 725
186 470
186 611
186 240
186 498
186 760
186 637
186 510
187 704
187 579
187 644
187 549
187 614
187 676
187 233
187 399
188 195
188 200
188 584
188 646
188 235
188 777
188 366
188 303
188 719
188 721
188 530
188 658
188 468
188 245
188 472
188 570
189 675
189 228
189 446
189 519
189 298
189 332
189 333
189 207
189 429
189 721
189 210
189 749
189 752
189 600
190 640
190 394
190 304
190 661
190 310
190 539
190 222
191 480
191 546
191 674
191 612
191 357
191 709
191 359
191 521
191 234
191 204
191 651
191 498
191 275
191 405
191 530
191 345
191 638
192 640
192 706
192 196
192 292
192 645
192 773
192 265
192 780
192 335
192 242
192 790
192 761
192 699
192 381
192 670
193 737
193 294
193 454
193 553
193 426
193 203
193 430
193 687
193 336
193 798
193 787
193 439
193 313
193 317
193 350
193 671
194 226
194 291
194 356
194 422
194 232
194 236
194 591
194 464
194 689
194 785
194 245
194 309
194 694
194 442
194 767
195 258
195 259
195 785
195 531
195 787
195 790
195 538
195 574
195 323
195 719
195 336
195 211
195 356
195 612
195 359
195 376
195 507
195 511
196 320
196 457
196 365
196 734
196 304
196 593
196 467
196 627
196 655
196 691
196 535
196 376
196 441
196 378
196 669
197 384
197 654
197 527
197 531
197 663
197 668
197 417
197 418
197 691
197 566
197 712
197 588
197 339
197 598
197 483
197 358
197 744
197 749
197 755
197 761
197 380
197 767
198 610
198 390
198 518
198 745
198 624
198 241
198 242
198 434
198 564
198 658
198 662
198 663
198 726
198 510
199 776
199 777
199 654
199 401
199 531
199 660
199 539
199 416
199 423
199 302
199 304
199 584
199 207
199 599
199 375
200 522
200 274
200 277
200 790
200 538
200 297
200 562
200 695
200 569
200 319
200 323
200 722
200 340
200 220
200 739
200 362
200 746
200 760
200 506
200 636
201 439
201 422
201 383
201 264
201 521
201 330
201 750
201 303
201 433
201 500
201 250
201 766
201 223
202 771
202 550
202 551
202 520
202 710
202 560
202 720
202 660
202 375
202 766
203 610
203 553
203 777
203 460
203 207
203 719
203 467
203 692
203 341
203 761
203 794
204 399
204 534
204 411
204 674
204 292
204 422
204 561
204 308
204 328
204 584
204 597
204 599
204 480
204 226
204 619
204 755
205 257
205 515
205 777
205 532
205 795
205 292
205 294
205 573
205 702
205 579
205 585
205 713
205 222
205 479
205 359
205 755
205 373
205 254
206 448
206 386
206 420
206 548
206 390
206 615
206 424
206 361
206 637
206 332
206 271
206 718
206 721
206 251
206 671
207 263
207 531
207 669
207 542
207 701
207 447
207 321
207 581
207 709
207 336
207 477
207 231
207 364
207 630
208 418
208 259
208 541
208 262
208 612
208 425
208 743
208 747
208 399
208 336
208 309
208 506
208 316
208 317
209 385
209 535
209 390
209 774
209 680
209 329
209 617
209 432
209 529
209 220
209 379
209 214
209 471
209 502
209 315
209 254
209 223
210 791
210 677
210 681
210 427
210 701
210 712
210 329
210 713
210 591
210 609
210 743
210 361
210 750
210 636
211 256
211 320
211 418
211 292
211 449
211 706
211 263
211 327
211 695
211 713
211 778
211 762
211 561
211 213
211 599
211 730
211 413
212 770
212 259
212 649
212 781
212 530
212 534
212 543
212 294
212 431
212 562
212 568
212 443
212 449
212 322
212 577
212 709
212 589
212 334
212 463
212 214
212 621
212 499
213 419
213 707
213 486
213 487
213 759
213 524
213 251
213 271
213 407
213 664
214 706
214 769
214 296
214 555
214 432
214 404
214 720
214 631
214 633
214 732
214 542
215 645
215 410
215 416
215 677
215 295
215 555
215 685
215 577
215 323
215 708
215 325
215 594
215 349
216 769
216 263
216 785
216 411
216 293
216 422
216 687
216 560
216 598
216 474
216 480
216 361
216 746
216 238
216 751
216 241
216 757
216 506
217 323
217 549
217 613
217 327
217 392
217 429
217 496
217 273
217 529
217 307
217 308
217 468
217 563
217 722
217 697
217 700
218 512
218 287
218 364
218 301
218 703
218 373
218 345
218 250
219 612
219 359
219 510
219 459
219 236
219 651
219 623
219 670
219 341
219 246
219 604
219 222
220 610
220 709
220 555
220 378
220 338
220 351
221 226
221 388
221 619
221 269
221 717
221 719
221 434
221 786
221 255
222 259
222 260
222 779
222 422
222 295
222 716
222 346
222 242
222 371
222 244
222 755
222 633
223 288
223 449
223 290
223 482
223 546
223 549
223 611
223 712
223 267
223 780
223 626
223 277
223 405
223 347
223 799
224 736
224 322
224 323
224 294
224 482
224 551
224 679
224 301
224 243
224 339
224 469
224 565
224 538
224 447
225 736
225 388
225 490
225 618
225 588
225 494
225 592
225 786
225 340
225 246
225 600
225 314
225 667
225 733
225 703
226 385
226 260
226 472
226 684
226 718
226 335
226 719
226 401
226 465
226 782
226 785
226 631
226 475
227 320
227 732
227 356
227 295
227 651
227 428
227 558
227 303
227 687
227 338
227 703
227 598
227 726
227 284
228 265
228 393
228 410
228 411
228 796
228 285
228 679
228 440
228 445
228 575
228 322
228 327
228 712
228 479
228 357
228 501
228 254
229 503
229 319
229 453
229 535
229 328
229 582
229 363
229 685
229 748
229 272
229 773
229 597
229 661
229 279
229 314
229 763
229 252
230 385
230 762
230 796
230 584
230 618
230 684
230 559
230 338
230 347
230 596
230 626
230 534
230 756
230 600
230 314
230 732
230 735
231 545
231 643
231 357
231 613
231 266
231 555
231 365
231 494
231 721
231 499
231 799
231 406
231 567
231 249
231 668
231 543
232 263
232 392
232 788
232 670
232 671
232 420
232 423
232 301
232 557
232 437
232 710
232 730
232 235
232 492
232 619
232 627
233 770
233 645
233 553
233 746
233 464
233 721
233 274
233 531
233 499
233 665
233 798
233 735
234 320
234 261
234 421
234 743
234 794
234 555
234 782
234 496
234 275
234 789
234 470
234 603
234 411
235 384
235 355
235 644
235 358
235 773
235 713
235 479
235 689
235 284
235 246
235 757
235 702
236 290
236 388
236 418
236 546
236 586
236 303
236 468
236 729
236 345
236 250
236 478
237 514
237 644
237 648
237 765
237 266
237 532
237 405
237 540
237 546
237 291
237 683
237 566
237 315
237 317
237 705
237 579
237 712
237 591
237 721
237 356
237 637
238 706
238 267
238 592
238 593
238 688
238 792
238 596
238 602
238 575
239 263
239 525
239 659
239 789
239 795
239 290
239 419
239 423
239 436
239 309
239 571
239 320
239 458
239 460
239 335
239 338
239 596
239 597
240 264
240 653
240 273
240 529
240 785
240 405
240 669
240 673
240 566
240 312
240 324
240 584
240 716
240 354
240 743
240 757
240 254
241 738
241 388
241 581
241 297
241 714
241 664
241 563
241 788
241 410
242 384
242 512
242 645
242 776
242 522
242 401
242 536
242 409
242 283
242 547
242 295
242 298
242 688
242 694
242 567
242 440
242 458
242 732
242 735
242 369
242 370
242 499
242 762
243 573
243 677
243 550
243 599
243 424
243 553
243 394
243 441
243 589
243 560
243 500
243 596
243 470
243 247
243 281
243 253
244 281
244 361
244 649
244 492
244 588
244 433
244 658
244 665
244 343
244 249
244 604
245 421
245 383
245 733
245 650
245 718
245 693
245 701
246 481
246 261
246 421
246 614
246 457
246 779
246 346
246 624
246 369
246 625
246 690
246 468
246 760
247 386
247 673
247 772
247 588
247 365
247 400
247 404
247 668
247 605
248 289
248 290
248 483
248 453
248 578
248 677
248 710
248 778
248 331
248 621
248 590
248 340
248 568
248 443
249 532
249 661
249 535
249 282
249 414
249 426
249 457
249 331
249 720
249 479
249 738
249 359
250 791
250 793
250 673
250 554
250 698
250 737
250 357
250 251
250 508
251 354
251 450
251 478
251 483
251 514
251 584
251 646
251 496
251 274
251 275
251 692
251 630
251 735
251 575
252 452
252 487
252 393
252 266
252 522
252 557
252 462
252 655
252 744
252 498
252 596
252 533
252 438
252 756
252 730
253 258
253 355
253 385
253 613
253 332
253 717
253 494
253 639
253 405
253 411
253 700
253 543
254 641
254 390
254 537
254 793
254 797
254 421
254 297
254 553
254 308
254 340
254 470
254 727
254 475
254 617
254 493
255 513
255 663
255 407
255 412
255 681
255 432
255 312
255 455
255 461
255 721
255 729
255 350
255 742
255 378
255 496
255 754
255 503
255 506
255 636
256 320
256 672
256 485
256 295
256 588
256 525
256 633
256 690
256 404
256 499
256 407
256 597
256 629
256 540
256 350
257 769
257 386
257 776
257 655
257 666
257 288
257 294
257 682
257 428
257 316
257 322
257 451
257 334
257 463
257 719
257 610
257 612
257 750
258 259
258 264
258 655
258 529
258 554
258 299
258 582
258 473
258 348
258 739
258 490
258 494
258 751
258 627
259 768
259 772
259 390
259 783
259 279
259 794
259 671
259 572
259 576
259 721
259 597
259 363
259 636
260 779
260 400
260 401
260 274
260 788
260 405
260 790
260 545
260 552
260 681
260 323
260 708
260 456
260 716
260 731
260 488
260 362
260 757
260 376
261 582
261 614
261 296
261 360
261 395
261 797
261 687
261 658
261 532
261 539
261 284
261 765
262 710
262 680
262 430
262 410
262 273
262 530
262 372
262 633
262 282
262 796
262 703
263 472
263 746
263 587
263 429
263 275
263 533
263 565
263 693
263 639
264 673
264 450
264 485
264 454
264 746
264 749
264 665
264 722
264 596
264 755
264 759
264 633
264 314
264 763
264 702
265 567
265 297
265 332
265 587
265 590
265 659
265 597
265 343
265 378
265 476
266 352
266 704
266 707
266 485
266 294
266 392
266 748
266 398
266 399
266 560
266 664
266 692
266 504
266 665
266 378
267 642
267 272
267 273
267 404
267 673
267 564
267 309
267 327
267 461
267 339
267 471
267 473
267 474
267 360
267 744
268 708
268 553
268 366
268 305
268 624
268 277
268 631
268 313
268 603
269 320
269 544
269 576
269 707
269 647
269 393
269 522
269 747
269 301
269 366
269 303
269 272
269 368
269 717
269 661
269 598
270 321
270 353
270 614
270 717
270 783
270 496
270 563
271 545
271 419
271 677
271 424
271 304
271 319
271 324
271 712
271 330
271 587
271 332
271 716
271 594
271 725
271 728
271 482
271 743
271 380
272 708
272 655
272 750
272 411
272 310
272 374
272 735
272 347
272 574
272 375
273 387
273 389
273 393
273 695
273 639
273 798
273 690
273 276
273 757
273 567
273 538
273 734
273 383
274 651
274 787
274 665
274 685
274 436
274 443
274 445
274 576
274 340
274 468
274 730
274 740
274 487
274 362
274 618
274 635
275 289
275 417
275 515
275 393
275 365
275 397
275 341
276 678
276 424
276 504
276 556
276 334
276 728
276 280
276 602
276 733
277 385
277 515
277 645
277 655
277 783
277 788
277 410
277 798
277 304
277 310
277 568
277 698
277 323
277 327
277 479
277 480
277 608
277 484
277 383
278 420
278 485
278 454
278 583
278 335
278 591
278 379
278 467
278 659
278 473
279 486
279 553
279 681
279 315
279 794
279 443
280 522
280 542
280 414
280 306
280 450
280 342
280 613
280 494
280 622
280 500
280 376
281 577
281 642
281 613
281 551
281 779
281 310
281 594
281 722
281 725
281 604
282 353
282 382
282 481
282 356
282 708
282 738
282 649
282 522
282 619
282 747
282 373
282 570
282 348
283 321
283 609
283 515
283 647
283 360
283 392
283 488
283 489
283 554
283 685
283 713
283 743
283 750
283 532
283 349
283 478
283 639
284 769
284 770
284 645
284 393
284 779
284 547
284 549
284 442
284 449
284 452
284 709
284 463
284 724
284 476
284 486
284 631
285 649
285 660
285 412
285 668
285 416
285 309
285 325
285 326
285 588
285 721
285 349
285 350
285 480
285 610
285 617
285 498
285 504
286 780
286 788
286 536
286 665
286 291
286 299
286 307
286 454
286 729
286 609
286 740
286 492
286 759
286 634
286 766
287 771
287 777
287 785
287 405
287 409
287 545
287 419
287 556
287 302
287 304
287 580
287 717
287 593
287 595
287 735
287 736
287 486
287 366
287 382
288 640
288 645
288 649
288 780
288 792
288 411
288 293
288 295
288 423
288 689
288 570
288 465
288 735
288 609
288 485
288 492
288 495
288 635
289 512
289 513
289 742
289 392
289 585
289 780
289 368
289 593
289 730
289 667
290 519
290 778
290 529
290 669
290 426
290 555
290 687
290 440
290 442
290 449
290 579
290 454
290 728
290 729
290 491
290 494
290 765
291 387
291 515
291 293
291 409
291 441
291 619
291 653
291 336
291 689
291 597
291 376
291 507
291 667
292 772
292 695
292 554
292 429
292 784
292 689
292 599
293 528
293 657
293 661
293 792
293 667
293 303
293 693
293 315
293 338
293 602
293 350
293 483
293 634
294 386
294 651
294 657
294 302
294 572
294 448
294 577
294 704
294 715
294 467
294 485
294 498
294 627
295 768
295 391
295 559
295 314
295 316
295 490
295 620
295 757
295 502
295 766
296 389
296 547
296 424
296 710
296 464
296 467
296 341
296 597
296 731
296 612
296 485
296 754
296 372
296 628
296 632
297 769
297 510
297 775
297 638
297 781
297 656
297 409
297 544
297 300
297 564
297 711
297 587
297 341
297 349
297 478
297 503
297 634
297 382
298 640
298 769
298 648
298 673
298 547
298 559
298 434
298 576
298 462
298 336
298 464
298 347
298 733
298 606
298 367
298 375
298 509
299 545
299 706
299 516
299 326
299 454
299 778
299 492
299 431
299 305
299 634
299 507
299 575
300 388
300 389
300 488
300 696
300 655
300 343
300 664
300 700
300 509
301 393
301 655
301 528
301 401
301 786
301 662
301 668
301 551
301 704
301 450
301 706
301 723
301 341
301 471
301 737
301 484
301 752
301 507
301 767
302 514
302 387
302 568
302 367
302 432
302 786
302 695
302 381
303 452
303 453
303 669
303 775
303 651
303 594
303 503
303 632
303 444
303 349
303 734
303 575
304 772
304 647
304 522
304 538
304 540
304 679
304 430
304 309
304 703
304 711
304 474
304 622
304 373
305 523
305 534
305 562
305 437
305 696
305 444
305 704
305 713
305 715
305 464
305 358
305 488
305 617
305 747
305 493
305 755
305 376
306 358
306 395
306 396
306 555
306 430
306 589
306 656
306 779
306 787
306 789
306 698
306 635
307 417
307 323
307 516
307 581
307 610
307 328
307 779
307 749
307 526
307 337
307 726
307 474
307 415
308 519
308 778
308 399
308 795
308 416
308 423
308 309
308 314
308 320
308 450
308 341
308 470
308 478
308 373
308 758
308 376
308 633
309 388
309 784
309 410
309 313
309 458
309 733
309 349
309 619
309 375
310 512
310 390
310 529
310 405
310 688
310 311
310 574
310 324
310 328
310 593
310 347
310 489
310 622
311 355
311 324
311 325
311 480
311 327
311 550
311 617
311 376
311 793
311 412
311 509
312 512
312 449
312 736
312 581
312 773
312 774
312 330
312 601
312 755
312 341
312 377
312 507
312 732
312 509
312 766
313 546
313 387
313 796
313 557
313 717
313 655
313 780
313 781
313 596
313 791
313 635
313 636
314 771
314 521
314 778
314 395
314 524
314 661
314 538
314 796
314 693
314 445
314 331
314 464
314 600
314 731
314 351
314 755
314 377
315 709
315 621
315 431
315 560
315 339
315 404
315 570
315 598
315 729
315 730
316 386
316 748
316 718
316 529
316 594
316 693
316 789
316 727
316 504
316 701
317 764
317 680
317 361
317 393
317 715
317 399
317 534
317 476
318 676
318 681
318 363
318 588
318 749
318 656
318 434
318 659
318 629
318 343
318 570
318 763
318 414
319 417
319 737
319 615
319 769
319 335
319 400
319 624
319 341
319 409
319 346
319 670
320 390
320 649
320 522
320 523
320 532
320 664
320 434
320 691
320 581
320 457
320 462
320 603
320 350
320 358
320 631
320 507
321 673
321 770
321 547
321 395
321 396
321 428
321 461
321 495
321 560
321 626
321 692
321 375
321 780
321 789
322 577
322 578
322 737
322 772
322 392
322 427
322 715
322 462
322 593
322 788
322 470
322 509
323 386
323 388
323 556
323 564
323 714
323 587
323 466
323 730
323 746
323 492
323 498
323 499
323 628
324 738
324 388
324 743
324 663
324 479
324 715
324 543
324 589
324 722
324 628
324 415
325 541
325 775
325 401
325 661
325 446
325 671
326 777
326 490
326 410
326 474
326 627
326 788
326 373
326 694
327 397
327 666
327 421
327 555
327 687
327 697
327 453
327 713
327 338
327 339
327 467
327 731
327 480
327 357
327 508
327 637
328 512
328 521
328 782
328 400
328 787
328 411
328 432
328 435
328 442
328 705
328 456
328 457
328 458
328 334
328 728
328 348
328 616
328 622
328 500
328 505
328 379
329 515
329 643
329 681
329 686
329 655
329 400
329 434
329 497
329 531
329 595
329 473
329 721
329 571
329 477
330 780
330 655
330 529
330 656
330 783
330 456
330 459
330 470
330 600
330 354
330 496
330 759
330 638
331 353
331 610
331 679
331 396
331 557
331 623
331 791
331 565
331 438
331 724
331 379
331 541
331 446
332 394
332 534
332 539
332 425
332 432
332 690
332 595
332 597
332 733
332 734
332 349
332 478
332 358
332 750
332 758
332 765
333 448
333 736
333 653
333 716
333 623
333 688
333 465
333 530
333 629
333 502
333 726
333 568
334 768
334 516
334 393
334 422
334 430
334 579
334 580
334 714
334 465
334 726
334 731
334 606
334 740
334 487
334 371
334 504
334 378
335 514
335 387
335 651
335 525
335 654
335 787
335 534
335 674
335 675
335 554
335 561
335 565
335 716
335 604
335 740
335 751
335 757
335 632
335 382
335 639
336 780
336 674
336 552
336 688
336 570
336 588
336 340
336 605
336 480
336 621
336 755
336 756
336 502
336 630
336 637
337 449
337 645
337 679
337 360
337 427
337 396
337 653
337 690
337 602
337 438
337 633
337 732
337 510
338 640
338 391
338 775
338 522
338 563
338 701
338 579
338 583
338 359
338 365
338 625
338 754
338 505
338 380
338 765
339 535
339 539
339 412
339 797
339 543
339 674
339 675
339 563
339 454
339 718
339 721
339 595
339 363
339 629
339 630
339 503
340 386
340 483
340 518
340 364
340 621
340 399
340 721
340 753
340 628
340 507
340 411
340 541
341 453
341 490
341 526
341 500
341 658
341 507
341 726
341 476
342 449
342 547
342 422
342 364
342 492
342 780
342 499
342 542
343 774
343 393
343 656
343 402
343 786
343 414
343 542
343 555
343 584
343 593
343 608
343 487
343 744
343 360
343 634
343 637
344 610
344 398
344 495
344 750
344 531
344 627
344 757
344 538
344 575
345 776
345 789
345 664
345 555
345 562
345 447
345 579
345 710
345 718
345 470
345 479
345 607
345 735
345 492
345 631
345 509
346 556
346 471
346 473
346 474
346 379
347 417
347 770
347 478
347 612
347 663
347 493
347 525
347 465
347 688
347 734
348 612
348 567
348 390
348 614
348 617
348 554
348 587
348 562
348 757
348 502
348 446
349 384
349 706
349 359
349 743
349 585
349 557
349 716
349 367
349 781
349 784
349 767
350 484
350 578
350 423
350 393
350 688
350 434
350 499
350 562
350 405
350 795
351 388
351 708
351 392
351 458
351 556
351 462
351 620
351 369
351 624
351 752
351 372
351 763
352 480
352 773
352 358
352 621
352 405
352 730
352 764
353 448
353 612
353 709
353 521
353 590
353 656
353 370
353 538
353 687
353 406
353 638
354 545
354 420
354 585
354 588
354 749
354 766
354 559
354 593
354 655
354 797
354 606
355 642
355 389
355 651
355 655
355 534
355 794
355 556
355 686
355 433
355 703
355 727
355 473
355 493
355 370
355 510
356 481
356 358
356 551
356 392
356 692
357 584
357 427
357 585
357 375
358 567
358 751
358 400
358 439
358 665
358 666
358 381
359 393
359 532
359 539
359 595
359 363
359 620
359 377
360 471
360 770
360 420
360 411
360 530
360 602
361 516
361 653
361 792
361 676
361 422
361 554
361 432
361 457
361 586
361 459
361 717
361 592
361 468
361 368
361 758
362 522
362 525
362 528
362 541
362 421
362 433
362 707
362 583
362 715
362 588
362 590
362 592
362 466
362 468
362 598
362 741
363 453
363 621
363 398
363 400
363 433
363 535
363 541
364 545
364 547
364 453
364 549
364 711
364 493
364 653
364 432
364 506
364 562
364 443
364 663
364 411
365 642
365 776
365 657
365 531
365 792
365 538
365 543
365 553
365 686
365 716
365 727
365 480
365 748
365 496
365 499
366 439
366 419
366 740
366 459
366 557
366 528
366 437
366 629
367 417
367 516
367 716
367 368
367 749
367 466
367 562
367 563
367 727
367 538
367 507
367 767
368 577
368 515
368 675
368 522
368 491
368 499
368 599
368 635
369 739
369 648
369 587
369 434
369 700
370 656
370 791
370 537
370 432
370 698
370 580
370 455
370 460
370 726
370 472
370 474
370 478
370 609
370 736
370 376
370 382
371 389
371 394
371 463
371 561
371 379
371 597
371 662
371 535
372 706
372 678
372 491
372 428
372 671
372 403
372 729
372 788
372 694
372 726
372 760
372 764
373 783
373 788
373 533
373 661
373 799
373 416
373 421
373 436
373 444
373 452
373 708
373 748
373 502
373 766
374 452
374 612
374 391
374 456
374 711
374 430
374 406
374 663
374 665
374 666
374 733
375 652
375 668
375 541
375 417
375 676
375 678
375 686
375 582
375 508
376 398
376 657
376 666
376 552
376 578
376 463
376 727
376 606
376 612
376 493
376 620
376 495
377 795
377 577
377 739
377 647
377 682
377 587
377 715
377 622
377 654
377 528
377 782
377 725
377 566
377 730
377 794
378 648
378 395
378 759
378 558
378 688
378 497
378 625
378 723
378 597
378 567
378 630
378 381
379 608
379 588
379 525
379 431
379 466
379 436
379 701
380 483
380 516
380 573
380 424
380 727
380 427
380 430
380 561
380 563
380 757
380 538
380 411
380 477
381 672
381 704
381 677
381 583
381 488
381 738
381 771
381 651
381 777
381 779
381 558
381 695
381 792
381 476
382 407
382 672
382 456
382 606
382 492
382 649
382 661
383 492
383 525
383 626
383 575
384 391
384 778
384 398
384 406
384 791
384 536
384 670
384 421
384 564
384 695
384 721
384 723
384 736
384 609
384 511
385 616
385 744
385 651
385 652
385 702
385 401
385 660
385 470
385 735
385 440
385 445
386 704
386 471
386 612
386 490
386 727
386 652
386 591
386 433
387 710
387 738
387 744
387 493
387 628
387 597
387 535
387 568
388 416
388 609
388 739
388 680
388 725
388 472
389 650
389 397
389 783
389 416
389 674
389 433
389 712
389 601
389 486
389 748
389 623
389 751
390 512
390 393
390 525
390 406
390 536
390 795
390 539
390 542
390 671
390 545
390 553
390 558
390 451
391 448
391 449
391 611
391 490
391 590
391 658
391 436
391 697
391 759
392 798
392 672
392 421
392 549
392 718
392 732
392 743
392 617
392 759
393 648
393 797
393 417
393 723
393 602
393 732
394 448
394 608
394 581
394 550
394 646
394 778
394 621
394 495
394 528
394 562
394 595
394 503
394 761
395 450
395 646
395 698
395 793
395 667
396 710
396 711
396 635
396 680
396 492
396 720
396 565
396 571
396 475
397 733
397 794
397 650
397 621
397 431
397 400
397 696
397 403
397 721
397 603
397 605
397 414
398 553
398 491
398 560
398 436
399 795
399 648
399 426
399 783
399 664
399 574
400 642
400 650
400 651
400 403
400 531
400 411
400 676
400 430
400 691
400 566
400 577
400 707
400 580
400 593
400 495
400 503
400 635
401 516
401 785
401 788
401 408
401 431
401 566
401 699
401 588
401 593
401 471
401 601
401 608
401 482
401 612
401 500
402 516
402 423
402 599
402 616
402 681
402 727
402 759
402 462
402 655
402 529
402 570
403 613
403 741
403 588
403 715
403 469
403 728
403 636
404 611
404 772
404 677
404 550
404 693
404 758
404 477
405 529
405 663
405 546
405 692
405 710
405 716
405 490
405 495
405 764
406 559
406 593
406 627
406 791
406 505
407 517
407 520
407 664
407 561
407 701
407 589
407 727
407 623
407 767
408 452
408 684
408 751
408 696
409 610
409 518
409 550
409 750
409 434
409 595
409 658
409 788
409 509
410 769
410 676
410 549
410 432
410 568
410 700
410 572
410 704
410 594
410 484
410 743
410 748
410 757
411 652
411 540
411 547
411 593
411 467
411 605
411 613
411 755
412 736
412 417
412 609
412 643
412 599
412 415
412 648
412 491
412 557
412 781
412 691
412 510
413 644
413 645
413 742
413 553
413 639
413 656
413 506
413 756
413 437
413 501
413 727
413 510
414 448
414 640
414 471
414 739
414 622
414 626
414 596
414 699
415 546
415 679
415 552
415 489
415 426
415 429
415 717
415 594
415 786
415 438
415 598
415 604
416 519
416 668
416 677
416 425
416 427
416 559
416 708
416 715
416 716
416 615
416 619
416 759
417 512
417 780
417 551
417 432
417 573
417 451
417 729
417 488
417 746
417 627
418 520
418 712
418 522
418 689
418 659
418 572
419 673
419 648
419 649
419 523
419 759
419 493
419 559
419 657
419 595
419 666
419 663
419 689
419 446
420 673
420 706
420 770
420 485
420 615
420 492
420 749
420 527
420 591
420 629
421 664
421 542
421 558
421 444
421 737
421 740
421 509
422 645
422 695
422 708
422 454
422 722
422 595
422 480
422 482
423 779
423 527
423 786
423 547
423 675
423 436
423 442
423 447
423 578
423 723
423 743
423 631
423 634
424 576
424 609
424 582
424 727
424 466
424 503
424 472
424 662
424 669
425 768
425 573
425 669
425 521
425 682
425 492
425 463
425 687
425 626
425 791
426 640
426 769
426 787
426 660
426 799
426 551
426 689
426 439
426 568
426 695
426 571
426 445
426 707
426 452
426 485
426 626
426 504
427 674
427 492
427 623
427 780
427 443
427 765
428 451
428 707
428 526
428 697
428 500
428 506
429 768
429 516
429 781
429 790
429 561
429 704
429 463
429 607
429 754
429 632
430 547
430 579
430 519
430 619
430 531
430 754
430 476
430 605
430 639
431 452
431 520
431 713
431 746
431 734
432 641
432 655
432 786
432 797
432 554
432 557
432 689
432 705
432 706
432 452
432 710
432 599
432 483
432 755
433 519
433 525
433 792
433 684
433 561
433 436
433 445
433 457
433 595
433 597
433 602
433 731
433 758
433 764
434 768
434 521
434 788
434 548
434 556
434 719
434 489
435 510
435 583
435 618
435 759
435 492
435 784
435 497
435 436
435 662
435 733
436 652
436 533
436 692
436 693
436 583
436 588
436 462
436 613
436 508
437 514
437 541
437 452
437 614
437 460
437 778
437 560
437 470
437 536
437 766
437 607
438 711
438 780
438 749
438 639
438 656
438 533
438 726
439 646
439 785
439 532
439 665
439 537
439 541
439 687
439 575
439 447
439 716
439 470
439 600
439 609
439 497
439 507
440 610
440 708
440 635
440 461
440 686
440 567
440 475
441 513
441 705
441 553
441 718
441 499
441 628
441 603
441 509
441 638
441 763
442 550
442 551
442 779
442 655
442 784
442 728
442 505
443 650
443 788
443 535
443 665
443 563
443 450
443 582
443 456
443 716
443 595
443 734
443 754
444 704
444 705
444 675
444 456
444 746
444 671
444 568
444 509
444 479
445 679
445 458
445 654
445 599
445 761
445 571
446 512
446 483
446 710
446 651
446 497
446 722
446 470
446 726
447 533
447 539
447 549
447 695
447 569
447 705
447 454
447 730
447 483
447 488
447 766
448 779
448 536
448 792
448 449
448 584
448 603
448 607
448 479
448 481
448 622
449 667
449 670
449 455
449 711
449 721
449 468
449 476
449 625
450 650
450 782
450 695
450 697
450 585
450 720
450 737
450 614
450 618
450 746
451 773
451 460
451 508
451 540
452 663
452 664
452 676
452 682
452 694
452 570
452 709
452 583
452 754
452 763
453 749
453 782
453 601
453 700
453 701
453 670
454 706
454 769
454 742
454 555
454 656
454 689
454 785
454 597
455 481
455 546
455 645
455 489
455 607
455 542
456 782
456 788
456 673
456 679
456 687
456 459
456 595
456 723
456 610
456 742
456 492
456 508
457 579
457 518
457 523
457 691
457 725
457 600
457 798
458 741
458 710
458 543
458 718
458 467
458 727
458 508
459 640
459 770
459 773
459 650
459 654
459 658
459 535
459 476
459 504
459 638
460 744
460 526
460 622
460 783
460 690
460 754
460 630
460 604
460 734
460 479
461 576
461 609
461 568
461 791
461 720
461 634
461 694
461 569
461 474
462 518
462 528
462 536
462 797
462 547
462 575
462 590
462 472
462 729
462 613
462 617
462 508
463 674
463 681
463 600
463 524
463 558
463 497
463 533
463 660
464 672
464 613
464 644
464 647
464 747
464 756
464 597
465 738
465 678
465 774
465 777
465 780
465 765
466 658
466 659
466 532
466 663
466 794
466 572
466 708
466 592
466 737
466 612
466 751
466 765
467 644
467 646
467 774
467 775
467 661
467 548
467 549
467 572
467 574
467 576
467 710
467 491
467 619
467 493
467 496
467 752
468 514
468 710
468 635
469 513
469 705
469 675
469 560
469 756
469 758
469 699
470 798
470 571
470 576
470 716
470 602
470 730
471 514
471 486
471 599
471 707
471 503
471 636
471 797
472 656
472 663
472 539
472 551
472 691
472 568
472 588
472 491
472 749
472 636
472 638
472 511
473 641
473 772
473 720
473 529
473 593
473 785
473 660
473 671
474 773
474 524
474 534
474 537
474 670
474 543
474 567
474 747
474 493
474 494
474 749
475 482
475 777
475 638
475 798
475 605
476 512
476 524
476 539
476 669
476 714
476 612
477 587
477 715
477 589
477 686
477 733
477 606
477 575
478 647
478 662
478 542
478 563
478 714
478 482
478 760
479 578
479 771
479 553
479 750
479 527
479 499
479 503
480 743
480 652
480 565
480 570
481 705
481 643
481 749
481 698
481 635
481 510
482 769
482 770
482 543
482 548
482 679
482 609
482 490
482 759
482 500
482 503
482 765
482 639
483 516
483 778
483 793
483 542
483 691
483 723
483 624
483 629
484 707
484 494
484 654
484 751
484 726
484 761
484 795
484 511
485 738
485 557
485 654
485 593
485 498
485 530
485 594
485 533
486 649
486 534
486 538
486 671
486 562
486 692
486 710
486 594
486 597
486 730
487 577
487 663
487 522
487 747
487 657
487 507
487 671
488 672
488 549
488 520
488 727
488 791
488 561
488 785
488 799
489 704
489 613
489 551
489 543
489 718
489 719
490 768
490 522
490 672
490 546
490 549
490 689
490 496
490 756
491 582
491 574
491 678
491 522
491 652
491 593
491 792
491 660
491 661
491 697
492 797
492 542
492 565
492 718
492 754
492 504
493 515
493 649
493 795
493 565
493 585
493 724
493 603
493 627
494 645
494 711
494 770
494 781
494 792
494 690
494 731
494 764
495 512
495 610
495 646
495 680
495 712
495 560
495 769
495 575
496 737
496 742
496 766
496 524
496 593
496 624
496 626
496 629
496 750
497 642
497 661
497 663
497 671
497 676
497 594
497 606
497 734
497 608
497 613
497 745
498 707
498 716
498 506
498 723
498 692
498 601
499 530
499 662
499 537
499 696
499 577
499 621
499 622
500 608
500 579
500 518
500 584
500 569
501 641
501 650
501 665
501 569
502 556
502 590
502 560
502 720
502 767
502 569
502 667
503 518
503 779
503 792
503 665
503 543
503 672
503 557
503 587
503 743
503 749
504 550
504 623
504 747
505 525
505 718
505 719
505 782
505 785
505 602
505 766
506 782
506 528
506 657
506 785
506 533
506 534
506 788
507 774
507 785
507 668
507 540
507 684
507 685
507 697
507 709
507 719
507 605
508 542
509 535
509 599
509 728
510 635
510 620
510 699
510 531
510 596
510 599
511 611
511 678
512 517
512 549
512 710
512 689
512 596
513 640
513 556
513 561
513 755
513 533
514 770
514 515
514 520
514 631
514 780
514 686
514 689
514 755
514 692
514 667
514 573
515 710
515 653
515 753
515 533
515 695
515 793
515 730
516 642
516 683
516 718
517 737
517 740
517 618
517 526
517 659
517 799
517 696
518 771
518 708
518 613
518 678
518 588
518 792
518 543
519 711
519 558
519 528
519 731
520 567
520 713
520 653
520 533
520 536
520 662
520 538
520 540
520 637
521 550
521 733
521 653
521 686
521 538
521 767
521 539
522 784
522 792
522 702
522 720
522 743
523 609
523 678
523 648
523 604
523 653
523 663
523 693
523 635
523 605
524 768
524 612
524 677
524 755
524 787
524 789
524 572
525 641
525 655
525 546
525 691
525 724
525 607
525 611
525 764
526 577
526 581
526 616
526 777
526 591
526 724
526 694
527 638
527 784
527 545
527 701
527 582
527 587
527 723
527 601
527 730
527 740
527 747
527 628
527 766
528 740
528 551
528 530
528 758
529 568
529 650
529 730
529 702
530 636
530 708
530 799
530 696
531 768
531 781
531 786
531 794
531 684
531 686
531 697
531 737
531 614
531 755
532 647
532 668
532 680
532 688
532 569
532 702
532 574
532 609
532 737
532 633
533 555
533 602
534 708
534 777
534 798
535 738
535 784
535 723
535 762
535 638
536 641
536 777
536 780
536 538
536 555
536 696
536 608
537 544
537 715
537 718
537 559
537 788
537 597
537 732
538 774
538 650
538 789
538 668
538 799
538 547
538 559
538 571
538 711
538 600
538 738
538 748
538 750
538 624
538 766
539 769
539 783
539 665
539 554
539 561
539 695
539 632
540 687
540 799
540 696
540 697
540 603
540 671
541 769
541 782
541 664
541 708
541 730
541 743
541 749
541 753
542 640
542 650
542 792
542 668
542 669
542 544
542 551
542 555
542 723
542 623
542 626
542 638
543 678
543 714
543 699
544 708
544 776
544 686
544 687
544 767
545 771
545 644
545 617
545 575
545 655
545 627
545 761
546 737
546 580
546 774
546 729
546 597
546 699
547 636
547 721
547 658
548 581
548 772
548 773
548 712
548 746
548 778
548 684
548 781
548 595
548 661
548 732
548 798
549 620
549 649
549 573
550 658
550 670
550 692
550 694
550 570
550 707
550 720
550 595
550 748
550 624
551 655
551 794
551 667
551 566
551 587
551 603
551 635
552 608
552 584
552 712
552 555
552 690
552 790
553 677
553 708
553 681
553 780
554 579
554 599
554 697
554 574
555 694
555 710
555 714
555 739
556 612
556 707
556 745
556 563
557 644
557 648
557 778
557 786
557 792
557 714
557 726
557 600
557 613
557 763
558 716
558 657
558 723
558 566
558 604
559 630
560 581
560 650
560 653
560 566
561 705
561 762
561 645
561 741
561 616
561 687
562 708
562 781
562 791
562 728
562 635
563 742
563 596
563 722
563 723
564 769
564 747
564 596
564 598
564 758
564 699
564 574
565 580
565 764
565 744
565 626
565 790
565 637
566 583
566 701
566 620
566 783
566 691
566 784
567 641
567 771
567 677
567 749
567 597
567 598
567 734
568 796
568 591
568 594
568 599
568 735
569 748
569 623
569 698
569 605
570 610
570 580
570 647
570 718
570 659
570 756
571 790
572 641
572 769
572 780
572 784
572 786
572 791
572 672
572 678
572 699
572 602
573 612
573 683
573 666
573 602
574 644
574 733
574 617
574 620
574 652
574 600
574 666
574 637
575 643
575 774
575 654
575 584
575 587
575 589
575 737
576 608
576 612
576 692
576 730
576 604
577 739
577 612
577 682
578 739
578 710
578 593
578 757
578 790
579 771
579 785
579 794
579 799
579 675
579 699
579 708
579 586
579 602
579 615
579 627
580 647
580 775
580 651
580 661
580 791
580 712
580 586
580 723
580 610
580 613
580 618
580 748
581 679
581 777
581 766
581 601
581 639
582 772
582 658
582 662
582 723
582 601
582 746
583 644
583 775
583 661
583 690
583 705
583 707
583 608
583 620
583 751
583 625
583 629
584 673
584 613
584 721
585 614
585 620
585 782
585 783
585 755
586 736
586 650
586 777
586 787
586 669
587 640
587 650
587 736
587 619
587 755
588 788
588 725
588 607
588 612
588 621
589 599
589 647
589 748
589 621
589 671
589 753
590 711
590 716
590 786
590 725
590 633
590 638
591 778
591 623
591 627
591 631
591 669
591 735
592 615
592 744
592 617
592 776
592 783
592 604
593 776
593 650
593 787
593 671
593 594
593 621
594 713
594 685
594 622
594 692
594 782
594 792
595 796
595 706
595 721
595 630
595 767
596 647
596 638
596 667
596 798
596 598
596 729
596 746
597 768
597 647
597 797
597 719
597 734
597 760
597 767
598 640
598 678
598 600
598 651
598 783
598 690
598 766
599 781
599 788
599 672
599 686
599 699
599 613
599 614
599 750
600 766
600 636
601 697
601 798
602 768
602 770
602 657
602 671
602 723
602 764
603 649
603 666
604 685
605 652
605 782
605 657
605 788
605 718
605 733
605 618
605 623
605 755
605 757
606 648
606 781
606 624
606 607
607 642
607 651
607 686
608 672
608 732
608 734
608 614
608 745
609 795
609 773
609 618
610 789
611 672
611 675
611 644
611 775
611 629
611 630
611 661
612 774
612 758
613 641
613 643
613 649
613 779
613 656
613 659
613 661
613 794
613 673
613 714
613 719
614 638
615 743
615 744
615 776
615 715
615 653
615 717
615 630
616 646
616 679
616 671
617 650
617 701
617 715
617 736
617 749
617 628
618 676
618 708
618 714
618 723
619 643
619 644
619 741
619 775
619 655
619 661
619 695
620 786
620 674
620 679
620 712
620 717
620 739
620 741
621 775
621 652
621 796
621 729
621 628
622 769
622 660
622 692
622 698
622 799
623 637
623 714
624 679
624 765
624 748
624 718
625 736
625 646
625 628
625 726
625 700
626 739
626 728
627 748
627 688
628 745
628 782
628 726
628 731
629 673
629 678
629 652
629 699
630 741
630 654
631 657
631 791
631 679
631 683
631 712
631 757
631 636
632 673
632 714
632 686
632 759
632 762
632 668
632 734
633 736
633 643
633 773
633 722
634 759
634 779
634 753
634 669
635 779
635 654
635 798
635 707
635 748
636 674
636 740
636 685
636 654
636 784
636 733
637 705
637 684
637 722
638 775
638 790
638 676
638 699
638 742
639 673
639 705
639 740
639 777
641 773
641 649
641 702
641 757
641 733
642 707
642 646
642 741
642 776
642 716
642 671
643 708
643 773
643 750
643 767
644 786
644 670
644 675
644 677
644 724
644 726
644 736
644 746
645 678
645 687
645 695
645 723
645 759
646 675
646 741
646 667
646 759
646 670
647 773
647 776
647 728
647 765
648 676
648 758
649 668
650 654
650 711
651 790
652 795
652 793
653 747
653 699
653 799
654 713
654 745
654 793
655 726
655 733
656 779
656 797
657 732
658 715
658 777
658 788
658 666
659 676
659 742
659 700
659 797
659 767
660 715
660 721
660 766
660 734
661 665
661 667
661 698
661 735
662 771
662 681
663 763
665 771
665 669
665 716
665 741
666 776
666 782
666 760
666 793
667 677
668 796
668 789
668 732
669 775
669 776
669 705
669 725
669 761
670 773
670 780
670 681
670 709
670 711
670 723
671 770
671 773
671 792
671 707
671 734
671 736
671 746
672 727
673 692
674 771
674 730
675 721
675 761
676 772
676 798
676 685
676 709
676 761
677 781
677 794
677 747
678 738
678 739
678 719
678 725
678 794
679 745
680 745
680 799
680 763
681 785
681 790
681 792
681 723
681 742
682 794
683 700
683 775
683 745
683 781
683 720
683 729
684 696
684 750
684 731
685 745
686 687
686 705
686 748
686 757
687 693
687 754
688 789
688 760
689 707
689 717
689 748
689 720
689 721
689 799
690 759
690 791
690 790
691 732
691 745
691 777
691 778
692 773
692 790
692 699
692 708
692 758
694 727
695 768
695 697
696 732
696 778
696 728
696 781
697 739
697 771
697 796
697 717
697 761
697 794
698 784
699 737
699 770
699 798
700 772
700 733
701 796
702 765
702 752
703 771
703 751
703 766
704 785
704 726
705 718
706 710
706 779
706 749
706 750
707 773
707 761
707 767
708 741
710 769
710 726
711 718
711 726
711 763
712 742
712 744
712 730
712 795
713 789
713 721
713 728
713 738
714 745
714 789
715 757
716 791
717 769
717 795
719 776
720 774
721 772
721 791
721 752
723 778
723 747
724 733
724 735
725 777
725 726
725 794
727 733
728 768
728 729
728 732
729 796
730 742
732 777
732 786
732 743
732 753
734 787
737 788
738 783
738 799
738 760
741 783
741 799
742 787
743 768
743 782
743 744
745 756
745 760
746 776
747 760
748 755
749 770
752 798
752 753
752 793
753 773
753 784
754 769
754 760
755 777
758 792
759 796
760 790
763 767
766 795
767 788
771 776
771 777
772 796
772 789
772 795
775 781
776 781
777 787
777 797
778 787
780 798
783 784
785 798
786 790
788 790
789 798
789 797
791 798
793 796
