800 120
5 639
15 285
21 675
23 238
24 299
27 75
28 684
33 376
42 407
46 277
54 796
58 681
59 340
64 300
66 278
67 673
79 705
80 317
82 631
85 154
86 384
89 718
90 336
90 193
91 321
92 177
100 229
104 440
105 601
109 504
117 520
118 738
120 216
120 692
123 549
125 472
128 758
129 278
132 604
133 445
138 208
139 344
139 362
143 445
147 265
152 353
152 292
154 674
156 730
166 620
166 749
169 398
169 756
169 206
171 402
174 248
176 459
181 579
182 718
184 635
185 536
186 401
193 674
198 247
205 750
215 755
215 534
223 675
223 428
224 579
225 444
228 595
243 304
251 326
252 323
253 475
260 476
275 757
286 788
296 426
301 632
312 585
315 461
318 553
319 750
324 492
328 636
333 649
334 385
354 465
355 590
360 376
377 797
378 498
384 754
388 762
401 519
411 735
417 558
419 785
420 699
449 748
461 581
462 503
464 611
471 531
473 497
489 796
489 741
498 502
510 582
535 619
555 747
567 668
577 598
582 662
584 724
587 770
660 717
706 792
