800 2000
0 424
0 289
0 234
0 724
1 416
1 317
1 197
2 546
2 426
2 406
2 25
2 251
2 571
3 252
3 788
3 382
4 50
4 795
4 756
4 157
4 399
5 265
5 749
5 205
5 526
5 335
5 339
6 488
6 536
6 339
7 525
7 148
7 317
7 54
8 760
8 434
8 780
8 142
8 591
9 314
9 245
9 174
9 542
10 521
10 75
10 211
10 629
10 23
10 282
10 255
11 721
11 597
11 230
11 270
12 515
12 554
12 398
12 664
12 732
12 382
13 594
13 685
13 413
13 653
13 415
14 601
14 242
14 761
14 694
15 297
15 277
15 541
15 60
15 53
16 161
16 370
16 27
16 534
16 159
17 609
17 645
17 390
19 408
19 652
19 334
19 111
19 312
19 61
20 250
20 174
20 175
20 209
20 442
20 797
21 612
21 772
21 231
21 75
21 527
21 753
22 160
22 634
22 468
23 325
23 337
23 153
23 764
23 573
24 560
24 658
24 47
25 179
25 430
26 65
26 292
26 679
26 780
26 752
26 253
26 61
27 448
27 67
27 367
27 756
27 664
27 190
28 626
28 332
29 193
29 641
29 232
29 587
29 432
29 634
30 319
30 454
30 328
30 398
30 503
30 511
31 673
31 734
31 798
32 69
32 235
32 589
32 245
32 726
32 796
32 573
32 446
33 641
33 68
33 48
33 147
33 283
33 763
34 489
35 390
35 423
35 459
35 790
35 281
35 699
35 349
35 445
35 318
36 617
36 346
36 219
36 729
36 303
37 325
37 394
37 749
37 156
37 434
37 188
37 350
38 40
38 145
38 285
38 607
39 167
39 623
39 517
39 537
39 87
40 608
40 226
40 422
40 552
40 234
40 537
41 323
41 319
41 426
41 686
41 721
41 125
41 671
42 546
42 264
42 590
42 242
42 345
42 667
42 191
43 336
43 539
43 243
43 278
44 80
44 241
44 133
44 534
44 79
45 646
45 155
45 464
45 569
45 315
45 124
46 560
46 370
46 523
46 421
46 550
47 213
48 226
48 450
48 556
48 254
48 382
49 288
49 145
49 643
49 760
50 240
50 402
50 445
50 332
51 289
51 421
51 72
51 79
51 180
51 666
52 568
52 97
52 503
52 728
52 487
53 129
53 758
53 766
53 423
54 304
54 596
55 128
55 274
55 115
55 116
55 646
56 81
56 530
56 413
56 286
57 680
57 643
58 753
58 452
58 428
58 534
59 418
59 579
59 195
59 581
59 612
59 716
59 400
59 762
59 509
60 498
60 355
60 526
61 481
61 572
62 770
62 616
62 329
62 238
62 590
62 699
62 381
63 423
63 476
63 591
63 215
64 417
64 770
64 516
64 77
64 311
65 736
65 769
65 135
65 424
65 691
65 182
65 119
65 668
65 125
66 578
66 791
67 261
67 265
67 366
67 720
67 500
67 184
68 552
68 282
68 685
68 717
69 552
69 260
69 623
70 613
70 518
70 302
70 79
70 787
70 703
71 344
71 89
71 180
72 305
72 314
72 444
72 435
73 739
73 719
74 185
74 90
74 219
74 148
75 292
75 694
76 544
76 315
76 716
76 735
77 217
77 93
78 162
78 421
78 650
78 299
78 277
78 120
78 731
79 549
79 710
79 395
79 555
79 310
79 440
80 217
80 306
80 213
80 399
81 354
81 548
81 778
81 235
81 683
81 371
81 603
81 765
82 671
83 786
83 268
83 597
84 364
84 222
85 267
85 363
85 99
85 623
86 642
86 667
86 615
86 349
86 303
87 428
87 252
88 624
88 717
88 527
89 611
89 398
89 753
89 437
89 254
90 418
90 419
90 179
90 695
90 440
91 105
91 287
91 613
91 247
92 296
92 515
92 651
92 157
92 671
93 424
93 680
93 235
93 205
93 237
93 272
93 273
93 338
93 429
93 181
94 482
94 227
94 167
94 524
94 178
94 662
95 224
95 737
95 642
95 425
95 735
95 761
95 758
95 121
95 250
95 255
96 326
96 167
96 137
96 718
96 469
96 117
96 728
97 740
97 174
97 305
97 444
97 766
98 160
98 610
98 680
98 591
99 384
99 523
99 331
99 651
99 531
99 602
99 698
99 250
99 412
99 638
100 513
100 354
100 299
100 144
100 497
100 532
101 648
101 536
101 491
101 751
101 433
101 408
101 314
101 509
101 414
102 633
102 726
102 793
103 144
103 190
103 742
104 536
104 329
104 409
104 560
104 625
106 552
106 156
106 494
107 112
107 629
107 115
107 260
107 525
108 657
108 357
109 452
109 484
109 627
109 534
109 759
109 761
109 763
109 511
110 737
110 740
110 261
110 790
110 671
111 578
111 174
111 304
111 656
111 723
111 695
112 229
112 777
112 650
112 267
112 365
112 724
113 384
113 706
113 324
113 684
113 145
113 283
114 558
114 624
114 686
114 422
115 488
115 291
115 706
116 516
116 389
116 134
116 617
116 427
116 592
116 181
116 183
116 121
117 680
117 332
117 207
117 571
117 316
118 609
118 612
118 187
118 442
118 283
118 444
119 747
119 140
119 626
119 789
119 254
120 745
120 684
120 783
120 274
120 406
120 377
121 418
121 284
121 149
122 529
122 474
123 368
123 233
123 497
124 161
124 492
124 653
124 340
124 213
124 539
125 526
125 496
125 275
125 759
126 424
126 762
126 301
127 776
127 297
127 597
128 793
128 743
128 397
128 645
129 387
129 772
129 519
129 211
129 280
129 703
130 361
130 354
130 204
131 796
131 518
131 749
131 438
131 463
132 791
132 140
132 764
132 566
132 495
133 320
133 323
133 295
133 491
133 367
133 467
133 276
133 410
134 490
134 292
134 367
135 339
135 411
136 745
136 291
136 388
136 748
137 612
137 572
137 197
137 654
138 516
138 356
138 189
139 517
139 766
140 684
140 541
140 326
141 217
141 563
141 473
142 649
142 187
142 500
142 421
143 642
143 334
143 271
143 242
143 665
143 633
144 525
144 166
145 515
145 228
145 207
145 303
145 146
145 245
145 437
145 765
145 446
146 356
146 386
146 707
146 340
147 709
147 581
147 743
147 657
147 466
147 158
148 417
148 226
148 740
148 518
148 271
148 625
148 669
149 248
150 752
150 201
150 339
150 494
151 331
151 180
151 285
151 316
152 307
152 643
152 303
153 709
154 202
154 162
154 171
155 545
155 267
155 692
156 647
157 355
157 688
157 564
157 183
157 605
157 702
158 517
159 345
159 635
159 205
160 520
160 695
160 313
160 540
161 748
161 485
161 198
162 600
162 754
162 533
163 310
163 468
163 589
163 206
163 383
164 523
165 424
165 252
166 480
166 290
166 426
166 203
166 761
166 218
166 286
167 329
167 746
167 331
168 504
168 515
168 575
168 422
168 215
169 449
169 482
169 295
169 680
169 532
169 383
170 176
170 504
170 210
170 487
171 202
171 412
171 693
172 624
172 522
172 251
172 781
172 511
173 312
173 635
173 408
174 672
174 321
174 289
174 775
174 690
175 592
175 275
175 179
175 378
175 542
176 355
176 649
176 624
176 697
176 278
176 473
177 673
177 754
177 271
178 290
178 643
178 361
178 493
178 782
178 726
178 215
178 735
179 256
179 290
179 451
179 719
179 381
180 515
180 551
180 554
180 618
180 275
180 372
180 187
181 422
181 519
181 656
181 595
181 249
181 347
182 753
182 382
183 719
183 651
183 359
184 633
184 703
184 279
185 261
185 240
185 721
185 281
185 797
185 735
186 493
186 655
186 499
186 660
186 406
186 280
187 449
187 280
187 412
188 625
188 788
188 758
189 258
189 579
189 674
189 588
189 493
189 474
190 552
190 616
190 529
190 690
190 341
191 760
191 721
192 280
192 455
192 359
192 492
192 255
193 306
193 588
193 470
194 733
194 677
194 767
195 688
195 788
195 486
197 672
197 359
197 477
197 575
198 552
198 258
198 359
199 723
199 739
199 303
200 795
200 748
200 549
201 767
201 471
202 228
202 702
202 439
203 334
203 706
203 603
203 356
204 294
204 360
204 458
204 607
204 604
204 351
205 417
205 580
205 714
205 370
205 502
206 642
206 551
206 396
206 657
206 531
207 241
207 579
207 796
208 518
208 392
208 395
208 501
208 405
208 565
209 356
209 257
209 754
209 679
210 613
210 751
210 272
210 404
210 244
210 574
211 471
211 761
211 698
211 639
212 224
212 617
212 707
212 269
213 676
213 536
213 249
213 446
214 436
214 516
214 423
215 617
215 397
215 374
216 377
216 674
216 597
217 289
217 261
217 317
218 406
218 371
219 519
219 753
219 436
219 405
219 443
220 260
220 676
220 233
220 554
220 267
220 667
220 638
221 584
221 451
221 557
222 540
222 357
223 624
223 748
223 534
224 637
224 477
225 568
225 602
225 534
226 520
226 339
226 664
226 283
226 286
227 382
227 639
228 617
228 590
228 635
228 318
229 414
229 254
230 770
230 548
230 329
230 269
230 540
231 242
232 765
232 659
232 470
232 437
233 534
234 495
234 296
234 394
235 631
236 490
236 493
236 287
237 689
238 505
238 665
238 692
238 300
239 738
239 707
239 293
239 502
239 319
240 504
240 387
240 658
241 416
241 695
242 323
243 449
243 322
243 427
243 446
244 770
244 625
244 291
245 533
246 289
246 398
246 657
246 626
246 536
246 508
246 799
247 584
247 281
247 443
247 297
248 603
248 412
249 697
249 765
249 327
250 503
250 309
250 407
251 363
251 413
252 628
252 262
253 611
253 583
253 781
253 461
253 472
254 400
254 368
255 270
256 538
256 708
256 581
258 607
258 436
258 507
258 671
259 676
259 485
259 711
259 331
259 557
259 466
259 605
260 460
260 432
260 275
260 758
260 312
260 734
261 417
261 717
261 753
261 540
261 669
262 785
262 703
263 519
263 747
263 627
263 506
263 508
263 381
264 529
264 727
264 777
264 471
265 614
265 554
265 442
265 699
266 578
266 454
266 367
267 737
267 783
267 656
267 726
267 536
268 776
268 698
268 597
268 702
269 328
269 692
270 547
270 793
271 712
271 761
271 411
272 649
272 334
272 303
273 745
274 609
274 708
274 456
274 396
274 538
275 296
275 465
276 629
276 702
276 390
276 767
277 672
277 402
277 746
278 722
279 355
279 742
279 460
279 561
279 341
280 738
280 646
280 557
281 451
281 658
281 439
282 416
282 673
282 546
283 680
283 744
283 299
283 759
283 665
283 666
284 344
284 380
284 590
284 639
285 371
286 748
286 780
286 655
286 501
286 415
288 328
288 765
288 488
289 300
289 434
289 311
289 635
289 637
290 532
291 489
291 617
291 398
292 722
292 693
292 665
293 546
293 617
293 464
293 402
293 631
293 476
294 413
294 350
295 321
295 392
295 424
295 718
295 656
295 761
296 608
297 641
297 421
297 709
297 679
297 711
297 727
298 696
298 795
298 495
298 763
298 455
299 394
299 396
299 717
299 664
299 637
300 558
300 333
300 741
302 615
302 319
303 448
303 491
304 426
304 459
304 780
304 698
304 601
304 346
304 605
305 657
305 775
306 606
307 366
307 623
307 792
307 658
307 531
307 730
308 386
308 419
308 775
308 365
308 531
308 761
309 328
309 393
309 724
309 792
309 761
309 574
310 634
310 478
311 418
311 674
311 367
312 488
313 385
313 416
313 337
313 340
313 405
313 668
313 638
313 799
314 598
314 665
314 669
316 516
316 423
316 551
316 617
317 718
317 443
317 349
318 356
318 647
318 595
318 500
318 602
319 610
319 675
319 739
319 799
320 658
320 327
321 546
321 732
322 777
322 682
322 592
322 760
322 764
323 615
323 585
323 405
324 560
324 747
324 764
324 335
325 441
325 535
325 356
326 746
326 373
327 686
327 454
328 640
328 428
328 589
328 652
329 644
329 717
329 761
329 572
330 504
330 441
330 792
331 429
331 529
332 548
332 581
332 708
332 744
332 401
332 338
332 504
333 682
333 507
333 445
334 649
334 525
334 368
335 386
335 453
335 778
335 414
336 385
336 741
336 507
337 641
337 547
337 701
338 370
338 565
338 437
339 556
339 620
340 746
340 465
340 766
341 418
342 738
342 695
343 643
343 532
343 659
343 390
344 618
344 592
344 796
344 604
345 386
345 614
345 780
345 433
347 660
347 354
347 628
348 720
348 765
349 528
349 622
350 611
352 711
353 434
353 779
354 704
354 585
354 630
354 445
355 523
356 509
357 455
357 460
357 593
357 786
357 410
358 482
358 443
358 366
358 687
359 388
359 776
359 717
359 783
359 478
359 735
360 553
360 769
362 739
362 428
362 590
363 499
363 569
363 762
363 574
364 761
364 676
364 374
364 567
365 618
365 594
365 595
365 468
365 627
365 537
366 686
366 796
367 550
367 710
367 655
368 510
368 525
368 592
369 779
369 498
369 707
370 651
370 689
370 784
370 634
371 484
371 498
371 723
371 766
372 437
372 556
372 447
373 608
373 460
373 657
373 539
373 413
374 771
374 427
374 799
374 504
374 575
375 522
375 786
376 452
376 557
378 463
378 667
379 706
380 603
381 586
381 429
381 670
382 483
382 784
382 404
382 564
383 736
383 715
383 460
383 431
383 528
383 634
384 634
384 628
385 776
385 585
385 528
385 561
385 606
386 609
386 419
386 743
386 590
386 762
387 649
387 674
388 504
390 483
390 579
390 468
390 405
390 634
390 475
391 706
391 550
392 640
392 422
392 551
392 398
392 401
394 640
394 701
394 554
394 497
394 438
394 669
394 510
395 617
395 685
395 494
395 471
396 674
396 762
397 426
397 435
397 503
397 734
400 422
400 455
400 719
400 658
401 467
402 523
402 592
402 635
403 527
404 769
404 453
404 424
404 781
404 687
404 408
404 732
405 586
405 433
406 767
408 454
408 555
408 724
409 768
409 538
409 611
410 579
410 581
410 559
410 757
410 695
410 536
410 443
411 433
411 730
411 511
412 510
414 705
414 583
414 553
414 525
416 442
416 763
416 702
417 453
418 662
419 773
419 528
419 731
421 742
421 583
422 567
423 713
423 659
423 469
425 486
425 554
425 655
425 793
425 764
425 446
426 580
426 709
426 555
426 703
426 447
427 751
428 502
428 567
428 633
428 606
429 648
429 639
429 703
430 606
431 585
433 646
433 636
434 642
434 674
435 717
435 531
435 787
435 571
436 795
436 753
436 571
436 542
437 652
437 447
439 567
440 513
440 579
440 522
440 621
440 694
440 540
442 619
442 593
443 452
443 484
446 736
446 482
446 768
446 770
446 665
447 544
447 750
447 510
448 487
448 675
449 715
449 459
449 471
450 585
450 458
450 587
450 686
451 493
451 628
451 638
452 743
452 527
452 595
452 602
453 570
453 494
454 514
454 675
454 669
454 718
454 495
454 794
454 637
456 536
456 553
456 484
456 717
457 754
458 510
459 698
460 739
460 484
461 681
462 532
462 541
462 510
464 611
464 745
464 761
468 609
468 707
468 654
468 691
471 495
471 726
473 491
473 732
473 542
474 720
474 589
475 672
476 739
476 500
477 724
478 622
478 719
478 536
478 572
479 513
479 708
480 481
480 649
480 494
480 561
480 798
481 573
482 513
482 582
483 728
483 551
485 619
485 530
486 704
486 561
486 565
486 534
487 516
487 657
487 693
488 674
488 574
489 774
490 708
490 621
491 515
491 613
492 566
493 552
493 621
493 753
493 799
494 777
494 526
494 622
495 610
496 578
497 673
497 574
499 543
500 735
501 674
501 612
501 511
501 543
502 785
503 667
504 549
504 532
504 756
504 764
504 733
505 633
505 681
505 705
506 597
507 780
508 652
509 612
509 598
509 542
510 706
510 718
510 690
511 524
511 702
512 523
512 659
513 641
513 674
513 638
514 584
514 537
514 565
515 667
516 593
516 539
517 654
518 781
519 539
520 785
520 754
520 725
521 560
521 680
522 665
522 589
524 610
524 790
525 719
525 530
526 562
527 616
527 561
528 756
529 768
529 793
530 648
530 712
531 680
531 779
531 664
531 638
533 560
533 627
533 679
534 671
535 716
536 581
536 677
537 670
538 598
539 746
539 787
539 728
540 680
540 734
540 630
541 580
542 693
543 787
543 699
543 556
544 729
545 557
546 793
546 572
547 753
547 639
548 713
548 615
550 588
550 749
552 620
553 675
553 708
553 715
553 759
553 632
553 572
554 707
554 613
554 584
554 761
555 752
556 621
556 752
556 638
557 588
557 594
559 600
559 586
559 631
560 622
560 624
561 600
563 610
565 616
565 659
565 724
565 701
566 679
566 580
567 682
567 727
567 571
568 676
568 703
569 666
569 739
572 761
573 629
573 777
574 778
574 732
575 771
575 595
576 722
576 774
577 710
578 794
579 625
579 724
580 681
580 604
582 665
582 798
583 766
585 645
585 663
588 718
591 791
592 681
593 660
593 629
594 708
598 613
599 687
599 739
599 607
600 775
602 683
603 659
604 757
606 748
606 685
608 746
609 635
610 663
612 672
612 657
612 633
613 674
613 784
614 642
614 740
614 685
616 736
617 788
619 760
621 682
621 663
623 768
623 771
625 780
625 656
625 760
628 768
630 657
630 645
630 655
631 688
631 693
632 671
633 639
634 746
635 669
636 701
637 775
637 749
638 732
640 648
640 642
641 655
642 794
643 685
646 793
646 765
648 656
648 767
651 682
652 709
654 798
656 660
659 775
659 754
659 758
660 676
660 723
661 692
661 693
664 765
666 748
667 694
669 687
669 730
671 778
671 788
673 707
676 712
676 697
681 712
684 776
684 777
686 776
687 762
689 794
690 705
690 776
690 798
691 739
697 716
697 760
698 789
700 786
703 712
704 738
705 718
706 789
706 790
712 740
716 725
716 759
717 785
718 737
719 765
723 786
725 776
726 754
728 758
729 748
734 770
742 790
744 776
747 780
748 770
751 789
777 796
